Model: HICS
Dataset 1: wine.mat
Accuracy: 0.8
@scores
59.269816639730294
58.94693255001035
26.000413405909125
63.895125301029545
28.578648607602187
31.71600962776753
26.088366696831514
45.02459066381704
116.80627771913805
88.73747119296969
5.1628520680333105
3.4491976024224353
6.946881098779407
5.670949547554422
4.440017140275269
7.617004299215352
3.4484513923602123
5.403408516926525
4.966102255652257
10.552694179285092
19.073541695783845
13.650782559898422
4.060280891862238
5.376949943652497
27.605635233260262
18.66652397977681
5.895945690449985
5.131098816395993
7.819094678880276
14.132252958084294
6.206611277190087
22.05595455043346
9.338338786270272
6.396507375204533
3.8724875426426415
3.416645343119231
6.688618398195131
5.546496757236593
5.027207427942456
5.776720321838099
8.546287211264792
5.067441605043684
5.989830652943168
5.011458905286996
17.59333109810596
8.007676854541652
28.489854001313418
12.522982877156778
5.244158533416294
5.135881336105485
4.960592195090418
7.600413099518522
4.4682574375856285
5.681951155959066
3.156112174509787
5.124206774802591
11.290948270832615
4.560587742996841
3.8543821198070725
11.829634010620575
3.894589549830785
6.3795340847077115
9.448138478112424
6.440072169696639
5.40455236641676
5.301555122136168
4.734883596517742
5.371903995281983
8.222867591245633
6.972884905469788
5.053450654894001
5.6571411562642
9.469179092782591
7.762501275030954
4.737420540101109
4.909832592249788
5.155581987801951
7.347914318925178
6.127515296879351
7.451957345546969
7.9192701338449085
9.311968068473938
6.257694574131825
4.348289441768478
9.00852176007266
6.8756161938188916
6.0127741196337
8.61315954182148
3.592970161081107
6.582483626202346
6.839930026432502
7.218868999309223
17.220993175409863
3.8306321404494046
5.047856859344516
10.280342997476298
16.87297204752554
4.542415235914467
4.12471268023638
5.025954552910764
7.213268033487533
11.047433957559377
7.787679806780054
10.742762692193304
3.832440096861045
7.00143341710456
8.992141101137733
5.611648750670832
17.11083242836309
6.561039356599445
5.902421754436632
3.578128012140009
4.684704945253869
6.672821724023088
4.581922814900081
5.73044851161125
3.2712716242450406
7.411180919500855
4.831059984555029
10.961002777800312
7.780638121209713
4.329960041568122
6.2546617630782295
5.100090577813696
7.161929252626031
11.036031523722473
16.957235442940203
15.304665497257728
4.669978048873015
