Model: HICS
Dataset 20: vowels.mat
Accuracy: 0.34
@scores
1.0586971545904615
1.0174258046071623
1.0112336360821794
0.9983295428721585
1.0101627628462182
1.0010032683651382
1.0056998431645867
0.9836132409910008
0.991977888722001
0.9922337810499086
1.0081208999282132
1.0077124070614116
0.9923416905853764
1.0773000602834046
1.0912096027050924
1.1231054486273373
1.1548843902704955
1.4462418989272094
1.4120012275383742
1.2931603257056392
1.2720350836277756
1.107223379764905
1.0568043026282743
1.0976456048222778
1.1561345868103563
1.3316476916140731
1.4078715939193978
1.1990686590527198
1.2064215253055222
1.2072379866832856
1.1716034171276724
1.2374678467746842
1.2478851834323108
1.2260404733595351
1.1071661944893483
1.1095772200376872
1.0541082597865528
1.0426818650880472
1.0362062386507507
1.0076647080400922
0.9944512966153758
0.9613815482736474
0.9689633263967574
1.0092339215609554
0.9930029133181643
1.0284212126875267
0.9539405187980344
0.9770775653142765
1.0212693123194756
1.5364941428124375
1.3226832405592048
1.2248642102587142
1.227023779986837
1.2213983630007326
1.2091726340031053
1.2536511400681933
1.1976561075945489
1.2027537412708542
1.2469115200272591
1.2121797748915415
1.327906254545814
1.3314433893785098
1.2552685600155884
1.1768894746621987
1.202806703932627
1.109027073148541
1.1385630777488254
1.1213274635816395
1.130564164696488
1.2222551213826487
1.258723055523726
1.2541362065860076
1.208512706030904
1.1530133160881226
1.0896136479425584
1.1307105354979683
1.3531314384599766
1.1492666233375355
1.1583347330197469
1.1075892444564543
1.0850110528709183
0.9900414075935599
0.9625959906243742
0.9719090314121785
1.0241933410005137
1.0093912184252418
1.023242732208576
1.0721137442349014
1.384657657145677
1.058993106939148
1.0983222744188663
1.1589073291663772
1.0983115344070646
1.1113187376921851
1.077927010916726
1.1242911354180412
1.1130820025699768
1.2018990272653605
1.075775182865989
1.0076685410025894
1.0044267278053243
1.1212154650281028
1.0378061455359684
1.0063519314228693
0.9945768647781736
0.9834275470006923
0.9589940324277302
0.9703375679983015
0.9963868585289765
0.9859175961715454
1.021849071820418
1.1119809519835646
1.068355996608947
1.0192304524361622
0.9869607133939363
0.9715975258873412
0.974503435602516
1.0888005588999548
1.1610934560378092
1.0822509985448134
1.122510647652282
1.0081802898625178
1.0069505420588876
1.0048799172265144
0.9770424488930332
1.0115282202608302
0.9780893679470604
0.9953468548721089
0.9926970210236501
1.0025998615818958
0.9874965187025142
0.9742248336265986
0.9730821309723984
0.97352948204026
1.1967900501625124
1.0491168186313389
1.0362835896930154
1.0052861931236063
0.9857316052932215
0.9799902767739805
1.0366647359930135
1.049696530336515
1.0011971576084997
1.0606261173449945
1.105542829673928
1.1445367856179287
1.1095490021937697
1.052813446546901
1.0369434530122574
1.0622639715656683
1.0576115195666937
1.0421403953423383
1.0307084950903482
1.0233113365739432
1.0340046945723882
1.486998470564505
1.3602147786198897
1.2621130307180515
1.2051338909094638
1.1864784167365499
1.158443472270562
1.201411715204218
1.169927069293211
1.0950932383866951
1.1421335935347885
1.1767972468348342
1.177665775990606
1.2057408288652034
1.0838064959843494
1.0217294833111483
1.087522610430708
1.0600548462019
1.1211141274646328
1.1079207490510863
1.0721094215867326
1.0949909652874508
1.0883632010207207
1.0764396298858343
1.0898230353277076
1.081107933150285
1.1159251581676275
1.155697462054733
1.156965165837986
1.1803214752030868
1.0908212690826067
1.0658931758170416
1.0602657143054481
1.0809439554495277
1.0059806575551904
1.0186427562897435
1.0182844530442574
1.02440896643053
0.9937086939084201
0.9982630669447274
0.9979873965685628
1.0272349761550021
1.0322367119399674
1.0593982194316551
1.059480394622962
1.080456561348125
1.0911106448964942
0.9769203405573037
0.9664119310884788
0.983851927391276
0.9802719945009655
1.0403415269300404
1.1505700040184104
1.1186056264448985
1.0458326115470071
1.0281611895519451
0.9973210257234454
0.9850216064956323
0.9697445711384025
1.1513440125377252
1.351035491452189
1.335270430062023
1.3412105883546765
1.42643198971366
1.3062658639717972
1.2440586229789274
1.3085506953845043
1.2999955126880416
1.1524141171752318
1.1444845673979678
1.177130151809376
1.1794417059653741
1.1791534549539373
1.1934391290649444
1.217106841548865
1.3342953943632878
1.320036358684529
0.9957031500116413
0.9983859537814743
1.0918424153901098
0.981246524614334
0.9924720764806183
0.9961727417584889
1.0021557194971853
1.0187289906191064
1.010522737776734
1.029167338548514
1.0096775100917903
1.0295133860533234
1.0071552134092754
1.0168502576106084
1.0200520700146056
0.9974546204494266
0.9955503560055258
1.0174712708981701
0.9822393363486788
0.9874995662372525
0.9716188468088467
0.970161586568526
0.9754441711460953
1.0136456223201455
1.036460233596982
1.054098883334365
1.0612825895765516
1.0477119915799515
1.0284783788495069
1.0158549884798571
1.0023681552465822
1.0133635039147852
0.9796010470823988
1.0507342080717677
1.0347431425546143
1.0534379819529287
1.0937967145414744
1.1026477376844157
1.0355079825384501
1.0560153317322638
1.0637018027145841
1.1088266426715128
1.0592309004326117
1.036310038354671
1.0603516975140415
1.052805917872464
1.1166446765486544
1.1608291816075889
1.1535057146348817
0.9910667279054721
1.12513342141335
1.0802633176652667
1.0019074126348826
1.0351740078531793
1.0468284095756573
1.1158548884140524
1.0656942604984108
1.0995501410340653
1.1138645012296442
1.039534923515887
1.0332121869240556
1.0640921695392012
1.045429140053956
1.0102061833494929
1.003751596653901
1.0374463482071357
1.0703104736432627
1.356503258014485
1.300749124392309
1.2373353570320231
1.23950751061507
1.3092924756171933
1.3535956441483863
1.2132088863235337
1.2087099416619203
1.1683646172292514
1.185200814765731
1.3051048826111153
1.265035713865014
1.1553169662424738
1.1374134735255885
1.1156530986567148
1.1903979403439595
1.4839527807113322
1.3549867443443
1.6431074049278518
1.0633115226668437
0.993138795504052
0.987292342535844
1.0047659131779831
1.1045315141176102
1.2351238652940955
1.1335044562104917
1.0840596822913091
1.029387467942909
1.0391206897335754
1.0579212056064757
1.0920915473852888
1.0475297434291537
1.0422605249159973
0.9801294177885058
0.9911816889349586
0.9763504219694601
0.9894249249272395
0.9839084751897309
0.9763308243971462
0.9661359648927952
0.9688125945767491
0.9808860471819051
0.9825955436875169
0.9832973047174385
0.9873255345600394
0.9760221698604157
0.9763723847994255
0.9723062969718004
0.9887448385230015
1.0131625463341956
1.0206832050773966
1.0011727276050464
1.001487840091407
1.0153356149309771
1.0036947610672122
0.9761975543812399
0.976224221009687
1.019089771096292
1.0210955015188026
1.0069309026246283
1.0126750612921271
1.0176009139807203
1.0045548673875575
0.991540684598504
0.9813491393279861
0.9933240552280852
1.0233138807917752
1.0452568588153748
1.0821247297845336
1.0125801773658412
1.000730960324731
1.0840452748420506
1.098873499185858
1.03150190459378
1.0273822130069676
1.0239622369613885
1.048290332027942
1.045401560582365
1.0190516485212124
1.0071541671133433
1.0039448473906532
1.0082889367612629
1.001394977152867
0.9798251582505593
0.9676259318772225
0.9710462004680309
1.0000934925518623
1.0021479781283902
0.9839513793527248
0.9766001747393689
0.9860630844324796
0.9950738117167273
0.9833571229686964
1.0045433241930206
0.9746239316342298
0.9953189862469234
1.0140829476563253
1.0146898707739473
1.0711551936729362
1.0000997676271077
1.0011478192125092
1.0516612180214762
1.0177968226898793
1.0380310657078053
1.1237927627560822
1.1549787376002052
1.1597788939085003
1.1717593470243448
1.2357483679030108
1.2264019137706677
1.044564305191013
1.033448248907112
1.1601003147051328
1.117836974896972
1.0231765837738573
1.0153018331178598
1.0692128887895689
1.0775141294759611
1.237426302224989
1.2141862122409397
1.0207813870061047
0.998665235219581
1.0115119606838976
1.0297991991710107
0.9966902364775854
0.9966216322190155
1.0199356271056563
1.1141418410209007
1.1087382445640765
1.1044779443151937
1.0709994199257087
1.0523904295936926
1.0618189913042129
1.0386712314641477
1.0369059542456414
1.0429532810689677
1.0273744826744602
1.074398002769445
1.0765618644582344
1.0998763927315702
1.1760671385502928
1.0671907038689208
1.0530027942402815
1.014279400538488
1.037781914961394
0.9954802055081708
0.9856185131230324
0.9757619392847593
0.9717945549663007
0.9829467150296625
0.9984712345602131
1.0306909228823375
1.0302492629822166
1.0258865253417928
0.9977257018918456
1.0006893717036234
1.0078950498895474
1.0190014806997658
1.0728464928912584
1.0469622368267901
1.0416222151406027
1.048228247472217
1.0294197042320816
1.0403817233061636
1.0455949129147348
1.0626323375400302
1.1249226406728539
1.1199291349702991
1.0935903430172444
1.0976198971279343
1.1110735405567187
1.0915839994789354
1.0936556920467628
1.1255563101165433
1.1811921709950965
1.202476421577648
1.0412262666936325
0.9972361527666387
0.9850398341534514
0.9678448681609885
0.9993134957628282
1.0230951525483973
1.072900671882038
1.065571770940416
1.0281537847095168
1.0240932422102182
1.0148940638216124
1.010461600534928
1.0109784090939176
0.9968296063820331
0.9698211892883866
0.992027845982331
1.0580085462087596
1.1383451469579866
1.2783001003815033
1.1226483833505758
1.0488466492854578
1.0199502473633364
1.0376487614861742
1.0262048549027936
0.995038517932177
1.0388182381469446
0.9930133428480568
0.996629911880581
0.9935881104718585
0.9924001284754629
1.0091399289240819
1.0618834695510448
1.1071560162157468
1.2078243397685091
1.0000786364214187
1.0057940791135176
1.0229803867154263
1.02807434668668
1.0050681694991392
1.0025791720520145
0.9864665390153704
0.9895475943390346
0.9913181291197086
1.0102018038430052
0.9902295946123191
0.9991486480719759
0.9805763164342339
0.9788530796658179
1.003195871551499
1.3262236070699152
1.310318643248683
1.2388536577759408
1.1619438123674166
1.1323210438559579
1.158752365912861
1.1372964620878638
1.1483845569656823
1.125731458412035
1.1754136302989333
1.1953652861176474
1.2211594511831
1.229194233168515
1.2540130955067839
1.273073266314197
1.246059324408652
1.0628356391982263
1.0622277840788679
1.072370268861503
1.0691147214784158
1.0241751533792416
1.0463517080241682
1.0289631358219022
1.0074801341964348
1.1427595680729576
1.156348850231557
1.1520688234541738
1.1336743722939957
1.1198205005637367
1.101589801089853
1.1570783942807292
1.0626730249165648
1.051533775540687
1.0123738266428306
1.0056684442070603
1.042418622296182
1.0572923803415983
1.085401785499603
1.0801801210529478
1.0507010009787476
1.0498187664217176
1.04438444398618
1.052392428212233
1.0525193545634726
1.0116911013578724
1.0763662981533464
1.2429280077712586
1.0345609354618561
1.0857655727234232
1.0370725418284725
1.067200242067452
1.021182018252466
1.0469827393716493
1.033410096007451
1.0025196720895246
1.0146676144130091
1.031976678687719
0.9895289201077933
0.9786167736580407
0.9888682825548474
0.9917139168559578
1.005073613578135
1.0135220390401158
1.100598536877621
1.1093101691867202
1.1107317687859728
1.0390909105447224
1.055080656789622
1.057791394373767
1.0791294769765494
1.0741992821100328
1.025719614081288
1.0047483288035772
1.0686103689524897
1.0160362884180143
1.0132792541846614
1.0141390998003688
1.0402945611601024
1.2037458831300678
1.124562428223152
1.0987798288663715
1.0469088575716208
1.063327331688519
1.1442031975977167
1.1595594745296174
1.129999378727749
1.1159214057726248
1.0865968436330677
1.1026905887392415
1.2542008096607111
1.0755287185586655
1.0300393314680425
1.003806232703626
0.9963437439703602
1.004129546994687
1.0129130955104186
0.9827884728325536
1.0596523675795348
1.091458706270686
1.0305635720474489
1.0144526491343717
1.04134927993163
1.06550540599326
1.0390874713804075
1.0146899259991768
0.9892494088290521
1.442154978076674
1.3371815649623175
1.247156651393176
1.2184674384874834
1.1917494206206902
1.2174307267548967
1.1682368772073823
1.0973048616784518
1.1875726999229783
1.0941826527265623
1.0864651141934851
1.1493190517142913
1.0922723313333225
1.142324871664076
1.0945910542883082
1.1003929438598978
1.136670232958101
1.024919583857242
1.1151629921652906
1.0065014264610952
1.0176534021874117
1.0169646360444986
1.0941177777460216
1.0402496177151548
1.0285839978877684
1.0238756558523645
1.0262985061343635
1.078614223163825
1.0529431733215235
1.0222581851548027
1.0253165375822706
1.0057180539477122
1.0040479928989314
1.0172462574408454
1.0471194791539802
0.9930346693405647
1.11928682267663
1.1805749267764765
1.1704651709673422
1.2029683378255014
1.1553287848292424
1.1626452547442745
1.2321628952534966
1.2707016528763335
1.3237624970996333
1.4019814859340172
1.3580848156987473
1.273504642623432
1.2813898225533584
1.29344379281251
0.9911835209898252
0.9774222918777126
0.9824279106534
0.9965872685238872
0.9771479119822539
0.9874001682101525
1.044120345888846
1.0299087750066869
1.02409066669401
1.0014263383563304
1.0281766433605528
1.037295279671184
1.0055179742576732
0.9950314627060173
1.0131311675788608
1.0582491963809344
1.1131914016152744
1.006987644986648
0.9929879643559028
1.0344887429107295
1.0707731385887305
1.070524226591159
1.0437112887101756
0.9913976610802091
1.0447341793180307
1.0253232359430535
1.0712646163812671
1.0367256158218956
0.981256148815213
1.0813528239819659
1.0433869085898955
0.9774203901952803
0.9672943246680961
0.9893805636158055
0.9867624915012682
0.977721241064957
1.0333580038431676
1.0713896102108031
0.9841019881845465
1.0416247784114374
1.0429641180840152
1.018958791357788
1.1690426068205702
1.1946664960546232
1.0156359161950765
1.0085651289373596
1.0312586248590043
1.02829744807355
1.0424054592781327
1.0026489352857324
1.0167360821824312
1.07264208305674
1.230109380749152
1.1373605166625875
1.086098614375466
1.0775769356846643
1.0440770020872352
1.0261732819087401
1.1343004265273906
1.1071061260015969
1.108999583034347
1.1225682155020826
1.0562552943635273
1.035872607063512
1.1187164093174211
1.0698219487127256
1.0497798054000815
1.0505049585901658
1.063435954793324
1.076672340384716
1.0203508257469949
0.9932045725295018
1.0011173312974164
1.036464512646086
1.0400164915585124
1.0357940061362612
1.0770337175247684
1.0630325347405927
1.0828320304424663
1.0954811304972332
1.1434253259360925
1.0847160237640308
1.0450272080214569
1.032134392307505
1.003751233243645
1.0239669267509262
1.00860193311626
1.003188135237519
0.9982276035829176
0.9965970867502973
1.0165403471930128
0.9657634369485211
0.9842086128946568
1.0100161228073572
1.020652827880431
0.9897808936070975
0.9792746655004894
0.9938480526967373
1.0034580210413058
1.0606274729374265
1.032415786026549
1.0306353273488837
0.9921762469954098
0.9540099815773295
0.9503706987562174
1.01607257538452
0.9982271089204826
1.0724773510502248
1.0581449789777628
1.1577118366870904
1.1804408389959276
1.066642619641412
0.9951982894959368
0.9787570812417403
0.9958375741648544
1.0209329565376248
1.0245240151134638
1.0523944123319657
1.0436006602290653
1.1306142352748147
1.0551862287105862
1.1116520958345715
1.0328842335628807
0.9852105567262159
1.0449158042526092
1.0644989333778923
1.139128505374609
1.2701667072768061
1.0877964763760632
1.117028681274373
1.035689054152749
0.9990243538792498
1.0333065820719685
1.0684104727020538
1.0462628837880616
1.0219636320124577
1.0986105802380628
1.003518464682674
0.995930483161912
1.1787699339628122
1.0949939018922399
1.0755983344897824
1.0052474137031593
0.9973093657875178
1.0171416410550191
1.0522597466118524
1.019793248860418
0.9676780048882725
0.9776191947748025
1.0025649653228326
0.9803491583397579
0.9816775266325546
0.9875214762432591
1.0048417448755458
0.9934995087718648
1.0148246991752716
1.1101934415080805
1.1718269122425158
1.0960882824317488
1.0422607707148954
0.9962592383164738
0.9949098668820391
1.0063550376342043
0.9922512286852024
1.0115450710908276
1.0418194426871887
1.0507761062940333
1.1890823864758282
1.0605874293052386
1.038688477706218
1.0518932214009928
1.0624683954418102
1.0863134783236232
0.9993873832036437
1.001218951462848
1.0152529837385165
1.089688294150813
1.0906047684943425
1.0276104181593215
1.0338282909542846
0.9906155598287751
0.9862893734591663
1.0987382129423582
0.9993309156548598
1.0271159669630998
0.9985959050220006
1.0120255409689933
0.9984253606622386
0.998817308259845
1.0032169211706263
1.1290065168507315
0.9964332150063766
0.9766530438151599
0.9706877490341336
1.0474527377029508
1.0037978201824858
0.9805125333572129
0.9652808799772303
0.9838106995441525
0.9783033366211882
0.9879893645370222
1.0027563217402469
1.0299226499692424
1.0263889375366178
0.9927963219882117
0.9989062540518467
0.9852023610327081
1.0253023496515008
1.0137544602611075
1.050165696127092
1.0310501497748883
1.1801834180571282
1.083312584472236
1.0450610583384277
1.0484442579573765
1.131959719380562
1.0279727214619938
1.0586354196175378
1.1134427620750726
1.0501878863493417
0.989492376378591
0.971723246244294
1.0070221152698762
0.9961490151733783
0.9887999862698529
1.0115220219185992
1.0330213967753985
0.9953896021714292
0.9769044935306255
0.9922482420030505
0.9716908850262982
0.9785077587874802
0.9971208353972253
1.030717899952277
1.0572005360496368
1.0675642046336458
1.0547450401665655
1.05379755780832
1.1077065408599192
1.1093584379233297
1.009068612196588
1.0253549381350973
1.03294846119643
1.0508201135260713
1.0581562752043647
1.0489410877618466
1.0865255725217986
1.0493543136974972
1.0729714040875253
1.1053053505267314
1.1652813910474895
1.1246911520992418
1.0331096244255316
1.0361484193535409
1.0341733215447833
1.0183934874103875
1.0314718587135034
1.1127785104568793
1.0869785109726577
1.0292791037554385
1.1218363174080472
1.134759399377493
1.085144709688281
1.0497001598859776
1.080321494993619
1.02532005257668
1.0104366132407454
0.9935141525065829
1.0213173339278012
1.0387805489424193
1.0125882138261422
0.955488597428866
1.006617638013582
1.0051666090202576
0.985640618728907
0.9785526053369626
1.0083583885874885
0.9978004173756236
1.006549193924361
0.9916396567546464
0.9941033486955975
0.9987647079612529
1.0066067542621209
0.9944326760296633
1.003309004814628
1.0253001231740126
1.1061774733365952
1.0987184316723988
1.1022020901462606
0.9664561810355868
1.0583637480084656
0.9717634787330187
0.9567561469536126
0.9519834316709319
0.9757450516560622
0.9964379463690343
1.0201095055893667
1.0102203739098086
1.0453057583474832
1.0170250253844928
0.9796755879363033
0.983804952122606
0.9669441105754568
0.9685581991187318
1.0212398514658376
1.082706733825692
1.0443371465705196
1.0058878770085684
1.0960515165988904
1.0950593970791773
1.0646322375856625
1.1560485532450075
1.201694193926029
1.1488963244305588
1.0059766975300428
0.995916669638709
0.9706315883105943
0.9848755636708558
0.9987870084866393
1.0447236699863571
0.9781254839195501
1.0050153029834554
0.979773633955763
0.9854836806496129
1.0324658717710657
1.0494940114159985
1.0803200642900508
0.997203787734436
0.951547033450097
0.9742325998354003
0.9721195351959147
1.0165923312095555
1.0467593567644653
1.0369223348491334
1.0143994239715972
1.0364952022069538
1.1542090832317233
1.0304109007581432
1.049321168528884
1.0145015187887303
1.0247401832701593
1.0184317106899419
0.9794072157068727
0.9811689956040206
1.0331841425271517
1.078584226070901
1.0086922700141918
1.019496849503012
0.9916039269877904
0.9942900359903197
1.3580452537183871
1.2664522332400616
1.4068982321610333
1.4786255867821319
1.5529476928080526
1.466497976593084
1.3995068355556002
1.1953821785288716
1.1161770403719875
1.1308163150758168
1.1588600213869247
1.1794366245531953
1.3407269393443944
1.4461053710367509
1.544822821283472
1.5348969519944655
1.5433471685993398
1.4241678317186324
1.459185766101626
1.4023561421847857
1.4356819408128076
1.6287862645735864
1.4215267981925028
1.3759115008803027
1.3743190057552983
1.3207719485970968
1.1358204042759936
1.1552409592661574
1.095161496088416
1.1193334242978088
1.1538087814343962
1.1644919102186575
1.1086243343799773
1.0371043394954567
1.0887857137896335
1.0717992848167677
1.0502733870570717
1.0211386488183185
1.0146230019947196
1.033498311124266
1.0307100517156444
1.133095893006653
1.0189138934765316
0.963658666273173
1.1719431214051286
1.0875039541403992
1.0858691494027604
1.0363540743534236
0.9967212050837249
0.9808336665782604
0.9762010755175012
0.9891872641847692
0.9981461332592578
1.0364771616184945
1.02562310566662
1.0604731836954733
1.2161774658840492
1.1497589783420137
1.05307451654402
1.0598452741356643
1.085321336393941
1.0644839083796385
1.0656461777392219
0.9933293841757445
0.9644929923340333
1.2216918684614126
1.1067294747686138
1.1071474003134598
1.105976867704657
1.0962697461757165
1.1587369297817596
1.0635092630149272
1.0239931874745907
1.033994684397381
1.0662992271159377
1.1366439037760667
1.0040385220273949
1.0067793023223304
1.0280810329207595
1.0094124298701
1.0490531714765192
1.317874163906071
1.3864035475198653
1.0357581779843381
0.9957419528014275
1.0217869403986426
1.0638830551123684
1.1289882686638861
1.258742830625739
1.3216410016387632
1.0100393257021272
1.0014086230350183
1.0308884440002297
1.0586567510312734
1.0267570611798333
1.0379951718196592
0.9895544874962809
1.0074690829476156
1.0519803206963518
1.0270802860874746
1.0015517502920868
0.9781741206505823
0.9824430564219069
0.9788581991380416
0.9688625622699203
0.982117219508309
0.9884088015987633
0.9709835409119802
0.9747708255204708
0.9718869940189592
0.9820388115589471
0.9817066336860079
0.9671688253605193
0.9727144065348418
0.9969899223586174
0.9963438527529707
0.9927558448093727
0.9875756327576146
0.9910816998955614
1.0254332527226266
0.9811647974826372
0.9740910498539724
0.9712833602594146
0.9702723656607259
0.9840772986681954
0.9924680765893423
0.989286033948998
1.4271433080325961
1.4718443008298794
1.321476099858305
1.2805823439621322
1.1582417858522052
1.1096158505893023
1.0534204486246728
1.0575050104521233
1.1000071490625933
1.0855050408948341
1.0539766671226622
1.0989327486334288
1.0460987698328612
1.0575722375890744
1.1683221487409774
1.027086689737683
0.9870851299990309
1.0118094884537838
0.9908699311498335
0.9853912753228984
0.9678546878618091
0.9913539163854725
0.980496583034909
0.9922735935891029
0.9935832887925672
1.021736406603315
1.033214144823141
0.9914475735299367
0.9960456273820026
1.0442325852125423
1.0259501773962312
1.0339571298432724
1.0420799507402287
1.0820446247045257
1.0311922600441732
1.0313953808850378
1.0142639861301233
1.0044403359317025
1.0108266479187902
1.0205300059803302
0.9906129152719976
1.0228598923737005
1.0296421616854163
1.0192071979106723
0.9985396056321131
0.98779183172747
1.0130941978440158
1.0520733389220143
1.0903421341333972
1.0758536960565024
1.0194510169534305
1.0180608203185122
1.0821420962430535
1.1023866069544128
0.9930333246579284
0.9705456669975037
1.011999643002874
0.9956566659049904
1.0339118184905662
1.0743362633739504
1.1043789625890281
1.024122379777445
0.9993573743496571
1.0252218311406034
1.0837244912655903
1.0161131894714102
1.0705830547461956
1.047537698036529
0.975082738862888
0.987753088903944
0.9880100823019637
1.0036677989288767
1.086353586575227
1.0445099731672476
0.9837003031881684
0.9931153818270657
0.9872686609097757
1.0163154735377788
1.0329550103887633
1.050538303832582
1.0561388648329957
1.0555458415184875
1.0413572636670916
1.0212431507113637
1.0305058457016931
1.0153752447080644
1.0159225131147271
1.015166453510121
1.0367921105179925
1.0010912015379037
0.9939454871888682
1.0081025729649902
1.0137780100485365
1.017915558665354
1.0146470139061132
1.0415914848119505
1.0300893333703987
1.0238035855316203
1.0006545484299865
0.9881600233627237
0.9992898946461926
0.9801145687095809
0.971689278596554
1.0042336070421347
0.9961259910503202
0.9815649576338623
0.9865155061521114
1.0144259195494847
0.9869461937558952
0.9792791006725159
0.9898969909941326
1.0174363979509464
1.037578059859152
1.0399603686670955
0.9987969971405251
1.0204540158090396
0.9835807152457043
1.0034533446498075
1.050404816510746
1.0659902931510403
1.0249843646257395
1.0040571751408665
0.9684979235189892
1.0036242476006554
0.9885920142372051
0.9823713310583846
1.4003778714024373
1.2924839073167167
1.1575908713493204
1.083800916874747
0.9958379172011875
0.9897604744553361
1.0197638781107246
1.0564586654959862
1.1003481885598825
1.1606164394693441
1.2474125173297244
1.2995281868781132
1.1911260715499699
1.1430746347637102
1.2833449328348974
1.0060558343577273
1.0208190977907416
1.0290321819136081
1.0175622355414708
1.001043381115899
1.0452355650743257
1.0213265652676249
1.0157339258816962
1.0238268047803663
1.1037110977404703
1.0583821718982196
1.0080932822526003
1.000313287319768
0.9853043442597007
1.1857156999608127
1.1029514916474723
1.0683124880945998
1.0403190206454949
1.0125522426169462
1.008851037418326
0.9931030234833409
1.140288764305247
1.1469015918721899
1.1256884423634121
1.1426835332118659
1.1847215853438338
1.166939462013051
1.3152582472053442
1.4463696130825345
1.0328496608843472
0.9939198850510989
0.994380432698925
1.0074387136560128
1.006149432645628
1.0139804663801593
1.040174744896184
1.0370634656077338
1.075422877724723
1.0724217350979244
1.103827364920855
1.0096309141202724
0.9829245941951192
1.007923422161241
0.9903941939736918
1.0015750254003206
1.0259307644537754
1.0273730760919446
1.0263730455462992
1.0432065642991584
1.0666986459676104
1.034435140205472
1.01812524114129
1.1259628841832348
1.0587570910142012
0.9932319979254606
0.9724740397483387
0.9635612625375878
0.9858477835662882
0.9898998326663602
0.9693804451278696
0.9764827641269738
0.9858725535810999
0.9893105578009729
0.9866275494506851
1.00895881387476
1.1110445572849765
1.1057164641368347
1.1000065768684872
1.0907605146262311
1.0365518061587105
1.016453614599074
1.0295962771145233
1.022746435897971
1.004906657392859
0.9784238445325488
0.9915374199189555
0.9777630849626551
1.007694945158159
1.0639867955683546
1.1040884592480096
1.2182609505004847
1.178673814216728
1.1598637661042803
1.1757437044853791
1.0911254386174456
1.0067711546298983
0.9905593837139541
0.9739533678640859
1.0093761916912762
1.1543543478193392
1.1349899324664363
1.0594036069521187
1.062994156406308
1.6880292916509219
1.5824940891047043
1.1722030605325506
1.0762176865577648
1.0061053102192665
1.003261809156907
1.0056328401518255
1.0017260188844808
1.0413298956531933
1.0626844006173408
1.043725310833883
1.0245662882480218
0.9869880306000512
0.9896058703841926
0.9945744877754554
1.0334512615921059
1.1638902714095318
1.222886346167993
1.47622984072985
1.1828347908824046
1.226731714521698
1.4066820721025888
1.2367741234266278
1.6074820857865757
1.1971529165932195
1.369909450503581
1.2123504322683447
1.1535856476327864
1.3742942400164857
1.288707422948525
1.3552989997739588
1.3307633819339786
1.313976271029169
1.412425263111261
1.545658616214219
1.3788755879685404
1.2681752357587721
1.247374403806795
1.0742848074372129
1.3782635910881103
1.1488669385580494
1.3427413843562765
1.5985585470400119
1.4702422387754503
1.2367741234266278
1.4496317057482815
1.4552031811780228
1.1670303134238467
1.2716229716552745
1.350582459907352
1.6569662079065899
1.1069986558340814
1.2189553178386263
1.2979790260570783
1.2400147770220806
1.5133433121324291
1.3786443787001001
1.3365192408613367
1.3552989997739588
1.5742275492775095
1.5985585470400119
1.2349138228259042
1.3446670663725142
1.2201640532571771
1.2942222709648952
1.4496317057482815
