Model: HICS
Dataset 3: breastw.mat
Accuracy: 0.13389121338912133
@scores
1.0010643527851812
1.000024860002606
1.1631744585181931
1.065586834086252
1.479021974500937
0.9820281514550284
1.8393502803027726
2455634919.7309537
6325130229.384299
1.1295692901523096
5613908730.652724
2500000000.991031
1.4261117545990876
15752932940.043156
1.0291220684465376
1.4695084163748489
0.9979709550844713
0.9841568845662723
1.0107246892027362
1.1602153134858442
1.035407027795457
1.0121183211041223
0.9989854775422355
1.0
1.2014067474980743
1.2590881486466061
0.9829569362503429
2500000000.991031
5803420221.645651
1.0115532123760476
3124264069.7033625
1.0778399246941472
2414213563.4765325
1.012177578170858
2500000000.991031
1.0408987080077041
3.276096271302042
1.0125749761817333
1.0650655257685635
1.1922969143878486
1.0794889349222476
1.7142627034468065
1.0570674200085046
10000000001.0
1.006534193299613
1.0
1.479021974500937
1.0137264202614171
1.7212661634266129
1.4153630702761215
1.0583679703240116
1.128745623759704
1.0560640269520183
1.0223274434674947
1.0971035286099486
1.5879195078630097
1.125157981314796
1.4777728454713723
1.1345016515867374
9186396104.055555
1.1491384535459108
1.2751285200215363
1.0
2.0589235257179666
0.9841568845662723
1.1279918654055818
1.232939211904869
10000000001.0
1.1897605289850965
1.3526464925382082
16382542656.696882
1.0256657557573516
1.1547328715178697
15892820324.127459
1.3798787922141411
1.5477597167782273
1.6909985807384786
3668995931.4580836
3.147532416048406
1.1695016026668494
1.1819902593435947
2.864560469646203
1.064108900698444
1.3303166411859182
1.0152837383192586
0.9856706939194045
0.9841568845662723
738890507.0876635
1.0
1.101286816497151
0.9841568845662723
1.0
3124264069.7033625
1.0
2414213563.5031657
1.0010643527851812
1.2570882871939997
1.0000708533703166
1.2062633699812
1.5998221377589081
1.090450229816078
1.8606275092834643
1.2036627934969049
1.7569527532492744
1.1883145280649028
1.0618708454988235
16602410419.526844
0.9823544170217885
15191299855.429106
0.976288219307947
1.0590257160310959
1.1028839785321367
1.548258246937717
1.5532377779770794
1.864784310547069
1.1565546201275085
10768243557.064514
1.4360943823161576
11476764841.107439
1.3849008054758016
1.0959264402540947
1.0562955111597727
1.0572167007900293
1.0
1.0158869585191435
0.991253788518861
1.0079582335820303
10813583138.504257
1.1897605289850965
3124264069.7033625
1.0722714095037025
1.0479547800707882
1.0203612608439625
1.6533149614266305
0.9979709550844713
0.9968505979084173
1.0152922286528323
0.9968505979084173
2551776696.2909884
1.054180186881984
1.5532377779770794
2500000000.991031
1.0915803663672419
11148023075.087402
1.6541706758998274
1.1075644178671384
5613908730.652724
1.0288479455947792
1.0097460843304165
1.8054720315041288
1.0
0.9691353109287214
8550569567.92761
3124264069.7033625
1.0875718548201894
0.9992542069093397
1.1545647335671714
0.991253788518861
9301004657.470797
1.3640541662713852
1.048833650046564
1.4770965474902427
0.991253788518861
7322539675.573912
0.9968505979084173
1.0
1.0
1.0696638315569171
0.968469912920656
1.0294752752863932
3124264069.7033625
1.0952379692908634
0.9841568845662723
1.01171742853346
5613908730.652724
1.0
1.1602153134858442
0.9746587517759081
0.9807040639849873
1062132035.3811055
1.062850722004823
1.1468070686356875
1.0314417325359726
4194120703.833577
0.9915546162028059
1.1059327575414282
0.9829569362503429
1.0
0.991253788518861
0.9841568845662723
0.9919734413035988
1.3294084852724153
1.0
0.9989854775422355
0.9859460365258661
1.1181104492448612
1.0
1.0010643527851812
1.0
0.9928431420181847
1.064266638826842
5613908730.652724
5613908730.652724
1.1773228955582267
1.0339657502119943
0.9737714382733904
1.0
1.0288402071910776
1.0685946394281955
0.9778105974411774
1.0
1.0
1.001095168627548
1.390272355516245
9372792207.115221
1.1949269222223646
1.4380681441381564
0.9583213025261612
1.0027295967507721
1.0
0.9864304770215356
0.9957171612324114
5613908730.652724
1.1667900694005187
0.9821133521359677
0.9606542042762625
1.483409547717933
0.98889131063671
2.285302786505572
1.1920998429346066
1.0308471767530294
1.094021997854284
0.994763545270146
1.6263948168323898
1.6891921107050525
3124264069.7033625
8206532121.222719
1.0
1.4252897824304502
0.9724492491625839
1.0034308932807985
2.6157108942592693
11222992530.141708
1.0316196213818543
0.9858322649116883
1.0794889349222476
1.1491384535459108
0.9713503346415937
0.9968505979084173
0.9989854775422355
0.991253788518861
1.0104450976480457
1.0862540262192903
1.0697755855063666
0.9666978439597366
1.0331302187875095
1.1937074222797588
1.51363617123609
1.0528815954846882
1.0387055518051265
1.2289932028363106
1.0
1.0478755443777332
1.0010643527851812
1.0387055518051265
1.8118532166450554
1.113910892217833
0.9989854775422355
1.0
1.0
1.2134234588054296
0.991253788518861
2414213563.4765325
1.106545666654119
0.9924731761526662
1.0565469564173036
1.0148401246610532
1.1140152400098868
1.0203612608439625
1.2022412981023767
1.0226322338606553
1.0
1.0
0.9785882406922718
0.9863899709462576
1.0908133993798073
3.2712721945144976
1.0504047668771064
1.041320259084314
1.0
1.0691842999799652
1.0
1.0093769840814268
1.11024116676806
1.0
1.0
1.0119030284127337
1.7092121216369756
3668995931.4580836
1.0
1.334152477952067
1.0
3500000000.990868
1.0025100351121063
0.9838954376711391
17346794300.761917
1.1456007155647592
1.1247592246882154
0.991253788518861
1.0514319100406526
1.0
1.7288439462115817
1.1539814099587387
1.0
1.0955512126828604
1.0000113517925906
0.99110380977202
1.1819902593435947
1.4939229859768621
0.9604802840152386
0.9707418981295153
1.0
1.0058979297461883
1.0
3500000000.990868
0.954382326713868
1.0428571761875374
1.0
2551776696.2909884
1.0
1.0784171669806788
1.0
1.915078586746942
10826237922.723234
1.94805901497652
1.0308400469423076
1.413028385411542
3124264069.7033625
1.2986757008627254
1.0585948728910386
1.0
1.3230229225881456
1.394484065542979
1.0867465626847963
1.0598797177364003
1.0124466607891145
1.07396337779475
1.2177276446679246
1.6972481600767009
1.4607356387223238
3124264069.7033625
2500000000.991031
1.0520080827744838
0.9838349186251882
5803420221.645651
1.3793320121970198
1.4563429240566401
5803420221.645651
1.0152922286528323
1.1343411199587783
1.012177578170858
1.0
1.0
3500000000.990868
1.5583758550995486
1.7484321043082292
1.0
1.0167756042152492
1.602309960791446
2551776696.2909884
2551776696.2909884
1.8961280787578865
0.9842055633620947
1.4663414526472136
1841726190.1328511
1.5142078938373698
9500000000.998014
0.9982703994067388
0.9989854775422355
6634619408.762696
1953991742.3802278
0.9989854775422355
0.991253788518861
0.9922792206142182
1.3644032080008823
5023455659.844094
1.1855283695333882
0.9968505979084173
1.204019651583932
1.6958158934893075
11632231095.351156
1.0
1.291099517962356
1.0
1.4257211984679334
1.012177578170858
1.0
1.0476415410953972
1.1190077609261986
0.9677463704573874
1.689714915204737
1.0699406447143962
1.0
1.705969896588684
1.9786600684352023
1.482245390037319
1.0679660287300148
1.56742467268492
1.1897605289850965
0.9968505979084173
1.0800135603891572
1.6741376272913997
1.0291980524082078
1.0
2500000000.991031
14217192089.245178
1.8219712374984385
1.1300330364431252
1.4844170433398491
1.0042571137434961
1.1033879671160383
1.1372516629485168
0.9922792206142182
1.3996588405907124
0.9930488339860657
1.1507506103967928
1.5938504462019973
4018843614.0072665
9500000000.998985
1.623191682079241
2551776696.2909884
1.0
0.9930488339860657
6634619408.762696
0.9792167724079263
1.264735073487703
0.9930488339860657
1.4617929631956488
1.0046262840262588
1.7964804632536493
2.218165262133802
0.986684460646737
1.0158771009605234
1.1241143635816717
1.3437431067209429
1.413028385411542
1.457221932105657
1.6288626768315084
1.1614641186043178
0.9922792206142182
1.0100710260517758
0.9861871715204911
0.9582020213989715
0.9922792206142182
9500000001.0
1.0115532123760476
1.6288626768315084
1.471612579224992
0.9922792206142182
0.9930488339860657
0.9968505979084173
1.0838970136159054
0.9922792206142182
1.1796687945370647
0.985334890875605
1.1700888656585986
1.354978914798963
1.146302057713432
0.9708253947831854
1.1241143635816717
4155117691.908402
1.0115532123760476
1.1433119708536654
1.5212823062556755
2.0434435879220243
1.0
1.0395852609709826
1.0905386631671536
1.004064010513827
1.9356316062374241
1.0115532123760476
6634619408.762696
1.1580104570915937
0.9979709550844713
0.9979709550844713
1.1602153134858442
0.9979709550844713
1.1695016026668494
0.9841568845662723
1.0
1.674546756245372
1.1037847978996516
8933456579.862152
0.9930488339860657
2551776696.2909884
1.0
0.9829569362503429
0.9930488339860657
1.0115532123760476
1.0066518284476589
1.0811867273969737
6634619408.762696
3500000000.990868
1.3424609338326348
1.050032545149694
10000000001.0
1.1617159453604395
1.0646494326807208
1.0064211415339062
0.9989854775422355
1.101286816497151
0.9922792206142182
0.9841568845662723
1.255693122404746
1.0905386631671536
1.010480339973004
1.291099517962356
5613908730.652724
0.9989854775422355
2500000000.991031
6234510737.3789
1.0010643527851812
1.1190077609261986
0.9979709550844713
1.1238576384534256
1.1678958059892877
0.9968505979084173
1.5837914453433213
0.9979709550844713
1.3499039098482208
0.9829569362503429
0.9818951192627327
1103553391.6631362
1.0377526837700548
1.0196936173707083
0.9989854775422355
1.0
1.842351377745944
1.4848104523999217
0.9968505979084173
2.4795855506879714
1.568092739608265
1.413028385411542
2500000000.991031
0.9829569362503429
1.0010643527851812
1.0010643527851812
1.0
0.9989854775422355
1.1545647335671714
0.9948134959146777
1.0875274794409135
1.6104682837764375
1.0029880071755304
1.1610630565695457
1.1072498310912628
1.0046254798145469
0.9989854775422355
1.0
1.0095237677467532
1.1190077609261986
0.9829569362503429
1.0
1.0
1.0
1.0613947633183332
0.985103461044895
0.9959995202255686
0.9968505979084173
1.6196346624264133
1.0
0.9952909092054717
1.1300330364431252
1.1559925006395695
0.9930488339860657
1.365539015779221
1.0065264556004487
0.9902681181339731
1.1241143635816717
1.0146677563371205
0.9829569362503429
1.0152922286528323
1.3531973596554312
0.9989854775422355
1.4145029043986896
0.9989854775422355
3500000000.990868
0.9979709550844713
1.148975392713275
1.0895289366086078
1.0181723373707976
1.1490588286291616
1.0
1.1692597923851833
0.9930488339860657
1.0665192695781653
1.115871046671787
1.0984682886470145
1.5554490791830722
1.0282064464053116
1.198758750892719
0.9989854775422355
0.9979709550844713
0.9829569362503429
0.9989854775422355
2.0333420399692446
1.5087656917570162
1.0
1.3120482510066107
1.5999835592330551
1.014338311487886
1.522905699073675
2551776696.2909884
0.9922792206142182
1.248070566775534
0.9829569362503429
1.0
1.0110137429688113
0.9968505979084173
1.5138022244914258
1.0897494418107974
1.32566469446522
0.9922792206142182
1.413028385411542
1.3526116303329678
0.9989854775422355
0.9989854775422355
1.0
2551776696.2909884
0.9989854775422355
11222992530.141708
12920903299.032093
1.2743387056396556
0.9989854775422355
1.3898950079091021
8344073183.3356495
1.1300330364431252
0.9979709550844713
0.991253788518861
0.9989854775422355
0.9829569362503429
1.6002943728760601
1.0088339045673276
1.0
1.0
0.9841568845662723
1905755792.5166304
1905755792.5166304
1.2660206270193324
1.0
1.5041187337532504
0.991253788518861
1.0860911600991587
0.9885157719325244
1.028101159669107
1.4011674487689392
3124264069.7033625
1.606553900342673
1.0
1.5283307387431742
9500000001.0
0.9930488339860657
1.0
2551776696.2909884
1.072268621849729
1.0039892296040416
1.143066650523725
1.0
1.0
1.0
1.0
1.5547031147687682
0.9922792206142182
50314685859.93347
12920903299.032093
1.0764766826998209
0.9968505979084173
1.0
1.436250850530517
2551776696.2909884
1.039162988895223
1.0899049504336469
1.0875316913460467
