Model: HICS
Dataset 5: glass.mat
Accuracy: 0.2222222222222222
@scores
1.411700920441474
1.3066725600592617
1.1335342519195437
1.003189064211603
1.0077217288897833
1.040011813908481
1.0499785012799625
1.0912877862103192
1.3025374512550627
0.9552490595686232
1.0707015236092399
0.9819044278662241
1.053688956160258
0.9957791810388956
1.031984464958313
1.004291200775607
1.0112532794527154
1.1153507848383215
1.140054623072244
1.0210677753617838
0.9903365413813319
1.279452328725304
0.991192647884591
0.9734384473166322
0.9948013652004957
0.9749857480519386
0.9946456194358203
0.9666919800106939
1.0355730633548637
0.9621624111056973
1.0009463766825613
0.9950170360981421
0.9803958536048121
1.1190218691460598
0.9916460698239441
0.9975376840042449
1.2139797681059747
0.9856399266700835
1.0799853070771892
1.0799853070771892
0.9941070965358645
0.9933666014807487
1.0043148992381914
1.071794240523548
1.063924300259458
1.1332057797503567
1.0900413267470912
1.05720604888492
1.1564757371023513
1.2052045127386963
1.0791615763533173
1.220265602141944
1.3959361863170943
1.5037345607870625
1.5355464383223894
1.9228812258039238
1.0286296853159362
0.9669216791864371
1.0542108427310615
0.9894139175683697
1.3307720476376874
1.3681658040603841
1.072576616625594
1.0959692248131125
1.0825807086602544
1.0708855391385113
1.2534584329904808
1.251410203166859
1.224775754511627
1.1631887428556118
2.5500147223268184
1.2257290612133307
1.0127621895108734
1.0064864672631695
1.0105789599353046
1.0017413286253214
1.0665014520407665
0.9913714287858902
1.3824337914787412
1.1028817870259375
1.3547556075135943
1.015441968538464
0.9816769785453222
0.9874480537005459
2.7216187653643087
0.9736938568630745
1.0458349818068957
0.9796884810494272
0.9856206059617082
1.2230170347577711
1.2957371546174785
0.9746154065852233
1.5118117648546827
1.0543267965812737
1.0775957329902308
1.106042321818833
1.335154160070536
1.7882204440697151
1.5940493061823118
1.3810152742513468
1.4916011862241836
1.8330398877293896
2.2662854639382632
1.8566124906147254
1.3280353076594302
1.3226486882630566
1.8186888643009156
1.8121627144005905
1.3035882258928086
1.40015983856134
1.4352381947472124
1.500689212912185
1.3316728529109534
1.0247374515647918
1.1286442117542153
1.0622930808603621
1.0803516728074152
1.4395115439346087
1.0274777576172542
1.0837267393722696
1.0147340718102436
1.0093679091915633
0.965352250512663
1.1204867220468755
0.9991155669546375
1.077637729440065
0.9679787184989966
1.5333003667218192
1.5699472850508425
1.125487454789145
1.176443923297806
1.3090474357499253
1.0989328523077198
1.3611041607947831
0.9901160679921988
1.1358189076432152
1.0308923431046393
1.009852842738544
1.1050799590894302
1.0262752766361312
0.9873044273014253
1.0008004313492547
0.9887417936360661
1.04717031729696
1.1891788050044838
1.1879124053803014
1.3725077073419685
0.9876009321737095
0.9843068097658615
1.4906158509691905
1.0861103733689195
1.0768160278894474
1.859724063077751
0.9789700263254931
1.0840690743994568
0.9659662284747095
1.0533035369337045
1.0505878996615683
1.2517195766506408
1.2647576879395641
1.2967356302527893
1.475508298237788
1.1050228225751548
5.102199405301831
1.6933039877247518
1.537588946930567
1.9079093040428887
1.2548200176348556
1.26620956076519
1.217147000924509
1.1819999879355063
5.785544549339307
5.665607873228901
1.173642841292758
1.777267058220447
1.2126549393729504
1.6053351623700054
1.5481735305006874
1.670645637582766
1.7125321776931859
3.3106007143825176
1.1591387392594665
1.1758104989430949
1.350864610082725
2.6877530691600424
5.086483357834404
4.426734747002218
1.1763461626374923
2.0629864526252564
2.278368594245851
1.929529449512682
1.0115427841505629
0.9926865716015475
0.9983063870177161
0.9988761127848004
0.9979774174956135
0.9938701685445519
1.0097882650108254
1.0020827445731861
1.0038396262240161
0.995479146306564
2.6909609814523106
0.9980224129840434
0.9954067180562196
1.0077777600080642
0.9939380448859438
0.9999790969500062
1.9319599355983548
0.9918630459099773
0.9954791463065644
0.9950530341493209
0.9957705972284776
0.9954067180562196
0.99942128520805
