Model: LODA
Dataset 2: arrhythmia.mat
Accuracy: 0.3787878787878788
@scores
1.2839833635432247
1.1727747351855746
1.5047165871261405
1.397611649284273
1.244363346759602
1.4552085802547532
1.1582258836064159
1.1841173762168435
1.1492126127419442
1.2462727524004635
1.3229213922244227
1.1543875067051814
1.21993589765002
1.349589769464822
1.3090118621236861
1.1641872110747615
1.2594349358001085
1.120998209845283
1.2558280231787524
1.2773302076909552
1.3309699273325628
1.2140257249267092
1.2037453918412189
1.2259993156760496
1.2264579309448687
1.31046881536715
1.3809172346885883
1.2979284241216706
1.3220055200209613
1.3495202919968692
1.2697295001891562
1.1485207126182473
1.1618198586971962
1.1902250369421554
1.190190087017808
1.1686009329968958
1.2553776880156742
1.3044671208255727
1.2177858436778055
1.3302653350733324
1.1872133557404645
1.1839435971001007
1.2854652245836173
1.2569484622618388
1.225610489875654
1.144836776253524
1.1859605713710366
1.1516439147875788
1.2338160978531876
1.2013219988088497
1.214751222291325
1.1641621518485052
1.2497934331271605
1.3421401950019876
1.2680788281509405
1.277199423112927
1.1650352819731025
1.2162883585605961
1.2388425622011254
1.2456529232228923
1.1371300358776835
1.188427100545446
1.202916165941274
1.277443731329774
1.313249624789701
1.1236412862088487
1.2171258168231482
1.2190856881599377
1.2558753753767662
1.1860390378779335
1.2313332174521148
1.3042694311970737
1.2295418244922258
1.3060329441053398
1.2767857799872318
1.2856090232540829
1.3863991505728677
1.2517111978404527
1.2870008860954376
1.2416832329903833
1.2339938897390534
1.2983856639402476
1.1796179771810096
1.2344692353977305
1.2876693737164888
1.8288035007122394
1.301818097796985
1.3663759836113192
1.6687563817652353
1.561715526353592
1.3118970004858692
1.245305940973432
1.1402461412373055
1.1712413754900353
1.3472750072856843
1.3614715430873263
1.274274680644334
1.25933630427659
1.284128625666563
1.1301947417361446
1.1761952567228346
1.3806762569448383
1.3436758436695326
1.4683174658390274
1.2124069176938188
1.3205485936143024
1.2454349441889085
1.2109205052411025
1.2103326666296212
1.2845216291863804
1.3143174862120035
1.231877740349502
1.2104696754713544
1.2926818501303223
1.2393997738335965
1.1707021716753134
1.318111651309116
1.2472173748214403
1.17436701990441
1.2505597063484457
1.225490197885623
1.1696956897608093
1.2760082190074498
1.2163043661069717
1.1528005708124334
1.2576324723484344
1.2141472326164306
1.3275948320755289
1.1633911176538478
1.342961127217468
1.2016902722077059
1.193873789511346
1.1892029355941736
1.3894872419589297
1.1559026489743343
1.3113022694872052
1.3136756594034227
1.2486798186948873
1.2530746692063661
1.1845901428404009
1.28487023818763
1.4166067651665921
1.2759124746073047
1.3094360292381138
1.2517504069864374
1.250973916215985
1.2952599517976744
1.2198810078341458
1.1262048282418018
1.2121417619393713
1.227236166953421
1.3359225041875549
1.252892988719927
1.194772482006131
1.2269351002312643
1.1994260562697694
1.1584205795005027
1.2528075405632877
1.4293126847542885
1.2257494927085197
1.3387331377904652
1.2008208821635646
1.3654357020545886
1.269502679674048
1.2297127350143533
1.1581469203195918
1.19680393129203
1.2808560546490375
1.1744960081351796
1.220373240711804
1.2428483438163498
1.2919496318619825
1.2581857147248277
1.284929568548725
1.1579027698738737
1.1663395480355732
1.2684550213025356
1.2296607726536344
1.256392829156903
1.2296530423340377
1.2930134854039597
1.2750865861583922
1.31707206537749
1.2282118412645533
1.1742665129442225
1.2493878768622513
1.227222861046855
1.354992736534831
1.362158620573818
1.6308211786529792
1.175158989655944
1.2376726237595763
1.3012772691973715
1.2317167134504634
1.27039091915254
1.193453595550152
1.3499665135446304
1.3578387330301516
1.2551417318357927
1.369326555131946
1.2012324035506272
1.1680481020448983
1.3389689567988363
1.1644276402351392
1.431153230440107
1.282774523862447
1.262312309371917
1.6938225948374015
1.2775790188802796
1.344333597916199
1.3006185571221172
1.2226817149376592
1.2799598221604465
1.4377048671269876
1.24124772529859
1.1395393614582177
1.184896029980118
1.1452394582931273
1.3400811742941285
1.2187058483074424
1.0951450813191677
1.2484435244201215
1.3515419571644538
1.3422738878535292
1.2383011102944959
1.3366156123476773
1.2520930251764657
1.235115678287899
1.223829000206574
1.3200847089480754
1.2169645496238415
1.312383871237013
1.2145192902582658
1.3441447522337178
1.4633661427249973
1.2773605975843025
1.2875129051060894
1.1963965176805855
1.2532926185767903
1.2487430438881875
1.2075684440866634
1.213927661208187
1.306176743910737
1.1168394965889594
1.25994104420193
1.2008371554941224
1.370567722247606
1.1575646717155457
1.1523392051008214
1.1534355419183842
1.2937969938636802
1.3142620183446017
1.266335435813889
1.3943976494893289
1.307304550585933
1.2176504363145515
1.2343923705753415
1.3770570734142658
1.2784044099606136
1.2757662008724424
1.2014348401680468
1.199860727101563
1.2473463871857937
1.2447053276488131
1.1702725605090387
1.154254774942522
1.2749299084514958
1.2028730052225278
1.2417484524669211
1.2295055917801925
1.2936397051226085
1.3677933438606733
1.2911185581030635
1.1724060963485199
1.181182761081789
1.217674344663107
1.3129785898223136
1.228930984829286
1.216150672736956
1.311720650199892
1.3332367922911328
1.3369272615334207
1.1782253773196207
1.220944837614333
1.2430486772736278
1.2837205803973863
1.223479996918311
1.2487389249469092
1.1774314263955097
1.1565658540450432
1.2331552474677818
1.4035376760124891
1.3701263213004427
1.4832278489343949
1.2611245269476066
1.356006150750457
1.2888048186806387
1.771796347123966
1.222579073414086
1.3503608920275787
1.2178297287004551
1.2035775391249408
1.2626881605287004
1.346969880492452
1.2188534816568666
1.3216536414131144
1.346001273311501
1.2563490379160933
1.226128709447942
1.2641833947908168
1.2530095631597824
1.288857948499261
1.4665534145907795
1.303505737022551
1.187754506868212
1.215671781309255
1.3893215998270432
1.218963519771366
1.2815380218742745
1.3085913059584264
1.0543041706881835
1.322283024906254
1.2316261374157
1.3885235956705408
1.2305959418761732
1.1641183506186
1.2453932541129649
1.3607486206180932
1.2479481635506422
1.2531483511945267
1.282366445995706
1.3405200337177448
1.4584467938787289
1.3035182334119277
1.3449379128282146
1.271226237782984
1.2447385660990509
1.1846363676596794
1.2886101190174557
1.1885212292379335
1.260585969605499
1.2157898138327856
1.1880319326680693
1.246927171778676
1.2933037478783993
1.2285083994411876
1.2958024707356508
1.2409305278588607
1.2308414125482292
1.2180943355491993
1.2235002586232067
1.1884743876490438
1.1996050883743916
1.2370560790688436
1.3764425731513752
1.3629892822466203
1.3562273904450668
1.2625861602121664
1.3023522306350224
1.2714713774918258
1.3032348442553607
1.4044461802510664
1.2204323548910052
1.3536064920250077
1.241957260574518
1.3241225044570801
1.2677064675672214
1.295857855579554
1.2789106347277697
1.1923165935058024
1.647747560052724
1.1530168678934924
1.256394222400546
1.228624569279973
1.3105828775480248
1.2198915234885468
1.3494404735638825
1.145376000408382
1.2840413765144771
1.368665423771152
1.284640973766433
1.3168227203533616
1.2715422336431024
1.2592598084517184
1.3448983413093842
1.256334834099619
1.2745516100831382
1.2435629163696096
1.8550144144757852
1.228610786333419
1.1304202878701364
1.4065324206720229
1.2711162079923615
1.4454222900591307
1.2098644629274542
1.7152750826761485
1.1556209985551626
1.3522361065442028
1.3601623620182857
1.1926667091256808
1.2622393521094888
1.2107298322764637
1.2615950451528972
1.3628596777369402
1.2965023397123077
1.2108554398625007
1.2563181909423624
1.4365853256728107
1.2433448017328665
1.2051323628684463
1.3127334255702645
1.1772413777349948
1.359340199379175
1.2657785145300697
1.2872289213655077
1.225697460083794
1.198198796355612
1.3279403427665826
1.1510744332399465
1.277047399742608
1.155795291524789
1.239970795473126
1.2932964769764024
1.2511909757502597
1.665225240575996
1.2851128035215047
1.2146361972805535
1.4666704714755434
1.1740818185064317
1.205513395307578
1.3053228259577108
1.213448377678631
1.2399761596067083
1.191024555560189
1.2427781319244098
1.2168037965461558
1.1748369991167693
1.2372456266939886
1.2701513200237846
1.2930807066585133
1.3028956220303811
1.2815706230021506
1.2114224528685764
1.2477367717217347
1.1797918354222021
1.225593509980344
1.2545157202819746
1.230607435077347
1.3836404190423846
1.5303345727323685
1.2425906484531506
1.23431890401039
