Model: LODA
Dataset 3: breastw.mat
Accuracy: 0.9539748953974896
@scores
1.3742321133176665
2.215018571073503
1.300342525428249
2.3006419413980073
1.3946378882768213
3.0392347325602915
1.6309446691027456
1.248163380676129
1.330442165215198
1.3164857193244248
1.1915973619445435
1.1750080310844537
1.799991247555272
1.2730598409563474
2.6677379919798954
2.0921882711361524
1.2820460249188896
1.3159136325731065
2.54612841046303
1.4318200689788942
2.4659849530143307
2.6630246154758224
1.2338310511476394
1.2024809898844657
1.961975205533666
1.2427473546567205
1.3487335570078935
1.1750080310844537
1.2047407111548043
1.2220689742378723
1.214079717662482
2.609837534924743
1.2670598395778052
1.2686907286130318
1.1750080310844537
2.9467159241892436
1.7062761185326194
2.3750547513404103
2.2359092681513784
2.186074244570285
2.7782930343044656
2.1945266972560704
2.948268237500791
1.192461973660137
2.435709620522131
1.1552869597671858
1.3946378882768213
2.463731998968941
2.140167333666983
1.8193579131041921
2.4497488071953404
2.686873176409979
2.5859945600542313
2.3232712063521475
2.5962207697541806
2.0672699715136473
2.1386256911744614
2.025522775481335
2.2395358723784202
1.170876012430128
2.735111675587369
2.0707805951364713
1.1552869597671858
2.2438294636487726
1.3159136325731065
2.426639557593969
2.795590778460353
1.2456970117666246
1.4338021458650245
2.877708402612231
1.6909781313115448
2.6445798186686664
2.103157407190854
1.3858271138462805
1.3112662135341977
1.4416331620253282
1.3484431602896267
1.2295634268777835
1.5503979729949438
1.3229385019875182
1.4018161134413165
1.5812984470942983
2.8347126601492927
2.7786359129602642
2.1483006012991877
2.572526182630405
1.3159136325731065
1.2684411118782994
1.2024809898844657
1.2365026079578874
1.3159136325731065
1.1552869597671858
1.214079717662482
1.2024809898844657
1.1687991754217897
1.3742321133176665
2.875654785951973
2.808249361954556
2.555397351167043
1.7857929213685804
1.3435891997561695
2.119210875470815
3.148445118738917
2.064062608512638
2.7563998586003113
2.6745922271258378
1.2486564060086414
2.4878710116191067
1.5761961464969396
2.2544986113210217
2.610208820532156
2.91662581583357
1.4459314254473972
1.299051041448333
1.7131584206820578
2.6933828349654885
1.294842483532882
1.3209540033308957
1.2749784444074317
1.3588992746825357
2.9061192906159685
2.312577609121142
2.7418018848714585
1.1552869597671858
2.546528973095164
1.2822927327240818
2.3034476272888007
1.592223297056591
1.4338021458650245
1.214079717662482
2.7852745944152084
1.2761267852909606
1.275571385606375
1.472816368890717
1.2820460249188896
1.1944240595005706
1.3121643866250934
1.1944240595005706
1.1296568370979976
2.2503522195215235
1.299051041448333
1.1750080310844537
2.056700273785707
1.2318951192112622
2.064683742745784
2.956406042028979
1.1915973619445435
2.2928213742807344
2.8949851522794208
1.31135163494386
1.1074570802214203
2.171400346961005
1.2276042499668907
1.214079717662482
3.0298146191129693
2.6584992439422956
1.3635675169254682
1.2822927327240818
1.496266654812575
1.3766566705472048
2.7275579048578864
2.784025468074483
1.2822927327240818
1.1178114015147893
1.1944240595005706
1.2024809898844657
1.1552869597671858
3.2601497224174127
2.443751239876034
2.7446909603308014
1.214079717662482
2.7245008768401195
1.3159136325731065
2.086620889856097
1.1915973619445435
1.1074570802214203
1.4318200689788942
2.778521610138485
2.4739834597108175
1.202137476429453
2.632910533661321
2.9871442598772315
2.8576041040086397
1.3351824787725906
3.0366167999952958
2.95006780954584
1.3487335570078935
1.2024809898844657
1.2822927327240818
1.3159136325731065
2.4750069858487604
1.4813365225092556
1.1074570802214203
1.2338310511476394
2.7782087853171005
2.8803014516190326
1.2024809898844657
1.3742321133176665
1.2024809898844657
3.0609580194651236
2.61428681843315
1.1915973619445435
1.1915973619445435
1.3639455957065452
3.15028876457061
2.7826147213903294
1.2024809898844657
3.1748741554327617
3.1090377209559463
2.6822177229903934
1.1552869597671858
1.2024809898844657
2.8038251345045127
1.5095517677123849
1.2453534983116121
2.946287445841317
1.5167102414777045
2.370003449464744
2.7059131558380267
1.1552869597671858
2.762566668331077
2.6545871286975333
1.1915973619445435
3.1753873444188896
2.388764726472208
2.7321814575003818
2.0185976584954175
2.4145383682008386
1.6830037727942568
2.9605393275914897
2.6534793874246927
3.0624485255207854
2.339119140690249
1.5700721281831025
1.342865891532104
1.214079717662482
1.540588252192485
1.2024809898844657
1.4392902431988925
2.949922117336056
2.0978748310650217
1.5797378976904
1.1857903548328501
2.5650902186243494
2.2007292992798337
2.7782930343044656
2.735111675587369
2.316502056496084
1.1944240595005706
1.2338310511476394
1.2822927327240818
2.2331265000918954
2.669605485773659
3.0462687831963544
2.7996505447705227
2.6249367623924758
2.5950812180031546
1.5231968081777554
2.5749390300415627
2.170310955742672
2.7326367576636565
1.2024809898844657
2.439281802767101
1.3742321133176665
2.170310955742672
1.8251607491282789
1.3368660740354965
1.2338310511476394
1.1552869597671858
1.2024809898844657
2.4793731109000747
1.2822927327240818
1.2670598395778052
2.377316877196659
2.390124883859769
2.4905782178861684
3.1600646554287315
3.2968226991268974
1.275571385606375
2.2175843951363348
2.683361109794377
1.1074570802214203
1.2024809898844657
2.293418804004983
2.569990669862782
2.101641435996651
1.6302366953445044
2.5051536720866565
2.6744672759187327
1.2024809898844657
3.2949295556943023
1.2024809898844657
2.31225612479169
2.735411205323333
1.2024809898844657
1.2024809898844657
2.6143562875395823
1.6138097214634768
1.2295634268777835
1.1074570802214203
2.4766649388292548
1.1074570802214203
1.140619325169656
2.196358705265504
2.803885958066113
1.374580822763608
2.18665082901952
2.5258498931756774
1.2822927327240818
2.31469076130156
1.2024809898844657
1.396311037265198
2.2114997196055737
1.1552869597671858
2.505667148592248
2.5595638072932716
2.378537208010049
1.4139495081883415
1.4593421210434954
2.2859748894888243
2.401198857315978
1.1074570802214203
2.340965115217909
1.2024809898844657
1.140619325169656
2.335877450832186
2.40465955794673
1.2024809898844657
1.1296568370979976
1.1074570802214203
2.811985406271576
1.1074570802214203
1.5128730472205227
1.1907062060470217
1.9951434354024373
2.227737872051641
1.366204184901344
1.214079717662482
2.0888151172458373
2.811854482125571
1.1552869597671858
1.3401746106008046
1.7489977009641402
3.073814399082558
2.6429213365594584
2.2888403089470573
3.301376547953617
2.5546951274375678
1.4276455658546539
1.60144630031313
1.214079717662482
1.1750080310844537
3.149762232787497
2.9865152671319337
1.2047407111548043
1.2348313293447868
1.4310808590153905
1.2047407111548043
1.3121643866250934
1.3859265164189287
1.2686907286130318
1.1074570802214203
1.1552869597671858
1.140619325169656
1.434174050647547
1.653941939561134
1.1074570802214203
2.717795965512374
1.4259625965506648
1.1296568370979976
1.1296568370979976
1.487451097566497
2.4094322362965803
1.604524527767349
1.2150052439917267
1.4263347186727924
1.1873117312905792
2.7942157513887405
1.2338310511476394
1.0922780844954214
1.2824908425654278
1.2338310511476394
1.2822927327240818
1.241371381812658
1.300685978017237
1.2409595462727487
2.8632810938031947
1.1944240595005706
1.5014816851502142
1.3086343890993062
1.2482168581961113
1.1552869597671858
1.3471333876771818
1.1552869597671858
1.3900177238461198
1.2686907286130318
1.1552869597671858
2.8672651083827763
1.4080609210061739
2.4325737741936653
1.82653102487488
2.7782381090590835
1.1552869597671858
1.545443642413733
1.3529540028825982
1.4669603365146322
3.0599899986794763
1.5636526849119428
1.4338021458650245
1.1944240595005706
3.308817979139602
1.6053781291412326
2.5236561031487486
1.1552869597671858
1.1750080310844537
1.2665896689419371
1.5867044257090066
1.3754335105370203
1.316531536483508
2.4078380857517483
2.6301473599888823
2.6008748875375733
1.241371381812658
1.3926658763134734
1.2928838965657532
2.7460179989226097
1.5600553554160548
1.255592061126413
1.130446298526122
1.5640962293488834
1.1296568370979976
1.1074570802214203
1.2928838965657532
1.0922780844954214
2.9375682396836824
1.3403953534927417
1.2928838965657532
1.271927483106002
2.7312756186216918
1.2572789243531302
1.8406223549708416
2.7689713353742174
2.875613797622
1.3277892630654513
1.379064935270244
1.366204184901344
1.3835510981416215
1.4128294931225356
1.2715615255911998
1.241371381812658
2.8717196808087126
2.7162529343092374
2.5453862635327313
1.241371381812658
1.193316848243618
1.2220689742378723
1.4128294931225356
1.3447854158912393
1.241371381812658
1.2928838965657532
1.1944240595005706
1.2689026757086288
1.241371381812658
1.3229951802125588
2.6753341568263
1.2771367942274916
1.4878832331362295
3.3196435495998675
2.91874073630769
1.3277892630654513
1.2262926829675214
1.2220689742378723
3.0356487273135215
2.056388471086296
1.7388639799970136
1.1074570802214203
2.570529324222357
1.2671039389999461
2.84610316269395
1.9399418185986919
1.2220689742378723
1.0922780844954214
1.2738975883416057
1.2820460249188896
1.2820460249188896
1.4318200689788942
1.2820460249188896
1.3229385019875182
1.3159136325731065
1.1074570802214203
1.2639962322147225
2.9157940999892973
1.2212684093327006
1.2928838965657532
1.1296568370979976
1.1074570802214203
1.3487335570078935
1.2928838965657532
1.2220689742378723
2.870038430016676
2.807178023410148
1.0922780844954214
1.140619325169656
1.2625652316238085
2.5854235449029437
1.155167710057576
1.2777327116147286
2.32733822534965
2.5061686972698634
1.2338310511476394
1.2365026079578874
1.241371381812658
1.3159136325731065
1.4661681963250162
1.2671039389999461
2.4894212547874877
1.3471333876771818
1.1915973619445435
1.2338310511476394
1.1750080310844537
1.332619304213266
1.3742321133176665
1.4080609210061739
1.2820460249188896
1.3993464405528486
1.3650235740864314
1.1944240595005706
1.3652370778016267
1.2820460249188896
1.3090827728779022
1.3487335570078935
3.02534842127471
1.110711780232475
1.1794252280978332
2.5293182648538397
1.2338310511476394
1.2024809898844657
1.4878127785229622
1.5954879765416041
1.1944240595005706
1.827962503029445
1.4143942649688555
1.366204184901344
1.1750080310844537
1.3487335570078935
1.3742321133176665
1.3742321133176665
1.2024809898844657
1.2338310511476394
1.3635675169254682
3.0716860038226432
1.3126936932716466
1.338399311227583
2.2516803778977774
2.939012525005837
2.7188781249566736
2.888220616267102
1.2338310511476394
1.1552869597671858
2.553914629121562
1.4080609210061739
1.3487335570078935
1.1552869597671858
1.1552869597671858
1.2024809898844657
1.3822977113731245
2.6931878254571004
2.741934097427187
1.1944240595005706
1.5218294971731348
1.1074570802214203
3.2249338574284647
1.3754335105370203
2.477844239527658
1.2928838965657532
2.5035693094337237
2.4881476583546784
2.3238150379978344
1.3277892630654513
2.4440925411735805
1.3487335570078935
1.3121643866250934
1.455911167840516
1.2338310511476394
1.4563515854477032
1.2338310511476394
1.140619325169656
1.2820460249188896
2.540339956001971
2.4171120300324374
2.771006652506452
1.28199920555801
1.1074570802214203
3.086489910611898
1.2928838965657532
2.5699031478662224
2.7351699992398273
3.3436721262262115
1.2492578850054041
1.1598110898403702
1.367114613776021
1.2338310511476394
1.2820460249188896
1.3487335570078935
1.2338310511476394
1.8851521278126215
1.5298432466454128
1.1074570802214203
1.3679555838464978
1.452611617346212
2.4857325882196837
1.3254942945320445
1.1296568370979976
1.241371381812658
1.479007980639094
1.3487335570078935
1.1074570802214203
2.4633657618322133
1.1944240595005706
1.3425733665678286
3.0329170268868544
1.5251564113816725
1.241371381812658
1.366204184901344
1.317388189669956
1.2338310511476394
1.2338310511476394
1.1074570802214203
1.1296568370979976
1.2338310511476394
1.1857903548328501
1.1800749147805705
3.2232110592235887
1.2338310511476394
1.396715298660536
1.2598768596220498
1.3754335105370203
1.2820460249188896
1.2822927327240818
1.2338310511476394
1.3487335570078935
2.069180190800287
2.6603110584381766
1.1074570802214203
1.1552869597671858
1.3159136325731065
1.2460252996422914
1.2460252996422914
1.317278677092458
1.1074570802214203
1.4152837703881882
1.2822927327240818
2.44011946644905
2.8526206712009667
2.609831816784658
1.3604876817812435
1.214079717662482
1.4352385444147244
1.1552869597671858
1.3893778351615191
1.193316848243618
1.2928838965657532
1.1074570802214203
1.1296568370979976
3.307659957040724
2.815792688077031
1.4142584893098562
1.1074570802214203
1.1074570802214203
1.1074570802214203
1.1074570802214203
1.3304175277610137
1.241371381812658
1.4806289220631008
1.1800749147805705
2.442353514446084
1.1944240595005706
1.2644966650184806
1.2752083370211136
1.1296568370979976
2.8274119570331404
2.4983905840930176
2.5555477028517077
