Model: LODA
Dataset 6: ionosphere.mat
Accuracy: 0.46825396825396826
@scores
2.061869698129255
1.9942085771322708
2.086620701795122
2.3192529733751717
1.9418843303005597
1.4837195862581989
2.1593501512523217
2.2057161783549
2.2834221548380125
1.639722221236865
2.350155734685085
2.670848768149566
2.3222028607445435
2.4402582309488303
2.3743618968747278
2.147281619978241
2.216832905466147
2.8199193476939355
1.9496156909819646
2.585426347609998
2.305291242906452
2.4772917051028553
2.065911689849082
2.4928065405951467
2.2075768994640477
2.7780692359137142
2.3529605236347906
2.493355661747966
2.5573141893266
2.7000243899198932
2.4444278173233824
2.7092120490976614
2.1579338230812146
2.227484149414774
2.343843203096187
2.535776157349683
2.292285940098193
2.490304435059378
2.1691265862819717
2.217599004960461
2.153095166563031
2.6428197390329005
1.9914323066548016
2.694299092117909
2.318921308152534
2.207881150440414
2.3004873518785174
2.148682160099885
2.244092037417424
2.1048784997439496
2.240854459726882
2.5152198192005746
2.6509982905059877
2.713564884988304
2.305412362593288
2.5112615645885126
2.32060111856022
2.6638709133099066
2.28097784322496
2.227017357353547
2.1995395453558886
1.9408947499006632
2.1770783531076794
2.373128665026925
2.2740848250106236
2.329461801169764
2.308801027488492
2.78280042837284
2.3479904985644517
2.8524893772083115
2.409207551687504
2.6051649709889837
2.229852146033928
1.8117020451207735
2.272499603782395
2.7644121933314265
2.2296374887579358
2.7692913832333006
2.5344842928451587
2.6276675862495478
2.489403423734347
2.763137319499092
2.0984681828317573
1.7893767390124644
2.0022412767055666
2.034465359606206
2.052255079668916
2.2214257360173177
1.7906292849785206
1.7729215998708008
2.177547174671412
2.070403244960934
1.8879708395167463
1.9242726324236505
1.8246669042683152
2.102453019038646
2.1623314122177266
2.249624987043441
2.375672009258559
2.0147256564585163
2.2852951344418133
2.3285273947903797
1.5885302520635547
2.276564489408588
1.9822022035268017
2.4018986128570976
1.8100656570170746
2.2364706257232685
2.0124598600454013
2.4918830469531206
2.180634770029548
2.1143441105032763
2.074380538531409
2.20024143963034
1.731819898035438
1.6298278760610683
1.9996797625189358
2.0557860873574514
2.0490203514823007
2.2911902249688905
1.7976444115244374
2.24146277210379
1.8990039282567954
1.7620083804763789
2.2063938132586425
2.1573995566589663
2.3662416333697394
2.2997179412474846
2.0457315928436857
2.3093318914015772
2.0878175155205825
1.6600037972999626
2.4912384595409605
1.8710578414364978
2.2635671711111653
2.176718338797106
2.2002683710618727
1.796166724820389
1.5101523691870473
2.0286204865447575
2.321584315485906
2.294842423617789
2.276702939526909
1.4990489387684574
1.9280852062751497
1.5440567375810204
1.6535068248098879
2.3152193827516476
2.4196586589794364
2.283195994803166
1.7582631644493165
2.0096643032117005
1.457437979418131
2.0762202580763405
1.4572847171663772
2.1077100879217405
1.455771109464076
1.767847198590375
1.529964145548816
2.114463857702681
1.458181652934631
2.1643045324270753
2.831573381923106
2.214137806468757
2.552012578332645
2.4105587909197195
2.4469079078171974
2.343501004580982
1.4998213305816852
2.1725504742868265
2.5959085639692923
2.221208349136007
2.0946771591449838
2.394824308061634
1.846569850455528
2.3637812994449967
2.0943066779716424
2.158016274685447
1.5174882724715366
2.3403685489213517
2.1966757520860245
2.0517254675149696
2.3691802850860086
2.0498502854226306
2.540787518644162
2.250097174657573
2.5833242952591164
2.553991303992017
2.613943071244287
2.5623083833698796
2.1608893247532777
1.6967390557616675
1.924261015661238
2.015282799569039
2.662663518479016
2.216112753415715
2.6757279832187266
2.3459433492504638
2.1022427475319545
2.293908508843762
2.3538792646595543
2.2614772671948766
2.432145324445055
2.2597068161421374
2.455348257064615
2.249373968852865
2.5763077918584827
2.0235014279164973
1.8273546663304345
2.345666828968209
2.338278990027603
1.7569828293169178
2.003495140808919
2.3102306644779187
2.7692538067641546
2.200787855218373
2.8124297399302933
2.0502474789286134
2.4268006812013163
2.1408831234450956
2.908367090975224
1.8456949137499463
2.785845632157062
2.1317168861785585
2.0098807770069844
2.0790550538644528
2.1806467531888094
2.0807374609260147
2.7775615980377517
2.055178429181544
1.5807761652115941
2.2945437501762407
2.3683272415019947
1.9496855977181686
2.2568142794035775
2.2777651146806273
1.65452973618444
1.9310872582364458
1.5199922954325864
2.018561612137055
1.7916191895416456
2.2096333678779123
1.9121909189846227
2.2120109797797096
2.1986285686444393
2.153709183701433
1.8252809988959129
1.8260174717851043
1.5885302520635547
1.9410032719597425
2.3458334308366493
2.104787272974243
2.0129351341501645
2.242581653090087
1.8806585880160722
2.270629419068414
1.9368958990745342
2.0162702197143236
1.9796491438234456
2.07462125473591
1.7687522361183732
2.000368368462273
2.1327674340427594
2.0762496441599656
2.2343561044358364
2.1291983288354768
1.8317111774856962
1.9640014247819435
1.9650077227553662
1.9282582626104188
2.279795750798119
1.8710687014238148
2.0510274076295767
1.905046453966117
1.8854100920893895
1.977478724412316
1.891383412285444
1.7452177051173539
2.0565995678543203
2.1717008305760714
2.1579118222108917
2.2128775032019066
2.2031514690064884
2.0011221880930825
1.528589174981068
2.0192276288801962
1.7665195554516027
2.128015194122526
2.211783858279824
2.1547759419053096
1.8149690744313105
1.9802788615071036
2.1107012658044977
2.1560458674984275
1.994595924246675
1.867558046978885
2.2120872886803453
2.320153015025971
2.222982535316415
2.063247914167095
2.2538722349099554
2.058468781066529
2.307768896202504
2.265206361024424
2.274809811672749
1.9886240865656244
1.7999562936949272
2.394438062086498
2.2123469558918525
2.079247445783622
2.2616501718338085
2.2252436480618916
2.339170643764932
2.2564647793983608
1.9908908031203414
2.137393795707782
2.254429670933311
2.198458121480084
2.0199085587229764
2.206825258020705
2.3255925387516747
2.216481451391556
2.2692860490133944
1.8306942977491087
2.0691648439826977
2.149863490542527
2.303492302788401
2.2741871232276587
2.115015416523872
2.2577901761873
2.213936651414141
2.1763522313428516
2.170608660424969
2.3077386047892805
2.313253204908005
2.327445589537777
2.1030544654464074
2.3059357302978123
1.9142759744001994
2.1907050637502534
1.670447782531643
2.2944835438236018
2.12477785837
1.8373902508826832
2.0850804154476243
2.051909573442372
2.2051841142064745
2.270525971771948
2.249366843271602
2.2140319367208328
2.153026465936177
