Model: LODA
Dataset 20: vowels.mat
Accuracy: 0.08
@scores
2.310296579166492
2.2444154127717435
2.2053933550885096
2.181116446372822
2.058625607591438
2.005105928236739
2.1209029903088203
2.089911203769292
2.125689339516354
2.090853575540761
2.1291190454919233
2.2408940171916556
2.3547836380852245
2.44640011821625
2.4744759705434696
2.523266619296902
2.5560039506527175
2.361847241812548
2.262961283756312
2.1959274679754097
2.1081002202189696
2.0003623115250124
1.967825775073476
2.019873341096585
2.0595080384160864
2.2204251783319386
2.1612857720173624
1.9909250022443772
2.0134951253378577
2.0167710167285935
2.047645856504118
2.029169831516786
2.145916479885405
2.4489537797278627
2.309021634352346
2.1200318323029497
2.2358900371092387
2.2475093388865197
2.1520189685216473
1.9966612721447423
1.9522077085667198
1.9569638664580835
1.9993453548471098
1.9328311791753554
1.9735140274913439
1.9795656024515091
2.098282962107674
2.2473416228250076
2.4069402643058586
2.500813491494999
2.250776287776604
2.187873234326671
2.208562467966668
2.2261739180108218
2.2877473422483514
2.2196641354390128
2.125817220274762
2.2038520833312782
2.183313092931839
2.0718202245069297
2.1162624424945324
2.21218983242583
2.265219010735963
2.249184262827097
2.3953921426477773
2.344593904145253
2.3343711281278963
2.383253063182392
2.382158307769433
2.400133853135034
2.2486918452705815
2.184990532074699
2.2152021721284756
2.07094786950795
1.9716755288557881
2.0502890361356663
2.133535720872108
1.9961289700090725
1.9941836333889333
2.0158902647627763
2.1448423666154857
2.0730455030151718
2.221378035687155
2.2038041930186707
2.158485549191367
2.2797012293233703
2.3054145571847147
2.377436746734834
2.0392271579865304
1.9518288301170548
1.8836965951017193
1.897574970363999
1.937420100417867
1.9867747106522875
2.1319622497812256
2.160915012044343
2.0464596997130657
2.050903983302847
2.1300218017316026
2.2861182024357505
2.314189628513537
2.249825907125147
2.2146703857795553
2.1516830676850445
2.0863997640189638
1.9626029374246858
2.0200912588188764
1.9902632434018832
1.9714063424035182
1.9123243709383506
1.8412211595500998
1.8017806317234804
1.820859173555882
1.9711536654301454
2.0596544541365165
2.1209446427915832
2.1977435281823854
2.032422843394354
2.2505434779168767
2.1255782887275227
2.071411481061297
1.9653631938054337
1.945425992010822
2.1092748370265486
1.985421302444814
1.9532029780768099
2.026382311599885
2.0020440638788637
2.0998991226024675
2.2181342532360167
2.1857527018714364
2.1917714234289316
2.202758284833945
2.297071580808547
2.4962848870957535
2.298011426755257
2.2018740233952916
2.2123477402890916
2.1941783948283597
2.1006508664303034
1.9919322635823342
1.9618896525528715
1.9479597421047414
1.8914554076174714
1.8237453771653231
1.7836363389667875
1.7869487419934866
1.886009803811719
1.9946479581503171
2.0588355798608426
2.102928273442277
2.1455089825449614
2.1864025693752116
2.2265124813396104
2.2175995286677708
2.852886307985038
2.6932647342445972
2.543956908591088
2.503269685471876
2.478283361385694
2.423783593170525
2.3425728496741156
2.2721800838396375
2.2010890827850496
2.200728086437024
2.1759177363984343
2.0593379663390414
1.9650097044182426
1.9519024519816621
2.04947400252791
2.145871672174342
2.3010469466119723
2.374373547329023
2.4146608134988563
2.380035156098015
2.302796211466103
2.2921876481373387
2.3033863050453824
2.379105033486368
2.2829510313863386
2.227176011290967
2.1231200902418412
2.1084857443232434
2.061387914136611
1.9914515688334695
1.9843179563314182
1.9318854537263712
1.830073548186374
1.9005285529218294
1.9493334457550524
1.976526178060127
2.004367108903662
2.0432187023090704
2.037277051651516
2.058411525239241
2.053839263196641
2.0354438219083035
2.1983751943173533
2.2241977120984058
2.1764058207765244
2.137769584053226
2.0399974616327703
2.019165791662657
1.8827876466294582
1.917968867142736
1.8899416517997956
1.860679981309427
1.8065132032317466
1.8144033443267793
1.8744389741682492
1.9679056875286183
2.0726438048999185
2.2113182502766255
2.4619965746353896
2.4969058303024183
2.4736024014450715
2.4103892281988113
2.5243920305763465
2.4273088299498293
2.333640211521637
2.3266291970401562
2.3760592648932706
2.50198058042567
2.5466282699154354
2.488411868072685
2.58987339069444
2.698471316612173
2.6596617131897364
2.7186101462476455
2.6371832339078463
2.656714005983439
2.2381617559753
2.253364256232293
2.004022603841855
2.129851639295307
2.0734019336584804
1.911808797004257
1.9855613255386735
1.9056913624325098
1.9276671858237968
1.9735055458134325
2.0007342714345424
1.917897361844819
2.0209004217276525
2.06073438199881
2.0885050757768306
2.1659536592620996
2.224591624168298
2.296445974428315
2.175618823950552
2.142281221177567
2.0849879004353697
2.0841350951888176
2.0131946717814904
1.981246103624171
1.9319562072392125
1.9337351357212273
1.9806941446219741
2.0179936271641545
2.0550334843044795
2.0753338192747135
2.1148626092406597
2.1204992089524577
2.223910142412571
2.1196978815182557
2.0957484302356426
2.0765266249042127
2.0045265600552287
2.0332198156523864
1.9815127179151986
2.0267813399499963
1.9671047417535563
1.8632000447504025
1.9355511204479925
1.9450149405533075
1.9683412597976726
2.0223272404321375
2.1418185371953067
2.2986342767516197
2.4959341216020845
2.161770208775998
2.1938697194800856
2.0618100923395284
1.9962285955159245
1.9886146758160952
2.027685452772724
1.9436099032546563
1.9004764236631628
1.8128734080515128
1.8024941670299635
1.7967958662801133
1.9357074704252013
2.070138913356158
2.0768271644020477
2.1588365913222494
2.2291404757255218
2.2814516052113465
2.3035832127221285
2.4302883832059887
2.3100577783390843
2.3596496575777284
2.269451720909409
2.2099024540748786
2.1079309539448596
2.05379125727979
1.9564580853268434
1.9726835527020692
2.036928128855313
2.1503181210403732
2.1969292514899887
2.0659826288866965
2.0232160472386163
1.919116138522336
2.050631829090711
2.1571688645694436
2.0547699717221635
2.23765473706593
2.2279724665405007
2.0960684050559006
2.0569288108679573
2.0739970597123687
2.160348401162195
2.204806137213729
2.0353634472696758
1.9823597135187037
2.027851186174989
2.0988806129567275
2.0180249022947536
1.9730433206126177
2.023907133529123
2.060286649376401
2.2002232142443745
2.2949473683326196
2.100266074640755
2.05550485740896
2.0667120197453723
1.955382131818264
1.9801615786791067
1.988262007813514
1.9738711246515188
1.94085055041533
2.0309988595846806
2.1946639753621375
2.2527044156756073
2.3155102263668703
2.278354134195487
2.372961856909404
2.3738347557066137
2.273688023290859
1.912162333715924
1.897922995133685
1.8761696219617503
1.8697980834587717
1.857034196259743
1.8976280728422636
1.8620895020240094
1.8549277784628038
1.9523293283775585
2.0696764923448647
2.1166154289339194
2.1335426680619802
2.176050009312119
2.1602199466923966
2.2210011661462636
2.2728774930003746
2.3284662134992224
2.3603977351604355
2.0236596233347597
1.9834822873013682
1.981796964919512
2.0024600272116557
2.1044582830597265
2.2322854517481185
2.21196965004542
2.255238770629904
2.304716346584212
2.3065728997346886
2.265157845448496
2.3332857163930094
2.384999812441073
2.309069173982969
2.2158291649650987
2.1447577531809228
2.0703562302218264
1.9859764897655854
2.030981896105596
2.0063252582416355
2.01216397832158
2.024175396421841
2.0131633415315884
2.0467430074136277
2.1090356000056367
2.097072698063201
2.163542385355094
2.247485612069794
2.3076638363769044
2.243665297627181
2.2383168057522442
2.171749958775961
2.1449354568763166
2.1542675461435628
2.0808599513989194
2.0510080696977266
2.072020888154337
2.036819247813492
2.090918716149243
2.1260412697271884
2.05989917690159
1.9294640991184846
1.9146643805637626
1.9551945287067027
2.067828878759818
2.184824156400754
2.267557095811092
2.317763333441063
2.3331064084687076
2.3023683883333677
2.2279734732054357
2.067763458822926
2.0713577332080257
2.106352241434689
2.134177649653894
2.0163770282773994
2.031200734827599
2.1549801638153885
2.3414410705627606
2.3768164937984766
2.381152624275162
2.374459693602278
2.3825849264015093
2.4192510823546063
2.3661101071662225
2.377507459111771
2.4425878107057843
2.4214193587058985
2.3472564559727016
2.503672199881943
2.5366441475696
2.5947676918168883
2.215410331500497
2.1606992407799943
1.9759065376101284
2.072122611136177
1.9896776167825143
1.9332256784560466
1.924038945381845
1.9536724303865634
1.9849150538939735
2.0455205633192595
2.1191352210753194
2.1193964774922662
2.1669758673032558
2.175459028266054
2.241648646683383
2.242067167909333
2.329041981857924
2.0088768631574667
1.9134975455962868
1.886308734385396
1.8914903269416106
1.8745150913658424
1.9027806422095244
1.8783914908600858
1.9222257401907255
1.9516931088651799
1.995206075996287
1.9683647047051995
1.9675601636634028
2.0313942731218364
2.0625685005587457
2.1100806363217033
2.1747173365800014
2.209438313426078
2.324562037596661
2.1866880380963485
2.1068664231850067
1.981013039651575
2.0160406442270054
2.056876965181277
1.9676326150995567
1.8406323425278879
1.7853856878109664
1.8596644837429208
2.117768320771288
2.2443639076837805
2.232832552636848
2.1377895401890163
2.2903924566949754
2.297533475747711
2.3187421833337076
2.0064379461249238
2.0324813047600605
2.0651480079980478
2.0531008466381424
1.9665531005269747
1.9470384050111218
1.9603827334965458
1.8461028863696034
1.860242190271058
1.9534042581698283
1.924324129224058
2.0579785679534455
2.185926914718393
2.2955984178408135
2.3831799845879678
2.4431952208831227
2.5015487532910288
2.5715215155118165
2.104027964398483
2.084805506243946
2.139475709864539
2.0656285286636806
2.0229702088707215
1.9487018552058757
2.007028154366643
2.025040831224469
1.9391351279772158
1.9140918521947607
1.9464673438929507
2.026314531716301
2.1947201925891724
2.213157446480373
2.3568008965998932
2.47102103591408
2.4821715026706017
2.3270013948242863
2.247922185976706
2.2134560500602274
2.1902148239852695
2.2175031681950794
2.156132318365019
2.154410852746716
2.166971653000928
2.1617593935130954
2.1658938917658572
2.1581082715741258
2.1757774716786566
2.1351321006967305
2.1142219254463512
2.1413477076680807
2.1402042871104587
2.134065671704563
2.194327658283541
2.064308448248405
2.0651705999351533
2.00261329766463
1.888444633230023
1.9672235979763473
2.00447678931886
2.199214572051788
2.1617346258836827
2.0338269280870347
2.2806066334654505
2.1971300181435875
2.1113878161425577
2.018773757718904
1.9218094741363774
1.905510006943529
1.9756866052711757
2.1382142799632384
2.158318046664321
2.2078746186989875
2.1435663350164313
2.13006683967927
2.059265768083522
1.9742409030421495
2.0027939766331677
2.0041297613321887
1.9032166876082361
2.788890455188248
2.5498066689584395
2.5675534476201065
2.4801547636425303
2.39612073377948
2.2329301856821853
2.282176649680361
2.0940528080211336
2.113062674100236
2.207755600909415
2.400865863159151
2.243058615494612
2.131594025913531
2.136284171865817
2.1416892856418297
2.1374015154767467
2.1847603870142907
2.3187867429665703
2.171485324433013
2.2393512969478735
2.149666309634572
2.142871481366518
2.192191263690025
2.2954394164485885
2.1846430754091672
2.0998511825096795
2.142447676283181
2.1597264869667776
2.03938872609836
2.0578989597875093
2.075986015955784
2.1455141070125427
2.4077008987665893
2.2927737113735613
2.3236779762858735
2.3043241945431987
2.1606691036988575
2.0769836153944863
2.2111126837694766
2.1713107138033068
2.1813889801858752
2.3403725318920396
2.363352102033909
2.2136048890469664
2.5937316212494226
2.5653151162063055
2.375057410154556
2.313370151556813
2.2488363784947465
2.1981572776066742
1.9906797842169353
2.220981300352736
2.3425307784659277
2.301053268664041
2.3754752100673833
2.4407820448946977
2.4056647482529505
2.4282422046849432
2.275905134902278
2.1287034811036776
2.722030513583593
2.6488626858182016
2.6147299542906186
2.614109908764785
2.6447582593194885
2.6249403318678435
2.5346622831232266
2.35858094181624
2.491393098128653
2.373903236978111
2.3473541609438686
2.2467990704297254
2.3776687062459745
2.4752009008641798
2.442474326387879
2.378959525228629
2.4352059826165293
2.3269614565864676
2.5473185810281738
2.282146643782019
2.349113889644564
2.3553744686617772
2.454479479554857
2.414703284378844
2.2326949952458293
2.141500281644452
2.101653986338224
2.3101469001771164
2.39405939369644
2.322815340299846
2.460982406428238
2.2439251958540143
2.1831139241905637
2.2997136023016402
2.1358221376837228
2.100802145097274
1.9936044065034406
1.973861193876116
1.9566332715222365
1.9788821424178824
1.9240854689904654
1.9243057522730183
2.0611556722677276
2.238216500720731
2.361531887154354
2.3936321912632414
2.309014429595049
2.2187609670960127
2.1241763612548583
2.176795660705109
2.4512931349710962
2.4242387795224736
2.445214575320104
2.458318198295657
2.32225509491468
2.1691986819261357
2.1969536133767598
2.256349468612564
2.1488670786374366
2.0037038425453577
2.0503135330187416
2.059128051237083
2.1446005686181953
2.2814654356177373
2.411253845554598
2.48021934533886
2.565734880095313
2.383640508018788
2.2273438911086907
2.1363624328797095
2.378664347911844
2.3262659401964676
2.232841160364447
2.2434700980351026
2.2514283631624856
2.343038428272267
2.3639560260695744
2.0464431087223103
1.9818972802697632
2.168329704853866
2.136341957128315
2.0432037118255697
2.03685940638741
2.0322155198038385
2.067262924914733
2.036574146490492
2.1058172938583537
2.0573000624298454
2.0071601425641497
2.463075200823475
2.4343062771924977
2.258253586602085
2.3981476181018153
2.3503379043237946
2.2364078389616693
2.114942447078399
2.095886974078906
2.1392145797490985
2.1488319349143556
2.144519977721974
2.150744949028054
2.278221647436769
2.2833651527507364
2.306548937616436
2.2676982672637114
2.171620776544477
2.3366371052131734
2.367108724431788
2.4390039702682516
2.2769316231672807
2.289237506815295
2.3325823019872476
2.200281893494214
2.16871103976663
2.2132708612277194
2.155905630051029
2.142931234774919
2.1353328303347716
2.166880940973312
2.2483154978096773
2.372434030703749
2.3015242364080195
2.23844172179641
2.1993685644232945
2.178210001637144
2.158114137790355
2.2356201288896664
2.284784150599606
2.35010353407649
2.4969705257967862
2.698154196157455
2.589385540248177
2.449939538306257
2.323737328806291
2.4888439807235345
2.4376728522492175
2.3804628347191623
2.238614122790901
2.138510788844863
2.189055930925632
2.1593547369443526
2.0452387516390123
2.0994911909179654
2.2773218668061705
2.3384439201194644
2.2239624272839094
2.1641957735765405
2.1119129807182397
2.152682037543385
2.1822738182051107
2.1993485116410985
2.228749649309802
2.2467612940137096
2.2779292069849464
2.265921305346115
2.0835776439152296
2.016206740583057
2.097635923191576
2.0376331537671275
2.193622946500723
2.354789383621273
2.248913891113968
2.1434420123543974
2.252797936187778
2.2597666206226315
2.1275097144708375
2.1549586501164364
2.1323546197728254
2.2252347665107037
2.4543361142891387
2.4340657634284377
2.532217211788856
2.4106803495670093
2.191092286783476
2.2563555347803073
2.272800440889289
2.1922919162816905
2.1888686020929224
2.0880772091070883
2.1288858923894023
2.028661909125667
2.003942939472481
2.049438704743912
2.105727163239648
2.135878132012359
2.1213440291874175
2.182342658577486
2.114099051857996
2.1110690285950535
2.660430159291524
2.5446813872430325
2.438507377293144
2.2760006294495763
2.227251073579406
2.2091749326917096
2.2585311247989357
2.1191839130105947
2.0445901179925086
2.1246811861081745
2.1000876833468762
2.0710381422456874
2.0966829579133934
2.1644272892979037
2.1226148279218413
2.0373633968599427
2.090515265441422
2.0550377656739154
2.131465080426797
2.0619397970284097
2.0242153546135477
1.88673767358351
1.8383947619678165
1.884391971706793
1.9847875856982455
2.0346862885705623
2.163447093693547
2.1392366516136043
2.305073930820766
2.3079361192927443
2.123154801039101
2.4010890663063464
2.3958251490062237
2.355480975508275
2.2006105337949995
2.2915126409083166
2.2438666554422007
2.297792307760454
2.097703264274723
2.26008037127616
2.3415286611669974
2.1241563181189886
2.140683353639056
2.2612520161459426
2.2071466956203962
2.464670033318327
2.3912449179357655
2.36931430577591
2.311983156345632
2.1557590207759385
1.9795269346811628
2.0206026760126976
2.013954724921295
1.982964578731925
1.96627377861735
2.26545909067271
2.1152973398461947
1.8581194116558282
1.9145166720741047
1.9276068387470322
2.3043103874658697
2.2949898118868846
2.2446012458865137
2.1395616083981057
2.0461226211385566
1.956127044750982
1.9988185570613433
2.058486515185542
2.0404553318506666
1.9361383453600545
1.8396217354428213
1.779101979491266
1.756330996984642
1.8677252948794465
1.8979382961195688
1.7871995417511222
2.165859462415219
2.1632292831337856
2.1075788150698616
2.133209398730731
2.103939814021509
2.060407796479337
2.1000182049307887
2.084233350351119
2.059510823709977
2.0341553239902708
2.0825696647519627
1.994337994161058
1.895491281985046
1.9550207374953912
1.957081510048775
2.0008073275366347
1.9785599605132906
1.8944751534933508
1.9586866092834938
2.048991846909815
1.9901593111688234
2.388234334532106
2.206147955735893
2.1140032708921814
2.1454636189965464
2.130541430546152
2.0921819337251972
1.9970639339998852
2.0652959922662784
2.105198347973879
2.204361916939401
2.0779825485274115
1.90512902638031
1.879419172429369
1.9102957226902422
1.8716193329923443
1.8229797370612593
2.234749388132743
2.2580561760013023
2.103822161404061
2.05986752568228
1.9801519138823245
2.1213181216899275
2.0709024240904603
2.0896104302586465
2.1528457039011584
2.224467938538752
2.2025814604780893
2.1281508604779824
2.142065983394903
1.999942429383523
2.1014367626936066
2.1508164884340624
2.260593169531427
2.2115592694905946
2.2717260633101213
2.0871828394224132
1.9564017200708559
1.9585569722585245
1.9444204271239032
1.9043299840092478
1.918457194351277
1.9840163747030435
1.9738387918608473
1.8517395335401825
1.821026606271314
1.8514729802839323
1.8809493728863123
1.9031201858604523
1.9934826832641879
1.8634321230418167
1.9534445456682847
1.9823853188651515
2.4864592609695566
2.3209029693533156
2.266537690906057
2.2637739726074626
2.327375136135345
2.294607422278271
2.21405745610455
2.110497034797826
2.093752133274372
2.055255122574183
2.084577228435636
2.044750364650815
2.005449450111725
2.066359427735975
1.9691229050500716
1.9168626089904137
2.305412955103032
2.6181219825311404
2.5490918023518505
2.279095233129121
2.3261080242502095
2.2535017788194285
2.1808778872788754
2.199539976590653
2.233222003299635
2.1229475048156745
2.091393095308942
2.0750394205366
2.0349478623671433
2.1445934518615677
2.1017358768549563
2.0746990005294297
2.055135886462754
2.018755084084219
2.099292136676434
2.0801418073056173
2.1228544628791073
2.4344670964398674
2.7287148553910345
2.494424103479137
2.352990685464835
2.391280787961319
2.356822701663591
2.3892911993133947
2.4560532324896105
2.3067153299435827
2.0321398440055884
2.038919689314207
2.162671414699696
2.0568234000369086
2.1136273599102915
2.144639957008185
2.1716256055469194
2.1694783200391425
2.1049054563335563
2.0540032323867004
2.2049679906899056
2.2284086522107964
2.0474287441637906
2.0459937021529093
1.9661147824866418
2.0229935910423595
2.2586967971171816
2.2457911604855516
2.070198487568848
2.0439204910124156
2.1007685377904393
2.0347863663699637
1.910720504740147
1.8329539565006372
1.8941256683332885
2.040749780416411
2.1373223605851317
2.075482577926751
2.1819911391115103
2.408662899471662
2.458425792124522
2.3480298853841464
2.2425532644387305
2.1835870873399648
2.2244313585739497
2.3138346420586267
2.390105399997237
2.5687305137802356
2.4652249583068153
2.3596791961316477
2.433848595278787
2.32162196004045
2.183619675043927
2.178038948159093
2.0172802165746826
1.863034711646256
1.9834460020499578
2.0352953967281993
2.2158867097021178
2.1383578210739804
2.08853586879803
1.9799149520303323
1.8430129423487434
1.8031864102702324
1.7553115593161197
1.768630868883484
1.7545012657786325
1.7804657634200811
1.8858308620482294
2.055736814795151
2.0377303967903186
1.8709988987537236
1.8295885101259632
1.8285456429257634
1.779959943241689
1.7545538553723241
1.7983389848211253
1.9348835045022756
2.1317714093975435
2.329656496188192
2.2831773840902008
2.1145949593388296
2.238479393023627
1.9643094864038793
1.7530827282104078
1.8832043947981654
1.9370930753359885
1.8474163001156807
1.7968260307305564
1.7717482456262608
1.8069595307817168
2.244662370161235
2.0850164116662335
2.001979367006461
2.012539894327725
2.0076164629740796
1.9379842615967986
1.9115564042276874
2.0487409098440286
2.169344903860662
2.262413577707539
2.444864042313121
2.143670837460338
1.8376417774346605
1.7807948370354751
1.7509224304968765
1.8060947463073798
1.9847158599383883
2.0394511549873133
1.9023414880944067
1.9063251529444565
2.0245841145602252
2.1818414020762895
2.2735983711983394
2.363687593141425
2.487689926515587
2.2310695033074506
2.2179461410589543
1.9608856887633273
1.88939726739436
1.8008557291837375
1.7564685698019606
1.6491786376257633
1.752280065815743
1.9013748384961886
2.01332412867525
2.094450527227117
2.099845761180415
2.214195181595928
1.8758077252750234
1.8055038023346623
1.6423736223826073
1.6494437233671493
1.6945319073433025
1.6859410426041457
1.7155516883549027
1.8198116702966953
1.944271815581812
2.052609858191978
2.1581681613635
2.2335524199461334
2.066605472322489
1.9895967516887185
1.9513081588635264
1.9152780465380879
1.8520168550186584
1.7761271720189324
1.7072036501433465
1.6518183445011196
1.761557833008096
1.8571002352079224
1.9713846421447745
2.157291167017588
2.466652883844193
2.375316707659658
2.2313433103729277
2.216946817203742
2.147399766852139
2.0779189651945456
1.8910663395353886
1.8640950385026545
1.8779130751291637
1.8625672703363771
1.9366503924242064
2.063439114806459
2.2853570060766093
2.1257369817883807
2.1988596038197668
2.104857010917851
2.030465680109544
2.069558394869158
1.92324634308273
1.7972952178455863
1.72367128559306
1.698627940273284
1.7165258825772585
1.814168981978994
1.9188302135900643
1.9754840746570803
2.0833549913346805
2.2240072629262677
2.317231729826698
2.437874312244902
2.3303251858689795
2.245009590124957
2.106690444076829
2.0699062252526272
1.8761218260817314
1.716364489201981
1.7535944818128342
1.9302354790559366
2.0629253692956198
2.177932547863863
2.3266599515990474
2.4110295913039015
2.4691797563584386
2.063912454012526
1.9936129296646958
1.9379343140049783
1.8899350431985733
1.8715233027203075
1.9243334789121735
1.9703887159028373
1.928287275440483
1.8909439962897132
2.0705041645446345
2.1717850626347364
2.1466138109769335
2.049953996250644
1.9182659678103586
1.8749795866302086
1.7734647359115223
1.7014994293610926
1.780071346564625
1.7126250240463161
1.7415259049585705
1.9288982542692257
2.0701947020116966
2.1239348791396906
2.1472837885082052
2.0596916079185683
1.872575916209132
1.832950142088775
1.8317100080805075
1.8469010718643215
1.8893173421201312
1.753597605337131
1.7463415432262794
1.8674664676835786
2.053514409419626
2.169686902660533
2.2714345384071692
2.2595650483814698
2.121134716550142
2.026944982742366
2.0181195084859493
1.9525160209498678
1.8985336439246474
1.9126475951433213
1.9925905321959398
2.1449637697789457
2.2878901593370786
2.296020972897446
2.2506410297865242
2.2069384739003146
2.0576067845081383
1.8911598574593769
1.8555934073642188
1.9012151372156687
1.9394103787457815
1.936840029892325
2.0130008214014765
2.1476102751298205
2.085306780009085
1.9447698958494015
1.7656935905775588
1.693789884158621
1.7196880983509257
1.7131188725473758
1.7159470931532712
1.7741766320971577
1.7492389651821407
1.8556914873274373
2.0786218757193713
2.213322656845228
2.2238202377776726
2.390092040325441
2.2619574886595126
2.2404869062705877
2.0833303904515676
2.081068077493882
2.1124353571801446
1.9694159905726174
1.870588200798226
1.7707560649817866
1.6406577821507453
1.8385649538443158
2.032077934797453
2.2056790205544954
2.2539191654244486
2.1873220885071576
2.091163238295794
1.9524157573615417
1.8771942905279602
1.8288192130470924
1.8852745679696044
1.9943205269268542
2.0659862693404385
2.119473290780524
2.2306156636478636
2.3575863532930232
2.3311062364854322
2.374266954377283
2.4847586069023837
2.301789572574911
2.4342741865400104
2.3155848208918672
2.2915981361904625
2.1068322424121773
2.085897656094232
1.9494060649866265
1.8344451802504882
1.7927872479093876
1.7900555436417158
1.9121833635241747
2.157640076902271
2.2928443732292316
2.3714581859253294
2.344652240168867
2.2140842562819305
2.147031980957495
2.0730071313535885
2.06220452666442
2.0099856138651133
1.8588864180302744
1.8870639290574487
1.8136381635598742
1.8934004467410022
1.9905071588674887
2.1632843227592
2.3150888008311847
2.29726678135566
2.454836038987491
2.4181241965052847
2.3334412415800405
2.2721083998861986
2.2385997209760036
2.2152813718637807
2.2307848756326596
2.1816750823554765
2.0636624042880953
1.9430036645477566
1.9105441847322493
1.9390262367258566
1.9245578799649787
2.1490472210441363
2.048054614748734
1.9301023579401626
1.8497287771356399
1.8141824637568535
1.8017139839317073
1.877546437809378
1.9282260185501185
1.9908978501584025
2.0911384923952174
2.2305812394468303
2.2373493845828456
2.1292087497766046
1.9821049112727225
1.9415425001904483
1.8684984288975364
1.778172074661994
1.6895129969431886
1.6892984494206926
1.7884277347515918
1.8809927224534764
1.9672739928820828
2.1474999874394998
2.35484218132906
2.3683912190568335
2.3649191493493054
2.3316627912079433
2.2626544692004344
2.10141627310687
1.9886847969143993
2.0292274055320756
1.9065011514702905
1.801272693946773
1.7484053356730456
1.8821452075381926
2.1338997418351338
2.359899936811678
2.490492603594982
2.5183451878616276
2.3571797414818194
2.3395451882129468
2.2639928693119113
2.19172667207245
2.051663130453326
2.0227101609517173
1.795415204002264
1.65148353010136
1.630257954711268
1.8473204714923197
1.9438369532902444
2.106098179852954
2.328189568058522
2.480883919294148
2.364443276091305
2.3107795222696206
2.3116002158510733
2.3825532516604975
2.3482438024336245
2.2118523501515273
2.0492972281931663
1.897481615319761
1.8679792219448956
1.8594269934023733
1.8004070768574916
1.9292539994936195
2.1043293773955396
2.1982144771549947
2.3268070719270426
2.0758868044156302
2.024609278524515
2.454917286018119
2.2071619115164065
2.195124729016756
2.006591767239441
2.134965600484162
2.3504445878598554
2.0832392460120226
2.214581250307182
2.0885008671578427
2.072175195450839
2.4259739649647853
2.393381378779904
1.8312791052600497
2.44021109835729
2.1685514335755824
2.2373449794269185
2.265342719615725
1.9053700076373186
2.0291723904524765
2.1328633818513727
2.2653043039775156
2.046938624220771
1.8687132681246168
1.992663348257571
1.9681041537127755
2.3541897946628034
2.134965600484162
2.576385290900031
2.4680144788756606
1.837933864183425
2.0923666730883297
2.328864945379685
1.9522461693889717
2.324403158672515
1.9168446880677743
2.162493645798594
2.497306905206503
2.493886071888128
2.103457637526693
1.987449721873404
1.8312791052600497
2.271887300403073
1.9681041537127755
2.1207786152959685
2.0035842708647427
2.012264865180195
2.576410470502089
2.576385290900031
