Model: LODA
Dataset 14: pima.mat
Accuracy: 0.5485074626865671
@scores
0.9761370430044239
0.6930364694495353
0.9828699036936025
0.8319346656074506
1.1942245795227442
0.8280384049276756
0.783641041329636
0.6910695835469508
2.290808543600084
0.9323069375726165
0.845755622496646
0.9920095707038669
0.9443777152623442
2.791212480445567
1.335850605744968
0.6307051815794086
1.4337661156944532
0.8067107114111325
0.8904493106927712
0.9793353678428814
1.442923453838515
0.8440300512007216
1.1097320217670859
0.8715489254613956
1.2898362199509519
1.062026689730105
0.9522112948886747
0.9795380252555672
1.1658594529902147
0.8750832404669693
0.8702919340883604
1.5252298717155068
0.7010610018068589
0.7508693373333979
0.8825735718252882
1.1934506584903675
0.9114736230452946
0.8360722859880939
0.7538202355328801
1.3256449000926616
1.0716575292295394
0.9132659614859149
0.8471133376210153
1.6259630306815003
0.9303154437664886
1.021782105227155
0.8371547298991648
0.6699328427614009
0.7831806640412613
0.621397903876926
0.875904417360965
0.7134176093229971
0.6979531074830218
1.7490613166094586
1.7514110440046409
0.5703571848808954
1.7198577171496918
1.068893808397147
0.9508875363709435
1.0655199915631064
0.5267728406365452
0.9008015736525085
0.5516852110343291
1.0747503099331384
0.8173335449968316
0.7787490111996929
0.8626774171437445
0.8861664513410434
0.7228736805153201
1.096840294502346
0.897551897310557
1.1305670761073292
0.9119340003336692
1.4935425866785377
0.70859234633775
0.4583171391669834
0.6886458297805393
0.7631767290424494
0.7372522290196767
0.7751889422219954
0.7084260015103002
0.49256139517079317
0.820993191657283
0.7227576975635375
0.9900917808121806
1.0248736947679653
0.8719928974807414
0.8648387578245003
1.0805744779903739
0.7569937509328328
0.5952777579131937
1.2474225139498836
0.8583371393504156
0.9288054331051007
0.9832316736168646
1.4281878220039035
0.6978207192622103
0.7010527991723445
0.7760183217505057
1.4286237506226978
0.964079736496866
0.8726067614689232
0.8977264898667292
0.7166250813295881
0.6841063966217027
1.1113433499241492
0.8777143522334028
1.1315136297504105
0.6791487454156441
0.8005370820046107
1.2182530381724954
2.069261573737117
0.7880808968057188
0.6388210889849716
1.2916310154191293
1.0023722273863203
0.8635736089111585
0.6045932382501906
0.707185415406294
0.7947231061351296
1.207036871117291
0.7938034976269605
0.9611319739192045
0.9616345555429399
0.8191668966100243
0.8771625548025807
1.0912629326521888
0.9494981567770967
1.1716869747438454
0.8658263246401539
1.3226482134312905
0.7875619550071625
1.4585199349250204
0.7631767290424494
0.7539854342917495
1.079650542697596
0.8053459397208289
0.8570836500245582
0.8852538993988083
1.5645636145954067
0.9163656531752377
0.8423126825393116
0.8239265385191559
0.7942299183086972
1.5530718298807082
0.7335211220045628
0.7197083677498819
0.9941977103763675
0.9991565527452146
0.6961689716769158
1.379703082897909
0.7955946899990006
1.3200911269104485
2.100567664593022
1.0670148148058096
1.0392125484360961
0.829096195840995
0.9901772641102953
0.7570851259810722
1.1895799309375683
0.9962241504169608
1.018708267995958
1.5160696064973453
0.7258655918873747
0.8977100845977002
1.1324867808502754
0.90599678341151
0.8249141053348095
0.7942545262122405
0.9459615045401542
0.809826808369484
1.1044633354126259
0.5592083529307057
0.7618529705247181
0.7353052578106688
1.259100379400382
0.7384213547690204
1.27292059329092
0.9571115276531322
0.900809776287023
0.7073096009925911
0.944991534156318
0.5579092023165177
0.6170494234490825
0.9104356943539738
1.0597046235588325
2.1617195156775444
0.9974227788147758
1.0110773457823135
1.2655930973355025
0.7506947898714336
1.0365426596794998
0.9299464415263531
0.7794800042082377
0.6681405043207803
1.4392032464976827
0.7151431806189217
0.7680430052002687
0.9578834887400413
1.5970840115812048
0.8147188384994272
0.9056268366377556
0.7738651837042642
0.7587778867389389
1.2786690678804733
0.8112091313973967
1.7123867467817475
1.0585231957093488
0.8678306691965547
1.0781094090304268
0.6512690715493491
1.009971283595526
1.0981791666403156
1.0951314498065998
1.208912949931955
1.5631185267362748
1.010985970734074
1.0540267652763247
0.7117084432961016
0.8142420559420234
2.0511355994179876
1.0458579384815352
0.7066254604351655
1.3432965416797245
0.7822669209362377
0.7681097723449647
0.772557830455562
0.9209157009019375
2.6737697235000324
0.9157552912342339
0.9305228017665105
1.8070015375317683
0.7290730638939655
0.8280137970241321
0.7166086760605592
0.9885244715053798
1.4731679604583363
1.0542668333284022
0.9877802539438346
0.7618272165525943
0.7009614241241052
0.8785694857340368
0.8074581096887061
1.156904295199536
1.3682930290248523
1.06424311218405
0.8404453743194809
2.509690426875276
1.8164318651721523
0.8209264245125869
0.738205794134484
0.8790545160201628
0.7836820545022082
0.716500895743291
1.3518151718214613
0.7925043470127726
0.7782640260077748
0.7924539851371055
1.873506306760708
1.2909608231031753
1.2827980374624712
0.7531103410033306
0.7414050635065605
0.9881155011122933
0.8137652733846197
0.8817347984994751
0.7451853863287609
0.8617320546634515
0.6760818642643792
0.7655583235677081
0.8640843480752005
0.817785719650692
0.8577350251381343
0.785047972261092
0.828457769043478
0.8924408044988992
0.7365212360111317
0.9441773687340482
0.8609260918756964
1.3961129679773407
0.9104356943539738
1.1085197729327847
1.2307452146254736
1.0001031063882961
0.8502540424829104
1.1728112565649196
2.2180586412420715
1.3873249326454007
0.7259651695701284
0.9717548075049037
0.7805495522748277
0.8834029513537982
1.2952074896658554
1.2782128158417458
0.9356020285737293
1.0951900143167819
1.7688284642881944
1.3541710018560267
1.2277935476433117
0.8533947473448051
0.8357414854004324
1.1088867856196798
0.80683604306601
0.8906473199896984
0.9241992328015681
1.0259116234592862
1.1740436400344114
1.1380480587625534
1.2416518884843433
1.2966286643859108
0.7085759410687211
1.1081261627891057
1.0669249329413224
0.8846599427268335
0.8516445681453374
0.9450993144735861
0.8413907367997735
1.0016332525884082
1.103325507707402
1.0895418346246175
1.3499653226818966
0.814300620452205
0.8248894974312662
1.002456344333664
0.8067610732867995
1.279748009744366
1.1642267692364672
1.01274927400054
1.0270514407177502
0.9033904810835813
0.8311216913479693
0.7338655163411549
0.8984154993850607
0.8253744826231841
0.7698107357373458
1.5841138913668429
0.7097251521244881
0.854710303228022
1.31086796615531
1.0420932972398924
1.0160443907856749
0.8586065639077971
0.5703079690738087
0.8732991046608634
0.8067610732867995
1.103877260044016
0.9241664222635102
0.6786216009825732
0.824395118442045
0.6356721814885621
0.7494542037674273
0.9039340758798889
0.7384049494999915
0.704185301399725
0.7307904325553756
1.0222775292359971
1.1786185422938238
0.7545676338104538
0.8861336408029856
1.635348782301935
1.7698347704149688
0.9942399147117282
0.9612995099094427
0.9978327942274835
1.5720002183004207
0.8523825726256083
0.835577952093081
0.713450419861055
0.7961382397011002
1.2268407062169764
2.0834249767327733
0.893539653678999
0.7791262160743428
0.9237470130534997
1.1562104395136583
1.7325272364831372
0.8789877037812589
0.8430178764815247
0.9809593719028119
0.9718379799186286
0.922070657564662
0.7414378740446181
1.1485105139729075
0.7587778867389388
0.9916088029452946
0.8002793621289216
0.8418441026164223
0.9106606036916051
1.6259848009050628
0.8820873954705816
1.2466117049945817
0.9827690601460802
1.8246800206181641
0.9468166831349961
0.9579667062479742
1.4364743794796901
0.9240246402453959
0.8679396406766113
0.6668577589756214
1.045487965923759
0.7214503443148352
0.8648563542563176
1.0817201869989628
0.7197329756534252
0.9674662025462184
1.1344387739777693
0.8422623206636445
0.6947702433799742
1.0539070529583803
2.3084288538569826
0.8457895791032842
1.2066602342029598
1.6417125470894216
0.958327505853595
1.2066643594526074
2.0996514431003415
0.7227576975635375
0.968228493598883
0.6544179790457585
1.0222437741643202
1.2568293693351198
0.8275112154003967
0.9220378470266043
0.7862217912204024
1.4185570412524293
1.6629283648203437
0.5623408551580862
1.392979834481554
1.24090647976001
1.2039213421192583
0.6058092164506536
0.880378229443686
0.7556781950496161
0.8931870567078924
0.7073013983580767
0.7545090693002723
0.9519008571587206
0.9086597611823822
0.7086251568758077
0.8364237368906201
1.112043548635432
0.7290566586249366
0.9933847361168863
0.7942709314812694
0.7906534440619707
1.13143704699126
0.839975603233803
0.9565597302223101
0.8551132620747955
0.8953319921196194
0.7947067008661007
0.8603743395390822
1.2367524283263156
0.7906288361584275
0.8882200117045311
0.9862140907056139
0.8634576259593759
0.8102461724852865
1.5444326512762845
1.0615920664138536
0.8936146234582095
0.6046096435192195
0.8099521400243616
0.755259977002394
0.8862156671481302
0.9339083232822437
0.6201491151384052
0.9161910606190654
0.7066254604351655
1.2524758669887905
0.9650959913715026
0.8980554234679112
0.8155412065562112
0.9568092925576928
0.7800388131107859
0.9832902381270462
1.271337823248709
0.9938861265778333
1.0008914727442342
0.9692408698530415
1.7209595183877275
0.8919218627003429
0.7103928874128849
0.9924381824738049
0.7748738039047052
1.468887504248341
2.0191410444644995
1.6379318735736055
0.747645460057778
1.1130472740909452
0.7867571382879875
0.812944051396416
0.7756001037032835
1.072682333853862
0.5112169637483306
1.0245640000366694
0.7880469401990806
0.8040303838376123
1.3687283502455527
1.3775079871454765
0.9348454831280224
0.7413968608720458
0.6231913883861269
0.8754615914101996
0.811176320859339
0.7166332839641025
1.185390335701318
1.1907303331561239
0.7556535871460728
0.9075105501266153
0.7490195804511763
1.3164744571917877
0.7552927875404518
0.6716584140573252
0.8260878791999117
1.1006842037532139
1.348481338405824
0.9243737802635322
0.6574766575625088
1.6897453393256114
0.75876148146991
1.1023121869196246
0.6569495131294382
0.8790966752613155
0.7888775108903792
0.6494767331087286
0.8150796381050481
0.9735213919734004
1.2415498279900108
0.7893789013513263
0.9574641246242388
0.802279058569564
0.8661543137077169
0.5907055142162992
0.7104010900473993
0.7248124490898136
0.8581707945229656
0.6543851685077006
1.360076352773747
1.2604090242978745
1.3227982276916916
1.2879761440479942
0.8422798720012538
0.8413661288962303
0.8710463438376601
1.561060458556666
1.5214543266352551
1.211202848077825
1.1175667732460188
1.1213836368759726
0.8107405514745076
0.8834111539883127
0.9017715440363447
0.7214257364112918
0.8930452746897781
1.3276408404795865
0.7880562889021754
0.8533701394412619
0.8360640833535795
0.7073013983580768
0.9057100090514805
1.6754518056916412
0.852374369991094
0.7822505156672088
0.740114115526887
0.8229717822415602
0.7818651081580444
0.9940817274245849
1.1572389744076759
1.1766829544353592
0.6948370105246703
0.9101744724311068
0.7973214073635054
0.9330285367838586
1.7234753275514652
0.8807648281156387
0.9701897343805124
0.8484031395321084
0.860457511952807
1.3105355300496877
1.0206351303537977
0.742753429927835
0.907485942223072
0.8191504913409954
2.2649931695339562
0.6712730065481609
0.9038016876590773
0.7400227404786476
1.3697236233262329
0.5081090694244933
0.8937973735546882
1.1330139252833464
0.9101498645275633
0.8366767561789727
1.4050941996223147
1.455366625942022
0.7228572752462914
0.585896656500081
1.0091472473166514
0.9076721943667287
0.8116027415410755
0.6013857662435996
0.8621924319518263
1.1936363684577274
0.8784443749243065
0.8030686160882905
1.6982267161179312
0.7010692044413733
1.5834324188999285
1.1667025245460418
1.0622109523205212
1.3941593732637996
1.7605939632716685
0.8005288793700963
1.2232920205898217
0.7773912960753234
0.8782075400598353
0.6139415291252455
0.865793514102096
0.6910613809124363
1.1961893297289217
0.7303886197771823
1.0838534370391832
0.9366214162996138
0.7524953309465684
0.8675694472736876
0.8244373227774058
0.8790463133856483
0.8994860177692917
0.702401165593619
0.7987107869573522
0.9735553485800387
0.7569187811536223
1.2730800464428316
0.6730817502578103
0.8035864118182664
0.8253580773541553
0.8430999028266691
0.9504599245264185
0.7853748152600748
0.9504845324299618
0.8417855381062408
0.9632441438870817
0.5765729735285695
1.1032177273901336
1.989337038196992
1.2268583026487936
1.275150956608967
1.1777032866948625
0.7320895831695634
0.8274198403521573
0.9561239608374787
0.9758256607408511
0.7595662981890848
1.026666033208586
2.121284243782063
0.8708635937411814
1.3457597961247703
0.9736561174255808
0.8334493768561749
1.0049119641045143
1.1221238527930169
1.5747859574489733
1.1949601269754584
0.8093675771496897
1.087014029907099
1.0302765091561585
0.8111927261283678
1.2101805558728536
1.1344290588493169
1.3076554722302332
0.6885298468287566
0.8472129153037692
1.4856271544460673
0.8347731353739061
1.0504383590289221
1.0098039942344574
0.6840817887181594
0.7657738842022446
1.346188808732982
0.6014689386573245
1.0156403418250721
0.9286554484524717
0.8652745723035398
0.9678585468251286
1.346246047181457
0.830669516694109
0.7160569237239451
1.2978518259852894
1.3830629772744998
0.8129429053278356
1.098439690658733
0.9854597814423164
1.133005722648832
0.6513018820874068
2.0685032005610875
1.18469610344214
0.6089171107744907
1.1895459743309302
0.8311462992515127
1.3088268083779644
0.8887975631074769
1.0595023132613184
0.7434680176673507
0.9580158769608528
0.7569445351257461
0.6707212542115467
1.5925904040054775
0.9973897667417566
1.0671975382147323
1.8397616623847608
0.8873988348105353
0.8572757939183399
1.4815296612748243
0.7849226406062146
1.8996871474569093
1.4200360078762368
0.7721560176773687
1.1884190078227392
0.8236161007892019
0.738413152134506
1.2623009146372268
1.1559152158899448
1.0701261918666387
0.8768427683695319
0.8516281628763086
1.2421122657727184
0.9287304633258902
0.9965654091317323
0.6498621406178929
0.9916006003107802
0.8452952452082712
1.22363920066249
1.0901152340903595
0.8253580773541553
0.7102522965575588
1.0723379395172699
0.6854969222841298
1.0637452495543032
0.8098104031004552
1.2281922533542793
0.8398186071094481
0.9392607307005618
0.9568174951922072
1.254370963828193
1.017384509478227
1.0299998264978814
0.8569302084189594
1.459213469279749
0.9351078962136778
0.8634740312284048
0.983750615415421
0.7383135744517522
2.2056213804879916
0.985485333879479
1.0806904609421566
0.9479387287736606
0.8728890892481557
0.7960550672873753
1.1290391669931605
0.6743562929684547
1.0248972576518878
0.6668577589756214
1.2898837224417399
0.834221383037292
1.002733026991941
0.836844292169211
0.7320649752660201
