Model: Mahalanobis Kernel
Dataset 6: ionosphere.mat
Accuracy: 0.5714285714285714
@scores
130.77350059055965
332.26476243417727
87.95925945680506
332.8376830997693
180.81652260728305
295.9982839055016
220.34343063917223
420.2537424599502
152.05002884261867
369.26336186760943
180.2266108859138
182.29736196418546
126.06622147115428
140.94639420773754
104.59902636587313
334.9779844412227
86.21040911442145
510.1286226154989
116.30522105729841
371.7604031908566
108.23799607439597
558.154692610727
80.15381848037028
459.7017262967324
94.43437459007718
211.76207955415265
188.71143774962428
524.9300665016902
173.1723417796735
399.5812164679302
126.1277837859417
212.79509173582704
130.50282475047436
181.13697867477524
127.80558459829996
190.24093256859828
91.29662917417296
445.1578745913379
85.94627416065602
136.12523155470035
170.21895787276375
408.1176980639518
169.00427348678758
250.4668935984048
146.93971011660543
470.8113886389552
106.9788540363046
319.72183477606234
90.92477913435133
395.8194163520514
118.98119798819724
351.00798108559053
348.31173273596823
446.26665118038716
101.13043809197936
562.6737170117111
101.55020783580918
436.8012324741384
93.49000124743583
477.96334146568466
104.62571684249967
326.0678040008849
148.92529290823862
301.36132922950003
100.68207366043478
121.31290487800669
90.41953469443517
239.29980952539435
341.24131351956174
199.13069385740584
133.23715037968347
368.121144710604
179.4834915658397
262.85856681301436
139.56628669444893
275.10137134096857
128.63261412391066
360.0793118805507
221.06495046408756
359.3686643299308
139.8108666123965
218.39337180158583
188.2048178238715
198.1122907045721
83.14603232880098
138.91930223851517
88.63986711959954
142.21709482612013
83.64817980066096
372.307235308174
124.70861660552903
279.6568544791399
91.97850106152352
296.345140701547
93.57286394120264
415.5304977424355
375.48802548624644
407.2086200443386
433.9103185525263
81.2230707632438
345.03835121896316
94.60146193105713
385.61625046025
106.10311408073908
244.75866505759168
116.00356734627098
269.6121413895029
94.26878273507154
283.92761411926614
199.61933657181677
242.83847091710194
361.70367043518866
232.47817286003942
381.1085449356536
364.12340598539726
92.98615933076411
99.53697096197222
83.47161779163049
370.189448962473
96.77982419565404
161.74390182419347
136.20695073764222
343.14759998968395
91.76730365550715
339.24884885310297
148.68358246295503
149.86627999262643
91.16036723416772
322.15666678757907
91.29178581830179
168.60924333864045
85.00331106989039
225.2596336935537
363.23980648147017
242.50332307706324
387.622822867684
545.6734430092074
101.15003406264051
359.4741944365751
104.9972209621875
418.1582127078166
90.42123370651966
155.60440022562102
202.12994856410518
93.90340591166603
201.2385335922283
347.09500403840644
92.44335782261464
135.8491724322543
90.77185602748371
342.0302094989436
87.20583349120332
241.37188073648974
329.3412970391696
287.99929959621596
85.25143924798637
259.9685647011539
317.57992984879
149.2825637569434
335.1827581051543
254.10445336698095
86.08722518790182
363.6417115763445
359.7893932347155
244.65370725442696
351.4513541927226
476.60481423725366
399.2792079545178
364.7534438679166
103.33305511593782
448.49175257731633
92.24202637040925
467.0742490341082
105.928432185351
268.64610978522825
95.06980446090164
421.4636480788605
89.87666643857834
227.17950929282338
175.8652477236781
294.3663097429286
149.3332724502986
435.9913769556125
200.30793867054737
346.760337495143
348.0745007312184
359.0173306999197
392.05142723018884
518.6846851616624
170.95488399658362
438.92389072882935
213.4901711195531
415.9768760317348
108.9340573798609
415.9212133318022
94.53527052343777
200.56667204684217
100.71350727488934
391.312395233713
99.15996701372441
299.9789895381363
181.77217622499597
457.1725634164968
90.02416125918074
504.20467146574674
90.72650738631255
499.2350118353108
98.96757855188035
410.297852804824
112.01792705677742
453.4580205537161
86.35653687741276
479.0242331358946
106.25963935249014
219.36843082912893
347.8327454524068
243.02727006672498
146.5128364030905
347.2290725221657
265.4473549564512
439.7383201447882
248.97735755179917
225.2343780424134
195.50637208009758
349.03178534337496
299.73093493564977
422.7383667380669
344.3744849856957
209.69392684579245
145.86930261626154
407.0169226195353
90.78645429256004
533.3053673577308
88.71090800375106
132.76054545221558
138.05422119311933
223.1579815023357
79.3095267045378
228.47414647858525
84.13013610972779
389.54624059139906
91.91850910803726
316.94640493213717
89.4811141147228
169.67166461134875
86.8095129551524
345.1409425404135
81.4598615625896
385.616251263572
301.2151164447254
336.9357433370868
338.8805216801804
360.3764608177687
336.412513117001
356.9766427302383
339.54714638137403
83.80699487551179
83.62118563601551
84.07317728383825
82.5876544370028
82.25487204829739
238.35914347061887
257.7285166885518
309.0281210609528
338.8503796114429
347.34256579362716
337.7276473813128
112.76939592416802
94.95795525597768
79.70236071540147
89.71622430407318
117.13380570325235
103.13904181524002
81.9029062552145
78.38241130722564
78.65987452403628
79.25848108060336
87.18493695244999
239.04396636622994
331.1129007000748
366.67444731073306
381.6241127455978
406.0954441439372
333.7847619340595
221.24842299930015
100.54761931853572
89.3076070734806
83.23147308178774
91.70653775438224
89.64827392205218
103.32839122372907
94.27409984137276
94.00330302527632
88.77886629579307
93.93663338845138
86.83064036160943
417.64036641138995
420.4976028614087
419.3406355499658
361.3492444127893
387.52100522338594
355.4316331203804
92.03010915135343
89.6166324454892
91.6208263550056
107.03541180827824
109.59164180060654
444.6613090444882
419.30836519688995
359.3138088693434
377.9976999106236
373.95279790503656
93.29277063842532
105.20443462447838
347.0010660738226
357.7572435171881
343.608161232466
94.28442901185652
82.23527299723808
87.38876213928503
91.1731864961742
88.21033491603654
90.28101162809354
96.77688607485938
337.0710771870033
345.65014961673455
338.52060259591167
332.4086811375264
283.32401507145863
91.43781329296782
93.30149774698388
88.93391738222724
84.61230588663031
90.37007649588871
90.05205192995001
90.89166350634517
342.7043924677117
336.90391967573237
359.84229338436586
351.5460218528067
379.9096731045988
90.59127968652868
86.86143002579978
90.01786480183684
81.64623248434881
120.30014219916838
93.5056510407127
89.7079445356494
88.96301491590806
88.48790313104365
86.20092084451609
