Model: Mahalanobis Kernel
Dataset 22: wine.mat
Accuracy: 0.1
@scores
1.1879103789147185
0.8788650586787887
0.6516993230357438
0.8981536389715213
0.3996188391676284
0.793292679346036
0.8717659574842175
0.9794982489608594
1.2817430261276732
1.1177972418507027
0.04354592550800387
0.10951656862020535
0.2841234898010445
0.08658829019721309
0.15016050419536436
1.6725589721392378
0.12444039503682233
0.05477216570160883
0.05636150829740479
0.12587088750382475
0.19358038650064124
0.42096836096511714
0.2366438666187431
0.03899496751099602
0.15541206406417413
0.4836876580130578
0.33281895644253956
0.26328491773372814
0.30067044945246085
0.05572388996561874
0.2559893778836974
2.245324594664518
0.3732781986041032
0.3171509381356303
0.017096180074935557
0.009580847745250235
0.2592057518888458
0.018503969806473
0.05033719607658954
0.3249644800071631
0.48277138184227136
0.0060113328503373755
0.05328422991498928
0.023395370856501008
2.0377798753626353
1.4423539977445834
0.055131750554547214
0.20257527970230912
0.07998080035328292
0.21881655369111458
0.23838677170004194
0.1980657171856689
0.042487202530675464
0.3122334126563576
0.14832649117426264
0.2888380580836179
1.590686197634062
0.037267518129375225
0.011761226573379115
1.7721966433870384
0.17293026786713803
0.03895338223185532
1.2027200295049216
0.007463652763430611
0.11637107079966405
0.29549729729494906
0.17920743545618184
0.006282278045804816
2.301262334652131
0.22390809304844983
0.055124199997834925
0.05916600881042666
0.8594024527199058
1.444371867222503
0.4008718416711055
0.26865217612992537
0.35905990369822716
0.6702061804834886
0.13388809002296254
0.9657348498580567
0.16391328424304416
0.06068305125796987
0.061569030487496075
0.005633432042554038
0.0033520803762209124
0.2465785404609239
0.2032032221430864
0.32944164686256094
0.03954719843411374
0.06408916966430843
0.0035779933809311037
0.02615896213689869
0.4658687654959484
0.028909623798212828
0.00932136889730875
0.2689673204647455
0.3497950868739716
0.08015304985491552
0.16856481554283237
0.13603054116712895
0.13059561241802403
0.6348530357672216
0.4514412262769259
1.2065438892506626
0.12281359601386886
0.030769222746047764
0.2695267424172934
0.03755671190145789
0.5208195029296051
0.09771847997367039
0.12951417270209142
0.0109490945000323
0.04404073637881763
0.019085673999996278
0.05075583366036724
0.10188561379638793
0.014085634798085963
0.036454586220154774
0.27354025693038897
0.15036553650265969
0.008056473177352681
0.027076665765000278
0.03533220847371836
0.17241193794818033
0.27302064750818095
0.18797279471993442
0.14467778607009626
0.15113100023369705
0.016639454348617362
