Model: Mahalanobis Kernel
Dataset 11: musk.mat
Accuracy: 0.0
@scores
1686.8177785727005
1714.4019303096952
1605.7940470578503
1711.4341937071702
1711.123473068362
1602.8102258882454
1577.7099264817664
1693.2406909670508
1693.434817901708
1577.2591230209377
1693.1384464134994
1626.638631694038
1627.4623935723835
1627.6036651248194
1728.1820621304307
1681.5511303757005
1680.0984760315812
1727.7927041998005
1727.5963229221907
1580.458950189775
1633.9500882759114
1573.808389730128
1576.4045000408157
1702.0353191809459
1702.7437908317065
1677.1772902368405
1542.2529610315737
1677.0101879751614
1543.6555189389464
1676.5252788300222
1580.3391495520564
1785.473764404564
2025.8620127447207
1785.2880225653962
2082.5505781550473
1843.6845707177147
2083.317888713698
1726.5214723869042
1726.7068317365745
1947.780101112328
1948.0125254077864
1712.3099534226085
1947.8839675539446
1694.284266499761
1916.4210743393362
1916.6918930464124
1694.7629667098668
1694.1181444999202
1916.312112215386
1795.7621851379497
1795.8075392224919
1763.6369021666567
1711.948737420836
1763.1342595212463
1764.5661326936818
1708.955446145356
1606.6377697502835
1708.6067873800214
1606.6217057051892
1754.070609556689
1662.554842558333
1754.0510447608417
1661.7647870231551
1711.9008970611867
1672.4712298086483
1896.632125100523
1895.614930040159
1782.573338356564
1896.303017695612
1756.0131040627834
1756.0413053146804
1755.592243698951
1741.0022363553587
1740.3854452100732
1580.7363210919918
1916.514495844149
1853.2871760802977
1758.5375599953836
1758.888141593753
1852.076019111346
1623.6826379024574
1698.7604300939727
1623.2833877109542
1700.129060470742
1699.7779344940793
1758.7600482184366
1747.4808563948054
1748.4559489240507
1669.750694329513
1669.732100884794
1670.0473557244443
1591.830216586917
1656.4021759630684
1656.603859456471
1621.2830086481754
1635.688897584393
1634.3824737832058
1825.7828759206748
2076.6681102193747
2319.755766746045
2489.079322284331
2368.566381766246
2139.986437780367
2244.599305868596
1677.483939671416
2150.6993997112663
1975.593140246596
1947.844883736047
2441.323965228465
2637.1141635272625
2183.0591606450844
1610.9891450278194
2416.356956457369
2666.2351693840533
2319.1616983325926
2343.756478592174
1964.7137833018965
1797.1508544899832
2017.8683433519814
2313.4897566200993
1855.2666223946921
2744.5427907082244
2002.644188463208
1779.8038687525705
1930.7583209990783
2440.9494457384694
2588.324491980366
1884.5792581514013
1820.8775255234068
2522.52363259528
2458.7507633595874
2275.3659240236175
2377.7699028531574
2404.669499029816
2659.8678685174846
1839.067631403654
2145.6124809988714
2172.8650829921467
2042.3407254106753
2154.6089553442193
2585.0401568881084
2044.4381253120646
1923.2978966713072
1875.9454902547177
1874.3982929751305
2239.831785454736
1787.4223698748833
2103.441491535859
2434.85662161043
2324.935458609522
1683.122629382184
2122.769184292329
2121.4937107359706
1802.7560946221722
1887.656266847383
1904.3185714232136
1727.053542218299
1996.655350255508
2181.3795149083944
2530.3389458494416
1699.265289360462
1926.162311387051
2386.94981002
2370.9749491865277
1904.7764235228049
2327.163444911649
2163.6473052688048
2101.3315358905793
2359.6229502066444
2060.3441179812453
2466.4393044976737
2163.168483585311
2099.0134901992874
1926.738836450894
1901.2201760804962
1713.0393648836293
2135.8418578301403
2403.999199674612
2455.989184064523
2145.942737231342
2419.305439697628
1702.908380210015
1742.4044154853602
2342.8533640944775
1574.011026829914
1554.789436344141
2560.0380956532945
1998.9894836968438
2162.626617391747
1978.8785674775932
2113.163836065274
1847.7099266545904
2086.07357462006
2202.9884297082867
1776.4528378808704
1995.6627500657835
1939.321797615036
1640.4045352382789
1782.2646015024422
1826.6159272992347
2151.5648843040517
2489.9727052238854
1723.247178667391
1794.1883373967746
1567.2008306579603
1632.170691112633
1653.568539041622
1887.5843162619835
1763.0789229967513
2480.8614397050255
2349.0703703739714
2418.325525155446
1818.4783447779735
2078.170437707896
2019.4686686240295
1862.7224070997145
2239.735322741545
1904.9647378178186
2149.053282729543
1867.3040202070529
2425.655514712065
1823.4108787247842
2205.892425646009
2025.9028537482832
2528.349231235511
1869.5192556456052
2403.361847148064
2458.7828726653597
2204.199403876509
2191.785590166965
1951.343047011159
2292.511005456607
2467.2039688772143
2256.365219898082
2081.6865135915905
2075.9146702817748
2309.1881951782416
2720.6744673697517
2358.6241151114696
2044.1581584500084
2187.8704488730405
2329.1273095293914
2635.3855389341043
2222.82127673842
2262.168897828446
2563.3680463787673
2054.214321639951
2069.5148175186105
1900.1841639698682
2136.3683211806483
2004.8762073347348
1963.5929230803038
1885.0317560717428
2143.591873860072
1982.5720262902053
2116.809567728246
1923.0372117664162
2218.5180129359633
2314.9545032584724
1757.7352241599
2489.1324901183775
2333.542466772654
2613.7435476028522
2297.4814519257247
2552.2072868501014
1726.8969133920032
1954.802741492891
2127.127533066874
2223.0716888599245
2542.2038104973276
2412.3190712529386
2497.502201580704
2204.1107013223527
2484.85321599616
2330.7684872827517
2424.0248995439233
2263.8479845657316
2405.4305906420373
1840.7417211773914
2077.6460837142945
2328.516499720924
2097.3812689530164
2176.3609959188516
2040.6688821668577
1874.7362530788685
2259.531913945297
1664.5011134504282
1587.5113350833337
2053.981708750249
1666.7641474775817
2367.291540384512
1937.6768837970726
1869.9571711419715
1753.744539828339
1872.3171022618378
2141.946188250421
2161.7769513444227
2019.7675193854627
2173.877870349099
1697.628370196827
1881.6111791145715
1711.790367059966
2451.3339802220457
1908.387942732725
1677.1507471745874
1845.1915679567887
2104.9593957378333
2185.7555334532726
2063.295315545192
1955.2122205995884
2376.9498526798925
1786.1967296301586
1753.7927812530593
1986.7078327318095
1831.8913199392275
1791.0243265954753
1938.0980001547994
2256.961204667572
1724.2936358238449
1850.0421863857196
2216.1740819759602
2256.5663476379696
1929.9524220207238
2194.754336818989
1837.0699476093864
2112.7306819814967
1912.6350081416294
1632.6646862962273
1911.6994870084886
2019.6552310950892
1809.9141501875317
1532.0001249542736
1850.2458527204703
2048.2218086926523
1914.1705405629652
1613.9867355417757
1954.5053836775292
2096.2454826083545
2030.1008248627072
2226.202696499953
1865.4949062563621
1835.3613047967287
1756.0670166053585
1968.0395937359724
1798.1764000574904
1888.9027701271386
1735.215739539682
1911.2419860304958
2040.6590656353615
2149.5903599927256
2507.0324222107115
1805.0304334395073
1950.9725369532446
2122.5323886783945
1807.8494257495715
2073.44249048506
1989.9524973309683
1801.6900771852638
1979.632766249568
2025.956316553615
1873.2712982041194
2047.6261830327633
1972.6384018188146
1752.07342919825
1658.6823487447834
2127.5733305673757
2156.9670856031494
1922.9644860319133
2353.803053897153
1838.0363643831613
1646.1654880070566
2048.6150632991857
2558.859346628271
1815.0731188920631
2071.0722251395496
1879.01363286525
1953.7640989349677
1966.8623453104994
2182.3339233135785
2033.6965845687428
2201.1195902102927
2004.2204421394772
2203.081688347762
2429.6284009201495
2231.571737133177
1724.935831736103
1887.1610339225156
1697.8764039520454
2135.530967502168
1979.9886333080767
1791.136317940103
2143.665696658656
2067.5579986127436
2075.023783054056
2225.213234625095
1874.1380406884937
1803.7896904967165
2050.4919722915047
2307.594309406702
1981.7974764625662
2051.765426409521
1999.7970094371208
2020.7854051625795
1774.162103853683
1927.40109166434
2152.914911110905
1650.0696194212433
1554.9556070725769
1914.8371997587003
2099.1265125033833
2125.053123382251
1931.7609439070397
2139.761488336499
2072.75181118195
1645.9504977627116
1805.98764546494
2485.9045361570616
1823.3503352991356
2265.6869894564265
1928.131751593248
2092.0333519189603
2106.9585160676065
1762.1850585204006
2329.385176842005
2221.3285630281307
1919.8456410745227
2269.995770855345
1936.9538978873888
2114.747172097264
2091.382324552632
2219.5804550832286
2330.6381337365597
1862.2098963026058
1824.9164803269136
1824.8018895337834
2164.263134714602
1887.3106058545036
2086.7028600101353
2161.6142273517485
1944.6913529087317
2286.141517142358
2086.017377317888
2161.769335160452
2334.5890682574372
2153.933885780639
2575.87575506742
2139.9900814988105
2373.317453643486
1986.4081041251093
2028.6092914371009
2024.313765458267
1837.6920736851794
2219.8911641338345
2094.371596203684
2063.9098700982836
1681.5550992804979
1860.92215955694
2230.0064768717666
1890.312632162971
2500.0757674830916
2449.564518339057
2068.6976863964487
2164.2511547699437
1942.6383075552444
1904.460218218649
1971.4180033914076
2437.6161010588953
2571.425543573377
1957.9104972978926
2208.7067867936244
2138.4241935008386
1995.6874263296893
2239.0994113195
2151.2031131507633
2508.355646198777
2441.1166196528197
2323.3200390453135
2286.369503848433
2003.1305393161738
1977.8437898686745
2000.5544758558428
1894.543800557959
2233.860933587304
1971.1797940737067
2177.68942630592
2203.5506186805883
2004.2777292851606
1668.470293725882
2283.3294329080063
1967.5360211730947
1821.2591230924775
2031.4641080719082
2280.0015988829027
2162.974570165374
2432.2789406581683
1858.1106939306221
2224.336872892509
2157.435595238992
2182.789095026257
2134.284711196782
2008.343418707774
2412.412451694646
2432.0742535585796
2364.646578909099
2099.616836295654
2227.9240326471286
2219.9778764713637
2191.1350388753003
2158.9821844043554
2218.4923665751826
2095.713578179927
2279.920565416461
2438.2916772067674
2258.1487634875566
2518.5572795238536
2266.4910880098655
2499.1120420614166
2165.990401594491
2190.9184959790146
2075.6683214076143
2399.7132636891006
2235.630645514234
2218.6776063753223
2428.2864050884496
2454.1289489936153
2469.4239457103604
2021.46023938616
2368.3006625418025
2144.980094828293
2344.267601946955
2464.1021017611506
2168.261054075265
2356.5778366626246
2192.312185962537
2280.837039134454
2383.548139836159
1973.4275886443938
2303.930446089281
2408.9488439887386
1987.8646821667085
1943.4302375129012
2476.2849512726607
2133.218633328425
2356.496709603399
2147.1031992206013
2153.0572868352237
2232.1516163096744
2055.0155981029375
2764.5618673834574
2043.8531339724434
2277.887908205523
2426.0751757110374
2688.686662405127
2407.55305625776
2630.491597025802
2284.329697697687
1895.5752704586632
2201.875572509075
2030.5679453283444
2072.6443388447783
2696.182236829164
2097.484483414965
2047.4184340804247
2252.8346897809156
2078.9875493412173
2354.428888532123
2089.881631973534
2154.311318903556
2425.550648726711
2619.490385751559
2561.021913787307
2239.5216940643654
2469.6817139744244
2361.8545040984527
2238.5557893661558
2284.9293422824944
2111.267680024399
2168.7228131967377
1980.567760403551
2440.202823087527
2403.014093547908
2325.4816254825737
2645.9487252469726
2306.4853563244683
2287.3356468122975
2111.7861570512596
2156.5501372782587
2390.497012835971
2214.421956324681
2575.55166407824
2405.3923951116008
2718.5161466640748
2392.101154508471
2571.63566958751
2510.6199421768433
1941.3157254529717
1882.6579098860059
2645.094296842682
2591.390360763588
2692.865114214715
2017.4512430010857
2298.419817030093
2350.3836264138704
1936.4881401564755
2285.5548640984903
2375.543986442546
1986.7282032403148
2160.707573228208
1802.7893415412536
2007.6860005200863
2207.2474692592145
1490.850924619057
1606.1496576581517
2148.359802146396
1921.654033242947
1665.7848102643527
1688.3321642993637
1913.6216767038934
1867.1202311684376
2014.2568410909403
1713.6567870008037
1719.2112849003129
2154.7996221582102
2104.750922715338
2134.977131447538
2427.581649867638
2189.7784918822485
1656.3854937498945
1877.9848830808849
1940.1365965443745
2100.811321290488
2085.664287881146
1648.4559145251508
1800.1766462553735
1371.2485461899935
2337.6751510123986
1671.2118923537125
1743.7089013494165
2362.5075492882233
2376.7532731621895
1885.2605069486046
2284.1092789478676
1923.2155923475916
1944.2237300311915
2040.55312271651
2403.4380610539656
2012.748633847205
2313.271012524867
1853.102894185866
2090.239075023853
1865.6436192698684
1780.6979324030092
2025.8834360890148
2190.4490968609125
2300.0901388334414
1933.216887428839
1686.6958389976373
1744.0807905095114
1975.5925750026934
1693.8072064984765
1942.0041923920294
1929.2335658774402
1766.6454208473615
2221.5461771453715
2080.0541796123293
2213.2483993068304
2235.926102990407
1409.3877713902782
1729.7744611411792
1941.878985174768
2128.2664096508843
1828.3885632274673
2010.223013588667
2131.3575503147904
1755.3401358265762
1990.646043438256
1585.6774800640794
1956.5781243662727
1709.3393154203377
1791.254263749862
2151.516611018607
2060.48421634253
2023.8261824692552
2295.7762666702865
1781.895678356692
1405.1807026692984
1347.72724235213
2220.470960875519
2232.566858001793
1702.3242507279742
1616.1237257241044
1688.0658122863654
2016.66922820748
1896.4322536153936
1772.8326210058758
1925.424484953711
1684.657500325676
2170.1390661787023
2072.324789550418
1910.0199745042094
2325.9693917569725
1582.3252148993533
1657.9461408120571
1605.450873901274
2031.2054397102788
1711.1039104008605
1544.35839212816
1953.2200267630428
1510.837707144793
1697.6873464636653
1913.3352038544417
1766.4957060355064
2387.8191179977844
2347.4629410921616
1957.036750096698
1669.971049883498
1890.7173535006445
1906.3503096687932
2085.6255420387215
2290.357945380922
1988.9449669224623
1744.7216012301237
1553.5456112231807
2338.5027257380175
2180.730247531791
1554.7864650249953
1592.2808165878803
1590.4180344304166
1809.2581577336844
2365.276710600312
1683.1653804098564
1869.1114213929718
2303.641690485716
2266.0425506084102
2194.7643469216164
1716.9060429333251
2159.853626840576
1982.746874308212
1889.096256300037
2286.4139590865166
1631.6003410366138
1849.7097837054441
1773.1672375437818
1627.014916767888
2266.159625596041
2568.8867844496076
2092.344679006679
1547.6342967871797
1971.0665412419587
2110.7212270981345
2468.8556500832474
2186.6227341378794
1992.8875946904366
2496.4512271499084
2066.8741664977624
1463.8510302579493
1679.7743023962485
1762.9130824519727
1572.661058510168
1987.7151617076888
1608.4791569333727
2116.356036084926
2063.351647279105
1912.5300932549828
1474.317651368772
1774.3898505003863
1750.1740335149582
1723.5391388112096
2004.4785464244935
2031.7915200823863
2044.942813124349
2183.3155580322464
2468.428916165766
2069.2613947062723
1971.5879575911288
1806.1386717695964
2348.4400129132728
2342.5977024705217
2378.752478489155
2253.5752874268205
2121.5052525719625
2398.1328447740216
2258.014612912741
2285.205407046071
2277.8652552831504
2261.5551827829395
1751.4988483724246
2040.925866027196
1865.7296172242459
2176.1989651097333
1588.5760481899972
1574.4857858187795
2045.0773010516018
1923.8262901515018
1763.4573884499773
1831.732206387998
1476.0273476209086
1528.4223394650496
1607.7381063585424
1667.7972410895486
1573.4448565939524
1857.9716153478557
1795.918740113776
1924.313182061677
1599.8157630687142
1871.9900942396825
2097.152932219932
1940.7464536441537
1906.0989013343628
2060.9596752994494
2207.7484886471584
1876.0450139150187
1965.3157666199725
1755.0283230451987
1560.9158226208124
2132.0473116005924
1779.8160655048596
1726.4259930924766
1577.2611270172547
1766.5942786416401
2152.9601360182132
1954.6859927169944
2060.720230304418
2246.8385070458794
1441.7153302154034
1543.9123791580785
2274.9718399459907
2325.6859934906734
1270.5544840279374
2331.439831401562
1196.1739770947765
1661.8174888076696
1170.619857983747
1335.0156715548405
1739.7101633021903
1385.504122085252
1428.0178636930764
1196.9304524474737
1756.6170563863952
2095.4219662956993
2019.2156181779314
1506.2474943000911
1294.5510088052783
1371.7131120642368
1410.5730193732486
1947.6711907582524
1080.2838936593052
2457.3000160284255
1156.4874787202668
1213.968679733416
1976.2228534724186
1280.6506120372715
2019.999790534176
1469.678878415874
1323.2943218494063
1985.353685987873
1926.011608264747
1505.0384260368508
2368.7414176508223
1292.2723200849418
2303.3432581912543
2009.9612577826429
2253.3559678764436
1999.5273735108183
2206.423209999949
2069.9992713238353
1785.5314971603225
1672.794391306587
1588.750497333283
2391.8402271407895
1619.7949736654732
1386.9158226991174
1954.370283732629
1427.213016474926
2090.028721629883
1357.5835073696805
1755.9004305547292
2030.2666793141982
1216.6346170553043
2401.4067978208373
1709.6443706629532
1479.733168232329
1309.9363006930769
1765.0628990496361
1336.4798567866246
1524.7835740849707
2041.1257829435322
2216.9367844264816
2326.3037985372284
2307.9541288488467
2297.6065145768357
1912.9394630864658
1954.0619471434209
2235.5909419994027
2051.066791409208
1988.6685168352415
2252.689065190656
1132.5024747291754
1198.7312156501025
1280.5655421022163
2101.752722965579
1544.3780302121602
1475.2186504936471
1194.3488301638
1324.25709333814
2068.9497919563687
1442.2791674005184
1676.9210172946514
1750.3294167104016
1438.3311004894751
1379.4443837276608
1465.0172845374263
1232.7147467639984
1697.8699477126256
1933.3420059909179
1281.5683859332842
1438.2973845573983
1775.0707274949277
2082.3955642603655
2003.1365759070452
1247.769150978699
1921.810242320798
1517.22622582186
1482.8596450568857
1997.2770830389618
1301.6589480032715
1345.3880235390072
2019.1493492691197
2010.5048331819803
1293.634782448988
1989.5222973126267
1527.368107711643
2291.7857923074403
1471.6974362646934
2009.3576409672635
1493.8746785860185
1992.9127625907759
1327.8681476396284
1572.786024661747
1995.0746232895099
2226.762854838622
2234.5236454189803
2205.8751609453802
2185.0624011696236
2218.706428774731
2256.0283610130914
1465.5809644979188
1631.4333754689667
1687.0616935815046
2257.3737034859532
1496.3502686834088
1961.919709510623
1502.0458790752125
1360.2824782197533
1390.8090805970471
1565.640623283312
2536.092625847654
1666.296203167157
1484.5601546745243
2116.325510501233
2053.1269174949466
2452.171234461698
1647.3382930272605
1868.133521226376
1447.095685395534
1320.8367437544289
2261.691451051705
1253.1506077724998
1816.8811650346458
2147.624781151132
2470.6097026933458
1661.172207299775
2187.728780578219
2237.4430638219787
2301.144604190797
2474.149531280537
1443.412425246661
2282.13760405966
2383.8724946317884
2409.5994949846636
2285.83679603379
1634.3314745168852
1601.1128420924176
1976.3482117516985
1194.5978483263211
1727.8207581258687
1411.1364645315198
2052.2543012309275
1520.3184175234155
1348.2399743767303
1564.875914970299
1670.0151770073282
1475.0743721627082
2057.8280668650386
2325.1345120837973
1777.0374240906212
2248.9237608004887
2193.794633965093
2269.0727868549775
1382.8583546259847
2084.465364258435
1996.2661979057355
1614.5875831144017
2273.276844374245
2572.7390650001475
2493.62874554489
1365.4889059014192
1423.6743925921126
1406.2197001246716
2256.255109990994
2327.2860749263373
1630.2161249414216
1454.584454430192
2196.580902434572
1675.6418547424046
1481.4480631536612
2330.2514338944743
2614.9654093415334
2230.6423409789368
2301.629709591593
1611.4828024078831
1656.4142017570907
2530.6531453264624
2541.9402322418073
1676.0763265882883
2505.7172931154087
2517.653777254528
1603.0954513766048
2288.1135677586617
2218.0954014252425
2092.8362364344293
1543.788762517226
1611.550174529838
1999.7622235694107
2188.691159067463
1988.1450884006128
2266.966769467273
1608.355213324685
1689.3654803665024
1910.1807608872202
2257.861123434336
2171.087941999224
1880.1191601129744
2247.912056955341
2453.3727038581915
2062.9328016620548
1578.9318319934534
2479.5005345895897
2141.3535565302705
1623.7851654466858
1845.3911233719216
1501.985988355393
1386.967528153663
2134.239206817742
1540.4200922639657
1805.8262000506359
1662.7282448609278
1568.4761041905601
2437.7217681692414
1612.825097186698
2332.74965149502
2355.7400579940577
2125.130585005009
1523.552217545513
2169.1111191699188
2252.8095059674542
2127.164758908083
1585.2813684850262
1805.006570520567
1742.9681530880223
2268.2674916555084
1589.9089189149634
2348.3707328114015
2241.9588720460742
1745.5208223283541
2538.020851636604
1645.919608786846
1864.218675966796
1812.2861725940993
1656.3363912517614
1762.174697128678
2339.0887863564344
2628.5516061787266
2444.5737981791635
1809.8474163066383
2166.0789726162893
2465.436118782182
1249.4287448979378
1332.2565785479803
2537.5796055809924
2554.364557218111
2274.5159194827747
2239.2621238134916
1714.237307556285
1996.9906619696496
2327.0370073691065
1695.8560391639573
1773.747679736339
1547.3009899296358
1348.33769667248
1064.3105247529506
1587.1323626802555
1387.9747827440174
1134.4212771310574
2088.214813050428
2085.5583141969846
2422.49660940302
1825.111803834899
1901.5328155835648
2065.778228924658
1727.853530499204
1504.610072491576
1715.0633694209064
1629.7850120029018
1897.1895926693933
1662.4294932491139
1590.9776972678667
1843.1128954952228
1612.5836984680725
1865.2199306223329
1455.5947282431339
1755.042278976443
1912.6211433161718
1774.695837379772
1581.909987315648
1702.2677382445231
1560.929160657422
1949.6831470967281
1758.4818527385705
2056.8857258274325
1966.1855422938186
1553.1679279531365
1952.412508246766
1669.897381381741
1849.2478319553406
2015.9590056340721
1927.0440720928914
1883.6688539147258
1787.878350127858
1924.4154393513677
1874.900503320382
1553.688408289775
2026.8719436833262
1618.6262995967363
2007.732171022552
1885.4483049059363
1834.8632037256482
1747.9889270848053
1794.7254441584053
1858.9212678183483
1977.550588706626
1677.6255857192236
2029.70790386056
2146.815257141711
1691.7820698914416
2094.7781336212856
1904.0139089312456
1687.6744417267912
1917.0216857230105
1541.2030846181926
1448.564937191764
1555.0511770743196
1978.1818469994653
1610.7525931841399
1861.1252419882524
1842.459344681952
1587.3910359334993
1586.5408581026643
1728.1160271149402
1743.7386341076747
1526.00572381727
1684.0427352377528
1758.7832877813357
2004.834854611553
1815.4180655800394
1830.5261143450005
1393.3693414006405
1889.5600249676256
1839.6444691499257
1921.627014184149
2058.111737363616
1806.9831827641615
1747.223055907998
1595.0987225435997
1617.9627148390957
1825.615555557748
1972.7737972873515
1726.4658672693329
1503.1677712173093
2174.3868839124966
2230.9745755496047
1459.6114020199414
1444.3663598552448
1996.4350277377735
1569.2861331950692
1404.3083721662615
2123.512648133061
1551.7568462310048
1528.8900503108616
1872.3623621430831
1349.9119448083336
1773.13217562481
1850.0638272955023
1743.6680878511843
1828.4956163365725
1673.0666238513058
1610.145416050095
1705.5001769758483
1991.1196754327345
1906.3084863983925
1596.6447300963516
1628.812313502273
1566.0720752955522
1697.063049226968
1872.9588840697015
1956.8799184162617
1705.2192460956383
1699.3862165281757
1671.508002249447
1852.2471299007345
1467.394592410138
1778.0621089108765
1559.0121265252546
1510.1664510487494
1515.8622709370961
1592.979382278529
1817.6819672200616
1998.577118479121
1804.8097163641282
1773.318074659399
1435.7381872573162
1354.1641105762913
1974.444677617451
1481.5104090420973
1755.9935463036413
1479.0728365739699
1601.6356263426294
1372.284802050237
2179.971291109732
1910.9163703717932
1793.7445067736023
1914.281863406038
1506.1282395644496
1800.4801294498573
1949.255866867334
1865.3472331338428
1698.1429185350216
1810.140075882616
1762.2247813026231
1721.185549201761
1797.1684916284348
1419.0663801349294
1711.2209536829469
1725.5555324541751
1755.829378009153
1354.5236055486203
1816.9537239576246
1748.0278508497806
1411.4635235193089
1347.8994298083853
1511.4677541640453
1277.9136041410482
1899.9919629209978
2009.6563193369727
1432.626379499431
2033.693044353272
1628.683452528869
1783.4938598977851
1430.447204207148
1493.0131864877576
2006.9882632619135
1890.9405999579092
1573.1975352379202
2071.746200777935
1763.7216043251417
1646.8101222557482
2062.730129050507
1582.9719542562766
1481.3574379821707
1582.6887380335502
1832.1426467936642
1723.4320617504868
2161.192352443345
1905.3489640511086
1477.5141406607743
1474.120669964508
1447.2470467755984
1933.440924799362
1436.054423653935
1667.9003888167058
1375.5957294402695
1462.4440680246933
1366.1798572811751
1488.4706881802513
1930.7226000833668
1499.0857257617106
1522.065407584776
1785.707108878341
1910.232486150472
1776.2475889320413
1576.9567629638295
1597.118401109599
1474.5310229339748
1678.8772704476862
1773.6568106950733
2017.9246859563984
1565.8279272507175
1853.0541677809256
1735.2996794375194
1400.776130151399
2002.090157065626
2083.9251654489262
1365.4796302126945
1531.3288776343259
1780.7392107762614
1506.8237125949022
1831.9593925744186
1755.0359096376449
1717.820300550457
1743.0000684365668
1914.3516981219
1673.5714766172548
1778.210656029871
1716.6994710098043
1670.5949392930515
1918.5851278753494
1767.9136284834642
1967.925449507495
1606.3362354646604
1799.7580704807704
1754.9597677518636
1775.9278487664199
1817.2990328731507
1741.4375458998802
1552.2754089836762
1713.54695297744
1638.6856447280068
1556.7954678349192
1478.095491494202
1842.271317918537
2005.62479725754
1480.5869762246718
1711.0599145909302
1640.5512499259369
1894.0528040641143
1811.2783873251506
1814.6575162405745
1850.1893287741918
1536.7010672309395
2106.628865855613
1934.5070233587855
2033.0430268897435
1670.2623096521631
1733.515560494659
1462.6081637545067
2057.3042343424295
1530.3875307350015
2061.6987462140287
1712.4901276816959
2026.3957254299442
1845.8387946305543
1873.242939549433
1566.2257629992614
1780.9749814723389
1376.7826769694432
1498.5044133050465
1890.227993647955
2040.7083371801002
1647.4594977705935
1735.2009583693239
1419.9316195362903
1949.7353122976922
1853.2892240281192
1744.9082119158736
2068.0600465370017
1771.9577910465491
1546.1008794442826
2019.9912902893159
1755.1854165151206
1622.687767817704
1560.7987937044795
1677.6945612776785
1609.3930108931588
1880.66411897546
1778.779602984552
1392.043030742779
1748.18575216954
1602.6412721788222
1715.058434742425
1532.206260106648
1563.1547429368818
1778.1374036199597
1598.6636711337705
1390.0806869319438
1414.576834961735
1615.1561187807338
1501.5287689314603
1433.403780588829
1649.8772392704223
1488.1439536808623
1683.8602212845783
1714.0168016340954
1896.502423220687
1733.1234766483371
1853.9625811451538
1665.2784959785272
1846.061030036241
1623.2808711365221
1440.463659434129
1734.849332944913
1811.039397627346
1308.8811820543624
1582.489213172129
1512.9071452061169
1625.739759226538
1510.262757091034
1653.6433578425172
1237.8415463095525
1539.7735673270338
1709.2542049400035
1439.8639889290716
1441.9711173170197
1389.1996696689687
1384.5548478170363
1415.7301463319668
1316.361045821104
1404.1908949536848
1550.7481077802206
1748.414568285541
1676.5720260566904
1490.9126660023492
1808.4235172590047
1943.38617030565
1607.0661413019616
1821.5358076902087
1635.200233167688
1672.3000022910276
1792.0290508270816
1578.8507979838284
1603.582608564148
1750.1334813217554
1741.2874315881008
1530.7834042402637
1593.1491690973774
1407.4722116984874
1599.6790853087577
1586.1042718449594
1632.6065866355627
1654.9380410263072
1695.7904376243825
1263.6666864218862
1686.243916013855
1544.0251091598664
1685.7092161209812
1334.5731768266905
1325.8610986329777
1448.9037418736643
1635.0756279932473
1379.3525929536208
1549.402351570745
1550.1730620388066
1396.9198884170492
1464.1747150969525
1562.1477236227392
1390.0910432734274
1356.8227279796479
1426.1578292351228
1469.7395767323274
1499.6712133240346
1488.0661162985152
1437.937194374107
1350.0159539769554
1695.8910354254556
1719.8687561418562
1561.8484003198082
1530.434593595331
1740.2425266580647
1265.671598902543
1554.601876991425
1387.2323316672298
1341.2791940528875
1769.95381975634
1460.6935745140484
1460.5417959490853
1377.1226515658345
1682.9894132711154
1765.0403942468945
1638.6774858410272
1501.1562657541785
1412.9308798010973
1509.0648827976993
1719.2355922907773
1330.5625095426078
1548.8517277736184
1717.5854622493953
1371.244907579364
1470.4160951927336
1813.1450089486884
1371.6496240541198
1621.2437531844294
1585.4158905096597
1676.7717182266065
1831.5001613821173
1720.8770053602493
1492.8878542981392
1549.1029076596278
1607.572312546406
1418.509066610108
1811.9826680178278
1685.408152508545
1753.3529213353847
1505.6378586463766
1687.5983784793839
1481.034480560343
1740.1899888341457
1808.5354400263823
1448.1314221351427
1454.3942341807992
1529.5535093617004
1420.4059862334625
1504.8518821639072
1484.7254343140178
1751.1889468265585
1550.8391242968792
1474.2146441178472
1391.9965464707818
1790.327029038647
1848.789181994658
1523.4678601573298
1433.420128582762
1790.1893069375074
1776.0180665306343
1687.3919675689795
1728.443807283406
1521.1372392084656
1842.459585772375
1492.2322450262611
1824.9632642182296
1749.5275023949646
1666.9504667111153
1740.217880888097
1735.0407499960425
1649.0448185090086
1772.5680088625215
1618.6801041102378
1299.9762743729104
1401.6255680925817
1460.9738018973921
1691.8090020043394
1568.8672591839118
1535.2014472536216
1719.3190831191
1501.0558274633804
1544.1690435415042
1363.3140575419272
1558.2258677472732
1674.5817904394019
1535.2945648370494
1593.7318412687239
1617.7550790372425
1627.5609422610016
1530.9065186474588
1580.835021864534
1501.04971980562
1817.0661267054902
1877.4114468502594
1469.828386132356
1744.327472282422
1817.9976707250587
1552.0949149716369
1784.3020726321972
1857.7902141552563
1374.3140902526843
1306.3703897398102
1355.516912469968
1371.7875125123223
1282.4960724864216
1492.210382944348
1410.8161198077903
1355.281833279407
1406.0737698883304
1586.191549685591
1611.3262289938773
1783.5916519129973
1727.9585944956996
1483.20778387312
1832.7466831637614
1712.2802609464393
1403.8397227668354
1786.9807248505788
1534.379588509613
1625.9044648355639
1633.1015190128069
1352.088458356046
1504.7567158204893
1220.239332958553
1249.6667208555864
1349.1971752424115
1623.5909988037365
1423.854848398213
1300.7397597002791
1933.6429715709132
1458.5124387407504
1447.6738358756713
1602.1675052371345
1728.901681173356
1731.4827060492555
1615.5880025695658
1694.270216324041
1506.1502375800146
1844.3567816875388
1656.1588621788774
1474.2735478406687
1539.769628598672
1578.4629154017648
1485.6612559681887
1445.0184562900833
1693.77311784369
1286.6970620198745
1356.252794553929
1336.0634865720695
1739.6725603894415
1890.256795433874
1521.7877118741162
1473.4123732804862
1405.8263539565892
1568.7597937127218
1585.320838953519
1787.551950511911
1400.0286257625353
1409.1716066579559
1486.8548914778935
1666.9964334157448
1488.210965744203
1530.7679566134577
1714.7430415486297
1875.4594803973887
1781.553945398572
1219.6270363202032
1345.8949702066825
1542.26643742554
1626.4445271431443
1942.5532965786924
1702.2218876553804
1549.6920299906876
1399.2873652918502
1218.2802648680351
1643.31339006385
2037.6116092712573
1665.2475174798421
1524.4844067856075
1283.5936233664518
1940.470224081307
2165.6407947859634
1772.2711467169966
2202.9566771388
1990.826870880861
2074.7451485597076
1308.1542281433096
1810.362349970641
2155.3325608554346
1306.962160426133
1238.9079293972882
2076.5076161983034
2129.1085180708205
1880.3856552877608
1996.5599322980395
2041.0523612607137
2093.4152967669934
1721.5834616376692
1876.9101909490591
1525.010690552824
1643.7859158196663
1346.883230649922
1474.5609033246435
1506.5414538641483
1861.5184791681183
1549.5270227651638
1381.6246515852874
1592.820889438313
1388.2936629173364
1394.7731058355228
1751.1223929418222
1352.65721526313
1620.3986551530013
1636.019208773245
1746.5483951241197
2057.745934559811
1869.450234711592
1768.14112523468
1852.6332756604406
1546.1550030070634
2199.027360047671
1407.4177048081426
1560.8393258880571
2112.2978797520277
2095.6696445444286
1986.8261247972468
1246.6339197908007
1272.648977132435
1195.6189118975128
1836.043793177354
1872.1691340002146
1516.2768001038546
1200.752464268491
1459.0173981879686
1252.8128387274694
1508.2810505095308
1222.1803287810276
1236.4890519943126
1150.2332811672325
1182.4566642052932
1402.9598395351481
1900.9122910908875
1143.0442498104821
1789.4261916166338
1562.6985906853288
1196.7188310969004
2140.0691259956934
2182.606194115344
2025.5866953128223
1327.9670383105724
1528.4587667830433
1568.4538492286326
1546.1205887145563
1367.7196051755552
1659.140283675557
1382.2780413351186
1467.6368638575468
1469.0001588395417
2150.994206211289
1323.1394428862063
1289.2993325859043
1714.4362116045872
1624.7496031138078
1573.8832211555132
1541.5419429283652
1422.4879338138878
1801.3841294274907
1476.5095566300795
1937.31250178838
1808.006736622268
1550.4180801960003
1266.5269607338312
1516.895163847878
1867.445023270844
1457.7802953287537
1316.8667090658619
1870.363999949452
1253.1360349518218
1767.1287427841278
1497.7816757676424
1540.2894890777654
1468.7593380526782
2182.2433095329807
1556.1341181245664
1850.5527551946057
1905.0728266179094
2038.0254481039938
1771.2177631766333
1922.7567931618453
1728.2637219617154
1782.2119736772097
1814.3665322682211
1309.443007503067
1283.282620727335
1186.7036099341376
1398.4448814415282
1173.153389912713
1270.178582920571
1319.8982877309402
1450.754918796577
1252.9181946858166
1893.229133952146
1647.3055960606614
1462.5555024546848
1742.1624984926711
1318.159980246812
1714.4825134303856
1630.6058448531685
1521.1684962664642
1514.9952219449533
1450.2439075853931
2264.2589154736074
1709.3758998911208
2001.089702666331
1567.194905890191
1586.0203435965957
1306.7712664617352
1753.239832126079
1310.7511288383653
1529.5213042562789
1404.6385602530436
1708.8849840159826
1344.9117776360242
1824.5336477638273
1627.8826017858094
1558.9729808290597
1449.3477283215525
1518.0385024236332
2067.831158652886
1546.918518214988
1979.330649702937
1641.1980223162316
1799.244957929995
1504.770189132924
1843.3317058734333
1252.8094592241644
1969.070566997689
1973.707828108023
1152.607107209484
1577.8085623509553
1585.0699982308083
2052.152582014805
1586.940829748988
1172.872925734648
1299.9264976901056
1655.2096315801027
1915.8293698458917
1388.1178179680553
1644.6202705719513
2031.7569239392415
1704.3912221968233
2058.551156426141
1712.115790647009
1176.5405133726233
1290.8111235780927
1255.9562832867641
1997.8857244086196
1252.1932973391329
1192.4992378480626
1260.9933415160453
2289.0718883489076
2024.670962811409
2161.980583167096
1300.6972188099503
1212.1897172545143
1112.0549613479282
1943.2333827745983
1953.4532905725307
2066.0766523517236
1249.4541940548202
2001.5637024368143
1168.3689185330343
1214.9843793599277
1291.1513032257358
1535.1082061641685
1315.0825879101612
1203.2436655440463
1479.0142660892059
1484.4175501377595
1372.957716848362
1521.1044754625566
1491.2435603794902
1563.716886817215
1578.2442082858859
1369.6403519859205
1330.471371320108
1608.5882783890495
1191.3793823911876
1375.39781276196
1421.6894140609215
1352.1564038069691
1524.430038308883
1348.5528066452007
1715.511680846904
1583.730726075431
1513.3398831634338
1738.643596166228
2120.8687100575958
1264.615372685828
1786.611211525977
1753.0343525852234
1859.1637814106273
1760.7000703896613
1672.2690068853485
1379.4613137324766
1578.1657148670915
2159.0090434854114
1785.665111291008
2021.819717534302
1514.7683349256938
1870.067352565325
1749.24615149167
1851.1779097665963
1451.357759843382
1570.7298849481542
1314.384666772712
1380.0808825520337
1856.8662485415261
2167.3630788802734
1312.486863221452
1600.2301241225207
1863.549760101553
2326.6445892736683
1586.6743120339163
1759.9145297812574
1821.3318381418367
1605.9952141043898
1843.4084959058118
1832.2240572787864
1832.4711811388663
2122.667430231038
1947.8049013554985
1444.4933567209202
2022.225809232508
1619.6330840046394
2096.5271329173356
2008.1684130189876
1945.0522760050576
2062.0725027853123
2202.540524365799
1448.4333339754285
1986.1921123405714
2263.1892406511583
1604.8831479240134
1471.563238436409
2271.542915807695
1798.4844472515163
1612.4165787650154
1685.4283748910793
1641.2596734807944
1795.664325872805
1647.6288909422324
1781.2903256006
1598.4338415564237
2280.924201426366
2131.5234224596747
1861.8320876549103
2191.348694122186
1667.88731313967
1885.7858782926583
1600.7877214451973
2247.0929378644278
2004.9284057605832
1795.0903556364817
1886.0612607245132
1386.4950564037165
2149.9325948445758
1720.8781639713818
2217.909887162556
2100.582772792137
2006.065091104369
2118.649715895917
1327.4171714202355
2187.166500379566
1963.7732338787184
2234.85683481036
2118.208606466159
1854.1084958142508
1870.529184863209
1735.2865821649932
1812.0402649905545
1787.302953571116
1743.6418316287659
1938.3300641794938
1730.8661481813554
1374.5668522648311
1612.951091259635
1550.3649689074077
1478.6009414883222
1594.8126461156362
1850.9189358374301
1794.9203499736414
1959.8261775496733
1813.3435668559382
1285.8863556427434
1561.1728374362322
1426.9557887130127
1776.1250021691949
1699.784497184932
1241.7816141314313
1169.1315725691545
1645.9279015068369
1730.8520095596207
1892.9034127400002
1527.133156023214
1620.862602723308
1604.011808255971
1473.5788319358758
1796.996268478
1849.7440056246094
1718.045631759567
1911.8142941337933
1859.0183944663163
2293.426390152932
1728.8921179414865
1626.122915862738
1586.534340083092
2092.877284625605
1692.4090216812958
1719.7479843069625
1960.0619088249236
1416.9875895768298
1670.1455286443784
1620.090821969194
2041.3569720565915
1676.3715287762861
1775.1514515187398
1926.6479611989741
1720.7356621677982
1473.4883796780975
1364.3256825707406
1520.3597973124797
1696.9269872878106
1899.6746956611066
2331.203180521071
2146.9994134455283
1942.0813046163696
2011.7113002416072
1499.9708826685453
2047.444818808433
2155.9204943019245
1653.5197624347495
1680.449840696287
1529.884404186285
1885.4178780878578
1885.7597583822237
1955.681929324434
1832.7846129471927
1438.5086363711803
1341.479494525065
1298.4888409158116
1892.920426629711
1871.2755422211096
1716.2802941422856
1823.0710657795346
1284.6700916649168
1547.6776180707798
1520.717616260244
2196.3655802841877
1929.0936665765828
1969.027511791724
2154.5942583302676
1610.4664603613928
1724.508107545136
1752.4213721159326
1685.1084938159822
1665.5896616526052
1823.6812580857827
2083.388474187481
1596.5705381517284
2041.9289555129797
1257.280561015778
2222.9669875330515
1562.4614985677422
2070.0251982405302
1717.808154976131
1497.0285907679283
1975.5976687953291
1597.8951616520205
1889.5476986263177
2054.88820975738
1213.939707427288
1767.5063129271355
1727.0487221245671
1453.623446404624
1573.2676218457393
1858.443300723493
2036.5383759970796
2170.8852539409613
1909.788270935958
1426.3437033722043
2252.327113848871
1656.3557401899561
1533.9464644450018
1805.2276180210463
1705.7781347842429
1761.9278126880813
1835.9399656882424
2130.5154269834243
1744.5996819304596
2392.45853026228
1931.132027547995
1877.5312535849882
1933.6536004133688
1683.7022602893933
1809.2553940892315
1507.2754430073858
2024.7688704950667
1447.3195497609406
2188.310833646439
2403.1618000336007
1410.311284409434
2030.3726616030563
1852.5504659095227
2267.7124794241417
1516.5425796026577
1541.057694962616
1422.8831638287334
1600.9172984723891
1543.8589841576759
1463.8545377098378
1551.2699552251925
1597.7826534392368
1670.0888440874785
1696.3993224312378
1666.669165166537
1483.9624481046615
1522.567260398848
2101.9672001867043
1541.6454026397803
1526.4099458575483
1964.4539435646197
1751.6810854580058
2260.2539050095197
1387.2620239227606
2240.4312895079884
1538.858567863133
1558.2063063455166
1512.0608251017895
1841.3108782374702
1321.5668289484274
1473.6198046581676
1941.9842168613343
1771.7086697418283
1890.019027071451
1664.5133276064405
1648.6790662110539
1661.2602510224203
1556.7177671126824
1604.0016883180517
1787.938993537058
2290.4016570348804
1576.949817915012
1935.195617852661
1835.699811922568
1910.5777423468062
1812.1364957491185
1734.9294753015736
1703.7410962887743
1792.1471311346777
1649.0442250602655
1738.5542534459075
1621.548819782114
2155.5285607399637
1824.4105174571405
2152.0812438506805
1633.6272640085938
1869.3749881998112
1915.8198180944262
1673.805601184329
1766.998947321176
2141.4590157618472
1661.468118147009
1792.8817049311456
1983.2604699334584
2093.6715689312696
1755.2322308177643
1973.8471386736646
1778.7261741879015
1842.1665887213692
1872.9604479549653
1687.9578120759638
1592.512376842778
2057.16802552245
1811.0697862457378
1829.8899069195716
2201.02250874243
1875.902619435835
1488.9273854344392
1731.2392116518856
1655.8167788149076
1863.500889815186
2033.427365913878
1672.6540802728503
2075.7510337710764
1734.0301087696
1910.011167829213
1903.6425519551492
1844.198893473879
1785.647995534406
1887.263762911431
1992.1947143345658
1478.9505445754758
1825.0265182930793
2033.157695521794
2142.588641248466
1936.0974679441981
1961.6874585019434
1801.4358540894325
1778.089403425003
2121.267059585217
1843.1799306114772
1770.963985017637
1646.714374788486
1915.47887366003
2111.623661272895
1629.9614132348415
1907.0413546887467
1754.09921484173
1733.0138031986246
1715.6373601986309
1800.0037815266298
1812.2651084254194
2088.8757980399237
1693.4441980863403
1832.4981231401466
1744.8590300869746
1850.3338171485298
1588.0866548319282
1673.76828455687
1595.2997523531596
1711.4329172298897
1670.60368018122
1656.3665288503607
1742.648206882761
1454.873060107077
1682.8974907139877
1779.1790552094724
1837.7787423476502
1508.1342840274701
2147.876566074911
1652.5814317725496
1547.5527064803073
1876.5235161823123
1396.5295372214846
1907.4275194584407
1420.5301708272114
1419.149631790249
1752.3058865031112
1737.4179857576773
1908.9552653970784
1575.804420566819
1780.1048528548122
1608.9960194237701
1857.7242161900451
2075.1622626547883
2122.101220464074
1693.1488865866595
1729.228412753657
1811.1509416757992
1770.9550381791237
1632.5183992867455
1523.7426131650805
1693.3478566077135
1849.6988283509036
2038.2798434591505
2043.7074239986894
1973.448139533276
1733.349051617703
1583.3637511907295
1714.1883440200165
1724.1626332183491
2024.1450659036695
1771.8073583152302
2011.7214876330602
1416.6602929541232
1522.6169026548375
1914.5906831893192
1998.54481742203
1818.8820281407918
1706.2649532915657
1933.7427954879338
1996.8869468711557
1638.0955579751374
1883.9177782738861
1973.7010108559823
1478.9662775867387
1854.2201148121906
1897.2155994090692
1815.3384349047271
2082.9478477655407
1589.9392627493457
1888.9039439571538
1785.2479168525847
1813.912643677751
1868.6132417245951
1868.4100072408294
1892.0113757471945
1578.183773612412
1911.424545566843
1488.290324583678
1458.855951826224
1791.8344483328729
1661.0196363552059
1532.8884910456188
1647.6793872660728
1779.0316906095788
1760.5838321980777
1632.723148313143
1414.0755838318394
1468.8753548517977
1483.2434621161478
1928.2063419507574
1943.5175575679048
1882.4799155885885
1815.433258643271
2083.08908144887
1892.9558377393153
1854.4345928998528
1786.7031603073042
1745.3590634663335
1926.825264506949
1845.0086217804212
1594.687239900475
1604.7798946261926
1890.3591748312126
2249.8438515940247
1593.679720012064
1514.3226479843624
1507.9963236286183
1598.1033768654272
1556.004246153695
1721.4407578424584
1611.4936163702523
1849.3264451483285
1654.3940631830033
1780.0721077606256
1316.3813690025545
1395.779506848649
1753.608605795231
1734.722430123089
1552.3731260910379
1525.9823993801476
2023.0066804952178
1633.805379512955
1977.207815092485
1901.6777719533948
1876.1795837471234
2028.9120359992544
1725.484639088333
1974.9013277390902
2037.8998138141314
1700.6738223889342
1913.6675723161181
1868.57689252594
1874.8791321216443
1647.8975063502219
1635.3703190636597
1429.600018475582
2045.4212999368167
1763.9535945996636
1677.3309073810792
1909.8734214006704
1469.6781672403754
1792.9512659029972
1925.9150318098134
1656.1127076065964
1927.8298017602453
1654.1555555164423
1885.4923559194199
1729.605475954978
1818.4309108099353
1771.3056028396484
1501.3591821775353
1600.0839707059351
1677.8697157122294
1519.1609651661563
1596.2009605038206
2025.9074170714966
1576.9713544615722
2012.6174843637925
1777.1021121030446
1853.2185458968006
1735.5190565306432
1955.78134788756
1754.0183891962024
1638.7885352402648
1865.6920698415367
1772.9440803135647
1921.9855153739643
1983.0722442313693
1860.4699713934863
1778.1520904320248
1765.52647301079
1856.033466818337
1608.417346973481
1694.9794453778284
1718.4112057688296
1947.9315187133052
1520.3672878406537
1741.9650937389586
1746.030515042893
1832.644946533857
1735.7288761376742
1604.5881774403717
2105.6023157984323
1838.224169155863
1719.050374346666
1479.279755180774
1622.356623537883
1870.755407015451
1668.7103092267887
2153.770814291291
1747.3727039526987
1993.1489083876636
1803.5342570382209
1710.2787355242692
1962.3304641926
1584.1289321163206
1712.5933382297437
2107.7595438551903
1674.869747061975
1571.4494616464797
1604.3466037791893
1779.587797087987
1275.411385024809
1750.2957706538061
1792.4757410290545
1775.3637933216137
1716.8147859208764
1729.714017310858
1732.1676951159259
1509.6193920560358
1499.8102113293533
1731.6729669119884
1322.2282420967492
1703.0744480736657
1382.25807715984
1568.9222796679371
1628.0453333201121
1725.019925140602
1426.0962419071893
1576.7315735898835
1481.5450353945657
1800.9216862733686
1548.9314611640777
1777.8617476084248
1808.0061767940883
1776.9123696789743
1534.6668560749904
1548.31819089927
1743.710084015578
1749.173215557914
1810.2913048338376
1830.5886270479343
1692.9469180300414
1456.7096367499437
1439.144847749571
1406.9722816031403
1614.1628919119303
1649.5067700446255
1694.9668179385776
1450.1702301168198
1653.535398893413
1648.105737134772
1592.2784180986796
1656.6338741129541
1795.8143036386878
1521.6857120428301
1408.9330116526928
1442.7794758338118
1711.075203065729
1694.9170784567173
1649.3318412981546
1633.4832644003209
1760.9700680504802
1608.3544778971034
1775.5926979153141
1743.0650758962665
1535.715154187306
1611.3299729863922
1422.8637208105256
1445.4670826451897
1456.4661950417592
1647.248040001747
1393.8387999923657
1539.9072186789026
1531.4997209027856
1743.4312549658737
1674.0479668635744
1428.3006070349008
1791.659378398252
1330.693437317776
1613.6863904002794
1563.8905702922723
1502.115433655855
1694.4249253373346
1616.954566440402
1722.1287216559067
1722.7712175209124
1586.1427986890185
1502.40458034254
1579.3645334805199
1567.3911438421505
1704.032507453032
1643.140408005162
1693.415839755181
1629.5678750428112
1622.3855064930892
1693.511657859136
1578.5253933061274
1635.846269527308
1474.3658533105502
1519.17107999233
1630.8873333937172
1427.9005226657625
1796.833495128405
1769.1671392320097
1863.190543902609
1769.847920529318
1564.4274054766881
1820.4535804705542
1699.3220699907986
1674.4222970756264
1609.2917132902946
1433.9398059324074
1672.106171283495
1662.3095687858258
1654.9596672617033
1695.4722868187075
1779.3057013687192
1643.8128514070997
1718.656637567152
1430.5649118464135
1707.3572145166247
1631.2121791849104
1839.8536152879867
1638.1633041312737
1752.8938412380157
1578.342393527639
1733.3699769427758
1686.7627977285854
1417.8121488094043
1807.3192499286633
1724.0940501317477
1711.1316975552518
1628.0359979602906
1470.966825321111
1511.3578620942326
1529.246592685389
1631.4622074727836
1793.4764857234616
1564.226137006902
1789.458341615055
1726.7900558543529
1495.7494073617495
1610.1357770053376
1474.4674399494618
1624.1597242934552
1663.1881447149237
1735.8525958588266
1385.5901524470312
1544.0477976387788
1574.7361830331938
1515.028032805732
1615.117674967736
1331.4036022221312
1580.2847213102818
1725.2345733588545
1441.3247222177338
1672.1104396154687
1533.887782520092
1683.858707848389
1719.6216609601825
1570.48440663188
1413.3434954079582
1543.3557681959103
1667.906042792931
1783.0633551695262
1753.4774051433776
1438.5856048099954
1522.7296942186936
1589.4099668471003
1543.2256558798317
1737.545596685273
1736.0661788267573
1303.2703336866919
1581.7801380148799
1541.228471036561
1677.0715365000779
1351.6329497554602
1666.1220527917399
1531.054391988863
1470.0064120649374
1479.0484240543155
1557.7970570126106
1434.218280078628
1489.64492781086
1672.4409914521411
1495.5590053734709
1543.3086856868165
1574.0223722338046
1702.5477083390058
1555.240721509507
1626.2246858562874
1624.09943618809
1334.8543502289988
1466.0250323431985
1562.4840501667406
1472.536107300309
1368.0133667896275
1623.3889409768508
1391.917853951998
1671.5548955058682
1729.9450251861201
1646.9922703541883
1442.223328016248
1667.0420724196572
1408.5738015834768
1460.7397784571365
1608.7707587904054
1627.6921695013764
1572.1871550698138
1518.128579610506
1440.3764904509158
1500.3090903452805
1536.4411701051174
1613.9956045935974
1400.5891980697804
1302.4694155552545
1715.3101011670562
1516.7383444823245
1563.4365247074622
1878.9662638915472
1985.595638727138
1907.086770156562
1802.3875989531152
1580.8901612847562
1475.4400366084753
1272.9850316003458
1267.3122455772823
1494.9995354465123
1413.6343463121827
1858.2376606881626
1508.5636291249955
1875.1985335176882
1966.261192666855
1697.6204557788205
2134.5783796300707
1906.5612582372437
1568.7476005949377
1996.46063038922
1548.4987572525058
2032.8042876027246
1902.9190472291825
1526.8184025366427
1362.495523708521
1520.6379714177453
1561.3267345180293
2207.2558998042728
1548.1711478476109
2031.2969847563293
2024.6520732000306
1516.1870083167498
2167.0373788602415
1663.4507292329495
1587.7306879063428
1515.0448859533378
1998.7703260904284
2012.639969580789
1462.680520037407
1485.5726831442282
2050.408180869958
2046.3870083162215
1392.3331378925982
1844.875110357193
1648.3794608065193
1490.9251101220468
1544.2708030679194
1325.032302441302
1988.5402039126075
1971.8086199231661
2008.7658309823441
1605.0164458455881
1432.2732758539296
1985.6066839693024
1771.8453063055813
1896.3848728244795
1460.2439352356485
1909.1653662153938
1519.228582304719
1506.461759741758
2044.8999243289609
1857.7718649432268
1333.3205247651986
1777.4858334535083
1266.0196044857057
1517.2549157262927
1908.7906692169342
1472.026055500814
1301.923087704067
1738.5885840196838
1459.7521735594003
1690.495973669932
1684.8929894777405
1981.6023514477351
1283.5239717961588
1454.465860761111
1836.319955443584
1808.3104050238037
1742.5203557023835
2044.7912920744268
2104.455144875356
1956.4413847267042
1567.3073228251724
1520.4955499627665
1215.8146945667745
1556.1078459098283
1727.551858019468
1456.7303541677138
2064.359582105996
1575.8911910526163
1990.5485440104524
2064.2787765710696
1570.8446036832574
1585.9490293508372
1211.9065946143971
1537.7998662606383
2102.350254439352
1493.3746013926602
1955.933345002254
1957.4231633716818
1388.96697997976
1653.1708770195285
2092.884310076339
1544.1831286479646
1511.0825909265118
1538.4505490915556
2061.251590404128
1193.9789107837398
2066.6879392149867
1375.716517391825
1381.502879950889
1866.1192286410167
1514.4787962607127
1509.6542723416574
1912.5211371539338
2099.897978881967
1576.4068007984122
2061.4347286623097
1479.0729397710497
1869.3651081997903
1554.0783933647328
1452.3171604853044
1470.870476482342
1916.0492868120766
1463.4125182331247
1360.4070873455275
1573.5334802692103
1339.406020519255
1602.682537319755
1447.259647370083
1479.8648099471147
1682.439083716665
1845.7296471921886
1222.8170159655524
1934.5868954891673
1645.6921859230968
1699.3781821668538
1549.0116913859736
2026.5799067454914
1585.6543168516075
1984.4576114308636
1523.1694907076446
2100.1175784391985
1554.3395066612654
1754.3052075487724
1536.3067816102337
2108.0363028564693
1766.8252602101068
1802.1443339141167
1598.4552239096372
2006.7459140939693
1575.2673104418823
1634.5150275388776
1597.977443563526
1790.4630350105738
1747.0011399711789
1875.634342009717
1782.3057117861683
1677.3298233773369
1224.6244279315554
1425.6591944211373
1291.6978289820788
1232.4950139163197
1506.9848494587484
1684.8396338357036
1433.2566763689501
1431.7269677232161
1491.7509277132647
1520.4834298125486
1839.4152622502813
1858.462967673139
1975.2876962476303
1275.1668161315802
1346.5410117626732
1367.9699829872623
1537.1811468129636
1178.9056317265145
1346.1629503789825
1445.1465135816197
1279.8637582385659
1218.3341497363629
1372.8110349665083
1636.9844738254087
1412.1125058243397
2131.2361916923264
1516.4004065777688
1493.1605917636473
1731.9336242278782
1999.692544919627
1379.9506138060021
1521.366002802208
2035.4701097098696
1801.1134769552618
1873.7799027937804
1429.7613094534556
1289.315572343415
1771.7238229445813
2015.5061346707691
1569.7584761394473
1341.4075573555933
1445.0752736337156
1774.92389342172
1572.5483417653172
1814.2793052423547
2000.779147573117
1746.1275931512318
1390.0343723616866
1937.424826902013
1823.470888619116
1822.7892450177087
1262.483287500467
1983.1858292664763
1890.991530622993
1436.1665118098297
1247.4702028825507
1972.2743897625728
1501.758037505759
1521.7214162253654
1889.1180021466791
1444.5115891244357
1229.5873033984217
1268.826722958251
1460.5408197182294
1316.2197259861066
1829.641384185193
1385.215792798331
1771.2828078326731
1953.6993330571274
1690.8861896694486
1699.1384247048336
1521.3058268443758
1488.9295391473277
1284.2144362209242
1197.4323936372518
1553.3369832770784
1417.1755550330965
1416.627825300051
1805.0800933353178
1243.140464551755
1457.9292861624174
1673.095882302817
1938.2502860339528
2047.0951848840243
1540.8535716833985
1948.165336828962
1544.1122598164363
2107.5200326755853
1899.7180504275448
1487.9401495817883
1913.8581818843027
1891.4903774579059
1855.6096254099637
1740.5041971493376
2188.5873464290603
1999.1981191737748
2206.3524796365955
2142.381616976779
1933.4312635980912
1905.7166853749484
1656.3933946592579
1897.0926000002735
2174.848007415979
1552.0935474312564
1657.7620639768668
1994.562203243816
1798.941476367961
1647.7655023458144
1741.2850242133009
1467.409961946426
1887.874019512498
1683.2919229131774
1845.1027005875837
1702.374323796371
2262.7204738253167
2310.850743118827
2105.9416530327285
2074.6829344605217
2033.728684340252
2270.1619600106796
2027.8758075802496
1952.5848346031812
1698.9740589431728
1929.870023423451
1822.8700778664643
2009.009256379483
1925.8049640478498
1667.6764411759755
1906.9305370249485
1677.5813102615073
1569.7968583963532
2008.670721505787
1921.8987610866152
1738.3809473684319
1804.0145517285582
1989.1238389880139
1735.8821268827842
1936.4736106317093
2112.671589443562
1932.5049603848265
1871.8738699031599
2148.739383761594
1959.0554955425862
1648.6682563216757
1954.3538627448513
1750.7706173472884
1802.6104247962162
1980.3335815296496
1842.31367591776
1373.2416541891896
1744.6547230843357
1923.5778117723455
1756.9933818983438
1505.492986815485
1549.4097929708942
2104.561463793511
1819.296907160112
1780.8165669297437
1719.1438115192507
2054.3134319081632
1654.3176435576847
1862.7645441290113
2153.289515685124
1974.1267414315812
2061.7350518926905
1852.2051615742957
1800.9392671709552
1601.584652052309
1923.3273912794082
1952.5279330800636
1849.3904272559191
1683.3760221565788
1461.0328123643171
1779.8996082442316
1749.874996062041
1885.2453875566287
1923.6106269683949
2029.3656783085462
1749.243858997201
1585.564436272409
2195.080586868899
1823.6862184709323
1824.1711380241227
2145.4150253967346
1717.0402976464147
1686.3829094793102
1732.898210918356
2002.1545310186332
1761.5418262264136
2078.8413551909625
2075.7866680660895
2065.906129337817
2000.877292548265
1500.2546112469095
2103.827915115185
1771.5271798849667
1889.7155046230914
1878.2035873250088
2037.7653416220576
2061.0388720772585
1781.1024911610584
1349.9583109099924
2112.5836191017734
1438.7279188808877
2021.3570369584459
1746.8270495758936
1862.7934318909286
1919.2151470471445
1848.1965365877743
2205.834361553529
1850.8195808794262
1754.3863210015563
1985.5051116407633
1593.4029982732663
1842.4464037348064
1637.0869569864612
1817.0915444560387
1676.6880679510516
1574.817493489761
2139.6770652936034
1867.6344625951667
1779.9969438070345
1709.493684752836
1725.4203598833872
1896.1479917995537
1598.2298305803417
1627.991310418521
1713.2864059474714
2003.7230539516959
1799.6654234313735
1837.9261110774828
1716.0017822645054
2001.042885876378
1807.0517409615413
1659.3281451176301
1922.416540046457
1941.3922534642936
1709.5264028395775
2178.082474865107
1965.1330951494217
1641.0972423329122
1768.506030859673
2078.053415214503
1879.5012686078153
2048.133191475817
2075.41281995863
1840.9928317323186
1619.1352972186182
1680.88101805821
2116.0398933804904
1436.8353852062228
1974.9426588573547
2058.0140801072
1659.5147231899539
1858.4251207818072
1903.3036694702414
1981.7106327908284
1488.447252358074
1655.475145656542
2104.8705370761104
1688.9197609855273
1720.673487468944
1948.1159413902526
1933.81932755676
1823.469790438955
1794.931661544925
1577.8945528313136
1478.3656617342979
2009.052094466002
1901.6236543496548
1800.9922841103594
2113.0658044292286
1808.2541546927816
1812.2520827831283
1603.135880249983
1697.648260115729
1514.1506322145196
1796.0447368341745
1721.7401788692657
1563.675132984681
1965.094340358926
2065.750575299447
1730.16434591049
1510.0406106485586
1924.7179414926363
1937.4589670826292
1916.7882006991913
2056.4940683305936
1705.839156261665
1809.773104742275
1747.8820045748996
1550.849881770125
1530.6056950491245
1556.884366172937
1351.0857914562846
1575.505660412494
1759.447342886575
1944.12637694312
1722.4506428275506
