Model: Mahalanobis Kernel
Dataset 7: letter.mat
Accuracy: 0.15
@scores
1502.126249730204
1462.880578019335
1481.0052029852998
1485.127463738411
1475.2314891505678
1473.9347204056635
1491.9364972514368
1477.687440006616
1489.472969439566
1470.1074265358961
1514.456640171001
1486.2219336531832
1488.8396715023282
1505.0786952550882
1497.632428659191
1471.7225950023153
1482.3046575335006
1493.556125392786
1500.6818787860914
1497.6403376997926
1478.181320327135
1480.6477595595613
1496.2612957772023
1489.2087744753803
1461.115706279387
1470.448131539781
1493.9751606552436
1488.3904017850105
1491.5151616107435
1488.0396413575625
1480.064184728973
1503.1264505733611
1505.876220236929
1507.2372077884777
1485.4730664479084
1484.6813425656442
1493.7743122683946
1492.3294205437423
1491.8121863946878
1506.5366109582342
1477.945690847215
1475.762778186496
1505.4859310691188
1487.5004588287354
1495.1140178598862
1483.8650025582133
1484.005317571158
1492.9894889997868
1499.0056933974113
1498.584794914669
1470.9442490204506
1482.3421048672278
1472.3194680208928
1503.2558480099426
1468.4137087321963
1478.3452329777879
1508.001029499534
1493.3266562669887
1497.588015124694
1482.6484893569875
1483.1596714369143
1493.7761958830772
1470.3390187073576
1492.2283967209835
1502.0471487060208
1489.4653821275251
1485.3190745367244
1502.4968753677394
1476.5945359359137
1501.4398222595769
1503.449808241659
1505.6816136515324
1503.3187871435646
1457.774637582431
1473.5721453314718
1500.7205266050833
1488.3023742059702
1499.0583901453351
1500.463374737656
1495.2066156041715
1495.5685756814455
1508.2294508566997
1502.135045025117
1489.7469820976605
1485.7747712479945
1510.455797973602
1491.2794314319858
1471.8875975540884
1468.6419742791638
1483.7689835742583
1501.1546651458618
1496.3108404368893
1465.2104314433536
1505.3222218522637
1463.4508041915383
1484.3784962378277
1482.045567932074
1499.509855357212
1482.1243841664734
1493.3902986420524
1487.0978381204054
1485.8983182771385
1489.5784599944554
1470.673315859233
1473.1695174289023
1485.167970544396
1492.512207728741
1484.387190064314
1452.3440988086888
1488.8836347408924
1486.8426941861535
1495.5333227856752
1506.9788687018956
1507.512898538658
1466.823721865587
1489.1250241512118
1482.4822912136867
1483.8110936179532
1508.462759719326
1455.904441434465
1502.75986840521
1472.2068513797983
1503.1072762853714
1474.3349367020521
1495.3808354923449
1490.7890937164836
1486.0573621598417
1496.4010766822187
1500.740416014012
1506.2768984527922
1466.315036509035
1487.3174174091564
1492.0741722706182
1477.3383484552867
1491.3193460863952
1489.8485806424003
1491.165404811751
1492.3805839333506
1482.2895980549868
1467.0357594204168
1476.5982637049906
1501.10618776063
1488.861844605746
1465.240656927612
1473.385361321202
1507.986085775643
1486.5637493681847
1484.1167468992155
1485.119490392395
1489.683060165697
1492.9916032969902
1501.1137333717813
1505.5109055948722
1500.8463808979982
1494.9572217196664
1491.231304000102
1488.3678510285322
1502.0742001423819
1498.8415239732594
1504.112265327067
1495.0875854450105
1509.383448652514
1479.5424311606398
1472.411418618712
1485.4624468197087
1508.449659839136
1489.2835198837386
1491.261545293613
1475.3869979040335
1486.9497740707366
1484.447153467515
1513.135890182939
1497.3204538332982
1479.689238989497
1462.534440705605
1491.2486063927856
1512.5031581922194
1503.0286802028631
1499.0881074189872
1490.4679206644312
1489.9123082019155
1497.0983773142286
1510.8143505180087
1486.9707999924592
1504.7574526974515
1501.0309687195443
1456.5669774991648
1491.2587579411236
1470.3635374092537
1503.7355387715322
1484.0003564887004
1481.6229812532624
1494.3211988130806
1502.8616540132546
1461.7871809270332
1473.4054649168197
1479.8309537461862
1465.6688560709495
1490.9497771806934
1458.4446450537669
1474.8037595907479
1512.7039397047954
1493.52998891467
1484.8530526072211
1501.9266028417603
1478.5040145681194
1490.269161921042
1487.3690764019782
1491.780509045446
1465.0977894177154
1498.7071164201718
1482.9947995839918
1472.3574979588382
1510.3586013072165
1476.1204781992249
1493.8233033072986
1490.4009841520428
1466.366358069668
1498.572724385267
1512.648865833193
1486.7810713961142
1490.3995042654215
1492.3618742625317
1480.2649344272559
1507.1938367768023
1466.7094481176616
1483.1219663173813
1482.826595994913
1507.0887505862877
1492.9918232028697
1501.598433949112
1510.1470502399216
1505.7405307577576
1478.643054023656
1491.968819635716
1481.6691474147945
1476.3996500788603
1482.1195896173228
1489.9269171773078
1503.8366088472976
1500.9814944732714
1494.1408572492267
1488.4208095537829
1496.692354511509
1472.0471424137431
1510.2803559835372
1507.630936681525
1463.124743134526
1506.0032120278954
1491.2242319035663
1485.1751895922573
1500.7610029644004
1496.629054114253
1490.6254000402573
1499.8614793831803
1489.554935171727
1506.375078287108
1468.148142785181
1507.505548123855
1486.042190312138
1501.884245552
1480.4266659692491
1483.203623114483
1497.1822232717225
1501.7319347070004
1475.808553211686
1492.2681938389533
1494.2563090197466
1489.7438974304353
1486.3522795237561
1485.3950924320268
1494.5377508349322
1485.0124565325973
1499.790045623213
1466.2353266666423
1485.28288771899
1498.1340027870936
1476.8987623142093
1493.8522424257187
1490.6208878087766
1487.8930108001964
1489.8447447058666
1477.0907605482232
1481.6925849183458
1493.3182368568766
1472.2151262081907
1492.1092585951437
1507.31077249314
1493.8615601458798
1505.9035311316545
1486.9032780234006
1485.365087305622
1508.2206820119204
1469.5787630784027
1513.0696668565397
1499.8036878588719
1468.8011764273986
1459.8652784512944
1503.6940456917403
1471.6130371139936
1495.243506257475
1493.7789262309439
1488.3008963180287
1496.1555828034645
1503.288581622588
1478.0518561911676
1482.6037756534279
1480.130861121704
1508.2823943968615
1501.4853885242078
1485.443248346851
1492.0394735862046
1459.810007786534
1464.9088889410357
1492.0791377867974
1482.587186636158
1496.3115890612892
1508.0651543939307
1492.7116336072413
1493.222552822999
1474.383699920372
1477.1940223321558
1507.88934272767
1498.5478234971167
1483.9499392070568
1483.1973455479397
1500.9808404655682
1497.686853415047
1488.4602348575943
1482.316655911627
1490.0696586149313
1496.3423125925053
1498.6420405847443
1480.6794039610431
1493.906632650722
1460.7036229709624
1503.1570976514151
1471.42109728525
1484.51736940576
1484.5561869879296
1502.1127143990168
1504.0414377402979
1480.4440579689215
1461.0574124054847
1461.7668941964248
1507.945288059042
1489.990129931732
1478.5274185290893
1482.6414320083106
1490.4513778424564
1483.2320896721212
1481.1389475695685
1499.7701754967113
1493.9248433583862
1490.8748219541776
1461.6442281515228
1486.1136169634178
1496.3781822612864
1491.8988220868252
1488.080074346923
1484.4598509529503
1480.2301738355382
1488.781174487217
1492.166251433667
1495.163279987313
1474.903092303514
1496.1513075518492
1477.036903881679
1482.0862528066011
1481.138878195607
1500.3885373697976
1488.9084751347482
1495.2556261536524
1461.0826093809217
1490.4010978683868
1473.6865966334628
1485.94109212059
1503.6158169367998
1483.7955864455182
1487.9739501342647
1516.1881209518815
1465.6506887324433
1486.9304097756967
1484.599517675651
1463.4508041350787
1502.3340587799105
1488.2662253374133
1480.6233909381053
1510.3398499142272
1497.1430843601936
1488.5844667465408
1500.499180653967
1490.4126333975873
1479.5486111062148
1495.0219939852986
1482.0576740780152
1492.5449280525868
1480.297171104921
1502.7557600275384
1479.59587289162
1501.7630337550663
1509.2867219216662
1485.1283415640353
1488.6945707052728
1475.8424680819874
1500.505925853076
1495.1882536065875
1504.0808915280734
1501.8121538810817
1474.2168570476636
1493.5291516980521
1485.6457696705781
1478.4164701484078
1508.81213226057
1497.6574423716509
1487.306912289725
1501.5728485108787
1507.7733068370333
1481.8618717152722
1488.988534813417
1509.5732159220845
1478.7129789038038
1464.7369269322612
1486.588655488226
1498.6187480600777
1501.0089195271582
1472.900694962008
1468.0400695398728
1501.3201243702752
1484.925013924273
1498.319011680663
1507.8870074889549
1498.5243247212147
1509.4518399843955
1510.172135209928
1484.0907245714732
1486.0033204543145
1493.318173278093
1492.6773293730369
1505.9145714985402
1496.9928896642916
1487.080061656874
1489.7895669919806
1460.9947172985
1506.8761593311363
1497.77028791327
1504.348016979879
1496.4837709315111
1482.6587010744784
1487.0158379241332
1515.5604730725925
1470.1487538342878
1458.602445360444
1505.5366929314473
1504.4498684264352
1496.9020220044874
1496.7282303885702
1510.8639081874758
1493.2707232481976
1500.4152588114598
1500.1441259672874
1477.7349637458137
1482.1976914437348
1483.4414371641492
1495.807921333572
1486.6730909408047
1483.6471771295494
1485.5364992316263
1495.0870708516484
1504.7206180842966
1499.5041292763437
1488.6930965864487
1502.4146658155385
1500.328696383691
1479.8024843135174
1482.5098924923177
1461.082609301722
1505.3831329985312
1498.2461011403173
1477.172309981953
1475.2601238906475
1476.7925545331461
1496.3394043192704
1491.2668987245486
1497.078476226171
1481.7257333877067
1486.3062952684897
1502.5740569640823
1498.4602121843923
1503.2760383566178
1500.7511901095088
1502.7239075310881
1498.0055100446186
1478.7336232619336
1477.9891920681673
1459.0111437418961
1491.8139388412274
1512.1576818787821
1472.1472288466935
1499.8440025996993
1501.9155674613671
1492.2470540249349
1495.5649873871266
1493.2430852714776
1458.7196339360385
1496.1373314431946
1477.8124777213907
1501.2499339948217
1499.4288636192307
1513.2653225020258
1506.623187014163
1494.496727060092
1479.7806073749769
1513.6232925463491
1495.006071699713
1502.9020813361158
1504.7298286360256
1494.2931498346766
1461.6357781455602
1503.9108141876393
1491.7512897664672
1491.1305699241534
1496.263229010081
1504.6406989859277
1508.3053901487156
1510.2181659182938
1487.2902105944306
1482.5360556780263
1501.206779394298
1487.1951028455267
1494.2654193506687
1498.7036318280345
1483.2928983843408
1507.1623304789805
1498.3070235828343
1501.1400769834424
1487.090115369842
1499.8169814186112
1500.923244140362
1493.04640942243
1504.3139660731392
1498.2957430525873
1500.6728306913453
1479.7646027086716
1491.9622661240078
1512.8408491948687
1501.6758573711713
1525.4919692507342
1500.1696582579875
1508.6392604437633
1513.2788273177093
1505.1255778652692
1490.3057956425932
1475.8605042252275
1491.5244611147953
1509.7623787220991
1510.7611851412194
1508.5231022328346
1508.3282626097337
1490.451020038992
1483.4274404893645
1478.5641178084882
1492.173806318103
1506.677789332093
1482.9744094780692
1505.2111886136533
1493.2606635555064
1490.9074592641373
1503.166489127679
1485.870944566661
1490.5916982912215
1505.323188829802
1476.0637415537092
1480.9014468077992
1502.73660714117
1506.983076673777
1504.0047700217842
1515.695351002523
1498.335579022843
1494.1305747705971
1467.6244267070342
1482.688811834556
1501.8859926741798
1495.8064006647833
1518.6843647653052
1495.3646647534472
1496.4844925334855
1494.1446106289582
1478.7569070262782
1481.1776858558517
1513.3418990816592
1477.0174766063208
1491.7518553844611
1524.4255623578254
1499.3591305985044
1485.5120265660296
1504.5064685093996
1502.6523032618484
1498.619433535835
1488.79698009396
1498.8712988300172
1498.874165580576
1496.206773144019
1488.420984184969
1493.1199453867453
1490.2218647788923
1491.3336660337054
1492.5604830973648
1482.4565107152273
1486.3936507886035
1486.3674260971786
1482.9345541937737
1510.749582104741
1503.0089569185482
1491.1807693170974
1464.9374706904396
1504.2181733367795
1504.7395185335065
1500.2646592013866
1496.7617101730873
1490.6321382633996
1515.8530643680704
1499.3340766834906
1505.3993970979598
1481.1571611455295
1505.1012473616029
1498.2227419761336
1489.4233220850438
1480.5027630396228
1506.8845094318797
1504.4251896414441
1482.5596628083144
1498.3528745225458
1490.754608454689
1530.0392877063234
1476.8998056127969
1492.748324991412
1487.8494784826676
1506.2948057696342
1471.5624053412375
1477.5556321041088
1503.5353587667669
1489.2704513641559
1486.8937386766588
1502.1769204586874
1471.7191392633308
1500.737596072406
1515.6846257975026
1495.9772557345432
1504.481594919285
1490.5696466373201
1497.808447979943
1501.3058245699233
1498.302233945565
1505.2733233709062
1489.5877745522473
1470.4658117504366
1494.7395646436835
1487.0650926904036
1493.860415758757
1486.1661978329792
1463.9855828573752
1495.8250594268493
1481.5950040380112
1474.5828002780886
1478.9965285225428
1472.1075639996109
1482.5238771699353
1482.5657130715556
1476.6762677703612
1513.6944183362368
1509.0738951306646
1493.7742109863818
1506.653392282353
1485.9620478245288
1521.7239427737072
1498.9211800985813
1519.7952509771865
1526.9292194457016
1504.1917259568877
1517.1615016502196
1499.9727936479812
1501.212706065527
1515.9939117566057
1504.1694881227443
1492.3542123318784
1485.7141812211983
1505.1044654190935
1480.5067139646192
1516.3046019511585
1484.1193866588758
1482.1917579505914
1485.5386595880104
1523.1013333502067
1501.9139299755013
1482.8858155551604
1479.9211083038242
1503.2867084885513
1509.3423338797738
1499.8029152880279
1496.2536582067678
1491.7859686823608
1501.1863218326687
1481.0518109467896
1474.2975053156536
1500.2517573168439
1474.07999555198
1496.1549197023855
1501.01577125904
1491.6262077283475
1475.8357404124977
1478.8706562996556
1529.9248890621654
1473.8714212278085
1488.9833417783918
1509.5665860060299
1498.3118629424027
1484.7034288956718
1489.117545679449
1493.4278458414885
1478.5350465741885
1492.8180539561617
1521.6872334385978
1490.9240768706716
1500.3019846856068
1503.2048177265358
1481.1928451441054
1503.1523497549272
1509.3185602583096
1495.5042995979088
1504.9240059731817
1474.3963604008254
1498.925496089925
1513.65177930517
1489.8693077092005
1496.9170733004246
1503.613790212844
1496.6214978896592
1513.903747181731
1477.3665065157054
1501.5029917545305
1510.4277212088136
1505.7985553008539
1494.6051263167121
1494.1001416880372
1490.5808356820173
1501.8175826840827
1481.5029173631767
1474.3479778852586
1482.021955399929
1511.7947862051392
1478.4299558809128
1479.3265165863234
1491.5098119991214
1507.3747559974308
1479.861703266469
1493.6282336630804
1502.2639648719019
1488.0592853045637
1498.4569772913683
1489.063847527488
1471.218613755186
1494.7654625371508
1488.4059571008313
1459.7050448355192
1493.499373971009
1504.2234136231345
1501.8360196970398
1504.8931040094437
1492.9758684495798
1485.494283111937
1504.9299788664923
1464.4187069963307
1509.4021736904394
1511.7334689608176
1515.7864840301538
1518.6386302810265
1517.951035803731
1476.687850948762
1489.3545360045296
1489.3797157294823
1466.6300786633456
1500.545677647688
1488.785408668395
1504.3448280308903
1481.5880894518261
1499.7926924278067
1510.8026961318303
1497.5778729464087
1493.8229904029583
1495.9932160264757
1485.0724896921784
1499.7438250522855
1497.276073568039
1486.9323760453642
1498.4719017040047
1471.5428379274476
1486.5260336035599
1489.2218597676344
1515.8476333298358
1492.186447727359
1489.0738388784728
1503.680182777441
1486.1140167865876
1484.7393783158268
1492.267260152764
1495.3993702177877
1480.2450334544321
1485.5719521099047
1483.4189407436309
1513.788077114257
1498.4067872880796
1464.314226696512
1504.038850415422
1470.5083224881964
1482.3304888059454
1484.904030845649
1500.977495218803
1486.153419467773
1484.1971581862842
1479.7948041168365
1484.035610407382
1501.2085153954806
1491.1534854527486
1501.435478791477
1464.4570593830329
1516.0840319848332
1484.7275347880557
1488.143330690903
1499.1773645106678
1482.6737164271012
1480.8802147436875
1469.9302446165639
1522.3787099046715
1473.02441713351
1500.0894009823146
1503.1017156210553
1515.8794860843025
1515.7587665423273
1495.2200290940889
1481.5480893426009
1493.5206595244845
1477.6952748577762
1477.9397639833421
1499.8598275360023
1505.7491601544514
1488.4724714001618
1486.5622291882348
1484.2087183198582
1492.4930812494824
1488.8347336923246
1468.7575408271925
1506.2594189619278
1507.1585975171809
1488.669819723908
1498.0558531856782
1500.4608726202348
1499.2897426764623
1500.5524226663376
1499.4251982112664
1485.218677070364
1504.9982277883569
1503.5097313591052
1490.3506910183721
1482.3705920180523
1498.3048046767635
1479.2016894051644
1477.1400569834475
1492.6780635458608
1498.1918242377892
1483.7871152255384
1507.7938596642373
1482.4713434343705
1499.5576635363752
1469.1954804544819
1498.3726965882981
1477.5708906256098
1490.4333637062255
1492.737240698871
1497.413732357109
1486.4966389379827
1476.4046302707427
1499.5025884023855
1484.1502701610154
1497.0923047859726
1483.7104139821874
1489.316168632255
1498.1763054557975
1506.2093265194521
1500.6454664202984
1488.350849131553
1486.8056753174335
1520.8411964576985
1468.8401259439693
1482.4147032602589
1485.7755228998851
1508.0680944137623
1496.3249709543588
1485.183772713134
1500.6856644617385
1479.8865910440234
1481.3943585620427
1485.8315805782943
1494.3202367807842
1527.8819774192248
1503.581788225909
1497.6500108175528
1492.8217184230039
1491.7753929257053
1497.164805694134
1504.5889314538765
1474.8046674979419
1483.252487848043
1498.8054592786343
1489.275634827048
1480.4714829085358
1494.0158191061857
1481.8214870445702
1510.0187901596998
1521.8800323774053
1480.7071721010534
1492.2922906980136
1498.9370602478937
1508.6502695275153
1516.8282553435345
1508.4292086371881
1506.3493146537191
1499.1762269194041
1506.147017392768
1513.9797221723345
1526.4419569254433
1456.0129750119174
1490.9219687268494
1504.0306273829653
1499.2790034955278
1520.1831108245228
1512.8179349821696
1490.6873341288244
1496.1160476639163
1498.0552401529744
1475.657915224653
1477.9987373990862
1480.0169834798653
1495.1063515312662
1492.827626386323
1509.3907699547253
1505.415969557609
1498.3583787408725
1506.4787140804551
1506.352147481768
1509.813948213764
1468.4151135482266
1492.7721790499234
1481.0433195086164
1497.3824091248177
1490.105491296925
1486.5866610756427
1489.239803461697
1500.6912430705788
1487.3885980576047
1503.2107384718242
1498.8211816756232
1490.3530257135296
1489.8779232812317
1498.9666614153025
1470.3755345695731
1477.2312861115336
1488.6793809108733
1481.2489007505478
1501.581428309255
1497.6319369588703
1500.382606152791
1479.808372913126
1490.6341633218815
1510.4607427850362
1494.606091881511
1488.4108376659935
1528.6041313528997
1487.4206394339221
1509.723040627418
1499.3871585564339
1482.2485770454334
1492.8568620382055
1487.4500874278065
1511.550738176906
1510.6709410265682
1508.9861060273577
1472.8629980722471
1496.629539665675
1518.8003273428355
1501.1669098145676
1486.1364691352926
1495.8318542168056
1488.3511248837297
1517.0264690959673
1483.467611015424
1506.9140328971482
1518.8587770802974
1493.1088226280744
1494.7988080446105
1494.8020115861164
1489.7049058043917
1500.098601347554
1484.7973101921527
1500.2477540225805
1514.7497475789976
1488.2136617679748
1491.3376920182648
1501.5217072188827
1493.4544085356058
1493.4749801677378
1488.115086952481
1515.3893679131907
1506.10958279173
1492.7799467213276
1500.3756357241377
1492.9563274134962
1512.6563730661094
1501.500539532953
1505.8241304827977
1511.49000521874
1495.1136819500387
1511.944360663113
1484.617847382136
1490.6176706834829
1507.8529906333918
1488.656462942416
1485.0693590681578
1495.9325687121293
1496.6234678107278
1494.0801931091764
1495.2138857222074
1507.0255933078683
1493.1387316702014
1497.3147581712333
1514.3153324138095
1496.3899484262058
1498.5203766279506
1508.5166272851181
1490.0224012393562
1476.3977765248949
1503.2266253821808
1492.2965210955037
1508.6276876682327
1494.459886007039
1487.650505084863
1496.485729202564
1502.0503447241942
1488.0537399679283
1500.2544792870906
1500.967721123658
1497.9385338941574
1500.929603231794
1513.3218941222533
1495.7674891958943
1483.5156847267153
1506.1645144694587
1486.3988986275644
1516.0066144264542
1501.9016631093393
1477.418937298584
1493.0016091500468
1488.9243421062622
1490.099052360321
1487.8892708113922
1500.0377045033727
1495.0676993240745
1505.0537196482562
1491.304201380438
1491.5804949752537
1504.924786906452
1520.7143284902909
1490.846613775884
1496.5130626988446
1506.201739814543
1489.4213664831407
1474.4517011683668
1485.6074915411316
1514.5460951930415
1505.2615070387847
1476.7638998475938
1517.278002870104
1486.1589633414271
1506.881635754729
1483.605726198727
1517.947548984481
1492.9719895526584
1503.2667115427605
1497.1619169799576
1485.5333764728584
1480.9461722464353
1496.76825650936
1489.3671980621273
1493.6259392830968
1491.7127389069972
1525.4031362513715
1507.1989617083973
1503.5646106278732
1502.3084348434124
1490.1994917747156
1492.2247785724994
1519.1089091822466
1497.6696992665454
1509.0871284060333
1503.2602475179767
1493.2333418090443
1479.0901581591572
1485.2678829267454
1495.6354717395677
1500.8395087882345
1492.4602699519808
1508.2859804470609
1503.200841874299
1498.9374409351028
1493.972610915266
1507.951685213798
1507.5829255941337
1490.788275528718
1513.9775653549827
1491.8016037597345
1496.5786342730216
1519.8463840513475
1488.8989294846886
1500.0188461870364
1493.4621036540395
1503.3489405777457
1492.6532193979488
1493.5330647170251
1509.3654625835823
1487.2356152988718
1513.5894301297324
1497.5881685736626
1509.9858247783757
1498.1289778256182
1509.2245391881977
1493.3768272597194
1493.890327513178
1494.0746903735287
1497.7776349991188
1503.4126267734057
1493.5595166201776
1506.7012969862822
1482.570646726122
1497.0888070180679
1507.6076350211183
1512.691103652658
1490.8938194219813
1478.7921961304885
1496.1336986203908
1506.0812846812285
1498.6509051865478
1496.8109672569108
1488.9075446307595
1511.147646191791
1478.31642345679
1507.5296892878494
1502.028638855633
1500.9814628051518
1501.142715639286
1482.1701305195177
1496.9876060961576
1480.4156474741224
1492.4382558663926
1489.3675484980276
1512.04330197377
1496.9377742320557
1481.324150473171
1505.9167822056406
1481.1962320865787
1489.1198844032385
1492.9790202000488
1491.728573996397
1496.3572180957997
1513.5194940705826
1484.852291023419
1496.1934975081435
1484.0801873206199
1486.8730535307072
1499.040790526118
1498.3067242556237
1508.285277781776
1488.8186873617472
1519.8582855575037
1493.9557377478118
1484.5140999870393
1491.9799071930972
1499.9033766279936
1493.8769264311213
1514.4400143946855
1511.5757762885564
1493.0930803906815
1485.082898020805
1497.8920966955814
1488.6972949775438
1490.8249119719776
1495.4391676238736
1479.0876795057115
1504.467443978842
1480.3470564564361
1506.5213745011188
1498.4611552549347
1504.148893703007
1498.1638931487887
1501.029825406591
1489.7367026074523
1494.613057571143
1506.905360226761
1502.6813693503393
1500.9960626467364
1490.944548150203
1511.8855265669379
1486.8053707609363
1502.0394992261956
1508.188887245107
1510.152983970484
1483.7512105297574
1490.0887446888476
1493.9017632983348
1478.9984723367859
1494.5627366364079
1501.5503821752852
1483.8163930287726
1512.7060513467281
1503.9908687276627
1499.4024998597738
1518.2435069852168
1500.9017895143354
1496.420088503697
1499.3172440888911
1492.9252475115454
1503.0794552057646
1488.640369310265
1483.6599600089012
1506.4222853926872
1496.9880566519387
1499.8677140839507
1509.2523114034288
1493.0610380158087
1501.5915723433832
1490.6759562469558
1511.0319082632627
1499.0245742122454
1505.7246388708616
1499.507755228882
1497.236999271757
1488.9903661617207
1485.021262628362
1502.6494007250799
1512.904119361616
1495.15655049194
1473.3575034205244
1493.3578304489886
1509.775298234959
1484.529813712477
1492.937041107622
1505.3851411632743
1498.6035343615986
1494.358443178277
1493.6750031387191
1486.3808826018906
1501.6347076781892
1487.4678806184536
1510.7012700732753
1478.9141781118255
1503.6830879193667
1474.4124385063071
1504.8221661243692
1498.326257091626
1487.4240258271989
1499.7144237408681
1487.6914652163691
1495.4372617834451
1498.7625631219535
1502.7013716869026
1517.053006215347
1493.4751250335146
1478.8446089714182
1501.1794328008439
1491.6178602048692
1512.9773575400397
1501.5123045080227
1491.1692826470473
1490.7412331257872
1500.6792510133657
1495.0579493459718
1483.748761360068
1497.745547735746
1490.415084743448
1498.964633506988
1486.2487868934531
1480.89784112495
1495.0563410014695
1506.30141768165
1488.4668799727276
1507.7345700792282
1481.7272561562236
1508.7092946300188
1502.2709742391053
1521.5636707644517
1504.4107078373975
1501.94394565973
1501.5323450741932
1489.4236988940086
1490.7044508903923
1493.612432120944
1498.726505121664
1491.2987440074075
1497.9489427465292
1492.6321475947493
1485.6802005269353
1477.035797563272
1503.0125854424853
1509.8263020901222
1492.6019818119962
1510.1626774893161
1502.7257680781224
1484.13093878556
1510.5142274834552
1503.0209815775536
1472.1213946330577
1503.686864544679
1498.5275411727282
1507.0422977777048
1509.4275006277758
1507.783659674856
1492.957650366852
1508.2935629951762
1489.2818918039577
1504.1340531543412
1494.1907170489326
1484.9972412649504
1505.0182045892616
1495.4058891526709
1481.8661012967686
1488.9418839310063
1479.6078979971824
1492.6618281849287
1505.097905021326
1500.262815895099
1495.4915970870716
1510.9523258762415
1490.9046337673947
1494.0274075406996
1519.0936081879854
1516.083926934798
1482.0443089904502
1497.0143942184363
1499.1653014319875
1491.9588582763533
1487.0663417155158
1483.3721798455174
1501.0042101186216
1499.1585736931368
1500.959796374439
1508.4152733837363
1498.910364513757
1509.2114948870278
1511.751706897807
1489.1986661840992
1516.904396541891
1501.6066480214058
1490.3868071497113
1507.1140840620444
1511.793350213534
1501.0604458059074
1491.634730752523
1504.7315541780902
1477.0175881581647
1480.8125448415628
1500.150839499056
1494.0117358246737
1509.337323679385
1498.8578228611025
1486.1005497605015
1504.3783011320927
1483.428732942569
1500.0822455997447
1503.514155649138
1516.7576935066427
1494.580904421798
1511.098178111648
1515.055053687568
1496.2290471716265
1497.6397569393346
1482.7607991248028
1486.6823666493372
1508.3228634045743
1513.2809211484966
1488.4335408808581
1500.8666963522126
1504.5321566108196
1505.8676516010048
1489.1265734361987
1513.607176249454
1493.9294222913036
1491.9480081851216
1495.3319506653145
1509.5550179437648
1484.2499414790354
1496.1351004202588
1504.2771035169933
1467.9924372675853
1511.1949836184524
1493.3410398775945
1495.815489881345
1508.794917712199
1502.4049297735248
1496.5866927028674
1495.135528781023
1502.435800573423
1524.6092987297188
1493.025880664104
1499.9064412567839
1506.5131026843428
1496.5088308731354
1507.3232988693917
1508.1819198517926
1491.8349721172792
1499.6646926666335
1480.3544131537437
1486.7638380947444
1502.7655283495274
1497.95364618769
1502.881557448153
1499.3431221588828
1500.9070375386304
1505.1024739761824
1508.3222482901876
1498.612459319759
1472.7620524577044
1489.5267455665928
1502.889490867086
1491.175661619392
1482.6824609714547
1499.4371653286703
1477.0859925042885
1478.7160057359545
1498.8057755447146
1502.3985560207318
1500.4809289491363
1496.0369772960742
1506.4161326875396
1490.0934370902792
1492.6111363316718
1510.7871901109656
1498.3553822542403
1505.7336045049044
1476.122105310197
1506.6024374095841
1492.6174914186788
1488.674059733342
1488.991556464914
1499.4611149297175
1495.0345852330006
1488.575346962232
1492.0854456843765
1515.001424738946
1492.6220976642828
1512.8391138974632
1517.4413943798054
1502.339772889158
1498.8821673685725
1490.674089708661
1507.9312729203461
1516.590978648191
1492.8544227734546
1498.1351394116853
1493.3923253151866
1489.7790552846259
1485.5413368010475
1499.928297546473
1504.953375089861
1498.7061969416097
1506.0144756180243
1493.1210874160104
1497.4595381716624
1507.3781410694062
1488.5680915863365
1490.6027314606156
1497.5378944044003
1488.0252138362375
1502.4920399126552
1492.3784673515308
1508.6008656316671
1487.569521906919
1503.6796217634544
1492.7090941020404
1500.762782730423
1497.8509807327487
1497.9970727308792
1483.7931471395168
1484.7909486851402
1508.8917029268468
1474.914726196934
1494.1034338761258
1492.8050619165617
1493.7111135007542
1491.1244862846886
1503.5041903923834
1496.3842977390432
1508.249745632749
1500.2104664275284
1500.7094383624249
1514.493382503854
1513.2912382384409
1514.9006805979689
1494.6733265151831
1502.4292455566665
1509.142131599233
1496.2010432913034
1499.5010574348332
1507.0651693419688
1491.99645355828
1518.711952886263
1494.7446179858853
1513.9259143725733
1498.7702252059723
1507.9128969510105
1493.360300620553
1504.8874366152406
1501.504429111348
1497.5031037905198
1488.4356443268082
1502.3726333335724
1500.1433743460577
1496.3601026065908
1507.3376663283839
1489.7755676292109
1506.8768704262925
1504.922628740312
1527.9181866545932
1507.7651036427503
1510.8795601137545
1503.0959114163527
1489.1971746774805
1521.4530049785405
1513.8201694992852
1510.3997343629537
1489.5241313248227
1489.7833880499456
1503.5347377074993
1498.0415705605697
1482.8681118124407
1516.8475844625887
1514.809860149797
1501.4205567068786
1500.3175644099813
1500.0670601855218
1488.8884850047896
1521.2923833226628
1509.5175137239041
1502.1173922998466
1493.53554634781
1504.5713049658782
1489.5140734144393
1488.3525343649744
1506.4867746928098
1504.1714176689595
1495.037064678051
1489.484641749388
1494.4010603963882
1509.4201844068282
1512.180579492349
1514.0229178651873
1494.6689495537375
1497.461708414475
1498.9323440521448
1501.714407509349
1496.134349269295
1493.256483420403
1486.6299909127038
1507.5615104131186
1502.8282964679381
1494.153042169853
1496.856925045128
1505.8988271298274
1507.2764189487868
1494.4066262229865
1487.1240816033758
1501.731626231516
1498.1255386530763
1497.869748457542
1492.8960122483757
1502.7358658779738
1501.2529542818936
1518.9484112988894
1500.24404029329
1510.152119417376
1499.8678658597978
1490.93728605797
1496.309087720318
1504.4656114410539
1476.200866790809
1532.4729223826187
1510.0257561683281
1507.8425955223809
1497.5498083360326
1497.4263181646186
1492.2559888406959
1515.5497112459034
