Model: OUTRES
Dataset 22: wine.mat
Accuracy: 0.0
@scores
0.0
0.0
1.0
1.0
2.621781196839433
1.0
0.0
0.0
0.0
0.0
-254.56634194459835
0.0
12.428894252327199
1.0
0.0
0.0
0.0
1.0
0.0
6.334345529529587
0.0
0.0
108.38980869889822
0.0
1.0
-344025867009202.2
0.0
319.18507140455813
0.0
1.0
-20055047.108840004
15.050285723501807
0.0
95.25034563440632
1.0
1.3946365516254806
217.917493836923
0.0
20.580243666802705
0.0
-12209.830795628059
0.0
0.0
1.0
0.0
1.0
0.0
-1009572.5326406882
1.0
1.0
1.0
1.0
0.0
0.0
0.0
0.0
0.0
0.0
0.0
1.0
1.0
1.0
0.0
0.0
1.0
0.0
0.4693846295525749
16827.874997235653
2.1539610206609945
1.0
1.0
-707.6742519148784
1.0
0.0
-26.07825173140225
1.0
-3971.998074608506
1.0
0.0
1.0
1.0
116.21440284510282
0.0
7.710214109797842
1.0
1.0
26.96162263195092
2.0927550698060124
3.217549197486099
0.0
0.0
1.0
0.0
0.0
1.0
0.0
0.0
1.0
1.0
0.0
6.8857872367917485
-9962.895656919047
1.0
1.0
191.46852189671182
0.0
1.0
-10758600.369882805
1.0
-8.862539391952149
284.15742034086645
0.0
0.0
4.678793565778292
0.0
95.5225975698658
1.0
1.0
-5579.79602730054
1.0
0.0
3228.7980396302682
1.0
0.0
-39.79990965430747
0.0
0.0
1.0
1.0
