Model: TRINITY
Dataset 18: thyroid.mat
Accuracy: 0.23655913978494625
@scores
1.9852499905687802
6.04256024409468
1.3286573748877997
1.8924836413570578
5.9484165833594576
3.104474916162441
1.5558515983071655
0.6703135084134714
1.7035854237061214
0.5737416886764092
2.7510528304749005
5.797657995708103
0.5417243499725793
0.10808238293182726
1.2774468054471366
0.9023115631453099
0.6265326936901796
1.5225617235911086
1.3907814924992985
7.3256659186649316
1.5241480670757157
1.2057345578704075
0.41911371569066497
0.1890635418729684
0.8866532515267037
2.5113268239346356
1.5923678753057657
5.674515741294484
2.727539865703068
0.3015099133534707
2.6176174092950135
1.70217129662875
3.1045291978394505
5.944938042415148
0.38747835769889777
0.187215353226156
6.833131896748205
1.4060419079013438
25.749064088668415
17.256054323136187
4.588274041035163
2.5002500289928506
1.7619978021308373
4.394255115423626
0.9790114480709521
4.375480576603135
0.11873197996681113
2.6693840294151356
0.0763734095115863
0.6524959409220564
0.5015547541345564
0.535185357496509
5.286052190977619
1.7588906524907104
0.2267861390789354
1.56288983370656
0.5724965476425601
0.9318360048376503
2.061136270686546
1.975236828364219
1.1158514700373405
1.5243836442129488
0.8022328619946794
1.4978349935307362
7.380632733954099
1.7821281019281476
2.6504636651037763
0.961295961886961
1.2790374989840172
2.850522386881204
0.7618814016582051
1.5337875248451789
0.471736340924779
2.5319762730719177
1.7115629010355387
1.5078615177351022
0.5737940295929099
2.0220781902083442
0.18056857509121096
0.7054773420351962
0.33092661534053375
1.3149193062455755
14.724174644579413
4.944074475646974
0.9453974079259483
1.3577151462737402
0.6573852207048838
1.1165105119109542
0.6419601775872384
3.97010801349403
0.8331720905295298
1.5707090700787667
4.37631934782017
1.4027477893355034
2.911480670651475
1.2524841049352893
0.22488712634765248
6.011938930111207
0.0952023696583309
1.0527455340984455
3.8292966609692485
0.42651204925757386
10.769180176197208
2.232520447550162
2.909019951982229
3.447686476563676
1.4518039090241663
3.725596400389046
0.9758602499421017
3.287248285834073
0.07763598473287388
0.3659497067076558
8.493849645782207
0.5277592700927639
1.4287709222168552
13.075242832248444
7.724297200286752
2.323810197586618
2.5721330857179097
1.2103549557899056
2.861861402047316
5.181388739535329
0.41762540273137483
0.10886702659393029
2.081561377022037
0.18541347649047993
0.43691236026093866
3.013989479420568
2.168202596640239
2.9099684470422567
0.5671980313549204
0.17382612538029105
1.470081019200454
1.8031093157940108
0.6079717561641477
2.275118505276723
0.680483019596075
0.14227699529366852
3.6571293795304496
7.925907512118568
3.7708763862963113
3.1307737257797466
1.1305760530754876
0.9574534052521061
1.2908060002866397
4.967612839711566
3.435816413227725
6.165587242722317
0.25397305370138423
22.272984904285412
13.41455329089081
0.4444947395705597
1.1106434111318564
6.630967819971324
1.2848344657950712
1.0279726844115205
0.7401551270876822
0.1566807486430995
0.11501535475275233
0.7787720915884848
1.80027861993082
3.1763693943542815
0.5183488152060509
0.560198321315977
0.20470937609797704
0.35629444195875976
2.0812551996471766
0.7763765950807731
0.8997819872169273
0.4941203778993015
3.25679561857736
0.4435203814403677
0.5724609624609837
0.9983405611504934
0.9911144158261226
1.55960334042655
0.22597091933541713
1.6144260341094225
1.6497725577882212
0.8390347178884624
0.47570103753792564
2.3514590406469824
2.5896800978904406
1.0670123248915908
1.023705957484985
0.2556609409805238
0.3087102429290735
1.0912957630243227
0.25201393473089123
1.738723455673217
4.824901807865484
3.578898256923496
7.229963991667591
0.9482828884034981
0.3937439900590654
0.14429028177695294
2.142261673278273
6.5286139692865115
10.96679632912056
1.5357970663677347
2.417099271093512
0.35876705296485695
6.940564534577749
2.330843270628255
2.901848335080173
1.0184229134038667
1.0158256633802145
2.5183961562871886
5.174571493350476
0.3485212947071008
1.631397450031432
3.3461313036359077
2.5467655960182296
2.1660203201856376
0.7376135804937127
1.3682583358510907
2.4364902900017706
2.1446001247294455
0.2943548043364014
4.952367505075567
2.4887571379658513
0.18125204489699762
0.8328657706459904
6.574581833761214
1.4224296107077352
0.7465591906259818
0.24771747411664005
3.94360673323589
1.9090771877941803
2.7895368306665613
1.7043389841050791
2.801796568458776
0.596582731416068
0.9922598061690683
0.7839615402299476
1.2147810728341761
2.2845190272552376
0.7399030260835621
0.5233243396064684
0.9586771130740684
2.7843070589447048
0.7176350210064912
1.736901806636298
0.26128722888977185
0.7957115712479758
5.824784572131699
4.281178936975242
1.3364877634713712
4.505607850885384
1.4240067319548426
0.6361957756068037
0.6963345279714369
0.6163466519012195
1.4460833697353792
0.8940185755261995
7.524115831430162
0.5907000169564851
0.509307409574736
1.8061408650052184
1.567965036029982
0.07676903122770837
6.617055923536335
3.1115382753496785
7.255169539891178
1.0429962211559205
1.626979753397678
0.24360948238626226
0.4264827848984351
0.35087385295747137
0.11811183713479922
0.03885280010333475
0.12435557971816287
1.7113261075600914
0.1927395196801047
0.11232459481545871
2.563668165037094
0.5590997513135868
1.2578726693793483
2.4489683539107143
0.31419402784805933
0.37365106802315773
1.510003239897973
3.733243546319983
0.33749705358810916
0.8950648003035431
0.46320757639296045
0.33097606897826054
0.516263780237803
0.2217556813240149
11.26827837770522
0.567523211391581
0.6891515509936098
1.9629433680595554
0.6096564092629922
0.40280266439397555
1.508918392443319
0.9293997591314612
0.08773256378380168
0.8174350210353651
0.31181266963304916
1.0908795011600616
0.45481382310160084
0.527237130843673
0.2702139797509822
1.7056323155534665
1.132032560830911
0.49097458304484237
1.1746226583501602
0.7094657811664721
0.24170650946005545
1.4551595076187327
2.250523556262704
0.9041053093817469
0.9635748453588433
0.39288945525011615
2.1116807861599822
6.894758089831689
0.7603797208229532
0.9439772237174773
0.13830284835198386
0.46694816039629555
5.686067396156191
1.9650705099292312
1.2381299459456114
0.05581840354467261
0.09612552676428866
0.6606290620668385
2.682248482555362
2.2599380875223085
0.706456638872703
2.4002354090866294
1.1230149513647572
13.822858083221663
0.38949683461447776
2.5833377562836994
0.1631073410425164
3.4747837575310974
0.5080092966544644
0.3807165567428388
0.29387733633553964
0.8840920742452855
0.39687347815483737
0.79544091364985
0.30729861216312787
1.0262877116832267
7.472929462955455
0.8371754890150321
5.833211135545725
6.180666986228478
1.7376127648443138
1.8551324407571617
2.1289016332901123
5.495309916096744
1.105612355543281
0.2624005073761209
1.0131231262225615
1.9572528150351989
0.1947357250049173
1.8217196910329614
1.6854496256584783
0.5096326070310774
0.3963639929475169
1.3386458639638803
0.7959351611593947
0.9649906123872315
1.7671171635690832
1.559141741405288
0.8318002196475222
1.8411438580069868
9.192354536034015
3.966343131033607
0.9810614649987727
1.1175598873746384
0.2844348256767391
1.2397295041209715
2.4843318011470057
2.914231619104772
0.8023452863670558
3.5567939151998744
0.7999087299870747
0.3956545289540916
0.5140203571260789
0.1659979379221189
0.1822552210481688
0.4668263963657426
1.1414535434376611
0.522124653744726
8.512687216999355
1.6562503687514003
3.5677246126970243
0.13844461947700473
0.9376776007992679
0.2089828705071771
0.36096181727182586
3.4737673194635033
4.595288822668879
1.1303188886864024
6.470328527185605
1.783470920384351
4.901749337110606
1.0130067963636202
1.1704779325898256
1.0902983357311087
0.52191757288631
1.5685102355325962
3.3578350588306574
2.6865017505617192
1.0002624628483419
2.9873725512730673
9.182040208526262
1.5943878340303244
0.2822697559748943
0.3875671832883285
0.6735457553082007
0.6309948950623132
1.0606577778617856
0.9907572038472073
0.7983272854780984
1.1574245426429335
2.007198455738939
1.0368828625737245
2.5917553944117535
1.1052518079601394
0.36575637672623157
8.244205644837917
0.16210795736826386
2.999873105316372
0.7502094159183006
0.4995911509368948
3.838512507627532
2.880685027006385
0.49180519917603044
0.5569455361556155
0.8727549315077611
0.4911447120814538
2.7492891766807293
0.4276329889577312
1.5093937103252735
0.49907438318201064
0.23231814673863016
0.5411109961061977
0.18434963076922103
2.320620834128049
5.07968557683023
2.5984373438453203
3.9069935074809483
0.9449997956361801
0.7695506441059828
0.19638869954958846
0.39935025066728796
1.9874389308503668
1.6779930071350238
0.6419715737248515
0.10378721670817942
0.6230523326527949
0.1093510160418737
13.890032930222306
12.938373687850152
1.491278521553486
2.536079653471917
6.271118281168846
1.5623666639441536
1.1467302455639465
1.7142923226329003
0.97420791668806
1.956327233724214
0.8529686675196365
2.787471489278616
1.2084901512760247
1.6838349381135025
4.964652454694861
0.08582949623147224
0.9984954045380788
1.974410586717297
1.7284099985844845
3.315687487385434
1.709495968077664
0.2675585344416007
1.8142536913889844
2.987166870284806
0.6047401905132536
0.7830578174730385
2.861179927426967
2.6880895296835585
2.30907419326272
6.340465627438192
4.745466835639217
3.255849368672193
0.4875007658135346
0.2729308271283439
1.4161491983299441
0.5516346509207058
2.862637551346984
1.1083469592474344
4.286495398459802
3.535546442798399
3.4916322050009456
1.8505763992560083
1.7749586166233264
0.7047229540810593
0.6925106144818409
1.1676542482419814
0.12465261722347475
0.11131147591314616
0.2117871479982025
2.1000634901722863
2.2604545193988574
0.20464956674622936
0.8376423669751506
1.621177935251257
0.32248648533001983
2.9130666508965537
9.311192535806482
4.887069891638224
3.593876617983032
4.889166843670004
6.442177744792012
7.938755279952898
0.7863927802539221
1.900585605490915
1.588114455546803
8.092516805823733
2.0649236686054144
4.2543239500015995
3.0459553069565515
1.715381419540912
1.7560617296874834
1.0129334840101858
6.711412709245251
2.4030384790741177
0.7679635521558379
2.0815706885288345
1.6481396310114496
0.25425265285277654
0.7682272155496589
0.4832103353107497
0.8083571400797519
0.15204722176376217
1.4034228450097166
1.2507389999962033
0.538394732955006
0.9328236150435556
0.6935638758222417
5.595935176957195
4.6790289201333515
0.08967406503623006
1.488374424563873
0.06743437142430382
0.12474889074612354
0.1867244557317581
6.886891683754466
5.756634505298671
6.2427343803488435
0.8872145175059115
8.614327866262295
0.7012760993862744
2.8188364595556643
0.202770835513962
0.9488257779522314
0.996006656961763
0.7507322569021428
5.235350610463294
0.616792158706501
0.7099631973840744
0.817643010686146
0.7958614675183853
0.8852607024036118
3.375450469481827
7.6614417115265
8.583842973814408
3.5105084277735554
0.210795242771505
0.4880655448700581
0.9154575577185676
1.6715350091693366
7.580528528731539
0.6223008545177029
0.5041435583866921
5.631759504006092
1.6210165342243108
4.499394941847014
0.7954468370562343
1.8869049582451491
3.216550786526256
0.1794540713813231
2.945477110323246
3.2090689192641726
4.176675592850637
2.1238763497510535
4.07025877233033
0.38869896610008886
0.4196165921345684
2.8608177554479286
0.09772873672448103
1.0911989144267051
1.2916621006588924
0.36612578419074815
0.422949485595834
0.8161166484260209
0.7842950584380391
7.662657802372668
7.547505936200531
1.1020855072814086
2.1250758785451556
1.3704401652230354
2.0457839339406774
3.9559113411301507
3.776487778850603
0.7366580783510149
7.314174514755643
7.814510267956478
2.3111078367636586
3.0308171562437547
0.1577536354085672
0.6098737224131012
0.47732175205773136
4.39705107676813
0.13469038809105335
1.7470302389227024
2.40516591355848
2.1727880590931057
1.0854807763246488
0.06604628594572433
0.26137468977797323
3.0217007222037378
0.29856671733090295
0.08335694454968616
3.8050407586606414
7.431620222870859
3.8893920034872083
0.4658163970872459
2.3558134011779805
0.20898339733455087
1.7386780882441781
0.7438211459388654
5.8613097436696675
1.6318544347823736
3.028919638229183
2.9775297457225354
1.0775666897032148
2.9355112690986656
3.0807217466087913
2.099819844223186
0.30563786444425406
1.9861511045390952
0.30304965308017745
5.0339540773873175
2.171463086769862
4.106319734229962
0.5844127308971284
1.3702401788904925
0.5626462189215725
0.683994294773202
3.2251298823512307
0.24141343688896447
4.033108089414392
0.8742859228885912
6.3013679531360465
5.859874425214341
4.949923307954233
0.4397203841803501
0.7065420821921521
2.0709048861253767
0.7035189947848259
0.19992296466351392
0.35351896626793783
7.517238472662925
0.8633374081379454
0.49190095826080166
0.680649580067084
0.30339577708585014
0.40651693543093353
1.067440423020217
0.9266833087108034
8.954128170955558
1.6277115714708996
4.497035534563836
0.480491803733057
1.581430987235817
0.9559825161024534
1.4735192448926975
0.3233542939386452
2.9017689135204345
0.7244891550865257
1.0721910328890607
2.312295433580395
5.996302943604463
0.3884244982118625
0.6169433337806879
0.500345436934398
0.8913898038702288
0.09963739689595912
2.4718641070092917
0.26497180406068216
0.8603560914404415
3.5236820277387433
1.5738828410621817
0.7715997000144732
1.300127093670828
1.8755327588830106
1.0223417714096283
0.5903691507220502
0.5942631971409938
0.33275514481698515
11.163738729674565
0.948951193107312
2.331070670731818
0.8024241158679258
0.2533952108659684
0.0665208677899854
1.1972691937498394
3.0457519243595677
8.912524107338724
0.40568529680533577
6.6674771777133905
8.05175148375656
3.9462183644000235
1.4367515005376195
0.647551705268329
0.24295972633268237
0.39574972237763695
10.47278586601629
1.7101872502242763
0.219024439141179
1.2578580406322466
3.8093342313340504
1.2940664987229888
1.1401008018500838
1.5117905933925495
2.9870702104128957
5.297451323285634
1.9891514369085839
1.214414134344259
1.1404650178153835
0.773589915387551
1.2959928788889956
1.728193401669328
0.1964760003000384
2.200800664154821
0.7449902377576946
0.3615433163977874
2.0257739745538292
12.335301271969596
4.13056482350437
0.7726640269187013
6.6638452549533085
0.40308562051888996
0.398398587013818
0.47655044219100334
0.31858324684856376
3.9634831963561137
3.151256856864625
3.665228843145158
2.594822070955871
5.710594170382195
4.801614199172879
0.11695778794119334
4.167467924220666
1.519035929157006
0.7993215317592944
1.9150031241384244
0.470517389179883
0.6953969773149522
5.916154862232051
2.7905214178741065
3.2679331117222095
0.23029650920646005
0.2588360531879465
3.38076340507917
0.6289915029939024
0.8067106100948774
0.7252980656014941
0.8277565569408735
0.11830612993057261
0.678306273186446
0.4031987057109931
0.35021229369539003
0.86041643779261
4.873245542731047
5.820937699349993
0.7217766151058705
1.0439731717887788
0.23128946036821277
0.2971796126962411
3.899176240982106
13.233753516663583
1.0654264529250341
0.572181382015176
0.4146231738055793
0.1824288576611548
0.22114491768771563
0.4001435569043013
0.020749077937237178
0.4751465156508122
6.318886154088317
1.0886503542741979
3.798814254108565
0.45872471061273595
0.11762777126155664
1.5593256199856678
3.774282962445676
2.2085811016907573
2.0449091891397155
0.2839728395927781
0.9756083480050276
0.759584256682039
0.5512412783258273
5.516906760921052
2.110854547617042
1.6889749716060576
0.4657451773189807
0.4538280751580451
0.4367445801939642
0.7671601570904575
5.125222876722703
4.853584047542494
1.0562761574272637
1.0956546332447046
9.382438081335627
2.7043949701311223
0.8697910737120392
1.3130701898497306
2.298942317901926
0.029941331393620912
2.2204547788158693
1.9990434012324547
0.3763132762171759
2.3842156106046124
10.71396437073466
0.6934805115242703
0.6949286330572705
1.70810531076247
5.808947555690128
0.30099966168865655
0.4458245319179808
0.19372255563347654
7.5585060139587545
5.7554587109567805
2.6830216481884737
7.228241615917085
1.7965091210942739
1.3545921244811776
2.9485168811735587
2.6665074224308203
0.38363709329394696
2.986071351780034
0.8060607507855018
0.13852240668060858
1.0662540955010962
0.5380271159530885
1.7145060797115248
0.32374521566366415
2.9223416622819465
2.0682685455340293
0.42848959425298566
5.491941537813644
4.334041812133335
2.08651943806908
0.15280043507323676
7.047656907142805
6.507703277532166
0.23962723026993982
1.4072197211791675
3.019771381898113
0.5609697712624915
0.6569993262313655
0.5991563026914843
5.418535438920052
1.3968463653859102
0.7464869996027619
1.2362914699530798
0.32296785559791036
0.9670526409333724
0.9497730533425891
1.375165941975547
0.43184798209680403
1.4242668919040928
4.966696095643554
2.7256313422285854
5.560889007163735
1.4963535408595592
2.602736528811484
0.1682070541909203
1.0731834051787854
1.1165810915764809
0.6523641362389452
0.31965489574273537
2.763963471359746
3.761584788146774
1.1624995144031953
0.7909376845656525
1.922802933453114
2.599259469340291
5.436625725521139
0.5578068998806806
0.3396195568273633
1.423629508053688
1.64889648644645
0.08643579487088911
0.19276872469973572
1.4767876527381256
0.1999956069261537
6.816336454206945
1.4578645297664776
0.16345465769339576
0.9983792411567046
4.51805316188192
0.429821281274644
3.6059757026892902
2.2813205310905413
1.8596693209073214
3.0780434892591955
2.053130788555903
0.552728799053522
1.798997501042378
3.0648787775746644
4.954433293267197
0.6978023829050551
0.6643686601219586
7.83618526783528
0.602420634106786
0.2590179470908856
2.286624170228867
1.3543862970714178
0.44544215721796654
1.1955097131854657
1.079852251802463
1.2265610817646648
0.20084903944613278
3.573883186344054
0.5216835982365128
0.7623575978416862
0.601966745941611
0.7584397425196187
1.5502151709645273
3.7492159265458107
0.26979192170068284
0.6918859231098705
2.3236935581053024
1.4152960230745364
12.598120322483874
0.7639280075329556
1.5408751948780537
5.282261382997325
3.1046101553332437
6.675185489863559
3.776185283055319
0.5036054547826955
0.2342918257182652
0.33403898350947053
0.866346663537303
1.120424346751521
1.2439420710206954
9.299520193117514
0.6399916932389766
1.1297981401708017
4.170798973094309
3.70171950690349
1.4011461528331448
0.6216121229418762
4.912082385388936
3.5687062403406316
2.560332763023923
2.7799496211554104
5.666547005986505
0.08402869575595594
1.1626900760336092
2.016942298488208
5.262684649461063
0.25029561451255605
2.360505173995342
1.0467594623586252
0.21084952129662374
0.477686980698307
1.9155597851157777
2.0717903774359643
1.8162435028191244
0.17437397653853556
0.24875506340474804
0.6721270917302614
1.9503190469722125
0.47522863600548
0.49811951665023474
0.45398676391406695
0.1716288718829294
0.6288828683092997
2.3517127645184024
6.871714773633784
0.16295004541881022
2.689460209248498
4.118013599114957
2.2869785255700994
5.2060482754583175
3.1810692475715587
5.527862261954731
2.404081326017456
2.4247665256281943
0.1991570172942202
0.43128722889353605
1.2408799586386525
3.827516305085473
0.6883671505269028
5.014721835742733
2.2729426938122628
7.873783551522718
5.347318336737552
6.263480982430937
13.275697883491278
5.07164502789957
3.1586203515823006
0.6433588973410257
0.6959728295430115
1.3069704330410705
0.3240375971683079
1.2030161382682254
0.21399466237020984
1.04067645280341
0.9290673116093994
1.7696015273285737
1.4691424338518895
0.6931025208863897
1.4501254357746831
9.366450794792874
3.2396382492058464
10.73838749011724
1.222516500279353
6.224976094557459
4.33134951014411
0.1865293935882779
0.6247890140604825
6.331514900495791
4.248089247211306
1.8469172909782197
0.6353951684672862
3.76498818972753
0.3436321544753433
1.393604607392444
0.6561502471040553
1.195455684383339
1.4824052382582191
7.460752295722788
1.7444889107519044
9.789764848458116
0.10769732673210337
0.5936548291067231
4.85203259111345
1.2006758678184126
2.5476380382916832
1.065112700521701
0.5082063437184954
0.3134961341309353
1.8513110176064107
0.1990844521136161
0.9153841412603613
0.35485721849287505
1.3128334961727914
0.7789998387089828
3.6803939952757734
0.6051611442372399
0.23164609730984934
0.11416775358855234
3.5463847661025305
0.47258578247373473
1.1274715157823145
3.0621315677276226
0.6066338605658175
6.248910258731737
2.3733934300909136
0.1989892156059274
4.0026876295450915
2.997595603683866
3.273370285114367
1.4677320105206348
0.9402980422388612
0.9290803961774272
0.9174069664929859
1.1399129998232158
6.811926596252158
0.3690024450473637
0.09818498042140689
1.0225561008694124
0.49985010366836197
2.663219039188377
1.5149108936277944
1.8808132208216624
1.0148359049760056
0.4191543800027551
0.3012052301427534
4.799653719287253
1.4807586867264886
1.051284816203573
0.9754911352932383
0.08109805640664096
0.8667684873533674
2.620904073536054
11.385122603578282
0.5927446176138413
2.2497139769652628
1.6163479614591558
1.0014645492069436
0.7299853374685417
1.1833268130723213
1.8708705730128414
1.4419964993222802
2.067909430320544
7.452586510503089
1.7817674337018294
11.527770141753743
0.7330433305537767
1.2785267903480946
0.322693615263621
1.5565302403756511
4.581399830474777
3.109152622412592
0.507758421414345
0.21849935772716955
4.647816276651561
0.3468812201569484
3.8312620770254604
0.04582727958654181
5.719239480795982
0.4164072050848377
0.456063436117484
5.784170690794987
1.3916855225348035
0.5733145136242329
1.101845051576458
1.593620044846672
0.8647779924706144
0.9176630555497204
4.130452989216323
0.3206119723950505
4.688565893512941
6.223617289629047
0.48711166337521106
5.007251238629702
2.0334373355338085
0.7030214580334189
1.4574462023116945
0.1466192827006526
0.38707835098444
5.5449078990061595
10.923377254684363
1.5210957335413184
1.6240549993815137
1.5382308979807624
2.0746695313763532
1.7584346665130308
0.37443617143463803
0.8473129317837117
0.17402592450459842
0.6128404822785235
1.5949180713810522
1.4848905411720243
2.8452093707395476
5.693330554970646
1.403277544843011
2.8170199907216964
1.0381046592849414
0.4462409741683851
2.4610565160414075
0.6952484528335111
0.7049045877865926
1.288121847262378
1.8076078002596194
0.7419074982772914
0.4214781738666535
3.741060279085724
5.185058412565638
2.53585894203809
0.6442540475457924
1.1185139730438858
0.028520824382598436
3.713377508894341
0.791153199557643
5.636551638355674
2.4286058988789887
1.1699641341129827
1.0600945188268482
3.9383654703230957
1.0758739658325305
1.9918971362209277
6.337241404421366
5.325231390875536
0.13380025271991822
1.9526093190027154
0.8171183997970876
0.8223238163699321
0.7542797850161157
0.22709023959914554
0.6265804997571508
0.05009498052798641
6.591014866793542
0.4867263583955947
0.2563932256602507
0.5694306535612718
7.432019813085881
0.4225052216885612
6.745763114756905
0.43960959996781707
1.1126841600402642
1.808889932983823
0.9977740947572734
6.557229383634738
0.39544674023477294
0.25782351191963465
0.8318373003497296
2.372061727298784
11.708983876002174
2.776230876934805
0.46329748299430035
2.1648732570756257
6.0797477378021805
0.7173084163041947
1.9294461023738785
1.4904545290603186
0.7385833088088919
0.3740922442921186
0.17133430926841145
0.5995478339641814
2.408678520416284
1.10390705910461
0.570910294813468
0.2783223293050325
0.8314265869241669
0.43965660882487506
0.5047022261436612
8.446679495124828
0.646407269018478
3.820810499726193
1.4342869350465284
2.088237898984277
0.08438955641445482
0.7037607853454717
0.6609517868449529
4.384325317136895
1.3726049182921034
0.763424273941963
0.19533710801501522
4.995368489295279
1.4037423654072014
0.3287636417549648
1.5518269846794948
1.6201632651377185
1.5573185523050876
7.468204591514843
1.7863853000236791
1.7698253218990097
3.5877033192571286
1.6586463449997566
0.22281944820445357
0.7341132423858334
4.0880816485722
0.13688923469715097
0.7368402626532835
0.18075927416592996
0.5150429685724648
5.006111077074333
23.504797359868252
0.4530936475736384
1.90168965790376
0.6859096608950944
0.9975466966369219
1.0268601195090168
1.5757213178834066
3.8960034504519783
7.305390925014006
0.9136571431788892
6.999131579504135
3.163661171576137
2.481965757028694
1.4033444981750494
3.5742234555825356
1.3146455716264687
0.13751759721902965
10.424733087931955
1.6899477825961438
0.7789619752958138
2.785756444204065
0.9290287198315857
0.4769866416233872
5.7558672188039575
1.2797544179041271
4.092684898624985
0.3940362225527551
6.023992975028274
0.5786370188981417
7.040287785586717
0.14304662016249833
0.2674729242143449
3.1288031110995327
2.496557780029511
1.9844206429387439
0.8496529584966169
0.723302337771377
0.6446425239168777
0.5154304659115557
0.6904991773127923
1.865137522350391
2.957056665168127
0.78009705975761
0.27239443656969614
1.9842756583535153
2.281379433837372
0.4989996092902693
0.15820815180368264
3.9623900485057497
1.258891515231014
0.6559555477597395
4.664658651345025
0.3549204538837294
9.16291153705255
3.93015973639231
7.996113470012513
0.30118185295471445
1.7800963037800213
8.64937475860012
4.623074232591316
6.390789573001277
0.1465548704993115
0.8933173258300545
0.17171509352081582
0.18377822271357633
0.8991070358558199
0.8291627658403216
1.2829495536923197
0.13390970553765955
0.5503121121834204
0.1851192481483712
2.3227771968413813
1.5532040937002343
4.56256232048427
1.980586387749215
0.5926604707150709
0.0847117338845934
0.5324327863324968
10.126762123371972
0.5612834282156266
0.26525902953633473
1.1861572149716846
1.0354612336550513
2.744000406727635
0.8937514722518647
0.5601305238167191
5.329293343252204
1.7121826848165347
4.269987624067033
1.857577148469767
3.3204059603934173
4.5896278783627835
0.2761541887749014
5.658472163799453
0.2690511492065976
0.4790248433005273
0.4297680371890253
3.0456363748287996
1.3406750827869718
2.3043393498393594
0.7616508324226182
1.0906840301351344
0.5796605872536601
1.4381799622829774
1.9171367091757903
3.0350556726771223
1.1457928312425485
2.530602697697883
0.312661812579382
7.733935979079359
0.4618029477884793
0.07541896325741486
0.7046056770833321
3.250649669050891
0.3663453365734299
0.503750062178108
0.8435369474125163
5.48134717945922
15.30621354357446
0.3999621131841396
1.686480048995804
1.6273852494789696
1.6042137941624588
1.7410179323800221
1.986930724301805
3.913380629921997
2.062399864514258
0.7792900635765823
1.2997999237861573
1.5812963117367849
0.7143243374937512
0.6649048084854206
1.6342185380714287
1.531236332504036
6.753241761026526
1.6806247272622412
4.2517026174054395
0.6647642629295751
3.4922464142273717
0.5523421210423519
2.52635144798766
1.4786734802629422
1.4017337328654946
4.427356369314238
1.4962597246881304
1.5434265639849147
1.2059495779571356
1.9271027167937416
3.6506312119449476
1.2010089339186292
7.939992069136565
1.1600430610524135
3.583902251129866
1.573099971825922
0.6467439317154322
1.7776170376068352
0.7395330533432545
2.4360228524349474
2.0579632249436224
3.481969497418931
0.5997272874970446
0.1821516710468846
2.97161308828502
0.42567556449998906
1.808362543728548
6.5206314224266615
3.8133452954611298
0.3387503596451095
1.852564686246784
3.9273470779044017
0.5826626999805603
1.5457334873261566
2.634884226722511
4.209536269338608
2.4053110371033566
0.5490947564796259
2.0358049538967005
0.6782019385607531
1.8987503004588395
2.240323551515495
2.9346181423452546
5.391402163153509
0.7307356110541311
0.8575908100134839
0.2503000915676396
0.15523519418408824
0.23909432561874042
1.3310681723281943
2.1948321763245073
0.699233091283372
0.6988779770031944
0.6360398396357718
0.98524305458456
0.4383345703361459
2.310324764579571
2.4416634568001507
0.5927926655824818
1.2277702502171717
7.042458837514375
1.872709378546807
0.7277069076612886
0.6495831710067514
3.5063291111967243
4.705659803173397
1.8600068948962634
1.0744509094777377
0.8821415559755845
5.124112074044838
1.2860426208482225
0.31199288837419065
1.4471673194340202
0.13772916020187062
4.33693838875677
0.9071333200984419
1.821429827634147
0.0817713300400245
0.9458793287853852
1.2580219921810907
2.070482229728708
1.6371789114017954
1.128539612554883
0.35319925022011867
0.8540358427062295
2.4468056880874998
1.0329711445498297
0.20195679132253255
0.6973189730523787
0.42035981383675797
0.37573279263046144
1.6505227721280067
2.6754893673742184
0.24355197514940166
0.3335426165032817
0.19992952595251853
2.3608562527679715
0.8974990970884166
0.5760571311158688
0.22841550271787628
0.45195582356349545
3.500597943458064
3.915705594514965
3.257621370415889
7.612106862344526
0.3104839546880676
1.4215777272249592
1.624138041486362
1.5551990545405818
0.3578017977668409
3.1740165981935893
2.8544701609629666
1.405808777227237
0.5809122299450505
8.942827615990215
13.471817139083313
5.450915650519672
2.1039548496718155
6.226254587285582
0.40021846432160535
3.306618774896138
0.5787240641615784
2.0075099128307374
2.128741739810905
0.37315654121642067
5.021530813046921
0.8795874737553557
1.5856892746991902
23.469285833927078
1.7635905787056216
0.6403106273840552
2.960606802040626
7.340010710213306
2.0498890795909435
0.19922531256288567
2.609818352444313
0.4777211831863642
0.40567498274001496
2.36604558677664
1.368895655196748
2.453501552580039
1.5235690501049437
1.3071449874563972
0.7659098654712017
0.5806441797124919
0.23138071721758122
0.3314987332661688
1.0611113378604968
0.6151817959147133
3.0543892965528863
0.9279132564147811
1.2259765320211329
0.28632018129873976
2.1243366883062778
1.4625149690352266
0.8776759233693592
0.1185857735196554
1.678369856552682
3.056954108122785
5.385414365297474
9.063975988380754
3.5926200936944426
0.34976733781120656
0.46057313780371345
0.8073238941022947
3.753665324212001
0.2290892030783287
4.343634359751771
0.10411980257590824
0.026469913078574967
2.8095027232143015
4.960137107993399
1.0209507475988948
1.0958380839003705
0.8315304809407134
4.621065068253553
0.5372219329862802
0.8387056298803657
0.529054842497245
0.18898647971245974
1.5359315297200549
2.5155018113734333
0.4027579426409489
0.4590105675510503
0.983541995866193
0.09789011939020152
0.5084687086621348
0.7228919493066215
1.7767476814637888
2.091700186157953
0.7501404501441926
0.2749428646587216
2.6222140654888038
0.10465221063021275
0.10812235838728519
0.7448628735132307
1.8639663183731745
0.46384000651670926
1.0225010678324964
2.109726319603929
0.21415082226489854
0.12461702419811897
0.2819550729934324
1.9175938892430695
0.640009590519223
1.3548472380310288
0.21956431953489464
2.264775991432261
8.258813850752587
3.639009862570702
0.5251126350144584
0.18950020651768504
0.5165171479380168
1.0379365519381354
1.185993874098996
1.9157037268995245
7.444305993463403
11.579131651068929
1.341594992402604
0.41034198932080934
0.36313356280197556
0.2524567798472071
0.2874068943846784
5.738499811548885
10.192149649282028
3.3111836628526343
15.131631667909666
2.399704686953611
1.3768762769104337
2.2349776149184852
1.7317037790465017
3.7854260081219877
0.3015631413364606
5.927737134215697
1.369666786010594
0.13833050485120238
1.3362302895830365
8.592843987276884
1.2548379207282867
1.7825870317161578
1.6786599814637382
0.4647851173804869
8.36677663084933
3.382903146862534
1.3643325483840174
3.6628355390694765
4.469326122956161
4.83573575257292
13.115119082251693
0.19112950508908558
0.5700869313469213
7.6692376670590425
7.083439447289927
0.10406908175365309
2.083183099089826
0.3128959046011311
0.41071635404782575
0.6147272143696979
1.9411165421405148
2.2683138710776576
0.4465612399868266
0.1964853771513063
0.9598364036585737
5.075652976316861
1.242397065669589
1.669251125748172
0.5359087620830388
1.150966717087993
3.5430162744600615
0.25787428182808064
0.2023205589508279
0.3463165062290172
2.038574130941154
4.696278391284326
6.565422633474275
0.4067888751281934
1.5859781954770271
1.2227395120752662
1.9156163284298364
2.491423270294335
1.6619863485799071
2.3860905843527562
0.3440650190400907
3.039871660300559
6.850711172468738
0.5524487646815364
2.7856807193807342
0.9806852436493605
3.086324394313584
1.5046343362101755
0.8169264796250407
0.5278916576505425
1.4387979900364687
1.9383238262719644
0.37217498504877855
0.16076914062505493
0.6715645682282824
5.304908703816639
10.96004463777141
0.5340780658434413
0.15715159670525033
0.9650541409640238
0.33834063040612067
4.8075474700959875
0.34360303526188885
1.2824149548072887
0.8050505324335014
0.8614630483209732
0.8773326879499455
8.987833340492791
6.897869673169422
3.116398611215409
0.5580346935017355
2.532770111454567
0.16836308450689588
0.373085760636652
0.05124186999402212
0.3528722293088135
2.1375241283300217
2.3624825497255464
3.4777572023123593
0.31221745266931356
4.564158913049776
3.9418547055297797
0.8477706927070386
1.6110766914258408
2.3566297141068158
2.648259450956463
3.267146099569984
2.8851007961631225
1.7057699542783518
1.3677470593464902
0.5428952032424336
0.7958635188624118
4.35234226880288
2.565479149307613
1.3776889063957432
9.537587819067072
0.3723866510295127
0.27320493961173037
2.054426822809272
0.7222736653473801
0.8491023023468446
2.9367084704242505
0.2579091173752565
1.9231478675804006
3.063657549748427
2.297711919053028
4.550595952957423
2.5444979356167132
9.708319360460335
8.004783051911332
11.721109041595122
1.9145865284387258
2.550215226150964
1.6032128239685302
0.7387629209793337
0.191537699125528
0.15539896015562682
3.6720837638205617
2.1445675824684103
1.9107649900249795
2.840953572970919
1.3544160999263317
0.30380435979824866
0.16563417257729304
10.881842260601815
0.3656597984102501
0.4886673736329767
6.418314479438638
0.4153949769188064
10.381956630662126
10.541653569188236
6.471512510277623
1.5364855440307137
1.2543731592598557
0.9153542403968905
1.042974440902014
4.963091369529194
0.17653875891652993
0.9906923836258806
1.5000722687930625
0.17053878442486833
0.9485230754085566
1.0798339484865047
0.13333938544479226
1.3088241068851691
1.6360925003192894
2.200944383584239
0.30236845312328303
0.6836590365053561
1.051323846023326
0.5882761556373167
2.22103904023418
7.4718088051822455
0.5669516829846697
1.942011199586292
1.0088723856788406
0.7350415109835065
1.410905149193803
0.7118141764181422
3.882197213349841
2.512401164001074
0.21707452839849992
0.2918747265280763
17.593379919333
13.586327564614365
4.501329340568355
0.515688044900032
2.4868264407600047
0.9107609138148627
5.751042607896216
9.233270642220164
1.0215612972498338
2.537870220780784
0.876149377257604
0.19243241192013782
2.5751117562999744
2.263810973654163
1.2848798699622186
0.5522056789209878
7.327182109048921
10.644165215828663
3.3203298345919667
0.697654086817193
1.963550953231563
2.8412960291757616
0.8543338601458764
2.5791001932322546
0.7348409367914023
2.08310067951979
1.2052186383715424
0.2260288574656517
0.8264705941555518
0.23972861415870295
0.7973430595856477
0.4455928810344559
4.070594579873693
18.514757542625414
1.1473784159394016
4.960869340421465
1.222663241644191
6.494809592812554
4.030872511974363
0.8658574353214016
1.5521214732406732
3.4984654637279298
0.6373662830626418
0.7661915587484213
0.19279541831976868
0.34826778986817697
1.4053057325078218
0.4375699352532265
0.2726651027517334
1.671022653895071
0.2321044246360756
1.5194728731881637
4.716195962256825
0.5327380478080903
0.44431865950899047
2.6953648462406474
0.6333579668242448
1.0211215926135886
0.1025442632041625
0.5672722295898711
0.5013367590789882
0.3438157802556861
10.860382635194552
4.445432828321159
2.860270689042427
0.16991813818539972
8.25928369489373
5.808511775448653
4.586780069354605
1.5166108000952236
3.4012402426586212
2.3817233798524957
2.5221669756451215
1.2219432200583669
1.291958159641114
1.2151019243216354
0.1011727675245181
0.07596822561452865
0.5094502682058119
3.5351971849441957
12.711750254645665
29.21614374347595
2.7665055971076438
0.9774221756291843
1.0492020590523
6.800847744496963
1.249412139708024
1.163330637610313
0.1683406465376878
0.4203071457237371
0.514904359517662
0.9759769698583617
0.6009820293572989
0.32384290318207526
1.3031218416725965
0.890660886554696
0.29187516079305714
2.0781189319270017
0.7874510501790367
2.699869878390567
0.5118827530031297
2.4600429372082075
0.5836096771009137
1.5364989304673333
1.7402655129525575
0.900944600730988
7.709125329183922
2.7160359724959604
0.3106680258472033
0.11521543807039353
0.7137717482963276
1.264525928263802
15.917069011647534
1.397489108282305
0.6102934868239865
2.7188362834767634
1.2130490657960757
2.100551896946621
1.4115325765158826
0.5975574260797002
1.4187015216303294
1.6074627166020552
2.531102668674119
1.3991227953439862
0.4619827585827741
1.9048830971352817
0.20698737903435138
0.9251205092411956
1.2396265383492233
4.581191144621173
0.7082597457869021
0.26511407944694054
0.7595525111927476
0.7089916123004385
7.445478204347187
0.3367875791919929
0.8475851419184018
2.338314926143969
6.7110406390158195
9.039319462193165
1.6685076432945323
5.916783979353657
0.8073002929861314
5.604208769922322
4.963987102922981
1.0732671344927758
2.235013038437193
0.45445722048235754
3.5198894984235785
1.1121754899563066
1.2957804467792353
1.1932239445665926
0.6909627862419968
8.270978774220028
1.2436285296969467
1.2841433638032378
0.6921682290748649
0.6901697401556541
1.412899550293466
2.1325700045093448
0.13299101378155012
1.9859647584061033
1.3433007462936828
1.4156940447845778
1.1761987539614895
2.9255772482752724
4.894034150210607
2.4439499626937224
1.1923788990846533
0.1289132645406622
0.30582090081240576
1.144779607530652
0.5146346581178494
0.3251280905237452
0.11891203074766378
1.7095572209115824
1.2413430880926517
1.454565615143759
8.185655677782028
0.9910488509933173
1.1534738782016445
0.13200403521336576
1.7217842136665673
1.4162234657059425
0.2876873662499562
3.1572205575137673
0.9089143761948311
1.506145518995367
3.0800617855804773
0.6583970215374224
0.2404877221620335
0.927581364676673
2.2791156415657
1.9777846080143526
5.369406559498819
2.028695632295601
1.337051875517913
0.8118737345469542
2.1055841869948826
3.5474352831345435
4.896881821003718
2.6579770734910197
12.148236475907266
0.8192396123329949
2.2409081828169173
1.6785415321487702
7.523264218563933
1.1280904358258608
3.189799576065058
2.122109455134163
2.2958191783082644
4.320659855597092
4.567401174738574
0.0575621386822654
8.34358906500543
0.26749652149326203
2.2708559534474904
1.3902498002454236
2.402553816145858
0.287476654276252
0.0642982499383575
1.3217761536775592
2.4398154350816577
0.6678088797296179
1.1321359428672535
1.4335041691739405
2.166796724069148
4.465030383136052
1.1959804491050898
1.9025102814399404
0.745410136007132
5.484485084215424
0.8520643795718358
0.4978552553275828
0.22988790198227596
3.112808507017853
6.503381344811017
5.761051031793669
2.606780745688387
2.4054675011808766
1.9485991420821565
1.520138027731141
3.265551720839234
4.143776174037853
1.6644839754486356
0.06745111320750923
0.3574574811537061
0.8548641376564331
0.3648645332239178
1.7562640444023527
1.7831373607984213
2.197912179925672
0.3536543459499242
0.5319151133994419
0.7662063979433968
1.253727201931794
3.59111123943192
1.4504220049527294
0.30815849940911816
3.01808619775623
0.4046416563519069
0.3467143753289114
6.163097590037379
0.3619280358205598
1.4705017339486641
1.7934276546827637
7.606485654748912
2.2614245887828957
11.070939676660068
0.048313145917049855
0.9962370964002432
0.8050619985579495
4.349895803048065
0.112073011441927
5.998819929092265
4.532881868257632
1.5502407017445803
0.8873494721556593
0.2634931330922409
0.5708402279234043
2.0851701173168533
2.823797895361641
1.068976066942272
2.135544910242044
0.11683085315566048
0.48016307128863195
3.2175517688717576
0.4205696814642413
0.3231019398824491
4.820950664245461
1.1060548872711182
0.3583180347447639
0.48558466882328005
5.756369154443131
5.886080780043275
0.5355601952391685
0.9137114944879966
5.438603429659598
7.684191698005701
5.358637274949172
4.639336941730005
2.897005104706333
2.976333785347077
0.9497788942144968
0.399566853824089
0.826613719847864
1.5178078630509069
0.3418013274696377
0.9346818902144413
1.4237950910728179
0.4459331746749761
0.8180173487580781
8.770512287700331
0.962510787420602
2.1750159317860924
0.2966648410680986
0.32092626074129316
2.6515276557324685
2.167112293990955
4.832288331930475
3.014547925729563
0.5615645782242102
0.9379545410867025
0.13364828980838492
0.803181954855397
1.1239755581388284
3.150572986716217
0.8325796755373687
1.68987221411284
0.9588469033399751
1.7744091602316026
0.9593898330722476
4.426325575667767
1.7550752634745914
1.0331013664767092
16.662383618949296
5.053523358293637
0.11184904291498642
1.9971873266179478
0.6385707630345985
0.5833212702446949
0.3383726224680194
3.788359385632491
0.5211952038952231
1.4359226597886312
0.627840606965392
0.23590604664804835
2.078057384973717
0.16299682342744812
0.33296723900572867
0.21608547093390137
0.4304887107211695
9.238930019039056
1.0469257334028792
0.4981267725543133
2.7581375472945044
0.303469867526935
1.492726229721443
0.6540687499898117
7.142263532122867
3.5618724001898556
0.4269673066243734
3.1444225384735556
1.2561008233737805
0.7593004049472115
1.1691429952453352
1.271030645824003
1.6280498135913737
2.849697975967473
0.5982293490578366
5.911188718622912
5.259028382253708
0.3705105094016104
3.5781997560225594
4.263318321125738
5.066176236977175
1.2099174389502043
0.2668770008079062
0.8117898238164784
1.4171085417802187
1.4223156430384565
1.4499675821726397
1.7512153894627283
0.1317563999968472
12.352628730012265
1.637629844159244
0.5442526724620279
4.3649503186116485
0.20739371729883915
0.15147865972191343
6.638159576658354
7.585143588023936
0.03683703838581866
0.48361473879081945
1.2105688397976593
1.7712949702208405
1.096644886496443
6.303997058087852
3.227956861957262
1.7813738355720006
0.4007165708124532
4.322875274021993
2.907994254366823
1.5289568018455888
1.3597611247269568
1.6792177995847473
3.7015544811772725
3.0653435075405873
19.857926592915515
3.1448221226480637
3.740343533454377
1.768672852730209
5.406761455942644
0.19890536013726492
2.153190772007855
0.38472791409627116
0.7799888150501775
0.18856929836577407
2.8829546433387905
1.607471794664441
3.9305325176405095
3.373375974391111
2.666496940600156
0.6929465972073393
0.3137961460630973
1.7144692029600195
1.0818582205869498
0.3772604361938161
0.39940655112175527
0.3041600765889639
0.6656938695513283
1.2846512987514471
0.20448024382269434
0.15217160938458912
1.1178765313463273
3.3953190061251415
4.587926989402437
0.5846460558894611
0.27197075183095726
0.5195484142369661
0.5226057037936491
2.3633364078267918
0.8251890518767655
0.6481235182396848
0.39810819100562594
2.4229057159047946
2.427116113325746
2.6028168961065536
0.7730028795566549
8.226363556292204
9.004590792451388
12.561361789657822
1.197619242740067
0.4781604882302905
0.42901088910760676
3.936944625324752
0.8267968919142491
1.7787613004369731
0.46385876769121576
0.3136538754147397
2.673434204618974
1.4498075330601221
1.528332598550478
0.36225122718951314
0.4783171403128723
1.1379269376813996
0.8359517821692163
5.7438598805687375
8.422222197268182
8.056993649177011
6.116824235020179
1.2992021595348435
0.21247764910883538
1.6342849853157044
0.9478650477959841
0.5898746111852315
1.6133363766339401
1.6781285765568255
2.501912493676058
0.9302707187553296
0.23772576692324324
0.5242138943262057
3.7654505659560176
2.3166980112413387
0.9562510753265793
0.9098484878712286
0.23387036818185888
0.20566859387365635
0.26521764714679646
1.3379519562430306
0.12168840341772004
7.2715083269471394
2.749167552332151
5.704319780443549
4.761729585408662
0.17238995620399378
1.0872838242031833
2.774377100698347
2.2049103297286607
0.5699752978136811
0.7680493273451576
5.361132553208836
0.21061735346665048
0.476931862570692
1.3410867728018017
2.290949916314149
0.26104447214918236
0.2759252430932558
0.4703588384563606
0.22427345363662646
3.5241809743910095
2.152445399133629
0.8354701843223075
3.5465413839053657
0.48075608069201387
0.6714940800575947
0.26477329635865793
0.476651915481969
3.135654822749842
23.166682437446124
0.9505025744354144
4.34572721755605
8.160845197305603
4.563942390531974
5.743747537164538
1.2503124649280506
3.2526920308539626
6.165450320859194
1.5127261614390626
1.5381506116017682
6.931887925559771
0.6207221150589202
1.287310978842084
3.3794663418110873
4.200818791387482
4.7348216905481655
0.1326925508901738
0.21624913443872826
1.686472723146444
0.2114031689883434
1.7651957160244385
2.115345584234578
0.7970566695499351
3.3789742298808165
3.647547390837252
1.0831618256257987
2.5039674101150973
1.165982616235184
1.5081495382108967
0.2754413099897494
1.177249318541509
1.2107065235507195
0.29161716566362544
1.3839711751309947
0.26219800877880567
3.291631792273305
0.8253475664348896
13.42736091450031
6.686507503946469
0.21450685670087713
0.5983761387805778
1.275565100963782
1.0917941131360793
0.7425877746214802
1.9247225796247467
1.2622674632199011
2.321630904096209
3.388271192221915
0.7319503797093296
1.1539701070441835
0.7911460339171424
0.7173997355552416
0.20958242162050225
4.018630822438964
0.3594161074126249
1.9255174685064302
1.0176241889085424
0.0986515456148958
0.18093017033506428
0.24818793495672162
0.07167241689402314
2.637656716756998
2.343474525266314
2.158283816946538
0.40095292537039345
2.3834413659898446
1.8349684030081386
4.06251712968192
0.7983976471948403
0.264301257100669
3.01259933424752
0.3518220260247815
0.1767647367084728
6.902909220418587
1.8537815022243656
1.3355032284516588
1.566445426443581
6.579288034474214
0.5765750166849499
0.3436338257407956
0.8630720140074524
1.9672556616207457
0.35046914611552205
0.13832555141540023
1.101860931215888
1.0169569224604331
1.0098334900471488
1.2655089762850082
6.134040459278566
1.551771594737682
0.4224513345053403
1.7376845865875676
2.500097025579834
2.138572440752775
0.8545756368807232
0.9530908256559427
4.162524104028098
0.5799751351187098
1.173039055799652
0.1881220760379729
0.6746198301436123
2.9353166885690385
0.48603505354635196
0.1627409404909683
1.8763127605990837
3.1834443063577207
5.037597122386078
0.5145387274422785
1.1975996222483845
0.9072931998467096
4.154516788320687
4.444487488616918
1.3719220268471162
1.2781007802545836
1.2481265226278058
1.5230786644953953
0.2644255888340558
0.682521369103143
2.930006684722546
0.6198485874930261
4.137995999766299
0.957973040358374
2.2693772950715196
5.81761556154897
1.2653683875281156
1.4383183878652526
1.902372670656954
0.8346622930266179
0.5268274156932679
1.2847962252301088
1.521846038305444
2.5816019670164594
0.3579092026804407
0.7063899944719667
0.42717298069767734
2.873189339717763
0.6053490306749995
2.3040354181865097
4.040315939955803
6.231733811567536
0.21887439536994144
1.005291144672204
0.2090097766182413
1.379336579768615
1.522303661023498
0.11731101761830327
0.26603889741165726
2.616878960765265
0.19719417650451376
10.91048734458977
0.6875730279979587
0.42909035109263477
0.2511516679546015
0.6750880156606724
0.7608289368565749
1.5525350836889125
0.6241489016728224
2.9856293923719615
1.9103705271522895
1.6174848998432496
0.6188172746367072
2.9661639387928767
1.640614785401654
2.0019183595377372
1.5677640084344837
7.251895288155306
0.07447017457885495
3.0380036558344483
3.1583567494734837
0.3729075209671231
1.7252122005293853
3.66292039010678
1.155455945442629
1.6785626062124785
3.678447309094245
1.1036642529090799
0.5800282788056056
0.9832529083510683
0.390158665492124
1.4361320567802685
2.8450780402478997
0.9549874943959576
31.65394165904006
0.9861260030253646
8.681588714758867
3.300460713391191
0.91526158204938
1.2769913687284487
1.1917165521756454
2.4217608025413595
20.171403999694096
1.264444168030264
3.8093228900733087
0.8120347329485548
1.2403140744950947
0.5150458155213444
5.992895680296539
1.7571594845925835
6.551533427943293
5.873665706170634
2.5337535430639746
2.4001384043585454
3.635656686283982
0.1324593237526837
0.8113003566960916
6.904931845549766
1.3337591404796232
4.74960552853068
2.916480570638045
1.4364912250968365
3.2752909193526327
1.9639114578623689
1.557364211669846
0.27646258629706294
0.5563232661650785
1.462813259284789
0.34255788644818036
2.090918125201108
0.939687761800497
0.889271773383709
0.8766634140217552
1.5924805927460444
0.2663916500750262
1.2550876235685327
8.381847339290173
0.4629263093354126
7.484465645368221
5.277228283270061
2.2726377740155264
2.3711921300279957
0.3963071411544064
0.1658562283337363
0.14677321266098778
0.18591022237824817
2.0621429738342143
7.2959077474043
3.6243019957826523
0.8513903744650423
1.6462435016396093
2.2598412460755717
2.936033946697044
3.505650488296993
0.8049189791367156
2.4659525416005206
2.596955355980709
1.2484586805234723
0.17484648202234476
2.290594041986677
0.5104278509055246
2.626684291990191
1.8209699730043785
0.2324969571192053
1.9779999912645747
1.6042091581185434
1.7802395871536119
2.2255737601533623
2.1724782152627773
10.927619601857216
0.22022663370647566
6.1744273202442725
1.7587511464048093
3.4004322004321277
0.753720351741059
0.9087385087182066
0.8704562156595741
0.6719908696722064
1.6469187242935865
27.99036486583718
0.3065279560338084
1.23411569823402
0.6797300568160406
0.6821691720536386
5.335139505796003
3.288247534306761
1.2719895869927471
0.5317751694654521
7.432387814930759
0.05081325082015093
0.7310869608420513
1.037112438053883
5.499245068862599
3.700863417172196
7.792323353072703
0.7624740439833548
0.12565090829350373
1.6540629996036857
0.42027122893098356
0.8165282006601413
2.3257617691438237
0.17957514867219734
0.987274957336472
0.06592634526462017
0.10104077112837943
0.38860847530477854
4.994452422565224
0.7177732501662831
0.06869935248671817
1.408264836981777
6.750251598556009
9.1288503645158
1.0910396643679208
0.6153533895495528
3.873551404996872
4.109588238750388
0.5084181987996383
0.24188954401312068
0.18612747154778816
10.503397330454218
1.353653223422918
3.076917220332897
4.89304286623531
2.3420093576463135
4.5264476624384296
1.1022458591391462
1.4723360246726003
1.6753262589581226
0.7920422076544029
0.35489722991259304
2.6076498090916087
1.3232089682668344
0.9648887343416318
1.346906466953685
1.260642753037271
0.11437440363825008
6.0571965412264035
3.1494674140451124
1.5244735333340882
1.4161071753352346
1.4824364980558296
3.9629344309667824
0.506342484717555
2.5172514032601554
5.175863345931682
1.1449992399370754
0.45767482230856227
7.658621851270554
0.2573160491615074
0.26830993732278813
3.948479924642092
0.7949469766449124
1.0074322369241464
1.554749801056609
2.7451561494247443
3.069391238366038
1.035975542848304
2.353164383739633
0.5489965933439321
5.155073204236705
1.656906808854168
0.7798883605115665
6.6491565853779955
5.668331454181234
0.3117035432878213
1.1610520749724687
0.4354330837353167
2.9181289042593286
1.4858371956606427
0.9638696055551471
1.041627608342347
0.3784930502281126
0.15842782526694296
1.971117499975784
3.9523757240384043
2.098248974419978
8.422847939618462
1.63817537466879
6.080915851633474
0.9076750770311262
0.30748981219802857
3.1059687497484023
1.3068955184007323
2.526739691227812
0.2354127907806898
1.6550664181028194
1.7352555874342668
1.9585224744450238
1.7037940310400035
1.4287048464415693
2.4201248304754155
4.550170265776453
2.5393871711162688
12.167669017723211
10.133721104956638
7.3222876322121495
6.31389380033923
10.051374513944973
0.45054973894751216
0.6590010243834795
6.4206476713820315
0.5547863448098805
0.8481691989765507
0.6751967810517426
0.27996889802454367
0.3349469756915601
0.44308598995358234
0.23154219576089097
0.04126255450177281
2.057980542054852
0.26179875199359975
1.735885045268329
0.7396503162076767
3.1334190164662936
2.0597928027274395
0.6037671102221597
2.9427473723094217
2.241947454567605
1.4207254787182384
16.521105803565913
20.075086541307524
0.8003092784566235
3.005919729392563
1.0445594879920275
0.8604506619802974
0.1206067838708012
3.0667079267563793
1.760275525857975
2.067935700822621
1.5519223368227557
1.837225826322534
0.11407310894736933
0.13517699602544386
1.5230706948042128
0.35084477112572143
2.282987355687394
0.19191291288415638
0.14370968413134336
3.969249332700826
3.2889042734939675
4.698113338863787
0.645765784698834
0.22211611101041293
0.21944564370949782
0.8502574028542914
1.1659279328132015
0.4256383075686423
0.1451444516428795
0.701765769818656
1.3341508509529758
0.10734237645231977
0.631171969114796
4.051866702526083
4.161142919686927
3.4348232315560545
1.4882436892739668
0.5279582585677814
1.4746608489395971
0.4293245640210909
0.46241367361680075
0.5677669589607309
7.820396103959254
1.4186295136119844
1.5201278677789156
0.833959536215621
41.851752987444414
0.24290673907025997
2.7414080655223727
3.4244776207537417
1.0191221081018316
1.264860243771278
0.8067526967207983
1.2350496016519263
2.5370952739577386
2.280306394223528
5.366593876082818
0.029437608326481804
1.3251528040738043
1.0866786559122201
0.4195362912949576
3.0907265773708175
0.6449554430060777
0.6838076103566174
1.28632781975553
3.843408893813994
2.32294769487276
1.9343755113041687
0.1058875975712507
0.06411748125340887
4.529511923664608
1.290396047696424
4.071962161577589
2.7643011761200498
2.5458205317023004
4.986446160689413
0.47177589600218806
0.2719057780523007
1.6841040599058978
1.232176933960396
0.9441111857153487
0.5575432171235077
3.4369518167345543
0.2855718170792933
0.2951344530604133
0.10544886452615189
0.7970712858084377
3.0036915953821666
0.2471214016576958
0.1779946558409099
3.00136208031589
5.649311040842156
0.7575247378680685
0.29972375999429135
1.7759801846677752
0.10577088901878134
3.997673379741886
3.099387577715761
0.23061020581095215
0.7188007871970855
2.975998206998092
1.4729190179665466
3.594236256443699
2.475363338649738
0.8297048235377508
2.359544462518136
0.9222632003088999
0.6832563879136324
1.195704388396679
1.6546383564970828
1.0909228647449767
1.3832740400321788
5.450517017969548
1.1439113095957218
7.31861612881304
0.2663528926019448
10.286952249819786
2.78126309376254
3.466712955226374
3.9810136535822678
1.6093677090392386
0.49711209240424226
7.126670009244062
0.37736573413174984
1.567161552039388
0.9078269573613338
5.0768277503734085
4.099637555073634
0.9990051279530979
1.9113919165604096
0.41274036158162736
2.0687639488200595
6.204515800224191
1.8867853800289778
4.864062758758035
2.0231205398598076
9.995731857289654
0.10439858903141247
5.678922632346359
0.3558902294231372
0.3928723373867434
1.6052289229570975
2.4705726434907676
1.3881504688868744
1.7302171959460864
2.861711756324461
2.7430281148266054
3.3378547352430634
3.7947277381621785
4.390951233752632
6.209769389165204
0.281714658181695
2.0442238779438977
1.3687623887878744
1.2140799826026922
4.1738122227031775
0.30232035803231
0.7477992431662157
5.368942992994399
0.4206259270903132
0.29740953086631217
7.207043601059336
2.7560958611297224
1.1474109142117992
1.1629141221288652
4.16874135359931
0.8158175430763318
1.241172834587068
0.38564053486782846
4.351098838031004
0.7127778623570541
0.15428177814286484
1.1386905512774923
1.5747054751380754
0.563286149198693
1.4342492276777261
0.2995613256381655
1.938123807328335
1.1577968156789062
1.1594977036891627
0.8399862040073893
0.2322142388186542
0.22038440046487626
0.7106063947777
0.3505551342839961
0.6691528285544813
7.035482838492044
0.5411076527953337
0.25128366527603097
0.29040397658651734
0.6237614942042423
3.3667293140480026
0.3814429599562143
0.6970747928365277
1.5753383331821575
11.253378146246867
0.13276965950330266
0.5294108393436812
3.2344191148779546
0.5287827856533881
0.9772510236917578
3.320358693983796
2.6574786852203958
17.154821493853998
1.3256154598459229
12.094173246623187
0.5869534868425693
0.33178737850795836
0.6199281999304338
5.870285037304833
2.3857836083165163
6.746846998574031
4.800859596735221
0.4645430251486262
0.6278071542567224
1.2990884993841931
0.9672103982526784
6.669298744197047
0.4668134586813944
0.2003556921191447
1.1116142205047665
0.8577046343594433
2.639607944398833
0.3132947706565366
1.5476796520117297
3.635352148784255
0.9307128465751119
0.6986622588901835
0.4520558900694514
0.20371173232075576
0.27026926375751054
0.26845174606217787
3.9406841831249824
0.7576365978543533
7.7428049787620585
0.5309026113146529
2.039591702719353
1.508132254222556
2.140986915779393
0.31035560155373604
0.4086749704258699
4.613126772636608
2.409801747486581
2.2303378089348116
1.1326532563143734
1.2700247795669157
2.487754789610037
1.8365979209637207
1.6369169014838543
1.1052422240653106
1.2251892366223007
1.1772851962331436
0.7820551641066338
1.5924157362225244
0.38107124581593205
0.48397538031394083
1.5319755879076575
0.49660783352255944
0.673916990470079
0.14854822981962168
0.4922668185797305
1.2781660524563578
0.24255215988465428
1.5914364851672709
0.3908422381269056
0.5468622846227223
4.455293535555437
0.7141873533984923
2.1074246706954933
0.4738773516384043
2.7911848071931
1.1072763820598095
7.202722726076307
3.1589177352495166
0.8653074411455287
0.6997410363685347
0.4536698765508674
0.12769750553260464
3.904312737112713
0.7514667086463862
3.1776114280842904
1.1506974057590107
2.2505332448884183
0.6136585797448696
0.33524218720612886
0.490406106906299
4.044040441770789
4.303870246680934
3.348743950573582
0.4755782664636932
0.7110307344246108
2.7758480322032195
0.3778400897685224
0.1735399468441675
4.067485825243148
0.6277560554729634
0.8116754285758758
4.066459969563462
3.9114603187463017
0.2674177690527337
3.228829680775808
11.39779881163078
5.602102417429223
3.043473586583142
1.8756955406398215
2.1371097903535192
4.124854856419787
0.41699114569655565
1.9088763266072426
0.9038984902040167
2.8151399493792986
1.3360381256564713
4.894199930787235
4.060097895607994
3.162512245084967
3.4545834460911355
0.8852955474839747
0.20517784256065918
3.12754805196035
3.6889172013250118
1.3896980778511434
0.7527529132239734
4.8835762741878455
3.848920050317435
0.8003004429380146
3.43626760907993
1.4485392042195249
1.7606048017245246
1.3542459271888756
1.1968306030346156
0.14656882729646814
4.033342952448448
0.057712717905222644
1.0173802205970288
5.739599148570162
3.229452172908205
1.6818255383100864
1.7606769127052937
6.573838222214146
7.792319134694843
3.4520090471832447
1.2502334770638026
8.04955911439963
10.534487465925917
0.7763456294834539
2.4490748854116946
1.5038531262424337
7.202932694660835
1.5565267047854556
0.4512504871213101
2.6513256749415572
2.7441303635988756
4.789618738676885
0.5984654668210809
5.78826620035526
0.6081396164653498
0.32956698357010134
0.4618283375748045
0.8588925402915369
0.6316262455280027
0.136957922256994
0.680582198327525
5.9054099491693
8.97246119744559
5.909997521414099
2.334047707957097
0.37120081476003736
0.43370550126021484
1.7621664993497408
7.695101937941632
0.8844961223285343
0.838416779900759
0.195110907224097
0.7449569873214199
0.17541491807220452
0.2376846154550738
1.8308444689887364
2.5119944980639635
0.09909972531102905
1.2983134430681356
1.502376899805476
5.0002049126965815
0.24126732825194275
0.13051138925822878
2.0841487158629834
0.28936926635587484
0.29495780946175226
1.4559875090194023
2.9267344105317683
1.4451498938019853
2.6500233996026075
0.8058960950509747
4.8470458400615275
0.4540836372878658
7.223760600216849
3.0164731247883765
1.7928882566336986
1.7491384327013444
1.919944853805423
0.6070025082415874
3.368850348084505
1.6174787047938197
0.4765896545191261
1.606756214805606
2.1550126817594717
1.8441110924344946
1.4383352571435373
0.15250696853011952
5.249387004715907
1.6105608998694654
1.091478046602045
2.4905464268578883
1.547861298716221
3.514676575252812
1.4250161095284497
4.275826214243268
0.9688294161802579
0.6117179836989727
1.024386319020352
13.179808726796834
1.6821880419687387
3.0683300609591577
16.47720131972748
16.69588673049673
15.992907512308319
0.24012015560942865
0.18006542685996774
4.074869994726648
3.066507203266022
0.18246726726977555
1.055591775519159
1.3980015495823215
1.451222258765938
1.42766192293953
1.2272749666478726
0.9094181993785552
6.033336005268712
0.785957513020454
0.8217311545340497
0.420539826854419
1.1900865875640314
1.4138680424761645
1.4157671323827377
3.9559522288958937
5.4563552391195
1.1900864359023209
5.9157314869408575
2.13905283639358
1.4767221248861502
1.7754689100202883
5.247324750968098
5.895364028767762
10.203163647220478
1.350001606478358
0.6452922616903807
0.8570258880338519
2.4079602313587425
1.5981698461276872
0.9166790989831387
0.8592241634180722
1.2401335983974742
2.729540187177859
1.5999302716094694
1.6858971141735193
0.37694387555095804
0.46503136215690116
0.5242683927954614
0.45829834571542033
1.3532196065715463
0.3177595487698228
3.5514432531808455
2.0149535421042386
1.9310372115459904
3.930164457100455
6.932081102437297
0.31343842092405255
0.32817723600708476
0.47885820312228383
0.10456821349350055
8.515167771398941
2.8672289766299364
0.07770844306645941
3.908012092661801
0.46731252530714723
0.555826383200001
6.29120337653822
2.7129417726784193
0.30195423561859136
0.9378152935085816
1.1366942666726876
0.24292252710422657
1.0064152465604983
5.486861659533514
4.922812908321668
5.154290515677869
1.8074168733032376
5.1663778692968325
0.4339133973580169
0.31898112989111943
1.3482482018131232
2.055256594587022
0.2792909887585219
1.9117397884109648
0.2362962637579112
0.7669632322699121
2.2100732971079746
0.6111311615786038
0.1751961455566873
0.5060356194975631
3.0331502794634932
0.9262867066841233
1.3769392755827878
1.3457354516845264
0.3619578187905444
4.093366555291034
0.2586033351970897
4.261188050787162
6.471836721623781
2.415898254076696
0.9812086551185398
6.502274141295106
0.4270300569270336
0.15586699561414433
0.9509401361353599
0.4269230273356925
0.16098150586284152
1.526889736184314
0.6483414342888706
1.550113302410612
5.361548791750998
3.382945816647155
4.573638456993492
0.3507076358997705
0.9016868993609374
0.09534416216362875
2.0960127977511895
3.3766363381238946
0.5618988546022278
1.0743769274824782
0.3597506662138396
0.2684886348267573
0.22889195673641563
0.21651535081779763
1.0837457540952082
2.5212445862354316
0.8086904300243499
3.3411659153734763
17.04955543606566
4.658719705112023
0.6111635901334784
0.7984032432434628
9.24584396115855
7.220566894817403
4.910241350513876
0.7976946331304865
3.603419551501379
1.765787192996718
3.7687303890099177
0.5568326162795613
0.9077036701621098
0.4849540434719834
0.5818722750933001
0.4456703569706539
0.15654826917511422
0.8029302540133384
0.31600116533553885
1.4320031049494506
0.1961039312020569
1.4546370901653478
0.4667042163100368
0.6983693628020657
0.5988217156295426
0.9061513040311723
3.660958878675911
1.0400764223785637
0.30164694268619535
2.3959300560002434
14.640425327751496
8.339272769856805
2.7032065418265954
1.607350390726923
1.4883023115927114
6.061408628464309
2.1807456178031326
1.6929832714923665
3.01619121148053
8.922565704364251
0.16681931819012005
2.3602622828268287
1.068184470649272
8.546438257547416
0.5860791550689618
3.6108587594181802
1.5773506464094742
1.426405649704093
2.1273600145177824
3.4422594714903174
3.885553241031046
5.577721799015472
1.6653997907303408
1.3145222040761346
0.2979576293756126
0.7429831419809035
5.581554974026563
0.5994836449702622
0.4929511339482171
0.3335041660579883
2.581178429357229
1.9456146641300431
2.415013263254989
0.20450923239457494
0.8661751526872395
0.20594287528488464
0.2986729682009801
1.3488037138504083
2.9764109401084173
1.6606388369030274
1.0761130073840814
2.537214784832417
2.6643478208905305
0.392168401905509
1.9955805291828843
2.509136766409475
2.218781216264612
2.9284054638381565
3.181879817940178
0.1628132887767655
0.31770874348507233
1.1384979207939472
1.7898048215893638
0.6470461517529092
3.5842833163042136
1.5007177694663987
1.2846456680937595
0.7040919167307456
8.16824386162415
1.2982873506808534
5.310811581927477
5.562763476444943
2.3852209372441076
4.648542958612345
5.386906772463047
1.9776946149928183
1.3831505065754717
3.6547560794277874
4.849238154952678
2.0743678271323938
1.1940828227932003
9.006538847036891
1.001061215583606
0.9355926952933836
0.0831904892127076
4.597478541508752
0.138612723181291
0.3247554934066171
1.3749367755867252
1.8671115326798369
1.6116428952954402
0.9696848696405045
0.3282018528031339
1.477452606980135
3.161565662376812
0.13803616438387709
4.373055799429184
0.3619965937213537
0.23235285327998
0.6961205059387354
0.2509491853868641
3.5394966767626515
2.2040784828732733
0.6269182894234561
0.19376157677261982
0.7267237811112753
0.1756406283822972
0.719021763998872
3.0409603391046027
5.669510530249312
4.697461368632793
1.3212985506754868
1.611140764291792
7.004300472015374
5.479625004306839
2.6948131485830262
0.42957935107927936
0.5684774789186723
6.829279016975845
0.1442308810602521
0.48929552193965026
0.07534709887189782
1.525343605609689
6.407830629727638
0.5350817801910001
2.9032385430500365
5.288851598174994
6.876981231986817
1.8156044017641013
2.09157697732306
0.7720744748126561
1.471383390566715
1.27800179990697
0.1348192531303097
4.32421578645699
6.11616611394668
4.006505272356853
0.6923500962890561
0.6740103837028286
0.5311055106353292
1.4655172663200255
2.1416365693637904
0.859075936439535
9.53185779795823
1.0418909535288505
5.571894529828728
1.8669335886833573
0.938137163120381
1.761559057835492
0.75007825583259
1.586934322761989
0.9600606295109827
3.5856785682101386
1.354137955859685
1.2369328488953477
1.4731160292913612
1.0623639738836512
2.8026069327893537
4.54767457833566
1.3337408564286017
0.3078798631218758
1.6052008869518266
0.3891908914454893
3.0629836585597676
0.13152252988850083
0.5003050942151029
0.684544541609769
0.4078617957657562
2.7409088699005113
1.8295834165161609
0.5095749158863072
2.7401651249396775
17.918405339136303
2.3102772891244396
1.0183522716328304
0.37128516753038127
1.1272692830236264
0.24428365372444158
6.195551038392073
0.3276299588306007
7.117251715675285
3.598637278696687
1.1692651195551143
0.8377672989421702
6.048671457526182
2.368726443685687
6.7902505195241725
1.2970246025220378
5.134905342625419
1.4917281031774747
2.5293598144739753
1.0088240260029215
0.4964660852692837
1.0399648246396993
5.054502635608119
1.0799649609329558
1.5537629308779375
3.23373948620697
0.09986459229000029
1.1682853846277557
12.99725424428521
6.19344004939078
1.9424700117973643
1.676891710361596
0.5240027545191814
6.044542365773238
0.7246711644711112
0.9828651883510782
10.944902452242877
0.22181747235827207
2.6696336553090485
1.052394960977298
3.0878542729714873
0.2478902937522598
1.0155856037998294
1.3455125510994617
0.6367603591169292
4.734780426426029
0.31645462335979624
2.078862559265102
0.28022952241757076
2.6475848252961707
0.25263933240074293
10.53667341447486
0.5158959220349509
1.3555026148191265
0.7816009253303219
2.3662273009376773
0.37648118532378344
0.934327895325056
0.8890671170531749
0.9216862569502057
0.13357711833693267
0.47725285785823607
1.4720363443911613
0.11261924620990175
1.3267956393864482
0.6004341373350867
0.558958236128518
1.1842599302051469
8.84339198907728
1.441967734697134
1.0025950332580347
1.8109590136854659
3.9168693283702356
1.0848919507488468
9.336136454595854
4.244964276047959
0.7650575593552701
3.350637592348281
0.9462934937500497
0.20788529608003248
1.013595727407659
2.0197928237427463
2.2232231346255418
6.9639314295837
2.4445317958726713
0.6663052373494037
0.5674355482633758
0.18756181136340067
0.2442096285393522
1.2557389076890384
3.0862410115586845
3.5498239891124608
1.0313145141686066
0.1054049111469712
1.0568246521823237
8.238537394958886
0.3586359658288442
0.47178437793305816
6.408178641000223
7.7094972892274924
3.626898193725802
0.7206147464041458
4.602929834209777
0.4528103702833078
5.897989496475808
0.9046656763479741
1.09313519418259
0.38273086817303564
1.0559587755729065
1.483368606022626
0.4494299698174451
1.4844541528630992
0.7930589637680602
0.06416038720972109
0.733352934761932
0.4405349722429746
4.523360611868216
6.303854770263309
1.391182032376249
3.392526271557889
0.592642006013678
0.3233053365809421
5.099440472995903
5.1152874348537924
9.825998556067306
3.818733209227187
2.12291233443854
2.191835983357634
0.9224692033753631
0.3273238553877718
0.6659191952995211
5.4663637611387275
0.18858345735177892
0.15750155499247626
0.07089450518824632
0.3158867062865853
1.767726872507544
2.283819793467665
3.861637664236062
2.486676283270642
8.225126494343632
0.21306121496022182
0.4873691818088836
1.3675451347381937
0.33109999997871836
1.4235415222823622
1.1998848263256678
0.09011962603669671
0.5003277175245968
4.429517975314931
0.5057404778804678
2.8116718345502014
1.8016906739147747
2.8905751341606263
1.4506152180595062
0.49360082631303276
0.5045645649105596
0.5062065260554355
6.712558658981692
0.8532036332468237
3.301566526133895
1.3904957861626237
0.12597823394694982
5.20548788828976
4.535391051702485
1.4379862811685078
2.5251694383020014
3.2914571254427423
0.9584483282766912
0.11762538125795385
0.14191682651986468
0.347139042087135
0.07013348093357526
2.170091340318925
0.2604247309940498
1.7690852794307883
2.0637313210611374
0.5716818260710593
1.4128224487594732
2.5602481760515885
5.208654942531144
0.31079970783014205
2.4324279941489766
4.726652442167042
1.700959531757114
1.4769145486594208
2.1498718541092603
0.09966863920919321
1.4525094280013306
0.6052038444846861
1.3044590788547994
0.9690987744515175
0.5850535864030645
3.6423720351916953
0.19899278614580626
1.1085104737744682
0.5465652888678968
1.3605160048946905
6.500489060510355
4.896018478860973
7.418875493429067
9.231848087510402
1.2577030427110618
0.9190578084807086
0.8368890197663773
3.6596975952907127
0.08337143826164035
0.4928765396354486
1.7793791073854115
0.04573989433384972
4.563565549130522
3.1216207778144036
3.831913922072889
1.471988378686414
1.8333505042235467
0.41602412440609154
0.8765331791683256
0.15847230050924102
0.7967180443804458
0.24841518503409055
4.041572393716572
0.9617113682482633
2.4540277539581927
0.6097811126665612
5.394395029046631
6.63479189467218
0.6056288366629966
3.924923457009396
2.5289672058951753
0.9978053444397671
4.007405703951195
0.7545279486225046
2.3296675149261334
0.6218321706483931
0.36568424938195615
0.1626798851136209
1.1291663834656616
0.2914843448065131
0.3400845047165044
2.320257312226902
0.12800348912585563
0.14738579803728435
0.722183424275185
0.2919273704995767
0.42274255479688
0.659635920254067
1.073671771838047
0.5701074366278306
0.187212194023869
2.0515192555991004
2.2666632609611344
0.5495094165802404
3.921612193054374
0.8313720633020715
0.2733638827218477
0.6222039861808862
1.0327383167742814
0.6894641930301187
14.813605122751833
1.5387474866755104
2.081830818883866
1.8161529022348724
1.0002563539575104
0.5357675947712305
4.7886349345066765
3.089823059516329
12.411384435552092
7.134496679774702
3.1187393030676653
0.8436311032231387
0.1354873118755985
0.8670260462836339
1.2902162829920318
0.6949212131771471
0.5924818477750684
0.7546330514081055
5.2483805711632465
2.0625779955851646
1.050738735688998
1.137680415346041
1.4642360933897887
1.6728802450701894
1.529516130788098
1.4956569728016575
0.17266301481833193
0.19408034989854106
6.761551647263592
9.548833327306843
7.415898318719305
0.70125498270167
1.9932001010435858
2.600814311467579
3.664143057883534
4.111761265009122
6.334288350386665
2.1827645524794552
0.10225006396134136
0.8719349889323995
1.376064015805366
3.9828962851922918
1.313875939237981
0.889074094486892
2.2369026608506846
0.8540856205191291
0.1199904338619854
