Model: TRINITY
Dataset 17: speech.mat
Accuracy: 0.0
@scores
35.57825405271277
36.30721498931154
29.362459085210958
30.83993576324372
24.927986088105225
30.790556803627453
25.903601610202326
45.49469932206072
20.84934799295006
20.79851123271416
41.50933277234593
23.247346299713172
25.561787146747733
42.80494925245129
25.962147521526095
29.099844968905575
37.365863616730415
37.408917391763985
33.769677435903226
24.637010596746066
31.632740796179082
47.693153137452306
38.812228929408185
34.494100751718804
29.477136028740762
32.00252141104637
32.93431241403895
40.41736030682648
19.50090956745682
24.09715206447237
30.41739216791923
33.218503220654235
36.60924094425629
28.226524807011007
34.383852599706934
32.47134142886586
30.908065773112806
29.49634452244797
20.87500260536502
32.48146445309174
39.91211465504163
40.54738767802148
34.26883618291629
25.908486603359894
29.74619197768902
36.53121940122901
31.017815765777684
32.303066058344214
25.16033332178397
24.191989913054186
40.995242858765415
39.47950736855474
16.900313478361618
37.88313158768015
36.47278264300604
22.594811367042013
36.58079554996798
28.39080646088838
25.02647123444463
29.735030884147633
31.77269175470789
32.20918795736041
34.0379405988728
41.98631985637337
27.198060896951404
41.778195080160295
45.30331971680311
24.312408642666654
26.28247347050956
39.7258371880312
47.455626089382115
36.52034491762755
35.79896985619451
27.768181708824873
52.635838011722335
33.63922461789562
25.111373714249893
36.35122782957366
34.50097327392033
46.6037246444163
38.853629342743396
23.86794433706464
29.55497531034024
27.712705105930993
16.79477395204844
39.675113069643146
27.1134599876659
39.53282955037599
20.375889438658344
40.72722972707938
33.85060282459474
33.28845253719816
30.61278221858097
33.038552426109
21.419200894905412
34.749523630570984
32.47836935191304
36.60677383473397
38.52571760794287
31.391938382053784
28.877765391896016
31.251761189528324
29.907010740151907
48.94449493605732
32.33456075941746
27.614422707341188
40.62728312247697
23.02439813890553
28.93659898909205
34.305303438439836
31.322708045235373
23.831451850174528
39.235545178717885
30.977746241859922
36.28051502226785
26.83406941205617
23.670965038032246
21.18266692499911
30.979504613759897
22.962266861053596
42.913939350304666
23.891503910862784
36.66658750452394
24.467879894642838
49.44088438770138
29.099454537797097
30.638576684593748
34.304530083265185
43.596745512073426
28.414519262226495
24.420053814679722
26.353351265431886
39.37294430876912
31.460750364114446
32.58291786429458
51.6829327147618
32.59294660493031
27.472305622460567
29.906014071382444
31.199046304205883
42.677785307420685
30.26031162518733
31.541425349413455
42.18961547000993
28.843434084885217
34.29060404519252
22.72669754435114
18.279506240130328
34.45872804450455
26.84003815530255
28.497759546548124
32.99303811031213
29.75251398337996
44.71361761305696
26.847344630689943
33.88752816394122
30.44510297361477
33.782526620980214
26.190459329307263
31.446277069416965
28.203293931572492
30.765631590447075
34.45247572818537
29.22328096820144
29.081678562177114
31.138348902438207
35.53137063238862
29.71346916656194
27.97580624114461
29.581677066681635
40.403957527918585
28.616350118880717
30.939499139120844
21.36307488465233
33.01887791589531
20.081570238091192
44.907254662932836
45.86503554673578
26.6462754543216
34.94007356826144
26.732046783879458
37.37909905942977
35.63206019061625
34.530192642802454
29.65756847513529
33.24896065817557
26.203476037972028
30.267410339994594
23.871918193749877
18.820221485718353
18.159596482606695
48.72646169141606
37.3145760502398
27.833465616216774
38.680063225557795
23.879350051262424
26.99848802047185
20.972407157090363
31.36891021444715
26.014190454953507
29.508491396368743
39.408533054876756
34.086729199427545
27.82628946876801
28.721641026747665
34.39204778230035
31.645410413560953
31.297745871207
25.98477702494368
43.60603316615706
29.103679600801396
31.551454406182753
33.87342939577128
28.582889809523977
32.65905770135175
46.590473892238926
40.28931556822649
22.63840419225114
32.32259913210164
35.6161750718163
41.44376366760577
33.957309888559074
23.609805961196
33.5217050877014
35.21708867550644
35.46041693501243
15.93496173971815
39.844669146666504
23.397278359790146
44.43839466706057
31.039479178575792
38.524468406710646
24.65454271699979
49.178042924644984
35.45190522907995
45.34593450336106
27.623715586400206
31.582736594557034
27.23685408508915
35.03412372088363
25.800045324230805
20.991967650414978
24.714377589357998
26.554168424618293
40.14664176534526
34.8220777190548
28.418472867145017
24.080370466190143
42.88664569274706
24.555616387765927
34.049491489540145
38.623367334911585
41.368942393281074
41.80978349391946
26.740070763315725
44.588885791752375
18.563294793981353
55.666253993171175
24.23597045355109
29.159518563394744
33.02960694603198
20.63908852249009
29.80524596232243
30.305059669357505
25.3057582598335
34.49294997755168
35.62486124708057
29.03884338388012
28.50114017005448
41.88157444313659
33.5662997071247
31.928848297607498
32.1820246512218
33.382724235290176
22.937432683772943
31.981249731612426
43.32101344123878
30.839389153079782
27.089439125191486
33.85703605724539
28.303677724118902
37.31887280258827
30.034784479538384
37.15659945559067
44.40395039128316
33.122648425310324
29.47626685095801
30.59739368249191
34.619666055896474
32.63222030453
44.56008183735178
33.004147568155126
21.235338478070883
25.559439792739827
36.96009340097924
27.26641416307829
27.338958766726595
43.269591836627846
27.191170717063972
21.66943134799752
30.36461204741902
29.396370577034986
31.15478268140572
36.1545159157837
36.952720444041475
25.67302712036782
44.83350562777081
18.155501146825838
19.29002527684111
30.68167207193167
37.076144385229
31.71579981177972
30.075515381859983
31.655236409052247
40.67244949286988
25.067224857243264
25.462550253312855
30.443312251907447
34.47270300401571
40.72511518362058
29.663676539768602
19.041185272725915
35.99134952520455
38.026702371396475
27.619578191841185
48.750708805638816
36.2362985367514
28.845765452832122
32.63180466881561
53.01396539440597
30.964009044241156
26.344712153481
22.30150406575952
19.144903941934675
26.266121692916357
21.431911387218836
34.72286897023658
20.00117155469845
30.824967802477076
29.61791738124769
24.63242607894111
36.42883133361622
40.954278202576546
36.42858131757676
28.08538887759582
30.236219548843508
28.37639788720035
17.851167279385766
40.80744143672677
21.97610975871837
30.85064384210099
27.971923480712373
27.357843393887595
19.319178209591495
32.71915642356768
30.343338206778437
35.474564532202606
28.75877702033996
23.038319189979315
35.68755595693221
37.09660078684663
27.62775253655016
31.21875913860738
25.49665283622389
28.557100014764853
27.68572084896996
24.496813657530037
31.021899972663963
21.247246468036632
34.81525796456555
32.457481599045714
30.421442849444535
31.342335244999404
34.85589626913916
33.17217813894756
25.233070001455065
39.02497028553452
43.20607884666447
33.23936582639559
37.918413351352704
38.525647578455754
33.01478932840297
27.445764355395738
27.894248355216405
19.233092714157866
40.617277235858246
29.666794997674703
27.84007750679636
21.800959274498272
38.83728341528231
31.316686173427556
26.05297147085666
27.407904758818802
32.96089586435947
32.21796160892543
32.20307798198465
24.562660797439932
43.907537634530236
31.554556891527763
43.721141592453364
26.30858176650965
32.92266321669313
26.766628427616336
28.545799654247528
21.59127664050651
32.80311559842636
42.02164257839904
38.39716917889427
36.097316344725826
25.46227162911984
25.59526474526621
25.596747109804415
20.657525028076233
38.8072705894314
28.747303772416945
19.110738349633365
38.329673509660886
31.36428797188906
33.94345717098464
25.854004123702413
30.237184019910853
33.562593084982154
32.18908276559896
32.21188120744806
27.368588629866608
29.125582747218186
27.503761311858785
22.403498808852877
40.45621633981795
24.375873991446298
28.75539181966875
31.143407527258073
25.91887282077602
36.99085708309493
29.060231336205423
25.375108418041936
47.66955016798707
34.687692884994036
35.16054609843708
33.552043198887965
25.48984452452436
32.20994198247684
29.436370412735414
25.012172055977118
39.03417122653638
20.559937192330203
30.903507240293205
35.38555532634422
23.224793130532376
35.95821324979088
24.31730364109009
20.172274187952116
39.10742079791366
37.300528507598656
36.90761117569421
38.56201453915307
20.24797418178048
31.62754557886296
36.73790112024274
19.859546340914097
29.06395147229932
18.587177407024317
34.76156884424932
35.99434181367703
31.652963720884987
38.45340417327462
22.121869677685982
39.2213468951037
40.9817884235656
36.93076727563821
27.850514328327275
30.46971426550627
34.9816219124189
27.017188839440678
17.667315899471845
29.315895022465202
33.90378054450563
41.67722418645108
30.27094746487583
29.276203268734623
33.866939711779445
28.044449322310765
34.88376761099773
21.550766144696297
24.313431228348765
26.930501301590354
30.830226420356624
39.590941455905416
32.796387220912905
31.274459109916354
33.77391172325617
34.2879121094906
24.075919750467136
27.125618698417302
24.689022372170598
33.19832814533613
36.37507472202426
32.999376687395184
33.45406484782132
28.3013426884177
39.58408479156342
23.21799685647493
28.442964979278585
27.566330932138033
41.93012995249388
19.474818064249224
27.329026321420972
34.08945244549537
34.34035859044031
20.720793926155824
38.781440733288164
49.31550025083453
31.912308415427418
35.90826651926434
27.038522912076374
23.586433181628298
28.728437908576495
26.021015308914382
33.642487345342914
48.50138351376668
22.669679613255866
27.710550660621934
38.14856205741537
26.730732818868148
30.87579688408083
35.498514061902526
46.19671682066061
36.1743771553906
32.54589358612055
39.05422898262627
30.61449219887386
34.44938602756607
34.956774460831504
42.1255062757448
32.48887164917185
31.71779235505417
30.694079488579092
29.554249760887647
34.04513791250424
36.695810774619126
24.5149504225613
30.697435722386672
28.375899585169808
38.49704120048634
33.70472628721612
37.30509644616745
41.400659639641795
27.188985381221936
19.811487017108075
35.86123413634461
39.85332819368581
41.49819340238836
21.38566112698061
26.67361854156286
37.98179830991063
35.06318396427451
24.62116401921111
41.046783278028606
29.431911129730917
27.589914508005105
21.732238297116766
37.88660800771383
22.386580539203038
34.34630077168588
35.90354186760861
27.31478809787995
31.988920886112584
25.52840575143665
24.705950154746755
26.096975368543635
16.236813537171056
33.14368614302791
28.69886020252247
29.184261752888087
26.965960063382948
41.490657353002305
29.452847767182462
17.431824564600426
33.9599779982769
38.94019505462039
51.234391982707585
32.33602600982331
31.71281245825675
36.056883092428706
17.28118494728829
29.528539715458066
31.66715246119645
30.9764196886522
27.188683955589667
49.66173280608519
18.787407372335238
25.155051230091587
46.79865996100836
43.72202608023613
33.59560530228996
34.62894150271214
35.107420170233844
40.407893354975904
28.879189923272474
40.30756087309455
32.92072946658232
21.221808075778583
34.2920818547923
39.11700121641792
39.70752488444435
38.18786840198216
42.55221102721245
19.169849104436604
26.967528661737603
19.06584131235385
32.58674189212308
50.64990322635213
20.146967017548512
29.290746012924732
31.33221974049026
51.59294480552138
31.206290434406597
30.369489051677714
18.356145925096047
31.099155637087545
22.346252184673734
31.21942055435804
34.72375069063308
41.288422773534144
35.100396093625406
38.08662452375402
30.835835043429725
35.49723524642391
56.32371293111723
30.269723304631626
38.2665641985365
33.956003217399356
11.79540471478078
29.848353825837094
24.90470772922855
44.62287522299525
24.107132558692232
25.268002990531716
20.358597883960478
29.869422540579375
33.6295206805143
27.9094556290006
38.7054240986127
30.517891133544182
31.113067207578837
19.280692813975936
21.637868893254907
20.976601676928876
33.49633913380881
46.87259442278427
45.18289825937335
18.53937735353134
27.977750863149293
41.60322985453622
26.24742204356778
29.788920019379898
41.73853572091789
32.30792457297304
34.06451329378509
27.08771929577569
19.63679805584653
26.84549024075142
29.05450715790059
53.865967680077176
29.28294424429592
29.93088744841505
33.54605687456068
25.643487262752917
27.990220745064573
40.83560582758856
17.348446254580097
49.08899347602914
50.402230564828876
28.20718468369085
48.827115006246714
25.021076958833195
22.835553258814997
46.565298561858036
25.612213770161574
38.45001113145981
32.16434905995998
35.422583808364784
34.46881982035253
44.97749323087847
29.551204359039655
29.362400762223732
31.937588918221874
27.573065335997242
40.7877903088578
30.79641002814363
28.494656416820447
31.876496058186508
35.86880002161527
27.83512212305708
37.99407908208592
32.15945351938
22.376612815997664
45.36163738289415
25.78243364447877
31.48707607857004
32.946661531857124
39.525698268812256
32.91943979181365
18.531932268157263
31.59694790968059
36.068465725482596
40.269510705732465
32.7585782422463
36.1708067486372
25.867090315856746
33.00287233915236
24.11058912051519
19.498984399344796
29.285029075624845
35.84116866780126
31.056862947847367
40.71219652542282
30.559815686229328
35.219753374166764
30.11128158841504
36.90550543837087
37.43650340537154
30.02517910402119
30.016732437089036
40.94032765194476
21.934702085894372
41.37853467124713
32.34279233129894
25.65674045988233
36.49618442152885
31.947728677795308
26.138374953936108
41.85451329277709
35.599646336837175
36.30416672532957
33.948197133391076
36.58850468810465
34.82741870349775
36.52008699530687
38.59358266017471
27.012784096539477
25.969542122093618
43.15834259284021
19.34921252783248
32.90188202770239
27.881722004363436
30.319225220463053
28.971381282667423
41.110223030921276
46.867373517503275
24.768644313815713
34.05199288038415
28.73183420643403
39.1836333455089
34.7842487374794
39.39681724149815
28.369615104554796
24.84912408583722
39.54381884941609
21.388254422023795
18.981270159400434
22.83884971205111
23.332094441796958
26.15539340838809
32.88725266359828
32.882229191754526
31.16691667333507
42.322433149012326
32.903914794712776
34.717178512901704
39.91211950063411
32.81642352379547
57.91410044621142
36.42294222084506
32.568877446357384
24.808225451535517
25.777618912038538
47.3028735770878
33.57329328950552
25.110500129250994
35.571408824824594
52.478613807791476
34.20703897258096
33.54210368912878
44.27538467271196
39.05696606986303
26.24197092633858
26.198084584301956
35.40317330950399
27.021362389152742
23.58384592595468
32.26020017654381
32.09790343286193
22.29139439649424
29.8925455128812
21.249776058411438
29.79952452295817
33.377358907293114
21.55036077212884
35.268679580961944
30.704560060488333
27.80702981369234
29.266571989820715
35.4010153087561
43.7240207946802
22.748840964940822
36.190874265009604
32.00327037847746
28.19499365416303
28.176626407397222
22.549521970658514
47.56866890513745
24.54113401056206
29.09141140373529
34.00290911004887
26.937940523767924
30.787603843362188
41.04747800920903
33.205898636859125
25.463850752680916
30.51465838306915
38.015093911155866
25.917483182704427
33.56135500874241
46.72945146793316
31.932711287902578
26.96829597397343
49.79602991695068
26.699494168776898
12.090628895156255
32.150922533307835
33.793335366749844
19.963737022318245
21.61415268919137
31.896698520987115
33.32298420551665
21.49779823018278
45.25534256471536
16.253647699587844
26.314130468283746
32.36364129882567
41.612685861278
31.344538727876323
40.74914959526965
24.290918235958813
26.758319222070693
23.545379730671883
43.92197616565675
23.105349458861923
30.484051827685473
16.042357184872525
25.793213314938708
34.286513040131
27.911466730102845
33.25252457066844
30.942368526033263
37.352654065468556
36.992016596115455
40.95113340195403
33.78118185385707
29.53128749769267
29.10567714685108
31.445902655715443
33.776651058804674
34.16180659694455
24.90960330731389
39.314294693108586
23.16742637682631
39.519367281926236
37.930247391711994
28.10191549409559
23.56685937061609
42.521072405647026
39.64460610422068
33.16171505094662
35.65920572551125
21.516065451133795
28.65725500037838
24.838786825983775
20.46598987455461
24.755510565300984
36.82884712717506
37.75833468160921
22.979589595160007
26.96382517662485
36.809692385825876
21.93862472197506
35.102826780310906
30.76948019179716
29.26084563285863
31.774104347526336
42.07653835988586
34.00787151102373
22.375622363407953
52.46477918432157
24.247789822295104
33.14571753165561
23.84774070651241
30.422025938291302
50.96774846372989
37.082577132705524
45.011001328312915
45.19732997183947
26.18030503917689
31.13470348091937
41.62123495587406
21.031037682022298
36.84641073854593
27.250932210304608
25.14744103496668
31.257451091204185
13.237860796383005
41.989885171721355
28.768570371683964
22.349994768994588
27.908599735127442
24.716954760593918
30.759712579834837
25.27051955295769
36.899458721386765
35.62020514276944
25.66429555615855
46.00856577473342
29.119796486274762
29.998170144703824
18.49780609092611
48.29140459741608
32.16527944810127
21.77928964625978
23.460788344289256
34.03912768959668
29.160627928503477
36.83002740859923
33.57046756626833
48.21512761348097
27.804158839135724
30.229361874924578
43.337293469546715
42.37672978930811
32.684409359812264
24.29749711698899
17.07496297738631
32.21763782483477
23.887840205322707
28.964769029946833
31.355106336069465
35.865000793720434
28.757416151225865
21.161689768136846
23.238869157015454
26.238585218982603
18.14993282530884
18.05293818451991
35.07235992123666
23.678371639488415
29.28097540956483
24.27207521238351
32.7043578476712
39.353487199633456
16.683968644925567
36.776222594390376
34.825832022687365
35.13556118007684
31.860731136374373
34.088643420838984
18.512708227079926
30.08164309161732
32.27356772805838
40.14795791755848
30.45402908295311
37.79442514091715
25.890316114816045
48.26136523859222
32.119793178572586
32.28125577149048
31.351394342231544
42.18709000781028
40.015171187251475
18.101401316831147
35.93928976631002
25.961047658300814
33.75362623448985
29.794373471596433
37.08261616817671
39.189906422127756
35.435202503826545
29.4948106048582
27.319556475684333
27.446301856126627
27.124786430880494
20.60430053919637
46.140772611524206
35.03889773544734
24.453526148651566
28.190425214509816
34.582316146323464
29.694907194303784
38.78285268140097
25.965761564983268
30.01080431697618
23.83763796454882
28.85460927770853
27.529757305363688
22.98097248016275
39.495074150320995
48.39069559317725
30.698492396223326
24.777870907803447
42.47189893642144
18.71145463474345
48.66324579086606
47.88355181766347
32.39713952843451
42.53905502795771
18.728355453525662
25.710208390281448
41.09037753407199
33.35818227433245
32.47706091868321
35.9373944831651
43.47932727851005
31.37048471182668
15.047705653093432
25.910997186715264
42.13805516956503
44.16158178053476
37.084875376178125
28.42898379373956
37.669035425362225
46.5544626243142
26.13401372983681
27.44410009126017
29.36032412064671
28.141676824599788
30.70572079726503
49.13687360996702
28.98736452613804
33.902467059762536
27.089294256270353
46.38164993956793
44.76869468078581
30.625260679622773
18.0940518990004
42.24742106223317
32.05470033227419
38.38096281536187
31.57329310114839
34.11039352952257
36.124760539428664
25.10340912214717
38.69398085982912
35.40284865301704
53.678960969434996
49.227006764907564
29.542097324379608
28.909594237444512
39.20492545467016
31.155006592483314
39.21066116802039
27.059299161402322
26.40727457213868
28.00423159397865
42.107524550944085
41.462887430269994
34.55586447242872
29.43684882439946
31.12820190570828
28.868004649884103
34.001630794235815
35.84502484136321
24.58636919058132
34.876987317186895
25.683795345695994
24.254779678321373
41.32638304956462
36.466780107176966
37.88729803607716
36.87297406490949
49.316092331758796
29.10120211541462
15.688282475705842
25.32775941972299
27.47913603264279
37.57211455991675
41.442836058014045
36.380341181129396
38.52561460410964
26.89849796011093
26.610018827638584
40.45090276236561
38.153144809095714
23.6552860822574
22.015165955760363
14.589587747678678
20.896403979440386
24.916055312189727
41.838466295706404
33.15742383659137
41.7194562802203
31.426192414658008
33.050936866181594
36.15527892320605
23.971334939590037
29.894016840096597
36.88707021187974
39.45328863998972
29.69544421533843
30.590894736280806
38.93484559525327
41.02450849618386
32.123083942665126
34.18896403450134
36.68621966033725
51.24760512004028
37.432651115648405
30.868022910549413
45.11008487800422
23.238295527853737
15.305306977519898
40.21752906142639
30.600399207651847
21.09126356979387
34.30531349183928
35.316885348013464
34.63930715381005
26.622406060609393
36.85156960774176
35.605930305806865
22.308859335263662
38.12157286685517
27.04763500255388
27.170726753411227
37.83728503581473
25.614363415688363
26.77442394278401
27.864835933659
27.146078319049792
32.819808929637055
39.47156354851342
41.66976446702191
24.699844486833175
37.67092173120503
27.511327191948684
41.85116136819551
26.63458489248394
26.496374487801944
36.49073344930341
27.30343361444814
38.65791480214274
35.99067406768882
39.7420152863679
49.42016956413584
33.488647440080605
37.362583464027445
38.55793924060709
21.583602156509375
23.780758466065038
32.36716591062273
33.52333543140544
24.397618717357073
21.461058857468426
36.84456517983535
26.33168197376516
49.85160317276914
38.766628383976844
44.79026026683212
41.828137069148596
24.792900140637414
22.018231386327557
34.42243192400905
24.81093867943782
42.06569380849153
31.57672151672007
44.64480256303289
31.464564243711603
22.76208767061048
36.50758634186226
40.39339263773563
32.528298277677855
29.989946124522007
27.49572108704388
29.998649866276594
33.597720923795436
25.791954331790212
23.55178804428964
37.281462454376346
38.82694713183124
32.64691635720225
30.56027294724228
26.94560465700859
24.09813708695935
32.29044139380375
28.176258229189774
19.33358811364879
30.682286782102157
28.400349610583792
31.71730918112499
19.577508853256585
32.82477077330656
22.522811218551237
28.30139309257204
24.57052754804056
24.834921286901665
33.80897694244076
21.789675663924083
27.814681953313727
28.931392434516557
44.22715842639619
53.65310024355097
36.27555023984392
25.50562359870771
21.54917911514426
20.657229789208472
35.36482844875158
34.154397341806025
22.822092892433627
21.2221465025514
28.43598047628839
38.594619342628484
34.558139052120666
28.76277432421462
58.66093379835919
29.984331735739932
32.55802290216169
34.8562225982545
23.328356024093804
30.868548183772393
26.169823621063586
38.31287037466564
29.49738066267165
17.43871089030578
32.53014283479789
34.80164405769397
33.91058393910436
37.146590427047514
39.18880576420299
50.99828186729007
36.490999667017924
45.5352385272576
20.201406691902072
29.719467497558735
31.1517644152428
21.250364519831823
27.236271210505198
37.018386866542166
37.268233876507615
30.550686992115484
35.687601885114496
27.96164946375225
19.23652316940203
39.76317316064451
56.11312565929191
30.65050303040786
39.14870644578922
39.403125506808344
28.328258709482004
41.35182113145804
29.231850075445653
32.12676187149692
28.433463028304427
33.78161938155521
32.52409967947439
31.97177267646975
30.410540953636925
26.73066136313717
28.821116843622164
31.092188459023593
30.144214725105158
41.02063081648213
20.300073441281672
36.042623829543224
36.74570076356449
20.545841335364848
30.73382707320908
35.78394953861177
25.089363189616005
21.933075818650153
35.92393101115613
31.203347874586
29.82931132351302
31.56530075004267
34.966977530577644
40.88754430056867
30.40628324743324
32.05227165994706
25.050738924119624
25.264695096903015
34.91283472861851
32.1559834762359
30.599295661216342
19.911040521886072
39.0467544607426
29.50527586357103
41.28135255639766
29.942216791199485
38.97442036527605
24.196056020799293
29.61871462766803
47.05644689843078
29.137422930034262
29.931387404228015
23.77703674576396
36.6295281561053
44.12374068807508
17.01795845277187
30.57033981672667
44.25632784029639
37.84461968948012
31.67784409920677
30.825599563405707
25.45277351210609
33.77150884744662
37.49763889377985
46.979090746255146
32.41731507886427
44.50594310790902
35.45815809675886
42.91371004994289
40.00995471594124
28.7002623714538
36.890204744930266
33.17743640746771
41.305086267604295
35.13849097079657
24.480040960920775
33.57381153781757
36.428146351618196
32.05917293085055
33.38762839181337
13.273671500637624
34.12157965863478
41.25006669760921
36.619950871358895
35.93849855319275
32.35147896679264
22.563553656103263
29.605173143311614
19.262204863190288
48.25932185623438
21.97231043740794
39.85443552612933
27.001014001348675
37.434711078964796
32.618465769749115
31.918176235842722
22.717266958119065
29.873121328646775
31.58729411611833
45.03839733804785
50.791073753946186
25.652961104120465
30.50558837970773
39.172812544239335
42.24486667883179
29.561955342169966
21.577184968184728
37.281486261134084
24.023940730140453
29.564624702678284
28.44501653551642
29.81717321591232
26.89671281979655
33.65472349790905
30.661851631889053
32.52018270754257
32.192214956841006
30.477422079022535
29.01827832404425
37.24796658358938
21.567777091741693
23.065121840931607
24.072990430573757
23.90599915996684
27.690115729356236
35.466101278078554
41.54328591836697
38.44753530308829
27.27154631643576
23.546134837987193
25.85482352084374
43.12490552746976
26.06099319009778
38.549036410031036
40.54018690018818
37.27634412526301
22.11549395888375
47.94726828329138
39.32850682193946
30.13765004995798
34.02462998076549
30.187800765005903
35.42884782401227
28.332360756799137
14.926563752615175
40.71876416099697
44.63280758644378
46.75265163064508
29.406225855078418
29.35943744186198
23.69345951265872
30.07688210511712
22.88090288185758
42.785941547101366
29.382879102228625
44.50175599405235
22.424521204268647
44.55842071455972
30.952957174306345
31.083877281786673
31.39637134394346
34.61544202900942
35.76540921871268
21.323046125135576
28.159789904876337
33.20144128415027
27.82777985406239
35.416590098258986
16.691302362974334
52.73214048825074
18.908354325394843
40.25778438751839
26.473910993581057
39.514855246082824
39.070967792287185
31.555278164905705
23.060246878952537
31.389642949551753
38.13063647348285
32.05902672860202
26.33779980336645
29.754134798494288
31.810004693874763
31.440216010691284
29.44480871233429
44.63501261990373
34.51871887952601
32.687977828532915
42.70421503697415
38.780940649589084
27.85780584601248
34.28169311128827
29.399966073048233
32.096853742869136
28.16609292422946
21.851662568437575
27.905145395917614
44.71992942087303
30.92981673882912
36.70662658636551
26.90697852091901
39.27956695747498
41.622903981949435
37.86026965695649
20.70348894291512
26.628612006826216
26.757623502238786
29.457202571187043
37.0643119339247
26.136357238574437
39.24259752266421
24.462928557697726
24.728102683494527
32.63786162889172
22.166909912850652
27.554113157750475
37.151967779752674
28.567513471858177
32.26920409339328
43.55695259748955
43.381660635351544
22.23507293908209
37.407096690636585
43.1420439906156
20.951966895595426
37.40440543417967
42.44569085842162
30.169446812457153
21.275564150098663
36.049288262179736
27.823957605484267
41.144391911372736
29.009006583156037
20.784425754763944
40.43011486605595
22.725714412806344
23.152070282937956
38.71203183554153
32.219505187252786
34.57616432270091
59.94301907742616
28.882542317130234
23.176457855460285
27.237004609859014
31.822133745102263
33.04643957384925
26.71238885117211
38.64099285060116
30.33151694192989
29.627786334176438
30.30334488650537
35.50798950761942
33.90745250137405
32.16654634729733
29.035869772540547
41.15705022324861
43.302926713967885
28.973226027809915
23.863666767058046
24.258125620371548
39.07574639718743
39.765334834833794
26.006121138975242
25.919260368692544
39.62120176474313
32.25332242459102
20.28294009448053
27.981886572446456
39.08205031584687
33.25622956202146
13.346708792120033
23.65251002964524
29.90187367759468
44.74780112224124
48.39254608988603
25.6515153459882
37.4209074554941
28.260205568806782
43.743563130496675
18.254020818259637
31.404493799868956
34.51860990695943
27.547847650977783
34.504410396805866
31.465500682597693
26.436469560846092
29.774147774576893
40.2571969175633
35.28157217675116
33.306279550149355
31.50969437502796
35.46875873876288
12.708797843524467
18.29652807980994
26.38466194413324
42.86179451496579
21.04050529568128
24.419118641049945
26.855425927946115
23.682203272307827
27.590968006210066
38.35723602817826
39.528830347394
45.37455938592413
39.421079072228366
49.00727414584572
29.121912213743403
37.68272232440423
28.303506272149686
37.479384521039485
27.63859147945252
22.177091585888316
38.55971286471579
30.41313811666268
35.69936833578033
28.29829899049875
26.969444906756404
36.88954855358629
35.22514216887471
33.83120816396985
41.17154318560814
32.826308777537854
32.38287557601026
40.28049081201787
26.201572094491237
32.047062899468905
23.058576564655656
30.83185616907358
31.711538505452822
36.181010009677294
27.305815542947812
34.116422850747725
30.63240537251284
37.51840040452533
26.274039026085447
33.9383865754691
51.169834312579376
30.225510372687054
35.10657543585163
34.57694316272754
39.702860184776355
35.12955981165222
35.8541506836665
36.46538910897441
26.991536310931462
33.61866473782566
20.91474618602903
17.72316629490009
33.768944319095446
41.40408427946904
27.56603862232762
31.020974531778027
41.01013329760469
23.18982471858673
24.42873579152805
26.670965737981614
39.20047083040984
28.652418071248462
22.521386396403276
27.228907274500063
32.87634549547333
45.98598247775416
23.946989242262138
28.049665737232342
20.83298006236133
26.46239395229478
29.94416764390576
20.17497711601053
42.570398456788276
32.0243900187077
29.33787267437445
41.897615326646665
38.35852665522935
39.31922059102137
26.33439196900505
29.464160026718762
30.524890763560816
30.832942034930365
31.731165200191445
42.69437756118459
35.1461985243362
26.98944919334706
27.1042553352398
43.04416093603604
32.487210262844826
18.63652669274609
40.61230573610316
29.157797567895127
34.45208872775622
50.86071362618088
29.890609923369187
16.01381488801689
41.2246424996902
32.678426353852196
29.11116581504835
27.393555715374564
30.56624251745055
18.69917715635255
21.1303338184707
26.705929575129783
35.086526122740715
24.55952931632116
41.98264563758476
30.14822857436201
34.76764364945189
28.759921045194584
29.277090517599415
35.879093778203504
41.7615883824513
35.236204161664624
23.495534621658962
19.39177592477306
34.14443813088227
30.256167553369593
35.94447499195213
25.07515841164775
40.435892072366485
15.228564551534648
42.79788015064582
33.128214336177585
37.14357262633457
30.410914445795616
33.04275618157194
30.223107615374065
41.92999089263037
31.250325850306865
27.75038329186148
39.91967016388228
32.53692663164566
20.071576978202465
22.97178471287198
37.648062345087034
26.25546920922535
42.63754291891581
30.349423960288373
34.8603333523389
25.73018083022052
33.679316431420894
23.392424682104814
30.278918440827578
27.037871903315832
38.53029149840162
23.445415788659705
38.34035379137683
43.24807162245302
29.76452249965092
26.6836776944002
31.095666934175213
35.23790583665098
36.56199795093805
29.57990370178547
26.73059146880215
26.67128988941359
34.960091623200704
34.49736790192589
38.30666538214934
48.923539802980684
28.253278260110733
32.21026396815909
20.37409153736983
30.2055793511075
33.68192225700315
23.554952264733302
24.434396719654345
42.5077679161784
23.33411840361963
25.894141317401246
45.95171023976865
21.168870578481066
24.985758129015924
33.60022848825451
24.546145230642335
24.65894497926025
24.742251414701542
41.38935720464539
49.6369068852263
29.326312262696536
27.423590524393177
36.33502763946197
30.346700975668227
30.536718241834517
37.970058341705446
33.452393166538016
18.473128459131505
29.559541217787373
32.36607038712934
33.949813274129276
44.58701392505532
40.30790638437245
25.290597061417174
22.274662000048522
33.506857997461005
33.064200976963065
24.472246339851917
25.647009079380794
20.608897299031394
38.551545745843946
26.823897586080708
39.90850107660973
30.388026491867805
37.20950727160487
29.29079794972202
35.1620533618793
28.796904495287247
28.44772733772427
36.62875326750295
26.6556202312013
42.86501740654506
44.02010550325
38.260334151654355
31.794646753841747
37.49457918179251
37.49433932566141
30.131826427699973
37.81603261523069
36.68282472143767
43.736013935169474
24.88827150390151
23.999402269927952
33.682893922817705
36.50853419034667
27.529886545473317
45.573842421486574
37.969753454011524
28.924905215368323
39.78546611912591
35.57989999117403
32.100961861744075
34.5580416829142
33.05176994654585
34.79649750586804
19.965980652906335
22.671982588366877
47.25776948554184
27.682302864634377
30.85625076159667
40.16423988202536
35.64806121138954
29.47812790773187
40.56241168131552
25.236995289640685
27.417589257483858
21.69567839454035
24.003710983202776
22.190642315702778
33.760080297819826
26.258078580448423
37.39694499588691
16.825966875546303
36.78629554217764
27.418863738929616
32.99726842489551
28.913583139959226
23.18961612212392
23.232425019785975
42.09725120555015
38.373489040643584
32.7242189713004
35.13321090135854
43.5515732341778
32.317271595305975
26.126632466282498
17.28711737276583
28.49119639679462
44.52594128585647
34.82803627958314
29.745281578019206
30.929435053384537
31.000740261216922
29.10244216240383
44.447292267834484
38.520548757215174
29.63288806352777
27.41421238115778
29.489067313283684
28.682432491067072
42.64612813438375
17.05462134464513
34.30445249748545
25.57360387887049
28.458143435048026
35.51275048700948
27.172169282496316
39.52934968837602
37.34631428954709
26.28172467625898
16.77275936909303
31.646559926663524
32.346060433527406
27.82662504289448
32.64897305312625
25.282607935733676
26.85522552299855
34.529113340342505
34.74893437447121
32.53157317377941
36.338027098629965
37.600346615211514
23.069469462309527
19.192222484884056
33.372753174453216
26.683648631156192
35.55701958319187
34.65351564707155
35.16122956351658
33.029509856502706
31.471750955308796
31.51835548398243
34.66859501808607
25.579375473145088
24.224154067064855
25.07535646252579
18.948975462169212
43.79537442330883
50.72036066813598
26.15630060378902
35.79138617794893
19.80174202933433
42.90707973022287
39.997533571969534
29.33198515957756
30.524607851078603
29.40672983871491
28.549585392663033
25.326369443780703
36.01789942309376
22.254336445071733
27.925308854943108
32.21407981637086
45.06366487438319
29.744223364012935
41.9002003859494
15.064632624180014
27.373518140021194
24.879453755919286
30.169258426655656
45.200472367554994
26.410999503931972
25.28344023813521
34.41531978262008
36.68419573111233
38.25709905097438
35.14564321954127
38.46676554648474
29.38275278105451
21.263078431999705
30.31179853835829
30.866259761181855
26.187571951186495
18.008774856230964
28.704964682353665
34.491726620445924
36.11209887937985
38.00760087835321
24.248695536655074
39.07749976848444
31.45473396546481
23.90279176565049
32.24617064373006
25.13726746421877
32.48416671460344
30.312363550048726
34.417303252821746
26.17380064078451
32.70431775848136
41.01929204648302
31.33437195598854
23.553843037509964
35.328588829224046
29.08875445283597
23.95353361608545
29.929729611528174
33.75187038341483
26.676873371702566
37.03695826310917
22.762441691070112
35.4535819800601
36.74998909917017
31.15234094167883
26.609352413863864
35.991286881280075
22.73982185499959
41.88706236927497
22.782673176346393
29.56546396522437
23.05573162191872
28.735439277794367
26.078221712636505
52.561954430250715
30.152650709798067
32.759425902993485
29.70462360149563
28.29310333549539
28.577960188700583
47.40758562985408
34.6615008488509
30.434080080009164
23.35674022593885
35.58511353495188
26.236847527167637
26.767842984953802
34.468053378128836
42.67910238404969
22.128315093077376
36.85855127085795
30.78898688801465
32.28371453772038
25.83657591195691
23.18242067241437
28.647485598936342
25.66099208482488
34.33685015066913
17.733892827376327
30.643929691071992
45.296459914280724
25.24554534123122
21.521617951348514
32.35111570643052
19.61365639792253
25.451165562805908
25.564622222962168
43.12314440801804
34.740685163752936
28.85455687750056
34.03368545587119
28.133394136085695
32.21050156456295
30.386731549226813
36.77518821943858
27.736204202781597
30.898689952218017
39.492426881132715
28.20535838607223
21.961923152571273
52.56502902607244
31.78548559859006
26.88905203608995
20.033170251984142
40.20075953122432
22.76827033911552
30.47130386108478
34.60352598894143
42.001408426733754
28.148919139359972
28.095085618592194
34.74273706653775
30.984845820135018
26.84482358121552
29.696956985981625
33.78819844298308
30.24566787988407
31.047148055038885
41.725676473047685
29.5472501593901
19.623962554282404
47.41167049272291
41.56376777180776
46.311812531583655
24.13793467160114
31.135988228341034
42.96228401923375
41.036056042614874
26.322243585608174
35.24714704699456
37.704294884513814
23.692895285368056
26.901400095750745
34.83486557559384
36.563849999031596
33.31731181023037
42.55910501866564
34.53724876459798
34.76083271242208
29.55856513727056
39.432919373074654
50.58616875891692
23.864176507034937
23.92833155206711
20.015336011375926
38.16452710481505
27.57739816321124
26.08967906367222
43.910549374941475
17.784350122526302
33.20927490214142
25.688567120004837
20.36814171174203
27.256744048713553
36.4446492591708
35.138948361720104
33.901680460033795
32.719592084071365
25.562155215746554
36.7208582757418
24.031951514201864
41.18344172350874
15.754851474861164
18.23985632851822
33.470691249371605
41.425862780155676
39.68603011188995
25.633840013101906
26.120481466223097
33.64413014561522
38.22035688022342
42.48309486586029
33.642231068198775
27.567487354265293
40.301722188103874
26.469353774533516
27.42934984051975
22.448268493594238
26.546264797927275
25.16278546081914
40.88227201368044
20.08214242050305
30.73394416028863
38.71754049122527
27.743348046069343
26.355986327984127
41.530149602874964
31.826734116678892
42.244486180242596
38.43119611119868
31.7770070176996
31.465012925772445
43.3337743909922
24.252489771570854
20.759130338678336
29.755294736290093
37.26572509361068
44.75705994239573
27.428898664371147
25.979595903397907
34.78540008167426
27.489120827821093
19.991893517965682
27.832131486918872
39.407954325730465
23.5727485197629
31.027069629563126
14.405952967261143
25.301685081851918
25.051513762243882
29.624751895576225
33.37827050588346
23.563150096323913
39.983077120368705
36.041800009298505
28.252359822573638
35.86924124959084
27.40451958540524
45.603106531102604
20.429946978329486
30.564506044725977
31.256300357853622
39.44407127532565
17.278655000889636
22.890272321414333
30.613410893711123
37.61897602108171
45.951001940118964
15.218663983783847
31.03007529259742
34.1826114865514
25.517660822679133
42.46582666563071
32.946651999840824
21.849247193887283
53.3677125750987
17.347223052025516
28.311786795468066
41.38010688916027
32.255874966274185
49.04780157660386
34.4782547322856
35.69823633914951
28.243717539179016
23.084421296574018
35.500672403282806
31.21680201870923
47.73972045511485
27.265214540862686
39.3472171773842
38.17098241812089
22.087195049172895
40.75551668587511
22.5709559326682
45.803536790416366
29.67619950776522
32.16573510302603
38.872008953597316
42.298024990101624
26.68770776283762
36.94463800206065
33.71291528808902
38.76464046925971
30.76316136744828
24.1827761550508
41.31942377362741
55.306702890877716
34.940671748193935
21.597155686388742
34.78524641459009
37.46225637778988
39.339555374268365
25.596384420708684
41.90843873803146
37.656690602590935
29.916839021883316
38.75433226847384
27.041693476321214
14.285024522825386
33.01421473733794
32.90871451470259
17.850993425194094
28.813081861787833
33.23480995623832
25.831295430869634
34.55244932526015
40.152728535153926
35.708382068877604
41.003079428962565
33.92514058022592
34.492973197736625
26.389769790170998
20.265170994841533
38.01403201983554
38.206440205111704
37.00057635908016
31.136299124006005
17.262604511079232
33.37612854798706
32.78360082605445
44.48874627216281
30.00924947216632
36.63771045350566
26.04706566701243
38.697206189607094
32.45463811191786
33.06071292085349
21.968598554600685
38.391870353187535
34.87126318613085
28.677726628404557
26.740653461456404
34.39340411127859
23.328661791216263
47.042425321163826
18.582183885127353
41.68524205535795
32.91756697490505
26.830401312315956
28.062114292317293
43.46810779141089
32.097826294483276
27.94151985006407
37.08208589420287
39.33631110555981
24.99651601543771
32.348313446177166
25.52660031394069
33.18846034202362
42.441029173693266
21.31613558446406
25.23184983363142
38.06642688803743
35.53554182233986
28.249716634609328
30.9689089880236
25.135259760874106
33.17003609028914
24.8476297833014
38.347293812674394
23.258156360078303
42.62841100296101
37.319220404873185
19.671965508039413
42.89172744168635
30.151272876512788
40.39931505850645
28.294810371308003
39.18699510275405
39.03436576942256
36.373156838592486
39.12327568023135
43.78756439785454
33.26391122714062
31.020048221648963
30.581605929047186
24.797805014628594
38.06875794581631
28.207171450944767
30.366340714440636
34.855701465055596
39.280171080319356
36.324424373445005
21.332721926640303
42.62691810100602
36.36948123470152
27.205272968461074
42.72070496490837
39.33076780935252
42.04756054729255
28.949025960607813
28.299481757589476
26.883473184384112
31.772629083678055
25.254235537524405
41.66061639407821
32.30615137258193
34.31868723713224
25.991600656082053
33.986828760608084
44.525925735087505
39.87978702915715
30.704846604388408
24.99234250737769
33.00768707234317
42.797000928938424
32.5505419939185
33.12034928739183
29.077835821470426
43.591675354573795
44.93712555850791
43.71627670670251
27.74520590521003
38.94644632456416
41.42361526888786
26.276023853404453
46.65551316940222
36.053754923808164
30.07783297289892
26.75005623012503
54.01414244851548
37.017864718824946
35.819340211752234
40.06060788893888
30.511266996384474
39.06219854669576
38.41198484398152
29.82890000966299
32.187337062122836
24.497521927125693
28.43559319707116
30.579402877700474
32.78008153001719
44.08607749688256
42.591577136853424
28.582863596542495
17.973720391034416
34.45580135098394
34.25111491995944
31.737729108102062
16.178877895116816
34.9489240023075
33.42408796888023
46.93279486612277
27.59045035742834
27.068583942251696
35.90284288871854
38.75254885693441
42.55615822228203
30.43839291293553
23.183971352169802
44.486214355172855
33.57907050484982
24.967701441113217
29.086674093577656
26.258254332915612
25.729790697208077
28.55183489898431
41.416591933891716
23.335924840354366
31.731842367389138
27.752845971573652
28.020652170653605
49.84578658689862
33.489241469717435
25.649173123700702
34.22046809127021
28.008573146988194
45.56553615846881
34.241433780977594
34.23204110397203
13.705023202102538
35.05000395055983
38.354570565624776
28.103733431894153
44.64655745322319
42.41999174668016
25.420399858979607
22.08136829201507
31.967636444583988
25.744334919365617
25.91655833136709
17.785380120500076
31.014222575364766
43.45023080623414
22.88927922360944
35.75534074897102
31.952943001243582
29.746692429626933
15.853800540538886
30.80159912017155
29.544125857947748
37.978896241622984
35.31298489141189
32.109016395255736
24.48455146373448
23.494507738435576
35.39063097128567
42.152373913444286
25.363777184243606
45.90016039670666
28.939808229889067
32.2702708522612
34.04895574771176
34.89499333967917
44.928336525714776
34.890834519266576
30.590274535561814
20.631168717974806
27.660764764400323
28.417605544241
33.11455901838523
26.12830505709397
37.93023065412594
31.112021504107247
28.86452157752228
40.38023871867365
40.39928421435602
47.07167046614845
52.847512876561176
23.107594653394802
26.24891558822001
36.06376589141614
40.88346335632708
24.200932551898465
36.17114336067284
30.53812792422501
48.1508189895734
26.494492320308396
32.60114008007348
36.35099222306413
19.399542487806574
36.00721248613686
46.272745859158384
38.14135881108364
40.021325030855245
37.76896021527719
47.166734514320865
15.383840914289415
33.487979309336794
13.235153189366535
42.80853009218071
32.32687973629808
39.4750989322245
22.44437589298039
26.760008191181928
28.874105097537456
34.82545013497046
34.466038359257325
51.31748839511001
33.579590824564
37.61105626111548
39.4720807805364
27.086680737452188
25.93257947229304
21.087951317404393
20.070690736846384
39.34521124628548
31.276534709292545
26.331092301447445
30.134260788957167
30.930354794944844
38.06957308778022
43.19546229857048
38.672967579693
31.476179656553914
23.798675995323688
42.888284438107995
28.65658723832385
45.95816865994049
18.000724339760218
20.680315589444817
26.28472056705232
36.49528321643998
33.000447300580426
39.1235277452492
30.40921461981028
18.12065368647494
28.845322523864922
44.320898235471624
43.93689573568184
34.11294581497593
25.906352035263264
25.816712572879684
45.60139135749821
47.03548831591308
43.40839456514279
37.88872518187673
38.07413013028276
31.48312217122718
29.507483699980543
34.872751329681535
22.483499116954103
54.859074518734324
37.102921045578505
20.474719909865062
33.05785888320988
23.124426134361826
41.62565743004473
39.387198607054366
33.09445859947578
31.167509172814945
41.56229757676355
28.867699923052726
17.572617172778113
34.783766902769514
31.624089843147846
35.69901666177849
35.389858666505994
36.34760650430322
48.88200842086272
24.792756216914437
33.28648200674791
45.034674289025844
37.44854300653435
26.99412191188867
26.914342511632423
28.126880410233355
28.294158685450455
42.333979602432
37.14862781137415
45.391465114776544
38.32938932505147
38.85517885767986
27.54448276455491
26.088991550730913
45.913902489983876
33.14974584196184
23.32650268503581
52.351907747314925
44.336505544762865
21.62541570223236
35.88213238399265
31.408046786036476
32.16170070038854
27.646622586535987
19.21725656487548
28.7581608289624
39.160240953677366
36.47139903518145
24.142078793182417
32.22778250708611
35.21077351554123
28.409827540146498
49.397502444648154
31.865441895221498
25.869518116515874
37.85504884048299
38.95973842776738
36.37680694668618
47.925614403976745
36.948219123444154
35.14836613759871
40.051598197945886
32.41353298295346
31.429075007682243
28.945970757230956
35.468238116034804
25.841036507146924
35.59090101769018
29.52125489014857
29.79936532171709
10.800217426831756
31.492033478636376
27.908209945742602
45.827202148240076
35.057466888647475
27.33591785451598
31.696102481127074
29.20287115237379
44.503575083823364
19.454818672029948
34.53439523090292
34.24876233583676
33.50752906342367
31.83784246316111
38.44500553338339
29.97065827792279
37.74402577153976
19.920254155124567
34.06056485537605
24.517569279452847
33.03647762279695
43.69486248164384
23.01086179960976
38.194621464132354
27.13172281308923
25.968706174036488
37.53557298001461
34.629279119805226
27.76573916955965
48.534535567379635
20.375233880110038
30.660372404444246
24.85457011079116
30.215015585992358
25.75921083320877
15.703640160297672
38.46215309370454
55.30171818237426
35.886387361910025
38.95402695792675
32.06654707974228
30.284094780306116
28.164575831403223
29.694527294088115
26.919683477126117
33.53498784058288
44.29598413648202
38.79899651490392
26.145610434927306
38.72883946629418
35.261006133994854
36.960624653120185
54.69439236244477
42.72416985669929
25.587511544950374
37.868983675981475
26.866251188703753
29.93353402192479
31.78602628114624
47.91988363109463
30.373933233952773
28.938973648401106
31.897872425157374
21.529468585627896
42.559086308556
35.284426600891784
27.678160411698936
37.998523283567884
26.59365099802656
31.835831144182183
30.23196767116516
18.31693409788508
26.91282060000034
36.33775556378291
35.045301862775794
37.14688272110275
40.453572381657565
31.555582225410777
47.34557640065912
34.531849492953235
32.59721335256565
43.22085236466966
19.68985795078922
30.776317052211397
33.347578001030904
26.749120930893422
32.31990930701773
20.283607780652893
34.06824068125574
32.81673751043059
17.949689143847902
36.88664769231288
29.531571376300544
20.29391111213619
34.650442669228845
29.11668902804618
37.317379825510294
29.60603078085695
26.939636551537145
35.67452214678456
36.933360404393554
25.303502539927667
31.687849693080764
37.03371189961009
36.17211491769323
26.096754033599982
34.36992760355654
26.451914609338626
26.797411533046525
32.43784956471222
24.464568993806854
25.266821139296457
31.340122874920155
24.753294398942714
35.59116538623331
36.48705220685135
20.230909102457208
28.287688702825292
30.49455358444125
39.80227643845242
23.75828758834939
39.1046137900176
32.85751201930234
36.72579550689016
25.413575964620932
23.419708815351168
30.908426516514144
35.05876027733975
47.818036884880236
30.953965176520665
39.22080136744263
18.82461071283645
37.71156714109985
32.10087332211056
20.566566149076962
34.65086431699842
39.913357540753566
48.01045919304093
38.82800941361162
32.57578895131295
36.061192629164246
17.802740114505635
41.067151036352975
45.464188274287494
16.87204477453426
27.40963551252921
49.28290276811979
45.54072456628432
28.85412353185016
33.51387450453576
29.920613326717632
37.739278138134935
32.97933454748448
30.63297446332589
39.38565584024818
38.564602274244145
27.704295195019597
26.505823837690286
24.613386912681886
25.571609540737924
36.64383408842305
29.117700804611133
39.229975575291185
35.02510690942615
29.38309779533671
33.79349938661701
32.78215478402698
16.849435756762727
30.57486394332814
24.55642724192766
35.061308637249596
29.322271592896445
36.358749335725584
20.29442197288559
28.975257815050977
34.31281305520792
25.31568388086669
19.728620593095375
22.788305189985138
32.06733710021799
25.341997627743286
24.562172463080728
31.726340196173783
43.845881710435016
26.682247905674995
26.625844208591246
20.29562066357272
36.54248543230298
41.87028160101244
30.325884171257332
35.926359349717295
32.58887126696494
22.82508242237815
32.881594605833065
35.28520275263207
35.71984034384257
33.1922683052859
30.168123229517374
25.885701826276648
31.556397804298086
26.75850266698757
13.975160270382062
23.810020750059326
24.09640111148286
33.52331969693439
17.38109339790701
19.741565277219426
28.414978377046335
33.89490944388573
28.543842930295984
51.15948322787821
35.67161554882653
26.470293248574922
33.91329510793714
37.88424228157246
33.54834214331547
38.79182151119889
44.280339225356386
31.510230798990875
31.26805644230268
24.902647413671662
43.652213422662726
32.37979916180523
24.69435366649699
39.40641051283413
38.944458577048444
29.291406679159763
17.617749523613437
34.061250341726954
31.80208581094293
36.52896897422318
36.01528777576842
36.78870051021215
29.558586573720167
33.24462722248367
30.795790190395177
31.067024231451047
47.44976005563135
23.972757522645903
27.943206710166915
43.62044820212389
39.87410719753837
23.8556216187898
40.634255235697765
26.47731053018426
30.53882284878955
32.788252620008194
29.30465391328424
32.943336909504644
28.305081522853282
30.14350927371886
27.761937912749037
22.60173499055753
37.10354947141573
38.508702601633146
39.36093433328529
49.65880972487661
36.08958191823525
30.39984706554789
38.21542581487636
29.51423344876686
46.17939421250805
23.93044248079357
42.284448486506065
36.25986127355005
29.90381147425491
18.560945816483216
34.972899729278524
15.53423381219469
39.70964078262625
38.05420950979773
30.90258436691354
38.72189871078733
36.065395627531835
34.003895087103366
28.973242084315874
37.75669750550405
26.57625879844234
28.006991890652845
32.61723082811641
35.30157040554631
35.9115544336268
38.62593586312837
18.63384320215292
25.99734047385238
34.10239680642232
24.303777474141587
18.814008858127412
35.74007680805281
45.09530846699452
47.95583913544988
24.015408100561924
33.176138652965086
36.076913266588
36.883261111418285
35.06341616551535
25.52404271209807
30.7515867628732
45.942650995665
24.659907415451645
25.545013417369812
32.220064230436925
26.434829425937092
28.995057636630264
19.992414522470963
24.13094450939516
29.191533318080243
23.05939690832804
37.48141162259041
26.822436221473925
28.288031323029617
26.760995428327053
37.453741142468175
34.340069214550226
43.62435711667937
25.251252443216284
19.348750954321954
29.638502441956415
37.51439527793731
36.95461492051596
38.40311750292845
27.482408599628044
32.051700603646715
19.01072854854973
27.905622405553647
25.927487322751237
17.573178263238976
36.10557773050406
30.53524140080532
41.6202021937169
30.218868092191183
27.900708974926115
19.00088255217298
38.79256114097242
28.96397506808567
33.82954106484234
35.791472147271016
36.75326343421519
28.14737982175666
23.820990824467923
24.326532053060888
35.59550000390872
34.75744147569519
24.541994103528115
47.633765680282295
26.041791844394822
24.942541974760726
27.467061087260504
39.275607563777534
19.33267217158643
35.183156580624704
26.346321219450953
34.790310357435196
40.084320540348315
31.82745635132633
34.00199008346667
29.832099216804693
33.324987276103954
55.825156738320864
39.027308655339006
25.374600244030635
27.46287876977181
22.13159882843176
44.76611107940864
39.51062219885588
29.659784242662656
33.83408666404031
33.36962873405263
26.38567967578889
32.25629148057777
27.553439387341488
32.681373538543674
27.54485851203651
35.602218359584256
22.68596244875719
42.45437834574282
29.821267054294214
38.716672171800816
31.00895271751789
47.00356082438856
27.824429400093976
21.05903787608748
29.62287784268582
38.52605861260039
28.483279620781975
33.26800080860698
40.405532429618695
31.434415875406348
34.49056170383319
38.618258560035095
23.278171200195974
20.770580931839316
29.355801254832084
36.843848997128184
29.4539190265242
36.31102417230428
46.732623151705866
29.47374337836766
34.0424269779256
31.358818168520084
36.15319948347973
43.965065164546964
28.776815127835576
34.684785212157344
38.12581934240535
36.414969796781754
32.77410705779814
33.53590646991151
48.977475912945806
31.38008311865042
32.44069494641204
37.617377543046224
40.49466984810412
25.339828367535358
42.51903133141284
36.50140239418433
33.24607086964906
24.879454152421335
29.594410965545205
20.566209692582984
25.82087545577477
38.147902795093515
34.190999379397894
45.90224870847274
37.07781834807947
33.32767056499253
35.16343400918356
41.48289686252121
54.87749671885962
33.31100693446657
28.03423055438579
40.68309774294826
28.2046438120979
30.021919487229823
17.947136332323225
29.722147677009772
25.651564711404216
30.634192888347275
33.1804412797412
27.409483752172605
33.24527463728189
36.68451892120898
27.744566700529717
37.37527022485232
36.17493372321165
48.57490918909911
25.888353949852114
25.851809996939057
29.072074773520644
46.328851589329254
36.91177165735875
30.91854174220921
25.999068325900208
28.733257980490222
23.282143954783308
28.11505702719266
21.360502576671262
31.136742135562503
38.78013913800424
30.115474595746054
39.93743045348356
39.85305393792286
37.74045202385073
32.27467859407114
37.5432006596492
37.67817951548928
40.80209659528154
40.96655315989255
33.32592644337095
35.07345581148284
29.815364993144637
35.8774646052567
37.46598219770593
33.72635149421731
37.411543212031425
51.57773223621262
36.75037774101096
26.664290884540645
36.458934973395195
33.74490435938723
56.40632323300238
42.44085528707386
33.4888358138328
44.397197814294636
29.695452532922733
26.20663470939442
34.621816243774454
37.37139002951287
38.33065172475858
31.734693394467243
46.454770005732975
29.614588061807694
36.49616119654991
37.28213170882899
26.193096801151622
28.276632974727928
39.472675503494116
39.235526421500246
26.27655776315201
32.18571746775239
25.280966235462547
26.305128160621603
18.045992998442006
35.892838191148435
38.92479484149704
29.154218769949022
31.545865265223636
31.445189943331542
34.085473712888145
31.297119073986448
53.11037949413003
25.622139554163372
44.84899675556762
20.477370492768404
36.20537270947695
34.9856080892755
18.922555617302656
29.751270524184495
34.54998058482263
42.648111590088924
39.62773335432315
36.30695516191118
35.18483014514339
31.26360159560564
23.234706442064383
44.68510012147723
30.788622096101047
34.33470425740801
30.270489829836595
25.227092770758944
32.900875763109674
38.1593773808601
27.52976927920321
33.11015255364071
38.46740380407072
32.40167640806953
31.51368145300259
42.048908780928166
39.90162838335227
26.524784907423413
29.871863899017224
37.38471327859237
20.76922268129743
38.45249343760186
41.23454041834286
38.31146947213727
40.447843187545416
22.2451680480585
41.70445976424571
40.81957546199127
32.221679854037326
29.17245574562163
37.62279663099355
34.39090527624705
33.423746699567324
38.69687546542226
37.26625383103512
37.73263714884412
34.17655971237962
18.387685066879623
50.876083058936956
31.30447756974493
27.200049881312633
38.90200275348766
33.61782285510832
45.95849472337752
28.631031333241754
29.211887668888522
44.476469480023745
32.86965638640212
23.70903373262942
38.72838282274013
34.22581959706326
32.05932578091423
35.999946882485865
47.56295839981154
19.855390444648297
33.395932522382786
34.640496695093496
40.97792590967638
29.21526154355264
31.21856207841523
32.35318587286505
26.561859787928725
27.36864936771558
30.34797847756458
39.20172718660631
33.20691317220076
30.129502739379138
14.621287663952822
50.03254208476081
34.293005199150606
23.213540068124185
32.344530853420345
38.619134014985654
20.553915441080964
33.58862568243245
31.738512362119536
43.159267719902715
37.66371811746896
25.864265533602335
32.89215149284523
34.32990572373367
37.83072136364546
35.975040437344106
28.49196355949429
28.353941254017432
32.21222120397177
40.56271664653449
39.0656102993329
36.25572093874957
33.789940732919206
29.59469000801413
36.77595939288494
16.080220253551037
32.34178022391611
36.333566642685284
36.22593240438102
39.472561451039105
35.596529227382156
26.72466413932077
21.67597908051864
33.54306477889997
37.84267901160951
34.686448353066986
34.260772043223
37.865131189878845
32.792494038205554
33.14794777205656
42.8990787354983
28.864658394704065
33.520120337616575
34.73659711691551
36.49804127511586
40.634988136334464
26.158936905047
27.799450586496977
42.435658976098345
30.584734151285634
30.998451078356883
22.531412122815095
53.22089155813708
47.22316802757964
38.466586919653196
35.53395063702151
36.71023612461291
23.644196857639717
38.19422425078513
43.98698790613097
29.98496011886658
28.83745861754524
37.047817991639285
25.00228306541642
34.91718016230502
35.67859025817658
41.27185574682274
42.49575221148148
39.674221495030174
36.21783217959324
36.755667959046164
21.59180617116087
23.430437023238337
37.66507994613254
30.822471179592412
32.92247014729271
37.68217679092177
42.985728456191026
26.879962837441113
32.9022557599742
29.96132183947404
26.371550155067226
43.04035217292006
38.80463718807551
31.168009779247924
27.52148375897772
25.5693884535057
33.5558429790829
32.69362207718061
22.839050597130083
30.597429498757247
36.07948509703346
38.968655814061094
37.57963888171917
57.811622683982286
21.27811897661729
24.135027458743807
50.668327522973016
22.88209988716447
32.04852775650554
27.70499038094914
19.26968604567331
21.400894007452195
28.01792879233599
39.645592321881075
23.89148998821136
43.975991147727996
24.135171953675812
29.554470502953745
34.790690252987964
25.5329050820166
42.825990797334896
30.471039663787124
33.16344851781206
39.911455063164645
35.602085379819066
19.126243277154128
26.31819403277565
35.157279689752485
31.67699513229643
41.52257707834216
36.54938841575084
27.282115620740047
25.361637381778305
46.44947023609998
25.515797139175245
38.20506585386838
36.54293200513312
27.82276919649667
39.77770510716883
25.087069282297577
22.943818775855647
37.73528327105324
35.42667709597992
42.49700782807908
43.24925624525276
21.785997922094676
37.1902357932149
30.69841160136437
27.830860373803166
46.149091183486114
28.344088505886475
19.28036366595939
30.658223395125233
43.03498755062435
41.625863941982225
26.99392616458189
42.03150494745284
37.05721622085082
30.099044655112007
36.5123826927688
52.91506647394834
37.02121089859125
36.32553197895824
22.729498276441802
26.667551821611415
33.66410330205867
32.90398682409803
34.69684637246824
38.74800108461331
21.06302829446634
34.55179198310311
26.20314475765018
46.58684875240666
33.00715619067992
48.89529066364431
34.34339334029598
45.63397795391262
25.23712672839976
40.77786976661265
30.76733131668077
26.960444115774695
41.00466816413708
18.340037796011476
58.60083430330277
33.979493538666055
22.481215115848865
29.757331116498126
27.31668144813629
46.39650027012893
32.70119618451099
36.20142102775701
23.339815037577974
39.441819317744276
39.52053648518603
20.920343961275936
36.034299366038354
38.67317762256517
40.128728080876364
35.29326727539992
33.9941201762818
33.41570580227212
28.35987010260035
42.874544081349114
41.663335733050936
37.247219610834605
29.671668989179693
26.185375979206714
26.12036077780707
25.710655801515383
29.569347981827956
26.916838039432346
16.06849988915054
39.453358966363005
34.07027810937092
39.61551064073523
39.250497739484636
49.62442854918502
29.288393962445767
31.410485422202413
40.469062453898545
22.18491439970401
43.44218874292014
39.651913272196836
34.745456700630655
35.939974403830206
35.20681404479448
40.05566437313343
38.717346002816555
26.18742462443522
32.80047417912068
45.24250271658496
26.870995132839212
31.504917775448515
41.00717324229857
33.078934853948
35.32110888024999
30.81747848280759
31.46672477455938
30.952863190592527
39.37356434554941
26.155112083653723
25.757885040119728
21.15483330274593
33.836398913566235
35.62251043401875
30.713024801902634
42.51933659475417
48.34322474303894
50.313199563283945
44.81310682749386
39.388862463916226
46.20873429995812
40.120200240810135
31.046323000684634
35.29942871718925
35.476630409282656
24.20232477732981
37.7687206421664
38.98368202888968
34.16228014590207
33.11054607703267
35.62467422847133
33.25127663635374
35.384462599821454
29.154014406546338
32.499777471055516
47.1441640446325
26.26474367362917
41.522640101000455
27.217608213978803
25.59505564209323
26.48485328082045
27.926227677142034
32.182936450827306
24.01295816940736
33.41694675825267
39.63659078566722
21.406654068869077
23.017379347151163
29.706423147903404
41.83919300360176
34.52056944510636
25.39360112705134
25.911983463129854
36.43306085990508
26.307289219253295
32.46391292348223
26.48309311785631
35.506899672907785
46.42587184525049
54.184247479783785
35.157199076377005
37.43566657591506
34.65611658439738
30.338409721358158
33.599701516654626
31.31568780006005
36.57469776406828
38.444275632021416
27.025642956923644
32.93405792346846
33.27561261325416
30.676690250836273
30.296106110250175
43.86486295933805
27.736916246912415
32.11362449900091
40.358726874222754
34.685516428150734
22.37775329049147
53.94034058937881
24.506786846932076
37.16626744986733
27.281741332111054
48.914848708737104
50.511670572043634
38.70503074148953
43.584736584503936
27.217001898390844
44.041506343850706
29.931544900174284
28.658527025512523
34.12860955071209
40.32665145764806
32.37069865340553
34.71643551935944
46.111483837896024
31.30350399064595
33.589569729060926
36.70354416059942
31.165935101591717
26.32943818964014
34.20017767310266
29.506180668168085
31.7325523438101
32.868018180510155
34.25661384424448
26.65175281325136
38.92820871759533
53.96431568601195
48.89062736065606
31.09762003063282
43.779351988556385
30.85072169131973
45.718633299600725
28.358663548601438
22.929299752817215
35.795643368540695
37.5872949040778
32.37877913680197
31.06444257938523
29.16854838687463
27.281168070821042
42.143082059062635
38.33155179324191
32.29223291424234
36.535772611188214
18.796332650528424
30.39485811114065
42.382627250906744
46.647556131004535
45.33886382827302
28.370093209085322
44.47387106713737
26.3760175254986
25.25630474002297
28.960595264257524
35.751283007323316
38.77153202205779
31.302339018415438
34.9601153102166
38.480672481111164
26.029386799309634
29.141704300435645
38.12385399482469
34.827418249287824
34.72864921712401
42.79436614561018
40.76056174887935
25.210593856051627
39.55182475902548
33.9860399229179
31.449834281859495
35.44826798730105
32.165937868227
34.410966405923595
33.891970484847064
24.402571573951445
43.23827098940148
22.42618672330681
43.32861901608737
25.15554771845019
42.949124270301304
36.99437766445656
34.792587319875665
25.28015731713405
23.836101307015195
45.718675183492536
51.4925375408151
38.99314188986144
36.18107345354973
40.07527521272394
45.92106062810904
40.839028107919084
44.76948821852856
25.466014330264912
35.5437319473163
38.7559719353017
28.168271154406526
28.090391584957274
38.34632384858495
28.51755837609778
27.96264259107595
18.345873923099944
37.25399892971885
25.438685387833036
42.022944430665135
37.128151502708114
25.24273500527617
17.28718142208585
40.337749565428794
29.358356980751694
26.601581310211103
11.439869245272659
31.39492873870513
33.81420614907087
30.492848982671074
36.2927458231298
28.38999093786306
27.526470378956926
30.590718543028583
25.876258158872176
34.42874719900982
32.09935489529179
22.601675125144393
37.35876576784468
13.82444371108602
33.385188032741276
26.141196819248666
41.40870942594081
33.519043856626915
35.079043858845374
30.761250754338874
46.118498746096044
22.36762605397183
19.83980503408649
31.477683052880824
32.08860822590308
48.98176261455422
39.13140630458592
30.376010640221796
21.93409720401105
18.359263920957947
42.46583107292643
37.42725978663676
34.46505680399889
31.598660248760904
37.79350572366301
25.18695532919675
36.81589812478337
34.5002475719354
19.8326969161733
36.54732479742305
28.163591961579684
32.66288256203585
16.645813085482438
26.274722669286025
30.83399715696049
33.17452641449086
21.45910044048723
28.572338804507172
34.6613099625579
19.783472107494287
25.287096618185444
35.53740307925896
31.837205006847928
34.061789213837045
45.092438047155156
50.97909266476017
35.87107206979815
32.2319849769816
23.13410543255941
20.43277519184355
28.438975444049948
46.53305442143977
31.669417393010292
26.343572195263448
27.026726289612082
38.055064084129164
31.480603418398672
39.90853739817309
33.43821433944176
28.132769417606255
32.07462929762454
33.64316545030428
35.80684402149776
44.86296847426497
43.16872422465888
27.626660722511897
33.34455594365608
31.133990399611964
33.78264887276093
42.59414199974446
40.017451840924736
37.21483709294609
28.661268383034976
45.89370769421279
25.27785841625125
29.191578456120464
31.999920424908662
37.3084745701641
39.58516804031945
36.42751350095956
35.682565743452216
39.89656740268695
45.84365651518644
26.58501593353068
36.12079133111348
19.76502031177569
38.26637308141748
25.90921077695803
39.52373453406643
40.153908834519015
30.897274400894588
36.36952922975728
28.83181124301892
35.25148229021122
35.22272154198106
60.49261598587979
30.433140636205113
50.80164740303422
38.68949344373603
37.9030709089685
35.52981885553108
41.78549509709599
29.060998770545822
29.96615799237253
55.66462854374882
19.31353953058101
21.890493970257314
26.131961330805186
26.25951695593724
22.847179986533707
35.61737529736083
44.29322042596374
24.837331275773593
37.74077360953978
26.84078409073832
33.18159920128834
54.69283331431163
42.1275376610914
31.100937389897748
33.73791299654542
38.621183637179705
35.17571932839149
39.180299034157485
26.5606571693133
27.129605492949896
27.091550483507913
29.341576573849384
39.34335914150524
28.459589616379986
26.900866860866277
40.46513916767232
40.01655147779177
21.59724147739367
31.118682900593075
36.01117708621504
38.58571747125457
36.87969192630457
27.082337992311448
28.874004966672956
25.87089992966094
40.09116439308753
30.523050285898865
46.32068648633708
28.090493658695806
26.00867710578196
34.59822975171823
38.72325544269773
46.20297458745207
