Model: TRINITY
Dataset 19: vertebral.mat
Accuracy: 0.03333333333333333
@scores
9.536445289280946
9.442064576410248
8.221136980168804
7.1941485084723675
7.5921484123648995
12.250102759282305
5.6605923095183535
11.715888985309908
6.934249759675733
13.43458686066537
10.486705305948204
18.56974708569189
5.97557958449289
6.1283120015730725
5.86795452907939
7.5452334904275355
6.5256688876931435
13.159971607646561
9.786518643086348
8.97881067293764
8.949618016414437
6.748897090065853
6.276632223716882
9.614738597024285
14.20252976669299
8.05023527876735
24.36477381266801
7.663600727942371
9.853620972829866
6.526079124232974
5.394428238096405
7.941959347093103
8.109581910793775
9.054879124201664
8.26417134754349
12.517465353164122
12.191372085945188
18.55563855974402
7.9036959421962605
5.938165291713844
15.434003297249033
8.10541937983718
5.879049509251963
7.232270986943664
9.436480635135895
8.305628520096676
6.8714505570429525
9.937134582394833
9.928310523560786
11.773123261807834
5.506418640442167
16.0559014694401
10.421539886369729
12.260857569209605
11.967437741869091
7.246790599035989
8.638874068548613
6.665332680113893
10.054801315768765
6.13373918252634
9.877150497248907
13.855400550526113
9.2021712768971
4.6482110379202455
11.118597114711472
10.265839370757558
4.396319840615042
14.399244109914427
7.275126868112103
8.335796489346587
4.64155684199001
19.86073803357301
10.86541954199572
6.180592260004249
10.274480288082023
33.78419589127804
16.874530637750556
8.065436942203064
4.451651759337719
6.161855871179703
10.37582853316538
11.01909129915843
10.766491761519992
9.818962872608482
11.505662399637872
15.65536112302736
5.771958968962533
8.631450466186196
5.63894648564256
6.6290003358113045
6.185954589686873
4.039327629113147
11.724473689507512
11.264568754353549
12.64049781689041
40.294123158945276
13.171294935220773
8.945148410639808
10.25674989588119
5.005304190782701
8.320370965351062
6.1463635520146545
6.259738772767041
6.336961311220926
15.640429650307839
5.58427511527897
8.132405019442405
10.632293489779489
6.561675362367473
4.968291001332826
5.0954677808239
8.952117340449997
11.927379322988926
8.973829959428196
12.289151138925016
157.5522725515003
7.958058035584553
11.51280054675177
8.710171486847686
5.22383477542776
6.674441165009224
10.855590603670786
16.374193733798396
7.234351668084394
10.714112520201967
8.012013302359014
5.613981081300783
8.397383260590038
12.328210787420737
7.020782356918058
6.254574162365227
5.803436396297229
8.314080632780042
7.515161245074249
13.212029736788757
14.130145516561294
9.251877468191529
8.438705830227677
9.995103618743903
11.542377522398494
7.131543536954236
23.020583351152993
13.434143771979661
24.605470440103705
4.566423939504488
12.246835353363801
9.31416091915417
9.023194545001108
6.266763113289643
10.153753708524727
10.422615072229204
7.658274706013906
4.608036535751967
5.461784845119404
7.067157922393897
12.323125382870208
7.095226495218102
8.846284203586043
9.245493964800113
7.828646510369812
8.405236670807419
8.471732463447891
32.8577656149266
23.591485599965704
6.076821042606933
8.324776535343632
5.277440578377285
18.807037263993912
19.625226849265022
7.740853853246414
4.858584671980106
12.380928077968617
6.591271342247399
10.559822699975376
6.8909111170396775
8.360827677292338
5.939766004586992
12.104250393669856
6.937198905751628
17.08270511683452
21.27089470114467
8.720622821145195
11.845138908618141
12.957612137714586
9.935433853551604
9.735874538658257
13.930130579668996
5.5425973962409545
9.16935085871472
7.771972157247434
9.603693484561957
14.364195913330875
23.8833597279372
6.8406499431127505
5.015857639035566
11.798816689161294
11.124870496867864
36.67699123748496
5.134625698720425
3.9289723674477464
6.8396274148226714
16.6378303951446
19.587115768370328
9.343580073561307
4.957718566681183
16.304054074140037
20.31334758799401
9.3165254199155
12.469000944073997
6.655134240360586
6.462538878155221
6.742989381953804
5.510172181968571
9.450460582316527
9.305494235759758
13.324215674801335
7.676774599284513
10.05767680617483
5.151465164293488
8.065078603844768
12.735295663749483
8.620710436476402
4.476295393086265
6.58313110262969
7.7350281452902285
10.623039317859575
6.721022423446556
12.98458200659652
10.079463339560942
8.753866864916818
9.540879378921012
8.026330115698551
8.79680604917906
10.938227531731677
8.887444870036232
6.345492300324158
6.605385852379626
14.749704055776135
10.099498394186037
7.50804838457488
