Model: ABOD
Dataset 5: glass.mat
Time taken: 0.03588724136352539 seg.
Accuracy: 0.1111111111111111
@scores
-0.08430844910621661
-2.2105582316829993
-6.944055958847139
-26.46514504007029
-51.339180505764524
-13.316535206197381
-54.81474494799534
-19.584633761939333
-0.9725012386162877
-42.27377972304778
-11.364638503046248
-119.77728235734455
-5.568504077752258
-25.537874504567327
-34.21927805465433
-28.14026489798414
-5.872257881932141
-1.6055359415213595
-0.6490021646899475
-9.79597369131266
-10.112098092330385
-0.034921592504351465
-112.63533723389938
-201.12058941799634
-19.19577465952416
-64.37200384150532
-35.68218307981741
-143.58967961975293
-19.795710416645427
-84.10959243226586
-26.07997099337185
-28.850373697733563
-51.440809293240235
-7.682067079880618
-61.55061837411715
-83.36564976631057
-3.1268424552191703
-74.12339430061864
-3.905360168264599
-3.905360168264599
-7.94178494626488
-26.32115278232759
-53.46315207221524
-11.051982507289871
-1.9182689024650799
-9.073636897194653
-15.282988562373955
-8.718818219215418
-6.345040647683474
-11.438392935991358
-3.2712310572620944
-4.350356489877645
-4.8730951622928815
-5.261036925628307
-8.477009478769716
-0.6280396272513318
-5.813887993153528
-71.13626749255603
-8.004396569338097
-18.730002367909883
-3.4686086795427635
-0.05244284121942098
-2.9032982976205264
-3.2866929523039787
-7.42312074915109
-4.19883277198217
-60.5420782503208
-136.6663455396902
-173.71440197445753
-5.554524131492718
-0.013045433873691514
-2.029724418474278
-274.92354695089136
-24.343045347718846
-185.4624261148276
-392.21092617284523
-28.338204635808573
-69.61245469863901
-0.5820889214958106
-23.53574767171029
-1.0521949144935356
-27.42616141751044
-21.39520072113913
-94.20097421962738
-0.020019950024822066
-13.395566297839315
-7.844368937422632
-19.00611385341589
-77.92376916950725
-0.8151392975039942
-6.653085257929261
-22.26787468466326
-0.3226868595988204
-3.218852911425286
-4.521991289970019
-9.184004008567564
-5.467025991859597
-1.2001553297866079
-0.6211672728208729
-3.3011342226666898
-2.91216175872675
-0.10940878186592133
-0.08296446966739188
-0.002780737491357666
-0.10083941295508012
-0.007808163473254486
-4.0313432980023815e-05
-0.0004070769360441899
-0.06729637226719791
-0.010810083604781136
-0.08620656126782544
-0.08157621152313149
-0.025997494124903774
-22.56653896887202
-3.5489441583897223
-27.961755265104262
-17.692684881697236
-1.698268619258604
-1.1349930769508638
-7.447663957660245
-14.069095396485787
-80.13596953254644
-108.41220548596182
-8.196512983272626
-6.615780106091314
-10.709709995322088
-78.93473226451457
-0.0973964220441187
-0.5646921782127834
-0.1026042946170999
-0.10848122964229552
-0.019788569420598937
-8.069426759864085
-1.1265803108378836
-18.27255610020951
-3.977579447662209
-4.095692840792189
-74.04820194504035
-7.140426581943553
-68.33884762303254
-15.48193888326513
-16.128662213391117
-24.307649428583336
-16.69274628281374
-5.077670601049439
-0.8587723581995711
-3.246940425637696
-78.71134491077589
-27.427469601722674
-0.14739966571543742
-3.5303126818094115
-7.1070333607483125
-0.22197307493432455
-17.396969593745432
-17.83440269606477
-5.801888426707929
-55.189824357258225
-61.60565598472016
-21.135373040502298
-8.16895968294796
-17.56675831744112
-0.9956243313221937
-0.23217713375197402
-0.0006958285023647715
-0.04306631472303368
-0.04014302800148341
-0.01265027241060887
-0.07071424546910413
-0.024299131780107834
-0.17444678001680802
-0.4868511471450342
-0.011449695338447866
-0.013274545036541147
-0.5156715855657394
-0.03180940722182339
-0.10218220172851462
-1.2302305134365372
-0.2047885286730699
-0.29936155699298156
-0.6601890012030829
-0.007774901593590218
-0.026082387885072177
-0.04723104197401438
-0.052398798516388026
-2.2959658480103124e-05
-0.002542360436416713
-0.011022742802997332
-10.429107509651532
-0.0006239821241872755
-5.6315571569271004e-05
-0.0071965736613806165
-11.463592506511091
-2.1390653590676982
-20.87237261693116
-34.61082981003774
-4.631745014489928
-0.5648320517334469
-17.991979989978798
-4.0594205232048335
-4.484858474428301
-0.8385862080433389
-0.0003297956464664743
-0.40851625103453026
-8.595466495579382
-23.512960988910006
-7.410973461758774
-3.475001710567361
-2.439853793848347e-05
-0.6761573679278248
-0.0430471359267694
-31.871216264591606
-13.270662339449279
-7.0621149368648535
-6.758274073662411
