Model: ABOD
Dataset 2: arrhythmia.mat
Time taken: 0.16622090339660645 seg.
Accuracy: 0.3787878787878788
@scores
-6.922962146122206e-11
-2.6387248624157287e-10
-1.029065008407344e-12
-6.255484096380731e-11
-1.1679197534058678e-10
-3.805536683684009e-12
-4.1997857096207606e-10
-1.4897150753591238e-10
-2.942893640377533e-10
-3.074802924313394e-10
-5.022693220309983e-11
-1.611123443800205e-10
-2.636627740988321e-11
-7.256829808167605e-11
-7.396822900563388e-11
-3.4595482357479305e-10
-4.179553401599479e-11
-6.566223975078314e-11
-9.369083918831704e-11
-3.466413676421882e-11
-3.615144188227429e-11
-1.7861753298463886e-10
-3.933555088875895e-10
-5.341806971226851e-10
-2.9255717833199787e-10
-3.7980964961038387e-11
-4.914434027437443e-11
-2.480469038688606e-11
-1.063875126905327e-12
-8.927907267816193e-12
-1.4600943698625312e-11
-1.5481774136846742e-10
-4.790963094317492e-10
-4.0493177212633755e-10
-2.350265870092586e-10
-9.709465238293022e-11
-1.0064230654780854e-10
-2.1909494471149912e-10
-4.939903591769732e-11
-1.7974956900399682e-11
-3.5974068305959795e-10
-9.720210929665925e-11
-6.324033498198866e-11
-6.903066795308467e-11
-1.3941127355342746e-10
-1.5084809601488205e-10
-2.515862185025858e-10
-1.2983298579502708e-09
-1.3778563995055377e-10
-1.1999810879101312e-10
-8.876118981661896e-11
-5.895749108122819e-10
-7.556492240096135e-11
-7.91923790463564e-11
-2.5720585959060774e-10
-2.809962707638172e-10
-8.426072321379964e-11
-4.529630868009985e-10
-1.5127416886909224e-10
-1.1893786727361606e-10
-4.570949778984469e-11
-2.7785803337447516e-10
-3.5674025803628245e-10
-1.0698062909244061e-10
-6.0361231166583275e-12
-5.669530313437793e-10
-1.4876809546210048e-10
-2.603120893448638e-10
-8.680069361203014e-11
-5.2840693545216663e-11
-9.206995031363362e-11
-1.2181721770290245e-11
-3.340176784440334e-10
-6.354454085839821e-11
-9.335789141355198e-11
-1.6342899333502095e-10
-1.3237134634278664e-12
-1.7873185139616944e-10
-3.7994349364611584e-11
-3.002648177352743e-10
-1.8463539719850962e-10
-4.9673248192944035e-11
-3.432724752620054e-10
-4.2269259671280744e-11
-5.145415837261891e-11
-2.0628342719731055e-12
-7.24954049339118e-12
-2.7052583132213284e-11
-4.59034940594232e-12
-2.7481147373362805e-11
-2.852380429232875e-10
-1.653573508969033e-11
-1.965289486639159e-10
-3.732876232583032e-10
-9.589729945361742e-12
-3.7139230966700005e-11
-4.585562701764535e-11
-7.55193245667246e-11
-5.887260916204398e-11
-7.113902934091e-11
-1.3130920882712e-10
-2.488742320275724e-11
-7.862163964760028e-13
-1.496728786410843e-11
-1.9169189868986127e-10
-2.7339738621544094e-11
-4.439936375417448e-12
-2.584906025979883e-10
-5.6638988472572854e-12
-4.3138208889940446e-11
-7.737645399028494e-11
-7.547972453050477e-11
-1.252991814205512e-09
-3.596783688977703e-11
-2.1498474031159856e-10
-2.1657678369110917e-10
-4.791785615341046e-11
-8.907755348541625e-11
-1.4910696591557583e-11
-5.371153889801515e-10
-5.6811579993942e-10
-4.101152233034731e-10
-1.3960906671731245e-10
-7.081661378687492e-11
-4.510976572709699e-10
-4.971270237370447e-11
-1.3724447872090328e-11
-1.7932653498073936e-11
-3.5846283098815364e-10
-5.320560522907155e-11
-2.333171943283096e-10
-5.07351536162906e-10
-2.52395061705527e-10
-5.308756326593677e-11
-2.790749257344938e-10
-8.699800921834485e-11
-3.885948453155926e-10
-3.439130959368904e-11
-3.5298666114550694e-11
-2.212542165990572e-10
-2.132819132049266e-10
-6.474120395632697e-13
-1.1954987277712457e-10
-1.0777082717917763e-10
-1.2374801213123673e-10
-4.2756762333482977e-10
-4.019954336268103e-11
-1.3053990465283572e-10
-3.0251713497513315e-10
-1.74221804319941e-10
-2.272529444315355e-10
-6.048537186428802e-11
-1.451110484120704e-10
-1.972378169407074e-11
-4.8701156405174815e-11
-4.801254106771055e-11
-4.106127707716227e-10
-1.6455374465890383e-10
-8.238161363464107e-12
-2.571294158974759e-10
-1.5032476761256066e-10
-2.2988374273176413e-10
-6.225921811524056e-11
-3.2579450307643344e-11
-4.59887146245553e-10
-2.1879132451042352e-10
-2.392877738519796e-10
-1.1519527291478701e-10
-2.6354858570712893e-10
-1.7248906173622327e-10
-1.0446702691312249e-10
-8.874462024367464e-11
-2.2939523611656675e-10
-1.5623388462934034e-10
-2.0760743630729454e-11
-4.1118124793197656e-10
-7.527380195328513e-10
-1.3088884955323065e-10
-6.512975096758194e-11
-7.240226899260592e-11
-3.078141625321568e-10
-1.210864941795835e-10
-1.855453766452111e-11
-1.2070100996349343e-10
-2.8502369378923715e-11
-3.062783860422998e-11
-2.3029058010733205e-10
-3.346814782334032e-11
-5.087591210803244e-11
-2.388215515826189e-11
-1.965810665679696e-11
-2.7540080497416355e-10
-2.4590700766298015e-11
-1.4487218577239996e-10
-8.60087658573985e-11
-3.2666542958643883e-10
-2.376881720834652e-10
-6.175785405666976e-11
-1.7538777887441066e-11
-5.017984158438273e-12
-3.480718289754228e-10
-3.9096070906824874e-10
-3.87176647294263e-11
-1.2629644997773943e-10
-2.8825411728980773e-12
-6.683782134661578e-11
-1.0807217668615755e-10
-1.467422835338347e-11
-1.0510092715957337e-10
-5.330771091790807e-11
-7.608426047460807e-12
-3.475155634988824e-11
-2.806183592371809e-11
-1.8060056236673457e-11
-6.634658665011745e-11
-1.2738106307221266e-10
-1.764868856989592e-11
-1.2324271807389435e-11
-1.2838582628025157e-11
-1.6815185008390286e-11
-1.3700260333573348e-10
-1.873286304920181e-10
-3.1150134362712627e-10
-3.9459993110403526e-11
-1.2218033529777127e-10
-3.1256339157906456e-11
-4.248922537525926e-11
-8.29683786650609e-12
-5.1385254348517e-10
-1.0176522708834588e-10
-1.891646677708229e-10
-1.6555159776590753e-11
-2.4333927299701687e-10
-1.7020245713643825e-10
-7.293004766599582e-12
-9.97254184445273e-11
-4.800439187891566e-11
-2.5792599698483675e-11
-1.867680151308678e-10
-2.0472207928450082e-10
-2.1799543742875942e-10
-1.6504194186834798e-10
-7.174664794541994e-11
-5.588422010491735e-11
-2.787219950605545e-10
-6.204513402090359e-10
-1.6560112075460455e-11
-3.3344892297727337e-10
-8.507183534722085e-12
-9.313497953904874e-11
-3.3047470854693924e-11
-9.507272418441385e-12
-8.956462506062874e-12
-2.2371584913690143e-11
-2.5393091167938695e-10
-2.230348850053683e-10
-9.757399187350254e-11
-1.0412786395416888e-11
-2.343873482572003e-10
-2.6621060564766784e-11
-1.257541843447406e-10
-3.8048276099045413e-10
-2.1143497404996745e-10
-4.173648999163873e-10
-5.982516860612994e-10
-5.088060351532893e-10
-9.207451475360555e-11
-3.0896130374324915e-11
-1.937963429297058e-10
-8.667376358481876e-11
-2.0669938170300927e-10
-4.099449217308674e-11
-2.4874581932604114e-10
-4.004646735812401e-10
-3.019860755653368e-10
-2.8380810829732236e-10
-2.7068283447704938e-11
-6.238636358232068e-11
-5.967901225670563e-11
-2.667308294664524e-10
-2.692220076545542e-11
-9.86843600783341e-11
-1.5832277371471243e-10
-5.07730627681726e-10
-7.483915698108284e-11
-5.1736295580515516e-11
-5.427782685962635e-10
-6.576018575792379e-10
-7.882038919067958e-11
-3.178132482679154e-10
-1.3543778663778867e-10
-2.1910188259660037e-11
-4.271887943311613e-11
-5.6757600851605e-13
-3.152402965064966e-11
-2.2433780252965914e-11
-2.1368556870617954e-11
-2.6841765417595533e-14
-2.3803179696806335e-11
-3.2583459285548524e-11
-1.8532142357555297e-11
-4.2690036162652525e-10
-7.325207416274483e-11
-1.5777057599535713e-11
-5.352857357060876e-11
-1.3741147460033223e-10
-2.6455610067898682e-11
-9.275564025691763e-11
-4.9156849994263715e-11
-1.6939482098995382e-10
-2.94076775386019e-11
-6.601378719512105e-11
-4.077710197093303e-12
-2.551182629547365e-11
-1.529041310669429e-10
-1.03658345853518e-10
-1.312044503492465e-11
-2.6083607120136804e-10
-3.2278453573772264e-11
-1.2437410134870835e-11
-3.3656303280647934e-11
-3.0279518062176657e-11
-9.044130000312225e-11
-1.8532667094749324e-11
-6.014586069405209e-11
-7.005874088113014e-10
-3.5504233711862964e-11
-2.9590727528022644e-11
-6.221016487422992e-11
-1.793443386908288e-11
-1.568147350022191e-10
-6.90994767770449e-11
-1.1830893423389617e-11
-6.325199263907502e-11
-8.793222501286494e-11
-2.1927577386959155e-11
-3.520419292528702e-11
-3.6195464258242263e-10
-1.9489402575561747e-10
-7.232061591884059e-11
-1.6241643230146003e-10
-4.10148577309776e-11
-1.7028263541581158e-10
-1.74200974519384e-10
-1.2702196091945735e-10
-2.955394528085822e-10
-6.388033853855521e-11
-5.0907642592785846e-11
-1.3635122836306884e-11
-3.2524585010190716e-10
-1.1462933332721902e-11
-5.705782169058991e-11
-2.7512875516075137e-11
-3.0557271467310015e-12
-2.2516619629892e-13
-2.2351869679659298e-11
-2.431881935348255e-11
-6.024025574643154e-11
-1.1847286062280517e-10
-5.995891589391655e-12
-5.843758938933355e-11
-2.947995151591814e-11
-1.6343634882772013e-10
-1.75257982806494e-11
-3.2847439186799165e-10
-2.629360891902476e-11
-1.02284576853051e-10
-1.7300651239773883e-11
-6.065043392854481e-11
-1.7167766030974222e-10
-9.957083121457664e-12
-1.0341679673951878e-10
-1.4108526170298885e-10
-8.405625283583657e-11
-5.5807792911081714e-11
-4.799545795918882e-10
-2.9362108046804294e-11
-2.852240940614996e-10
-2.4941820623577973e-10
-8.082691178967878e-12
-1.8441486649361468e-11
-1.775772656396993e-11
-9.583569739467704e-10
-1.4652578759674476e-10
-1.0810435964455196e-10
-1.2435922663025243e-10
-2.145782299153292e-11
-1.890107717962832e-10
-1.869409431413952e-12
-1.2852624111931514e-11
-5.68827190279865e-10
-3.270585694676658e-11
-3.9735298975330813e-10
-1.1728207543355994e-12
-3.676333757632297e-11
-2.806372350976065e-12
-1.6501575695888712e-10
-2.5427709102999097e-11
-1.2001516035849255e-11
-2.371331870942749e-10
-1.9584374691467683e-10
-7.666262002671342e-11
-1.59802385953521e-10
-6.484275130693588e-13
-2.537312695443202e-11
-1.6771418309582262e-10
-1.9169122057000434e-10
-1.9841676043114435e-11
-2.2005740111073948e-11
-8.389917938808948e-11
-3.356324171104861e-11
-2.5766393220059454e-10
-2.944867108089878e-11
-5.824399089476998e-11
-2.28465937575174e-10
-1.4037553426780464e-10
-5.4423789184086985e-11
-1.6455463305917736e-11
-4.517844505788758e-10
-2.0623014076189477e-11
-1.397357455069896e-11
-6.384345878968881e-11
-2.5377570116787325e-10
-1.2011031009289385e-10
-5.488284683118106e-13
-4.0237007212058294e-10
-4.807902769525971e-11
-3.5350392965495137e-12
-6.896864279896321e-11
-2.887932884029418e-11
-2.884651887618547e-12
-5.662495195034108e-10
-2.3232427314830465e-11
-2.2046961125720025e-11
-2.6346773796231003e-11
-2.8137520670061846e-10
-1.624806932837638e-10
-2.1412815967062155e-10
-1.1888125888411623e-10
-2.365542818806903e-10
-5.040109678298696e-10
-8.192549756022594e-11
-1.4043702602425039e-10
-3.0965653005538487e-11
-3.68539664954132e-10
-2.2623608744532169e-10
-1.7737273170615492e-10
-1.3988883305809834e-10
-2.5848011203499923e-11
-3.2268109404456114e-13
-8.563197069384828e-11
-7.200192629743891e-11
