Model: ABOD
Dataset 11: musk.mat
Time taken: 1.6461331844329834 seg.
Accuracy: 0.020618556701030927
@scores
-1.3206363229903387e-12
-5.092493381441611e-06
-1.307491998501979e-09
-3.8053729969789697e-06
-1.56552357754367e-05
-1.2437454977572673e-09
-1.454743779687352e-11
-0.0003306363765549945
-0.00013653791038499967
-2.001966737631429e-11
-0.00020400389545627206
-4.880056608177542e-05
-1.3357580474002122e-05
-3.857349526627367e-05
-6.345696723326715e-05
-1.2398387310107388e-11
-2.4178625306690042e-11
-1.0354775580977408e-05
-3.470678850205112e-05
-2.5616503944664525e-05
-1.0269646045167515e-05
-9.789777697371275e-12
-1.4262426594365413e-11
-2.4504838081707145e-10
-2.3559427614340564e-10
-9.911947388114145e-07
-2.9358772630995865e-10
-2.4820029565009372e-05
-3.3074615507069753e-10
-2.5179019079294037e-05
-6.582840228732119e-06
-2.292041301771807e-09
-1.384067766348411e-12
-2.4655376093002028e-09
-8.223659773437875e-12
-2.0393192455174318e-13
-7.836572348925925e-12
-3.447753723797175e-08
-3.508101857416481e-08
-5.9294747935862196e-05
-4.145643825408742e-05
-8.254401036552524e-05
-3.042465200760654e-05
-1.4135867164977543e-05
-5.096133253697957e-05
-5.1148804475346425e-05
-3.263012925885425e-05
-4.395501169911947e-05
-2.9534161149507257e-05
-7.414053585887517e-10
-7.338849349118804e-10
-1.6054459924875938e-06
-5.282734412126425e-05
-7.209851423969668e-06
-4.408984038112053e-06
-1.3641240161318737e-09
-1.1121438707517379e-10
-1.4921658267109639e-09
-1.3644027678358468e-10
-3.6615933337822624e-08
-1.9643267544155693e-09
-3.646506236933469e-08
-1.9828238126585992e-09
-4.4538588600718336e-05
-2.059342469024685e-10
-4.500335506656025e-05
-0.00010561664807990647
-9.413882389190048e-12
-9.345324990678758e-05
-1.902783492774572e-05
-5.774128173839923e-07
-1.873457519327758e-05
-3.2141263282179547e-09
-3.5412193309565943e-09
-4.226388697733617e-05
-2.375090247106033e-11
-5.448161781313157e-10
-1.1872448570722363e-09
-1.41560968371677e-09
-5.538345134815634e-10
-3.584395625820751e-09
-5.619221771175011e-05
-3.510097704694031e-09
-5.6455931325189034e-05
-5.6031471239319525e-05
-1.627766733257787e-12
-4.641171641355504e-09
-4.710396013349161e-09
-1.3464545080200648e-05
-2.7641556617221886e-05
-9.894662168405733e-06
-3.1027510215034937e-13
-4.997479801038684e-09
-4.986061805783965e-09
-3.252927923210841e-12
-4.066446560701454e-05
-1.8202564515107816e-05
-1.5124739449430897e-12
-1.1091119506873046e-11
-1.21568430222954e-12
-3.796744986232989e-12
-3.2007005970100606e-12
-1.2401792487673117e-12
-3.0208601286141094e-12
-4.807291655245942e-12
-3.567150490077627e-12
-3.668124021932852e-12
-3.565109232678773e-12
-1.8411466679898097e-12
-8.357271067522937e-12
-3.652045547541959e-12
-4.6844098923682085e-12
-3.1558995723611556e-13
-3.2031071803147987e-12
-3.116565743999787e-12
-2.181421749198276e-12
-7.413226944768469e-13
-8.72315479393965e-13
-1.4778235326098264e-11
-7.847195295101662e-13
-1.3544032183326914e-12
-4.3580872029371093e-13
-5.130941342694062e-13
-9.870221560883734e-13
-7.110376018700211e-12
-8.71136087475039e-12
-2.12336946750981e-12
-8.535076859307236e-12
-1.0255862085437028e-11
-3.1516185562348398e-12
-1.1208322124707046e-11
-6.149443449403566e-12
-8.813851136060126e-13
-2.5897553878682818e-12
-7.842489925349878e-13
-9.648056352014152e-12
-4.238900125291733e-12
-9.685196183551858e-13
-6.849854682822074e-12
-3.039510227619324e-12
-5.825189107320248e-13
-8.499315992072077e-12
-9.924219145000424e-12
-1.1355842682415774e-11
-1.0415584263510488e-11
-1.5362891238491658e-12
-3.3054608493829318e-12
-6.6320205004522575e-12
-6.3340441305345684e-12
-8.839522226472545e-12
-7.113267699175919e-12
-5.498219994050683e-12
-8.448773752339149e-13
-1.6567012690615088e-12
-5.316714330135385e-12
-1.610986722224154e-12
-7.409580816309942e-12
-7.466344497581801e-12
-2.8473520792099896e-13
-9.979426640376688e-13
-1.088528139374306e-11
-5.466866138592978e-12
-2.013469228136811e-12
-2.9956890736661474e-12
-9.861017726717383e-12
-4.754859267776282e-12
-3.019060234065259e-12
-2.201478767518331e-12
-1.6241336153755265e-12
-3.0115958512370783e-12
-1.966862016392505e-12
-8.673420108392068e-12
-8.646812161921103e-12
-8.812139177104257e-12
-1.0524119947495846e-11
-2.4052223659708013e-12
-8.42842330004906e-12
-9.558737517336783e-13
-2.950565446483491e-12
-3.840321772702253e-12
-6.5982153448985e-13
-5.955713387985429e-13
-5.298127236317266e-13
-3.0994310660293693e-12
-1.719109573104577e-12
-8.251953906157837e-13
-4.451324769504525e-12
-3.416680139223986e-12
-1.9441571194822215e-12
-4.223061017174693e-12
-4.2536462304041684e-12
-1.094800277661776e-11
-3.0798024495692296e-13
-2.447203795976379e-13
-5.606110562871708e-13
-5.448118796108618e-13
-7.475706778814675e-13
-1.7896727846107108e-12
-5.499192166303749e-13
-1.1678461064417236e-12
-2.2301911191784103e-13
-4.827380828938578e-13
-1.3043743571536362e-12
-1.1306062597610503e-12
-9.535623864654761e-13
-1.6946495228160598e-12
-1.0109755487918806e-12
-9.146964170715616e-13
-1.752105504201596e-12
-1.4817070909772683e-12
-4.815639818556409e-13
-4.4216333793082177e-13
-9.236154133732174e-13
-1.2289460027421946e-12
-1.0155411729822294e-12
-1.4956081066571952e-12
-9.12034109790299e-13
-1.0752581074915974e-12
-2.2746770115052283e-13
-1.3387350253818688e-12
-7.577017771084786e-12
-1.0374612593773655e-12
-9.883550425866422e-13
-9.14631111087553e-13
-2.163309660167607e-12
-4.865079625288208e-13
-1.0137904078718563e-12
-9.266493342062194e-13
-1.8105796972604208e-12
-8.388577747872118e-13
-7.262352518011571e-13
-3.669325495869123e-12
-3.6277906881044213e-12
-3.70889633147431e-12
-3.6464017991172405e-12
-2.9393179698675928e-12
-3.4118283028431852e-12
-3.876625449544497e-12
-3.71894812689546e-12
-3.722067219586219e-12
-4.994013269035298e-13
-3.674107127823285e-12
-4.421389953661053e-12
-3.689164736973363e-12
-4.6619794274378075e-12
-3.851987524379668e-12
-6.139817152573887e-13
-3.672524128915911e-12
-1.5707694824034253e-12
-1.000854274038332e-11
-3.0328114153129152e-12
-9.98432340401945e-12
-1.6137947836599686e-12
-3.838950134108495e-12
-1.036222982420939e-11
-2.876316575434789e-12
-2.4024229910483224e-12
-9.210166636623695e-12
-1.4897500883308018e-12
-1.1758801648672289e-12
-2.838808781505929e-12
-9.09250105823983e-13
-3.6230191923237267e-12
-3.752328867663164e-12
-2.6802565713912826e-12
-1.1688831418922165e-11
-1.0536348200764267e-12
-5.999906331373284e-13
-3.3296936669658914e-12
-1.0487295179772162e-12
-4.980356651632147e-13
-3.75556878391193e-12
-1.4544376809981656e-12
-2.865736142949116e-12
-1.587029690920966e-12
-1.8207193542922728e-11
-2.4028218234623495e-12
-4.195685940764342e-12
-9.756312571930529e-12
-1.914032620911974e-13
-9.985222431591268e-13
-3.478150116977333e-12
-4.972967566417313e-13
-1.2178386151898224e-11
-6.485986246741359e-12
-1.4582135260767837e-12
-3.953834017423662e-12
-2.9620853687306096e-12
-2.2872266689465984e-12
-2.2309408902498637e-12
-1.5859442389643478e-11
-3.582475451702158e-12
-3.652283320880608e-12
-8.855776516429645e-13
-4.770111241329767e-12
-5.171515806041619e-12
-3.0512540672003996e-12
-1.019994713717114e-11
-1.2896601171058617e-12
-5.519939642477939e-13
-3.920905098237147e-12
-4.486779474992979e-12
-1.7329343867960904e-12
-4.630358204351232e-12
-7.529676462509925e-12
-1.7468028975883941e-12
-1.627590732098207e-12
-3.072283979283874e-13
-1.1546763155031895e-12
-1.455309637699648e-11
-3.739242707346673e-12
-3.0106093038574197e-12
-1.9089199784781425e-12
-1.489378523079667e-11
-1.0427790710533773e-11
-1.0025432774670752e-11
-1.90774265956135e-12
-2.803597882210446e-12
-1.3412201253450915e-12
-1.5547408040981556e-12
-7.645666423698489e-13
-1.2064825004663947e-12
-1.6826252762182999e-12
-7.36960015953298e-13
-5.211541456421579e-13
-1.5669971888358776e-12
-4.694782948780069e-13
-1.5092471489467663e-12
-8.312113111809517e-13
-1.2156018649053359e-12
-1.3181792611181454e-12
-8.826304130267705e-13
-1.5307946608706245e-12
-1.84224533732893e-12
-1.0222738160728271e-12
-3.881436007647964e-12
-8.806717062679137e-13
-4.567876543414803e-13
-4.606732452484397e-13
-4.974977854582614e-12
-1.4388911061755567e-12
-1.5679127361826134e-12
-1.363102349213306e-12
-1.4386412151907478e-12
-2.678273722988137e-12
-1.4905488799309916e-12
-1.4708765522808376e-12
-5.271556683488053e-13
-1.1849224827750294e-12
-5.283201334159219e-13
-1.6843434902691063e-12
-1.7947840255233354e-12
-4.946849888514806e-13
-6.015278435425711e-13
-1.396022097352138e-12
-9.683739003120465e-13
-9.446397336953425e-13
-2.1013842675520097e-12
-1.8053910907929855e-12
-1.8841524855570287e-12
-1.8932463181968766e-12
-5.971201102495372e-12
-1.5174595944658471e-12
-1.5231959526795352e-12
-2.4663924613142598e-12
-1.042063338458738e-12
-6.786896725152986e-13
-1.967024426368465e-12
-1.1603038552559434e-12
-1.3639780545536863e-12
-1.496807957774365e-12
-1.6150146227108312e-12
-9.059080382584282e-12
-1.4957513086475326e-12
-1.93133610478745e-12
-1.5576504169600651e-12
-1.9488668853254457e-12
-1.1129781550148e-12
-1.2552561231240301e-12
-1.1123306049355982e-12
-1.6666046367690624e-12
-1.4287980722292243e-12
-7.506361263436064e-13
-4.286624823290253e-12
-1.5315843333621357e-12
-4.481573689297972e-12
-1.7308730601330714e-12
-5.607075727506822e-12
-1.8901604946798328e-12
-1.44935799164541e-12
-1.0703919700513475e-12
-1.781493766922455e-12
-1.0402841339769682e-12
-1.4161628465580606e-12
-5.708679438384231e-12
-6.491228788343764e-13
-6.53200301137871e-13
-3.5392022715434544e-12
-1.4535087575918798e-12
-1.833485556369451e-12
-2.7022579114112714e-12
-1.8195148714328666e-12
-1.5895928778065502e-12
-5.685604066631604e-12
-2.1909048603113365e-12
-1.3746722405964354e-12
-1.5114503884681707e-12
-1.7676663548029741e-12
-6.645388113525329e-13
-4.671327146922015e-13
-6.1290205194647125e-12
-5.207851040467229e-12
-1.249594744943924e-12
-5.753507324754084e-12
-4.909251633173704e-12
-5.925989163571815e-13
-3.372003920973513e-12
-7.852676707465353e-13
-3.511598942766791e-12
-3.3615284442133595e-12
-2.6136525218680984e-12
-1.6215748362736713e-12
-8.063735936764027e-13
-5.623350714378053e-12
-3.3738393889105584e-12
-1.489216225873586e-12
-3.274083782531955e-12
-1.5511293584824101e-12
-1.4859008112872676e-12
-3.457626696774226e-12
-2.276239741116164e-12
-3.631229603665403e-12
-9.105214082357965e-13
-2.6069347058966596e-12
-8.660718481976615e-13
-3.6023991814797492e-12
-1.2153638326346197e-12
-4.712152102669343e-12
-2.991454976660501e-12
-3.6118991629075172e-12
-7.596128269571062e-12
-4.0478708853724574e-12
-5.310159233946714e-12
-6.1066247249625535e-12
-6.13159094664968e-12
-6.616676491626274e-12
-5.6759654804668115e-12
-6.878509551352215e-12
-1.659144712727406e-12
-7.058213086629003e-13
-4.3609192309965747e-13
-7.703256591008604e-13
-9.854267918026482e-13
-1.149536477681801e-12
-8.667754024200263e-13
-4.154937031884388e-12
-7.705014105332765e-13
-5.599992446345908e-12
-8.97890425562398e-13
-2.4753476815178805e-12
-1.0153672327137605e-12
-7.408822289599953e-13
-1.045241937087069e-12
-6.483003006298821e-13
-1.249678030938501e-12
-1.396604088523122e-12
-7.855447638027313e-12
-2.2115241227995863e-12
-1.3100772595108326e-12
-1.0758847248046149e-12
-8.759843695841704e-13
-5.709304377407048e-13
-4.628673221064254e-12
-1.373761953866703e-12
-1.9244991193883793e-12
-2.0387278060407563e-12
-3.71961044199006e-12
-3.77618503595481e-12
-1.0613480995566722e-12
-6.448917443807663e-13
-1.4273485188851561e-12
-1.3155741625433036e-12
-1.8118853300526692e-12
-1.1908352090417756e-12
-1.3835139991778987e-12
-1.6654159118294288e-12
-1.4159897923282007e-12
-1.6238366495297476e-12
-6.701609509147851e-13
-1.07972585980829e-12
-5.839355990030952e-13
-1.056461746562715e-12
-1.4233408327146329e-12
-2.7715021688855586e-13
-7.592740051923923e-12
-1.090580736241773e-12
-8.41421664268612e-13
-1.5922729855037457e-12
-3.402029554447845e-13
-1.754449712693704e-12
-1.4261796922630798e-12
-6.384521571159236e-12
-2.1445393854027334e-12
-5.744845587715438e-12
-4.1680142699930146e-13
-6.422781273871574e-12
-7.277376208350421e-12
-1.0337698147648174e-11
-7.131549699013671e-12
-5.010834886601179e-12
-4.755536016426833e-12
-8.823195402489666e-12
-6.181976596199809e-12
-6.350258086606038e-12
-7.573714659864525e-12
-1.380528866366294e-12
-4.931542928597244e-12
-4.828972218992646e-12
-4.164057718038126e-12
-4.232628012223685e-12
-9.748880288022947e-12
-9.217863447539835e-12
-1.0112291971549428e-11
-2.2646256566459638e-12
-9.407293086499964e-12
-4.179140623484183e-12
-1.861900195364338e-12
-9.96960169074418e-12
-5.414651793326986e-12
-6.73057298905645e-12
-4.136686501429748e-12
-3.3995225213212603e-12
-8.363418914170236e-12
-2.0782105361243273e-12
-1.5832204758554423e-12
-1.4012006212844076e-12
-1.7506780676467154e-12
-1.0537767654317645e-12
-4.2579910212418467e-13
-2.139024692032989e-12
-1.8350319568685387e-12
-1.2453782024639984e-12
-7.403044755403021e-13
-8.429381032880523e-13
-4.3419408990197036e-13
-1.3622483279015816e-12
-1.8720300037305212e-12
-1.906812142233698e-12
-2.3846806487590387e-12
-1.7763004307088686e-12
-2.1994764901962718e-12
-8.487168823805187e-13
-1.2186893578276872e-12
-2.9861687854180697e-12
-2.213575412155503e-12
-2.0470867877839553e-12
-1.5273598496828425e-12
-2.143008966015437e-12
-2.1263987262874226e-12
-3.929707345760945e-12
-2.1311093059771164e-12
-3.6328607630390354e-12
-1.3862493082349712e-12
-2.7646185313719935e-12
-3.99303028695058e-12
-2.727338635359917e-12
-4.044234249600415e-12
-3.2805046407915438e-12
-5.068276987710518e-12
-3.2655740352297908e-12
-2.1863289419313146e-12
-1.656149294228077e-12
-7.207384984966576e-13
-7.494540385240895e-12
-2.892294589259792e-12
-3.847981028254183e-12
-3.911675729243224e-12
-3.765153412695416e-12
-4.6916154619900395e-12
-1.5680922663633324e-12
-2.5420381849027055e-12
-1.5167012003926399e-12
-3.094893478037079e-12
-3.503567062953945e-12
-3.90281182379306e-12
-4.010575841799897e-12
-4.00661230905995e-12
-2.5625172257651763e-12
-1.4231552186529343e-12
-5.431096730688442e-12
-2.444363979417617e-12
-1.7083161598037298e-12
-1.4273547089196924e-12
-2.978763153936448e-12
-2.9142416020621007e-12
-9.734466640874736e-13
-1.040265044592259e-12
-1.6323236558220875e-12
-1.5571324326280932e-12
-1.6777217950504904e-12
-2.84660441500907e-12
-1.4259245059562249e-12
-2.740925503665327e-12
-1.8514535891235744e-12
-2.5138034092467265e-12
-4.311355744080126e-13
-1.5246273586016107e-12
-3.7209428349426765e-13
-1.5478107256691344e-12
-9.70085363006245e-13
-1.5352210276966694e-12
-3.661539107813594e-12
-3.767768451815487e-12
-2.8590028399218146e-12
-2.3101541306106035e-11
-4.883259595545501e-13
-1.830870903172978e-12
-1.2889414272927804e-12
-2.302223997121083e-12
-1.0257915342057636e-12
-1.7021650248479904e-12
-1.3542075482710327e-12
-4.961969713737297e-13
-3.408315494984119e-12
-4.330966499730333e-12
-2.6536365979327618e-12
-5.573121645091641e-12
-3.957582362482677e-12
-3.335201942608172e-12
-2.260041620765078e-12
-1.7434565415986872e-12
-5.834385758756007e-12
-1.132076347799221e-12
-1.86644447338573e-12
-2.366870107275649e-12
-3.241145798625286e-12
-1.1451837413173264e-12
-1.2587295287036426e-12
-2.888151756093034e-12
-1.4218462167065199e-12
-5.022500367901344e-12
-1.6975849248800581e-12
-1.9036126592002313e-12
-5.046242054079457e-12
-1.3790025672182737e-12
-1.8564068213343987e-12
-7.802480250625879e-12
-2.1433342916128926e-12
-4.893729876043675e-12
-3.840849229264739e-12
-2.1347174343569388e-12
-2.7311232343001027e-12
-5.311267671716872e-12
-1.969466120224044e-12
-4.417560384902857e-12
-1.4926534489945491e-12
-2.9397583503779055e-12
-5.763046941632326e-13
-1.477691664978428e-13
-6.92002967398996e-13
-3.8043840812205686e-12
-2.5053323201558806e-13
-2.204373815192221e-12
-5.00517261925451e-12
-1.4860824386035746e-11
-2.0068209342880135e-12
-4.455337510779399e-12
-1.8103379891731289e-12
-2.984329128904146e-12
-5.1937384752317e-12
-2.0898050191210003e-12
-6.427206414070108e-13
-9.553937266079178e-12
-2.1558872115984535e-12
-1.711635745709091e-12
-6.445357765740068e-13
-1.8521640070524336e-12
-7.25161148143529e-13
-3.4465666967287427e-12
-4.001112363748997e-12
-9.386754534576822e-13
-1.4354651965134424e-11
-5.493664470464329e-12
-9.188930687356382e-12
-4.823387429464568e-12
-8.432475386888609e-13
-1.6774498951660496e-12
-9.810673233606179e-12
-4.634203414669445e-12
-4.970345148335431e-13
-1.446034161462069e-12
-6.863259835900597e-13
-2.08518161515164e-12
-4.217742197526764e-12
-1.2163386465566239e-12
-2.2748726947397633e-12
-4.157132259724353e-12
-9.628757752139106e-13
-8.767200580464676e-13
-5.467639876773448e-12
-1.4006520566124942e-12
-1.5443568561199144e-12
-2.4732849335104786e-12
-1.6980876431725687e-12
-2.895810523496551e-12
-9.530889309970697e-13
-1.2171192789833251e-12
-1.9686077658751234e-12
-9.44024325826271e-13
-1.8216413761590023e-12
-1.0709635209505534e-12
-1.460333235840712e-12
-1.2322377206518038e-12
-8.662217433122626e-13
-1.237064572468751e-13
-1.0192802604898685e-12
-1.7097369994953884e-12
-9.589688114654184e-13
-2.6827319152978565e-12
-6.888011360256929e-13
-1.4405888971178043e-12
-1.0363112737158154e-12
-2.457366279789282e-12
-4.093511015471506e-12
-5.399696725727942e-13
-1.899170374559939e-12
-1.1102641609290844e-12
-1.0917906990828665e-12
-1.1058711134997064e-12
-1.2095478995542597e-12
-1.2976723460481006e-12
-1.927943205347509e-12
-2.042109850580873e-12
-1.444294590793218e-12
-5.765893233188207e-12
-1.1745065923944065e-12
-3.339401450733147e-13
-5.899318357315152e-13
-4.946575795333199e-12
-4.148786145377072e-12
-6.951190185916715e-12
-5.468658938445794e-12
-7.163668651425722e-12
-5.321354138303075e-12
-6.326248704030832e-12
-3.921041624799459e-12
-6.281648080079577e-12
-5.663782474332983e-12
-7.874069593752568e-13
-2.361560129642616e-12
-6.522078563959004e-12
-2.1077351079805384e-12
-2.9291281796071414e-12
-5.597455615487663e-12
-8.53773716005421e-13
-1.8285514673473236e-12
-2.198376657258975e-12
-4.024139873842478e-12
-7.097394965765302e-12
-2.228290006800401e-12
-2.085365708298008e-12
-3.762260664730733e-12
-5.545952120928386e-12
-4.408812012505738e-12
-1.845261978801109e-12
-3.521677737401938e-12
-1.4976650580022537e-12
-2.646890093772334e-12
-1.6647021116681976e-12
-1.5009060955698406e-12
-6.762619476819135e-13
-2.1435494820759927e-12
-2.009042858903439e-12
-2.874933123660304e-12
-3.145571124930399e-12
-2.7520861095332695e-12
-9.788962187250412e-13
-2.6672334472814456e-12
-2.3642968142464074e-12
-7.928413999053846e-13
-2.8191873962853196e-12
-2.135835171507245e-12
-2.9985430849334036e-12
-9.874161809310719e-13
-2.5975638965835675e-12
-2.231601093694762e-12
-5.655009470576835e-12
-1.8476514634535556e-12
-1.7237244442607164e-12
-1.1925897050232975e-12
-2.3949775509470957e-12
-3.630328747201206e-12
-2.565073870324528e-12
-4.154822503623292e-12
-6.308649861163589e-13
-9.340823927828002e-13
-9.112101966362266e-13
-6.421800707405573e-13
-1.7962898008295003e-12
-2.3443039929832267e-12
-1.5770997446335839e-12
-2.4649042679321623e-12
-7.99964945815061e-12
-1.7770321582910693e-11
-7.520058895891428e-13
-5.77683449499251e-13
-1.9202210914301882e-12
-4.009714774067003e-12
-1.5737770580833015e-12
-1.1820693149223163e-12
-2.229889599886095e-12
-5.170968643680038e-13
-3.7710229656277435e-12
-3.355318229804632e-12
-1.0606437575739253e-12
-2.4914481729089468e-12
-6.380901896610211e-13
-6.691847460739754e-13
-6.427073568690583e-13
-4.0599192408753855e-12
-1.060741825017304e-12
-1.337169377288729e-12
-3.219124571575954e-12
-5.147219494309976e-13
-2.903241873906223e-12
-2.075985192228452e-12
-1.2617783613699572e-11
-5.294211168954608e-13
-1.8938411505109187e-12
-5.465003986091144e-13
-8.969328552216861e-13
-2.1147138289841637e-12
-2.2978857161907563e-12
-2.6280361168982457e-12
-7.390065205705435e-13
-2.567068679000635e-12
-4.607239579912288e-12
-3.455456068391674e-12
-2.441177741632288e-12
-1.3583420199540476e-12
-5.979867413373949e-13
-1.1540404495077981e-12
-3.812164849161534e-12
-4.99494905622719e-12
-3.353623844213116e-12
-6.976930287055757e-13
-9.87297682663508e-13
-9.612113935578967e-13
-1.1793438044525015e-12
-3.8918025542306305e-12
-7.573991820242727e-13
-4.79492091445469e-12
-9.056827169587525e-13
-1.1529860695307473e-12
-2.112524386606606e-12
-1.4045412184390347e-12
-8.348035774975293e-13
-7.90961179736561e-13
-2.0914629929184225e-12
-5.132329595731035e-13
-6.713550429820798e-13
-4.637999012290401e-13
-8.892472167917004e-13
-1.5621627995511023e-12
-7.886510414201292e-13
-1.5636790328177982e-12
-1.1026804436199896e-12
-1.7203055015216674e-12
-4.7052561005127226e-12
-1.5659255028509343e-12
-5.2020192998162525e-12
-2.9878482184664374e-12
-1.3240555737455553e-12
-2.243733013529461e-12
-7.111397336785977e-13
-1.1305216230090708e-12
-5.638216339266762e-13
-1.3439785278870892e-12
-1.2761344471512365e-12
-1.3048612668967817e-12
-6.004475485209793e-12
-4.567094483921502e-12
-3.5227266470941847e-12
-1.9864803806305276e-12
-1.7253171983792932e-12
-4.333457741787509e-12
-5.363086883091856e-13
-5.603235684773108e-12
-1.4190728138954625e-12
-1.2970753278866744e-12
-1.5884164355199531e-12
-2.1389745557427934e-12
-5.415681583069453e-13
-1.2680502515567232e-12
-3.058883191845872e-13
-5.690415142103541e-13
-1.3143310868178995e-12
-3.205583271512271e-12
-1.6039423224637484e-11
-5.266190262400021e-12
-1.3381086151568422e-12
-2.1183203367672044e-12
-4.910833189007888e-12
-1.1522078048239233e-11
-2.9719552941197773e-12
-1.0339343045864702e-12
-1.9749688259438447e-12
-2.5396452876655517e-12
-9.132826301477916e-13
-3.6051638981880974e-12
-5.217500971628435e-12
-4.646528762419355e-12
-2.9198606169858538e-12
-4.703251553428261e-12
-3.050749851061091e-12
-3.192674721071028e-12
-3.7404847305868076e-11
-2.482984693209242e-12
-8.177702125743412e-13
-3.4322924664307056e-12
-2.376792590368632e-12
-2.735459208210793e-12
-1.1880454263100017e-11
-9.902727044214187e-12
-1.6674380152997706e-12
-3.965009426192118e-12
-5.479425401656068e-12
-4.549851802224702e-12
-8.385231863757558e-13
-1.3870055510583413e-12
-3.2185167743609558e-12
-1.0310944933346767e-11
-1.1524016792823758e-12
-7.759670071787743e-12
-3.4417480369873443e-12
-2.152673899019064e-12
-4.6130418844403164e-12
-5.971164202295263e-12
-2.9186893105385423e-12
-9.325053008605521e-13
-2.9926050130301784e-12
-4.168596462356671e-12
-2.6290028773239953e-12
-1.2979219220370565e-11
-3.330801669068096e-12
-9.929312870526276e-12
-3.688631074802638e-12
-6.177935502977309e-12
-3.1920975364537596e-11
-1.0519414168583604e-11
-4.7755299085220225e-12
-9.544390877750515e-13
-2.8276333410134024e-12
-1.3384142144730214e-12
-1.757464429434891e-12
-2.936394550761648e-12
-1.271663201060906e-12
-2.8095589090835574e-11
-4.1930303639864716e-12
-1.388537628817263e-12
-6.693305928725922e-13
-1.7175602111724788e-11
-2.929627256898892e-12
-4.476667824878378e-12
-1.0513292188714974e-11
-2.924994390540297e-12
-2.074222435033315e-11
-3.011807007913278e-12
-2.631558628149681e-12
-2.8122844284644246e-12
-9.7842888352643e-12
-1.7694842494592138e-12
-2.3181185725886488e-12
-9.315874500750996e-13
-8.944709895484875e-13
-1.0179538849950073e-12
-1.0532500890085391e-11
-6.176001036913866e-13
-1.416357433243655e-12
-3.171435453832832e-12
-1.719850057787284e-12
-1.1180970730916923e-12
-6.07336004677397e-12
-1.303365873052152e-12
-1.615807182596015e-12
-1.1139483642689213e-12
-1.5577282932124844e-12
-1.2945604075017857e-12
-2.7855259193363632e-12
-1.4352632400621996e-12
-3.854354038557344e-12
-2.846905949746543e-12
-2.5753484632197177e-12
-7.90915028959228e-13
-1.0380248169207775e-12
-2.761546340174533e-12
-1.2132904995244326e-12
-2.5543183540365867e-12
-1.2965930437841093e-12
-7.217755714239365e-12
-7.424347530500283e-13
-1.00196609304824e-12
-3.0971296393154413e-12
-8.424066377507613e-12
-4.424245506389226e-12
-8.77219313156607e-12
-5.108606474877162e-12
-1.7806346943834633e-11
-1.5544906878082102e-11
-1.0385839296242369e-11
-8.054224734966388e-12
-1.138901961257039e-11
-3.0775183289389055e-12
-2.0440194011731397e-12
-2.1170499759197032e-11
-4.315360472351597e-12
-9.535492652764655e-12
-2.1936076330019504e-12
-7.886626256250988e-12
-8.079580448100531e-12
-1.4244377987496226e-11
-1.7241689877896868e-11
-1.1000963089841811e-11
-9.972899351260415e-12
-3.3014947631557557e-12
-8.279039275747307e-12
-1.0927798574424178e-11
-3.290451174029606e-12
-1.3984702620459273e-12
-1.1971574618048252e-12
-2.096254523715882e-12
-2.9510807162143212e-12
-1.0827600671462128e-11
-1.8096346307404118e-11
-1.2911095482367828e-12
-1.5971978036955608e-11
-1.3247342709752324e-12
-4.008042790351691e-12
-3.09789050916906e-12
-3.1481501571834733e-12
-2.2944141740403102e-12
-1.307492915447949e-12
-2.910917921706008e-12
-5.743038191582171e-12
-1.275837197773212e-12
-3.2086800312629076e-12
-5.219311720196367e-12
-1.0446570092491027e-12
-3.1887526587418124e-12
-3.2352966274305768e-12
-4.359828942121052e-12
-4.130863505191165e-12
-2.6597190466342705e-12
-4.654182717269158e-12
-2.4402739467765268e-11
-2.3706386664035345e-12
-2.058056853595122e-12
-4.825222461743437e-12
-3.5480885752868423e-12
-4.204593182677493e-12
-5.0068420283409236e-12
-1.4144290836977766e-11
-2.754960980605725e-12
-2.8877399903557308e-12
-4.4943528015735424e-12
-5.370948536414924e-12
-8.785666793215441e-12
-4.3379056027412765e-12
-6.931721240220103e-12
-1.5354086505361585e-11
-1.8627723706839884e-12
-4.194279439158404e-12
-1.853423962444212e-12
-4.862114183258022e-12
-4.4796036903254055e-12
-2.720041182992744e-12
-4.813651973098497e-12
-6.17976979252578e-12
-3.774638885215479e-12
-3.0267134881830518e-12
-5.731718900734714e-12
-9.231054629682349e-12
-1.161820156191955e-12
-9.64601639350022e-12
-5.200957743420902e-12
-1.8887510233503512e-12
-5.093515224329992e-12
-2.560551083847417e-12
-2.359858568466976e-12
-1.8648078494041096e-12
-1.800152020829784e-12
-1.0666559109440664e-11
-1.355552893238277e-12
-4.932539124076274e-12
-9.390277635251648e-13
-1.3272037701590125e-12
-4.238421836618914e-12
-1.746119114023684e-12
-2.083220359434849e-12
-1.874875703189065e-12
-2.953071710151114e-12
-1.001612278661672e-12
-9.548060424739438e-12
-1.1999476412304127e-12
-5.604381216757901e-13
-8.609775652131896e-13
-1.0846015476448077e-12
-1.2769144501233977e-12
-1.2657569814131023e-12
-6.73312787040862e-12
-3.6969191237774726e-12
-1.1634580960692065e-12
-2.3660732675347076e-12
-3.73994852910769e-12
-3.5824825134564443e-12
-3.3670366775791393e-12
-4.520635566955211e-12
-1.684807072150761e-12
-5.678659101757893e-12
-1.3440579465177654e-12
-4.80035419075433e-12
-3.049207866981649e-12
-4.555187871160778e-12
-9.087507666564311e-13
-4.3756912500729545e-12
-5.196544094094905e-12
-5.460634190143198e-12
-5.566465225816155e-12
-4.386533869033648e-12
-1.5855158821494274e-12
-3.742176994915941e-13
-4.481575848163743e-12
-3.877797655019087e-12
-5.139898528962174e-12
-8.133440466193977e-13
-6.325983008346119e-12
-5.275762094330633e-12
-4.261148459365335e-12
-4.899844268174872e-12
-4.4005053359452126e-12
-3.925781910303115e-12
-2.511768184116779e-12
-1.8404969661069275e-12
-2.06848196642054e-12
-1.4133113945528886e-12
-1.0879998130047055e-12
-5.202914058458123e-12
-4.1530580784401766e-13
-3.1186349135858737e-12
-1.8374581371332555e-12
-1.7876639740033655e-12
-4.398941507360046e-12
-3.496860956759687e-13
-1.5666213988212525e-12
-3.2786270736480416e-12
-2.721089719308844e-12
-5.656744085920059e-12
-3.3168948490683313e-12
-9.792077986927587e-13
-2.2759271133031584e-12
-2.013441776359047e-12
-2.0628327117612093e-12
-3.5039530132146307e-12
-6.825937134161515e-12
-1.9959605263065817e-12
-2.226864206903654e-12
-3.6609105464384995e-12
-1.1109972549947569e-12
-2.0065370581693346e-12
-1.7025154064100955e-12
-3.443286818947004e-13
-1.4798193677045092e-12
-2.041498984570022e-12
-1.0899023324772991e-12
-1.5973452712237411e-12
-1.3911981504360974e-12
-4.0673078405290304e-13
-1.3604519670624648e-12
-1.74882637477553e-12
-3.925704587006412e-13
-4.682774342410837e-12
-4.50797231488736e-12
-1.5803681075998961e-12
-1.1576081877789975e-12
-1.7825640359451924e-12
-1.4058970731665399e-12
-1.4591615956271589e-12
-8.065311078637341e-13
-4.711456035452264e-13
-2.8124472709308193e-12
-2.5698202495209786e-12
-6.939060606104441e-13
-2.4680300484016633e-12
-1.4271139752835901e-12
-2.205926961254529e-12
-1.338391687125766e-12
-1.4101402377296412e-12
-1.8346387831875783e-12
-3.187693695236712e-12
-3.7938654662237204e-12
-9.729270626528738e-13
-2.425778829579816e-12
-1.943361254559133e-12
-1.6970413640097678e-12
-1.145740124751378e-12
-1.1582463181841991e-12
-1.826557790560848e-12
-3.2996566940922577e-12
-1.9671833811543034e-12
-2.811543866567199e-12
-6.721974464906798e-12
-1.1484115942852065e-12
-3.613945988055219e-12
-1.0723509362874796e-11
-1.5967021201461432e-12
-1.7988149994718486e-12
-5.147220812076216e-13
-2.473106165824201e-12
-3.980966920218891e-13
-5.46589465619141e-12
-2.586133147428969e-12
-1.6391313704689032e-12
-5.162577230870036e-13
-4.675742699502709e-12
-1.5511928192589315e-12
-1.7660109511936618e-12
-3.652114417110011e-12
-3.745429952169948e-12
-2.954426264925634e-12
-3.1523231004331177e-12
-2.623541616466862e-12
-4.220532945092702e-12
-7.707869251418443e-13
-3.992877201689887e-12
-1.632854640630739e-12
-3.5189736941752837e-12
-3.5599208776192276e-12
-4.829488315498804e-12
-5.071448753107146e-12
-3.4851291782936256e-12
-3.722907014596662e-12
-2.21302065301872e-12
-4.579725830414593e-12
-1.0606756331486121e-12
-4.367604783850939e-12
-2.0598725870415033e-12
-5.172543926992422e-12
-8.194036789636658e-13
-4.767178610944639e-12
-3.812253004323315e-12
-1.6437118739130642e-12
-1.7673146483388478e-12
-1.0664113033115717e-11
-1.0915322610557783e-11
-9.220424055467874e-13
-1.6259548374891555e-12
-2.464403341477578e-13
-1.16571751049929e-12
-2.764431509849038e-12
-3.3021183777784435e-12
-1.572376834509064e-12
-1.654250235148538e-12
-8.976694107406834e-13
-2.904092963870175e-12
-1.3144163658029486e-12
-1.4560102997012288e-12
-3.3775718146393443e-12
-7.660716013483578e-13
-1.8664705600723543e-12
-3.166870893326139e-12
-8.909913831532217e-13
-1.1210648730057298e-12
-3.514452669367058e-12
-1.0081874510454348e-12
-2.3957456447691607e-12
-4.174310311468087e-12
-7.292299184866373e-12
-1.5925562964010758e-12
-2.5685977650289033e-12
-1.4715265401680645e-12
-8.460672815383326e-13
-3.2107445435456514e-12
-9.766308430478841e-13
-4.804784410721963e-13
-1.827194458937618e-12
-5.0299237012592296e-12
-1.817468019462775e-12
-1.6121637991529691e-12
-5.99806180723059e-12
-1.7399082456504184e-12
-1.499906573455175e-12
-4.707037514156667e-13
-9.1922176662485e-13
-2.0510394860739736e-12
-6.0086570878131455e-12
-2.592603244623912e-12
-6.039082837956781e-12
-7.705282281802307e-13
-6.971281193336708e-13
-3.8260956538428626e-12
-5.767235448682292e-12
-1.3728216509294319e-12
-2.7508054843748348e-12
-1.7617525855641317e-12
-1.7250941500246044e-12
-3.812756175325002e-12
-2.5013818076259435e-12
-1.5011968047343227e-12
-1.5696188147210935e-12
-5.708939857985725e-12
-7.751576222716061e-12
-2.502256959699646e-12
-4.8054951895419964e-12
-5.557244117113406e-12
-5.04637640451137e-12
-4.9330518146639236e-12
-6.435687293391724e-12
-2.1195508457372522e-12
-2.155568175499842e-12
-1.3666553158367867e-12
-2.8390995171870033e-12
-3.6848718131157896e-12
-2.098358571925533e-12
-1.4390503091168626e-12
-1.8075432698719674e-12
-3.841468992937557e-12
-2.907051999611663e-12
-6.2274893311764096e-12
-1.6086837003881845e-12
-1.3195405737741922e-12
-1.5653594582903201e-12
-4.411710470658971e-12
-4.841939470827932e-12
-5.939664308438427e-12
-1.8075859291413947e-12
-5.167512455342563e-12
-2.0279459457379177e-12
-2.080360742682613e-12
-1.6572168184058683e-12
-2.0765623173381413e-12
-1.861374315107798e-12
-1.3151151042312952e-12
-1.220617616844517e-13
-3.2836487913354492e-12
-3.471773671590095e-12
-1.3468035115950185e-12
-1.5217415737768891e-12
-2.0408409956886524e-12
-4.251662871156142e-12
-2.3979436252166553e-12
-4.646612080395534e-13
-2.5181743405356705e-12
-2.0713920796201556e-12
-3.4726502037887912e-12
-5.014883461820184e-12
-1.988639337122443e-12
-2.565851590365601e-12
-1.4374346163242508e-12
-3.138955604976297e-12
-1.235554838344143e-12
-3.7881025425471324e-12
-1.8412588132455097e-12
-2.8977585533594526e-12
-1.7635586840340889e-12
-4.559004966917548e-12
-5.32253303856298e-12
-1.908812773027391e-12
-2.0557918880726872e-12
-6.327636529577421e-12
-2.9184119154559333e-12
-4.133166628100033e-12
-3.4018746085847895e-12
-1.3614191475588258e-12
-9.841293286648308e-12
-1.2338111578594613e-12
-5.387766429901594e-12
-4.6436086847186705e-12
-5.0358755695916436e-12
-4.503230936883315e-12
-4.91988240223805e-12
-1.7581986780919809e-12
-2.0564060509167963e-12
-3.6191042027519356e-12
-1.9144871143137573e-12
-1.8746383778804497e-12
-4.410476757564319e-12
-4.709333449569838e-12
-1.6291679926693502e-12
-3.5061385111170984e-12
-4.639676231129429e-12
-4.539685920821042e-12
-3.620297167774426e-12
-4.069632252019075e-12
-4.73236734278773e-12
-4.811077577205475e-12
-1.1243351307218187e-11
-4.1970295293597435e-12
-3.016611620774769e-12
-4.244081172117213e-12
-5.2392481623594016e-12
-1.2394526189943039e-11
-6.595393300998344e-12
-3.711046998331815e-12
-4.344906565156563e-12
-1.6774544582522743e-12
-5.0073761534152395e-12
-3.787083475390413e-12
-3.9844846990924264e-12
-3.0612623799443174e-12
-4.801363184446739e-12
-2.0585306722811006e-12
-4.050552478087539e-12
-3.4396404552805905e-12
-5.6712847974103e-12
-4.377285091305815e-12
-4.7364092184990005e-12
-3.4504271264180293e-12
-2.7831299721423633e-12
-4.255753134686243e-12
-6.033769039622126e-12
-3.937736766606555e-12
-3.2244313365948643e-12
-4.517729896904336e-12
-3.9573597727137425e-12
-5.498195491998147e-12
-3.406909942979656e-12
-4.289584926868985e-12
-5.428920254995196e-12
-6.3682208608785004e-12
-4.197096895722635e-12
-3.5358389703008344e-12
-2.6304127599656045e-12
-2.241227008030709e-12
-3.4699419569027075e-12
-4.505639836236661e-12
-4.770387616305318e-12
-3.739871568767879e-12
-2.4661614667996696e-12
-4.4201097765924266e-12
-2.458923544959777e-12
-3.6649656902945e-12
-3.184480014974171e-12
-1.0937659534392926e-12
-7.866791633961673e-12
-1.8630754249930994e-12
-5.075585386631764e-13
-2.2858023176629087e-12
-6.175160293496471e-12
-1.450424826143703e-12
-5.688572435697151e-12
-2.713719423961051e-12
-8.156402862355489e-12
-3.3208528772961294e-12
-2.2375705310637606e-12
-3.065414173726172e-12
-4.0933466088100464e-12
-9.93828098757059e-12
-3.654113082164577e-12
-1.736320758844712e-11
-1.9602705961129576e-12
-3.708523836018882e-12
-2.8842953677690544e-12
-2.828186729353941e-12
-2.7566766893861104e-12
-6.271733701534598e-13
-4.155078527819436e-12
-4.503661912905335e-12
-3.3315932250331258e-12
-3.043153280117251e-13
-3.3505617149598275e-12
-3.718655265357927e-12
-2.633281683752777e-12
-1.2955737573774815e-11
-3.2655604065771634e-12
-2.9720511097626823e-12
-1.662801433046556e-11
-4.578251468803582e-12
-3.3919628356994355e-12
-3.4602609765641757e-12
-3.9513231588843766e-12
-4.963280823163294e-12
-1.6083489822351764e-11
-6.615220854365861e-12
-4.300299471794329e-12
-9.036371364914056e-12
-1.334976922200228e-12
-7.199235779552458e-12
-2.2299999665233495e-12
-2.7624339888015807e-12
-4.287745325731835e-12
-9.242551373617292e-12
-4.046689942048336e-12
-3.640859811368031e-12
-2.6614543502207056e-12
-3.852429707589849e-12
-9.712152760427816e-13
-4.303024941056074e-12
-3.6237718536618646e-12
-3.294060570730293e-12
-4.720593824895897e-12
-3.139704897816198e-12
-4.538573167854676e-12
-5.283212971626818e-12
-8.543392479659e-12
-4.97279094713198e-12
-2.9410312292278315e-12
-2.881962450080049e-12
-6.327213766952595e-12
-2.964468968106299e-12
-8.572235137296771e-12
-1.1136410582851019e-12
-1.874108346869779e-12
-4.456055585903159e-12
-8.888620472826247e-13
-3.2104846772050734e-12
-1.9634127058430814e-12
-3.928846532789035e-12
-3.131651655202408e-12
-4.02788239179838e-13
-4.731933301928504e-12
-4.762132188834214e-12
-4.5274292269475816e-12
-1.7344419765850985e-12
-6.307123356280097e-12
-6.490122107202222e-12
-8.957910833209587e-12
-1.0112543859433621e-11
-4.889909477360679e-12
-8.86088732802853e-12
-3.1652601530743273e-12
-2.8332587916523733e-12
-8.552790929665342e-13
-2.7430234984933387e-12
-2.698152448176456e-12
-9.012483057812809e-13
-5.3001773154323236e-12
-3.448144614132157e-12
-7.495749431127871e-13
-8.513174781232062e-12
-3.806398005585154e-12
-3.4099932495420274e-12
-2.3241299222883837e-12
-2.6411418241184985e-12
-8.896477740290808e-13
-6.322723405173495e-12
-3.1737697968715133e-12
-3.2579671662313767e-12
-5.7802190361145396e-12
-2.4145602655602826e-12
-4.250095551481917e-12
-3.020546313218095e-12
-9.725591318037608e-13
-4.220717131524718e-12
-5.019244228567409e-12
-2.9671720401350446e-12
-8.709296477553268e-13
-1.4613897669527926e-12
-4.756482466348475e-12
-2.438417952262103e-12
-4.0558555887188885e-12
-2.1518998585032423e-12
-5.571031453993367e-12
-4.02873208825643e-12
-3.8810502676436e-12
-3.791912589149439e-12
-3.2431570257970006e-12
-2.469619563324502e-12
-4.977057467234107e-12
-2.9455735829651854e-12
-1.9922309506177783e-12
-5.741059250346035e-12
-2.6805638740720215e-12
-9.134055383065083e-12
-3.269705746378383e-11
-7.0596356878867186e-12
-2.9704002236900115e-11
-6.335644883667024e-12
-4.195528347759862e-12
-1.79668218845935e-11
-1.8007448161315724e-11
-3.559397713311491e-12
-3.037097296366505e-12
-1.7793045719370428e-12
-4.626437575785174e-12
-6.417808095817631e-12
-3.629533306724511e-12
-2.6160167848279624e-12
-3.4049952055857372e-12
-3.607133597470702e-12
-1.5677471122928424e-12
-6.871017659679859e-12
-1.2446984575769056e-12
-4.814844553955852e-12
-4.855859174275991e-12
-9.630137515157338e-12
-3.5513778022922525e-12
-3.478375919251906e-12
-3.7050653396855374e-12
-4.206625824918053e-12
-5.240650825390302e-12
-3.7269428238424285e-12
-1.0013143654800466e-12
-3.311202427330988e-11
-7.1786413559225015e-12
-4.638476462651899e-12
-1.682742906654325e-12
-3.610429248397995e-12
-2.1593300740043428e-11
-3.2954706583754137e-11
-1.4342369064455511e-11
-4.459412929406912e-12
-2.039525252478347e-11
-5.909717150959336e-12
-2.602523550386674e-12
-3.0870879356809393e-12
-7.57912066337759e-12
-3.981952699767069e-12
-6.5198560066987854e-12
-1.0849486963571246e-11
-9.101080233195745e-12
-1.2173936751322207e-11
-1.814002352767277e-11
-3.464951253244708e-12
-6.1314858271269735e-12
-1.042394205109811e-11
-1.0062967383833345e-11
-1.914522474894265e-12
-3.1769855115775446e-12
-3.6665273925180405e-12
-4.244143499624178e-12
-1.0828254890479523e-11
-3.6823215676050365e-12
-9.245535544895055e-12
-1.8139395188953634e-12
-4.049880592013957e-12
-1.105740256561833e-11
-3.054078747871532e-12
-3.905597425512457e-12
-3.533187609857395e-12
-2.9522410869770387e-12
-4.646542709917081e-12
-4.366052542450264e-12
-4.086475215521157e-12
-1.9517903773059614e-12
-2.0148845686021164e-12
-7.853501321309652e-12
-2.4635376090402465e-12
-1.6085788630444047e-12
-1.7745087251267864e-12
-3.844673081221571e-12
-4.1911048133042366e-12
-8.731067523434223e-12
-2.0931671044466475e-12
-9.917215751040655e-13
-1.9976055864040793e-12
-3.222740066336427e-12
-2.5878591842680007e-12
-2.0387003084265187e-12
-1.8456501131388322e-12
-1.865214142644518e-12
-1.4244783956383484e-12
-3.396433983015855e-12
-1.2281383517112414e-11
-3.422812462146184e-12
-2.36311724915642e-12
-3.729859647975793e-12
-3.4567644953314335e-12
-2.4939385351297638e-12
-1.5718531425269612e-12
-4.950861251238838e-13
-1.0026485181009216e-12
-9.491284740418624e-12
-2.0910673001271943e-12
-1.0301642822809219e-12
-8.10710132568806e-12
-3.5665049566698887e-12
-6.410146104274022e-13
-1.6602634620481461e-12
-3.95161959232709e-12
-1.1154579603420356e-12
-2.9869582370249506e-12
-2.9164617413261975e-12
-2.4111672411833518e-12
-4.7470576030082766e-12
-2.8686105079474872e-12
-1.35235491628e-12
-9.445536804120092e-13
-1.2421348842272295e-12
-9.812483006569104e-13
-1.6849253215123425e-12
-1.6721895877257013e-12
-4.5579559449805745e-12
-8.0985647610158e-13
-6.508035521185227e-12
-3.3910686853243107e-12
-1.698280471180741e-12
-2.0625088792549056e-12
-1.642560454417325e-12
-4.4121937432931555e-12
-3.80199946704932e-12
-3.058009088348478e-12
-9.4969030074885e-13
-8.342134839477469e-13
-3.874056713518153e-12
-4.0042643544717015e-12
-4.490346191700377e-12
-5.650940389414529e-12
-6.157250134008021e-12
-2.206453956606513e-12
-3.4491362413944914e-12
-4.969440374750671e-12
-9.182963612070968e-12
-2.0028322889328957e-12
-2.3818669728060308e-12
-3.3207272006291804e-12
-1.978004137504455e-12
-2.2326668529343774e-12
-5.81992365392486e-12
-1.839284747052637e-12
-2.3770039014846506e-12
-2.757208782712145e-12
-3.9158927881294624e-12
-1.338677262057571e-12
-5.901788952750537e-13
-1.1514990920253431e-12
-3.3108541089419736e-12
-1.1168946011076721e-12
-2.3950838160196173e-12
-2.97585381100739e-12
-3.325513524532553e-12
-8.218215422586142e-13
-2.649087938338935e-12
-3.64746246116184e-12
-5.89549652764618e-13
-1.1462143887071069e-12
-3.0826481369084145e-12
-3.522217995318364e-12
-1.816274661807837e-12
-4.706841506182974e-13
-3.1719451149652697e-12
-8.575880814551918e-13
-6.261044993841162e-13
-1.6233091479707735e-12
-6.981407079992524e-13
-1.7433558937805106e-12
-1.1575869998026106e-12
-3.3266127815739966e-12
-4.243592266628385e-12
-1.623099778173832e-12
-3.405938030579635e-12
-3.872566784463021e-12
-3.1412307047599215e-12
-4.9919668148625316e-12
-1.2071224114029343e-12
-5.724780856412514e-13
-2.1395210166594837e-12
-7.281866161559487e-13
-9.910226382859099e-13
-6.236719054568898e-13
-1.0024735342981199e-12
-1.478788229739114e-12
-1.754165654836204e-12
-1.6303011269352592e-12
-8.423472132759796e-13
-6.044313015489179e-12
-1.948491503783098e-12
-5.179849160501119e-12
-4.008626238778647e-12
-3.8133715613639014e-13
-1.0445691775206984e-12
-1.3218453430224123e-12
-7.089531516573372e-12
-3.893946114119534e-12
-5.650136374099491e-13
-1.3708026799212677e-12
-2.8347107945462506e-12
-7.069320192290561e-13
-2.20085900854487e-12
-4.766381892671902e-12
-1.5568292938194455e-12
-4.260723863840862e-12
-1.175922653926217e-12
-2.4702490870267277e-12
-1.8762612238500508e-12
-1.2228246599610932e-12
-1.210610923574458e-12
-3.463955498329385e-12
-3.439983628180221e-12
-1.0072838194502735e-12
-1.4618235558415333e-12
-4.4604233782164704e-12
-3.383897623927999e-12
-4.1029254234976944e-13
-2.445129791157777e-12
-3.948365306777367e-12
-3.5384481967105805e-12
-5.870932148649509e-13
-2.561878466245877e-12
-9.214783910877064e-13
-1.6434804535042673e-12
-7.753362111049309e-13
-1.0720204037534655e-12
-2.8267198249987057e-12
-2.9853194217940403e-12
-6.297469764540698e-13
-3.5621367607698126e-12
-9.272963680033992e-13
-2.465404240223226e-12
-3.687810431318314e-12
-1.0650491088057497e-12
-2.0586262495497334e-12
-2.8176105273743243e-12
-1.7866815057865822e-12
-1.3732880502059514e-12
-3.082577464463677e-12
-5.8837310015762906e-12
-4.7002015653846585e-12
-2.241696163992504e-12
-1.5288771987047816e-12
-3.040455204689293e-12
-2.9367632106658202e-12
-3.2195326882589362e-12
-3.452873436401868e-12
-3.6047824354501795e-12
-2.4274108871635554e-12
-4.541618110556189e-12
-5.319685000753437e-12
-3.913990431298838e-12
-3.672074673092463e-12
-4.901598161511048e-12
-1.863123213798726e-12
-9.794080189749957e-12
-1.947652896188871e-12
-3.007435886778035e-12
-3.082791038218925e-12
-2.8091021053426612e-12
-1.2396804720889782e-11
-4.1295224219256445e-12
-3.5241733694590764e-12
-2.545947582971604e-12
-1.0890449549022003e-12
-7.863243309961711e-12
-1.7152531852720716e-12
-1.2894619553692419e-11
-1.1276410922300734e-11
-4.187862691408772e-12
-3.3596992724028483e-12
-3.382867707455523e-12
-4.014544951830084e-12
-4.880829599675468e-12
-6.370243861259362e-12
-2.943517574383054e-12
-3.750138866079941e-12
-1.0162684305327963e-11
-4.228954954136086e-12
-3.113454803319587e-12
-3.5528805789034464e-12
-2.0350688964329253e-12
-2.9498921344447176e-12
-5.24893761172862e-12
-3.471739439176852e-12
-5.105199020555517e-12
-3.694728830831408e-12
-2.2630574406390963e-12
-5.544121734978484e-12
-3.9904733455922364e-12
-2.3447210420287443e-12
-6.740461912018974e-12
-1.3253663613354397e-12
-2.9713761009492758e-12
-2.5715759094288435e-12
-1.30420224434955e-12
-4.872760532322695e-13
-1.1268322566118839e-12
-2.185376421109403e-12
-2.6515555145204705e-12
-4.0796690344903465e-12
-3.745799313668487e-12
-1.286168323791111e-12
-1.7570597872884912e-12
-1.7927181926324207e-12
-3.163536291425635e-12
-2.103689434909235e-12
-1.2027881667643181e-12
-1.851731210499009e-12
-1.1594878220068666e-11
-3.505928511242269e-12
-4.1054178878140395e-12
-3.726410341040583e-12
-3.0374070902275247e-12
-2.535372648833433e-12
-4.533943954830743e-12
-2.6853149779386125e-12
-2.792306652803881e-12
-3.2238668558257433e-12
-2.072264530720669e-12
-1.7607030689728895e-12
-8.58344946944744e-13
-1.6503160401521583e-12
-1.1195174985919397e-12
-2.9060082600093146e-12
-2.834070122712763e-12
-3.881817754220495e-12
-1.2505914791948452e-12
-1.5861527248681225e-12
-5.0896867013758385e-12
-8.72737385317469e-13
-2.8138804906569607e-12
-2.99908285085487e-12
-1.0780651984023783e-12
-1.2857797763688517e-12
-3.0592767910952485e-12
-1.3824420129642598e-12
-1.5125262618749583e-12
-9.730872221830149e-13
-2.046099847177904e-12
-2.0833883838081766e-12
-3.142069806142029e-12
-1.3184771905273567e-12
-2.3574780423767126e-12
-5.621807736106465e-13
-2.83164334759812e-12
-1.1806975440394688e-12
-2.3883598960027887e-12
-3.1051223821851087e-12
-2.868982150187156e-12
-1.6066235637179256e-12
-1.3019147797992088e-12
-1.7340132853202487e-12
-3.183635055511892e-12
-1.1026852634370891e-12
-1.2596766920812411e-12
-2.3192016527511868e-12
-1.182024446118436e-12
-1.6913996700209972e-12
-1.1708133416856852e-12
-6.751452666068235e-13
-1.7723145754894647e-12
-1.1396790025610284e-12
-1.9900101474253276e-12
-1.02151922556083e-12
-1.0547367920197104e-12
-1.274243202219589e-12
-7.839070363807769e-13
-3.7523648846277383e-13
-2.3823936922843472e-12
-2.1630940098795465e-12
-5.409996603296043e-13
-2.871988891866991e-12
-2.8643243004739063e-12
-1.2846868399524924e-12
-2.0240078286629597e-12
-2.9962619138197476e-12
-4.79228440664761e-13
-6.963943400080237e-13
-1.0851241344565304e-12
-1.0567273006879313e-12
-8.868433216195105e-13
-2.649605017679265e-12
-1.657348286848083e-12
-4.013514087417515e-12
-1.589897106840683e-12
-8.473683060428011e-13
-8.734602281988846e-13
-3.154306015665721e-13
-1.4217635270114977e-12
-4.2495469097321467e-13
-2.7397139585388062e-12
-9.450186195394449e-13
-9.17686920951959e-13
-1.62263732238892e-12
-1.462921302377417e-12
-1.4467935194443783e-12
-4.166260844692427e-13
-1.1501914020625031e-12
-2.233785081502476e-12
-4.28304113795766e-12
-2.088435271404334e-12
-1.7772588977202323e-12
-1.2410118097871859e-12
-8.161397326456098e-12
-2.0096777310987003e-12
-2.679220656661764e-12
-1.5477820259551291e-12
-2.095932626534694e-12
-2.298011673023349e-12
-1.996956125384664e-12
-2.6344784514168402e-12
-4.099783662677033e-12
-1.1774645317550116e-12
-5.4137526407693756e-12
-4.6960658233260145e-12
-6.617242397843057e-13
-6.138658515378078e-13
-4.728514571314765e-13
-1.7901469804024625e-12
-5.643834167850714e-12
-2.4927467259779112e-12
-1.4806994855487478e-12
-2.2984447701307076e-12
-1.3341234796252084e-12
-2.0877345612454678e-12
-9.196715622355407e-13
-3.516217565903084e-12
-1.1164816456311523e-12
-1.0491885887572207e-12
-1.155268121770781e-12
-1.2741962179216568e-12
-5.312681689535078e-12
-3.6995289379691575e-12
-1.5286734431480835e-12
-1.1696317501456215e-12
-1.3783139134848567e-12
-1.0408444047331973e-12
-3.068082136145266e-12
-1.597553576967431e-12
-1.6071457112929434e-12
-1.1075919206115153e-11
-1.6759358462375654e-12
-1.2569348215310613e-12
-1.6245657707298253e-12
-8.871946729212702e-13
-1.6426103271626788e-12
-8.396476035421722e-13
-7.86505870883544e-12
-1.4480853854724661e-12
-1.5805040873014136e-12
-8.517786906607945e-13
-1.6439439288673687e-12
-6.392091608404913e-13
-1.586358410848508e-12
-3.3898549225026393e-12
-9.237735120969294e-13
-1.062868411066833e-12
-2.161316895610941e-12
-2.3954462143853285e-12
-2.7052536880835114e-12
-8.059042879560303e-13
-1.115908284395989e-12
-1.857033742971104e-12
-2.8285538876860974e-12
-1.152292126471046e-12
-5.424269938719854e-13
-2.8786882686411338e-12
-9.188322699779978e-13
-2.984792195775979e-12
-7.349505178483998e-13
-1.6661961563971462e-12
-1.866432787381879e-12
-2.1447391923869632e-12
-7.804299315068596e-13
-1.0374238614168133e-12
-2.316185366697501e-12
-3.140421532481748e-12
-1.4386635874048879e-12
-9.614474301053432e-13
-3.2808678792559763e-13
-1.1077481234445235e-12
-1.0978036648639377e-12
-8.501082828111626e-13
-1.421080589999168e-12
-6.85621282093091e-13
-6.835987435988777e-13
-7.473602544010821e-13
-7.348644344714401e-13
-8.532793213394736e-13
-7.273121745600169e-13
-1.2873666606502162e-12
-1.2803747789395247e-12
-9.892982920155457e-13
-1.5037439730581138e-12
-1.843231020353161e-12
-1.1710472423156892e-12
-8.127954944043986e-13
-3.0860633639613892e-12
-1.1998961959887443e-12
-1.3362680738838549e-12
-2.0836339733616783e-12
-1.0167389279290019e-12
-6.20396943446633e-13
-4.0015277389979055e-12
-2.1342715662133067e-12
-5.876422825944293e-13
-1.9611515718735635e-12
-1.3639531852734268e-12
-2.1443373314265958e-12
-4.756374493761275e-13
-2.750351439039518e-12
-4.023652365185129e-12
-4.793235333697476e-12
-2.2921502831505097e-12
-4.01682895161532e-12
-1.0056044288172077e-12
-5.141333155939599e-13
-1.1752685333748526e-12
-1.8861973060061215e-12
-2.653102119441009e-12
-1.3245900087522029e-12
-1.6792855615550648e-12
-3.644952558873069e-12
-1.1946026436094947e-12
-9.361554625272868e-13
-3.3516545147343872e-12
-1.6754013987469792e-12
-3.356331058356077e-12
-2.113428442499799e-12
-9.111563275520352e-13
-5.2208346144744e-12
-3.9590189991103956e-12
-2.1400384267383986e-12
-2.009750926644444e-12
-1.9345101094763435e-12
-9.777660543218143e-13
-3.697358950156825e-12
-1.7065728053730448e-12
-4.339378163493007e-12
-9.396525295766462e-12
-4.850442747539706e-12
-2.455714376893086e-12
-2.563550394421559e-12
-4.045714592403823e-12
-2.9067245696458737e-12
-8.900043472297231e-13
-1.130842032587989e-12
-6.560782040660575e-13
-4.72547687734972e-12
-5.968165758097301e-12
-3.6476228129030686e-12
-4.1016161220645e-12
-4.399580106565008e-12
-4.213815888890411e-12
-5.672267976359634e-12
-4.83091325824831e-12
-3.1186538067909145e-12
-5.913008136045428e-13
-2.0240802928036096e-12
-8.994937067528849e-13
-4.121733437602625e-12
-3.5750146674720744e-12
-1.3224934789386216e-12
-1.7762116424502275e-12
-1.483559804867327e-12
-1.3687128612107443e-12
-6.47682187782643e-12
-1.5442112466342336e-12
-4.751163600276216e-12
-2.8094563198596423e-12
-1.4889137866110413e-12
-2.1581269282558787e-12
-2.8776581326292873e-12
-1.3407489736810786e-12
-4.361702154965629e-13
-1.976021356631325e-12
-2.6986969182486763e-12
-4.485095796211388e-12
-7.677695685549363e-13
-4.855303058341821e-12
-8.640924018009941e-13
-2.7970093719879244e-12
-4.0545786678431694e-12
-2.3790559442163974e-12
-3.3122631383155032e-12
-5.174081297461611e-12
-7.341975966465399e-12
-2.5466503599046615e-12
-5.113786109251716e-12
-2.4937562111530595e-12
-3.2933229543200182e-12
-3.4421316519047685e-12
-2.793031852408746e-12
-1.1412030795637806e-12
-1.9688797537765975e-12
-8.82149991045954e-12
-4.088211774125549e-12
-2.267928760510465e-12
-8.179832421392587e-12
-1.5188526462057529e-12
-1.0301265019743212e-12
-1.1993162138904834e-11
-4.5960568638472966e-12
-2.7674175413208395e-12
-7.62134734826388e-12
-1.7595950026053857e-12
-6.956814579932418e-11
-1.6284576221751602e-11
-4.5052494594135295e-12
-1.3492083918888869e-11
-7.318497582876268e-12
-2.9425023602729416e-12
-1.4920826833208097e-12
-2.494718968238958e-12
-1.8264594021016985e-11
-6.926476142995937e-13
-3.723787594086271e-12
-1.7350475347375984e-11
-4.248323121607205e-12
-6.268022051089435e-12
-1.10569402681467e-11
-1.5291390187995597e-11
-3.8891542116451935e-12
-2.3996573355427594e-12
-1.381321657796365e-12
-2.010727353900294e-12
-1.9222771007494766e-11
-3.428225077616176e-12
-1.457961796362445e-12
-5.260349733441952e-12
-5.905403021749683e-12
-1.729521289234874e-12
-2.8237133458973714e-12
-5.350410109529679e-11
-1.1268025100803316e-12
-1.3766254775123252e-12
-4.165617956752065e-12
-9.146267097985429e-13
-1.7795339103780863e-12
-4.097221918335523e-12
-6.121795536095612e-13
-5.071516134822202e-12
-4.695704816159013e-12
-1.7828054675575224e-12
-2.2877623739915506e-12
-1.659372678147608e-12
-9.954184577312914e-13
-4.531011831651782e-12
-1.115004368318485e-12
-1.708225368888006e-12
-3.4187145507972376e-12
-3.667176009662525e-12
-2.4179550600138997e-12
-1.9015639576308e-12
-1.541514881717309e-11
-1.2167503166640375e-12
-4.984894021312015e-12
-4.633971327722524e-12
-8.155352545929564e-13
-1.2864738381786594e-11
-4.470954539737319e-12
-5.12251262844603e-12
-8.539049495444005e-12
-5.97425317860205e-12
-4.7753681562765005e-12
-3.23634518062627e-12
-1.4788211238643412e-11
-3.4735932025423147e-12
-1.5352229226906768e-11
-5.354567020274056e-12
-4.642902729471574e-13
-4.403442287562193e-12
-5.5445090844812836e-12
-1.4155703237862406e-11
-5.451720664765753e-12
-1.4623516863458403e-11
-8.393915507064014e-12
-3.261103158577753e-12
-6.13318593823836e-13
-5.475197479480224e-12
-1.4874677213151152e-11
-1.5165071771423598e-12
-1.044376716908979e-11
-6.695602054127866e-11
-5.387920438570997e-12
-1.1842689407857506e-12
-2.6065101398428e-12
-2.0438398429715448e-11
-5.1822830206842495e-12
-9.527555496475486e-12
-1.5918661241974755e-11
-2.127161059337981e-11
-6.556706639367468e-11
-1.728817818388631e-12
-7.354136998953117e-12
-1.794793694212124e-12
-1.7551278171677509e-12
-1.1702168118981356e-12
-3.6167453976405655e-12
-1.8513096446093846e-12
-3.910527446447503e-12
-5.464244342464564e-12
-5.418593155403971e-13
-3.739993788865623e-12
-2.313299585864407e-13
-5.884371179130657e-12
-5.61722084850313e-13
-1.685810495588948e-11
-2.3140142524718748e-12
-4.97040632276891e-12
-1.2105128447985839e-11
-2.020802677463821e-12
-1.547174362159728e-11
-4.505044649983912e-12
-1.3176046751970096e-11
-2.042820006714282e-12
-2.3647515173184083e-12
-3.0496159420923736e-12
-4.466736949902842e-12
-4.940857312685096e-12
-3.3431501312616066e-12
-3.5776547319720522e-12
-2.471192890153756e-12
-2.761130911094818e-12
-2.475548376346899e-12
-1.9110334809106382e-12
-1.728184455016542e-12
-2.8278953082928425e-12
-4.62953514185139e-12
-2.1190190314228424e-12
-6.360115512375945e-12
-1.5635704813722164e-12
-1.6519509250905173e-12
-4.190598733569518e-12
-3.801896448411917e-12
-1.5983529777908929e-12
-5.644323172374814e-12
-4.573522445367734e-12
-1.3121906624954984e-12
-2.239250965384796e-12
-1.1082187774973607e-12
-1.4173348315696293e-12
-2.4000233575154084e-12
-3.1295527258977544e-12
-2.350160924794235e-12
-6.567063539206616e-13
-2.82943349583491e-12
-4.022524016930488e-12
-3.501124332470324e-12
-1.5905372315349074e-12
-1.4618974114656468e-12
-6.010056111683656e-12
-5.518569691779107e-12
-5.289631425440399e-12
-1.1502660318387085e-12
-3.3319442864648425e-12
-4.9387668489570595e-12
-7.399421819801856e-12
-4.797600097494245e-12
-3.4640256112329843e-12
-6.675241954975698e-12
-8.710841830121239e-12
-2.6023525170216798e-12
-1.6999258063692285e-12
-1.829947598815107e-12
-2.030552621308594e-12
-1.2719953235150476e-11
-4.1043637912826354e-12
-4.826344429742798e-12
-1.2879933152679219e-11
-4.3620028251760265e-12
-4.899326248054097e-12
-4.852189824048505e-12
-2.5450867612842914e-12
-4.155059369769269e-12
-1.6476329209198207e-12
-4.936524385848583e-12
-2.7108039637509374e-12
-1.9767901979846288e-12
-1.5364112342854423e-12
-8.927732079488738e-12
-3.458588798747126e-12
-5.448033115481838e-12
-1.6594379959837557e-12
-9.040849482379665e-13
-1.3853014154439245e-12
-3.225410903357398e-12
-1.216758166492287e-12
-4.2913328809398144e-12
-5.7049706734979245e-12
-4.429523013765664e-12
-1.2013054423064358e-11
-4.528500823336766e-12
-1.5911455030839597e-12
-1.727745488528953e-12
-4.846701709558517e-12
-3.2834646958379972e-12
-2.018317949177571e-12
-2.0556255302481024e-12
-1.9014285049462148e-12
-2.5375158100292445e-12
-1.2983446534846063e-11
-2.2856877084433863e-12
-2.222804998957281e-12
-8.101641499967818e-12
-5.89347295681133e-12
-1.4332802620927524e-12
-1.0058589965166345e-12
-2.4631770851065973e-12
-1.74804876167769e-12
-2.18195973013197e-12
-5.59638107398554e-12
-1.7273652455488462e-12
-2.025206722916961e-12
-8.076183646778191e-12
-2.9769282184978528e-12
-1.6606940873715429e-12
-5.00063034517197e-12
-3.4153113392293264e-12
-2.5091182958081834e-12
-3.90789757977826e-12
-1.7175550453600738e-11
-5.625277480717746e-12
-5.4752856809695946e-12
-1.8694758805710496e-11
-1.824817178212816e-12
-1.1623782773179952e-11
-3.454863021668347e-12
-4.876435006293058e-12
-2.1895507363164137e-12
-4.266785150970642e-12
-7.177404804898482e-12
-5.167061881500767e-12
-2.2918518578717327e-12
-4.016110413503774e-11
-2.1695626849980026e-12
-4.4749645616156255e-11
-4.284585333507282e-12
-4.194028758572444e-12
-4.585258312866995e-12
-3.170571722142553e-12
-1.5123175275887678e-11
-5.022163063112561e-12
-1.6362908116340757e-11
-2.1244597149224795e-12
-3.1527616323046847e-12
-1.5354100227471462e-11
-1.6960300381824924e-11
-6.025789296188e-12
-3.1873945877740513e-12
-6.293768598080941e-12
-5.148650573848449e-12
-5.409241410096116e-12
-3.4740146437319185e-12
-4.013683919984454e-12
-2.4118003154351774e-11
-1.8157256131409596e-12
-4.0547847256819046e-11
-3.781341444386813e-12
-3.991995467228671e-11
-4.615038237774435e-12
-6.776817204361999e-12
-2.579137561741422e-12
-4.783822806686946e-12
-3.826756032241771e-12
-2.7960427972613744e-11
-1.3206108237264485e-12
-3.760989958420146e-12
-4.753419957809223e-12
-3.1837566664305796e-12
-5.252531072693311e-12
-4.0941031039226007e-11
-1.9397783651072074e-12
-4.473516017960834e-12
-6.6931653179552436e-12
-2.9629018949573435e-12
-9.329442717088837e-12
-3.971448033121117e-12
-3.5231526136784253e-12
-1.488977258018251e-11
-2.73243922228514e-12
-1.3090220037354557e-12
-3.486949649137262e-12
-3.524132478816581e-12
-3.4868145208839387e-12
-2.941919927916016e-12
-3.976212565635856e-12
-3.3845173078976037e-12
-4.247461384539207e-12
-3.5031310517265243e-12
-3.0365582765723285e-12
-6.041807180423104e-12
-3.113236822151001e-12
-3.3898590603727052e-12
-1.1398479641345417e-12
-4.271632764117485e-12
-4.850286011014831e-12
-3.385599732413914e-12
-3.613836619070731e-12
-3.693299478534132e-12
-3.1674885099950243e-12
-2.2053156803541277e-12
-4.409176234606484e-11
-2.7218258254544396e-11
-1.222907575329184e-12
-6.01427542939441e-12
-4.201456591216295e-12
-3.047433141924665e-13
-1.8773391841500535e-12
-1.7905753453995294e-12
-4.280216224112217e-12
-1.407439682142665e-11
-1.4501028484694904e-11
-2.9954002875801134e-12
-1.3102776782280338e-12
-4.050430411393709e-12
-4.755615273619057e-12
-2.479804447925751e-12
-1.4678603624125844e-11
-5.061318606796001e-12
-3.096734558993323e-12
-8.862207796421409e-13
-9.822417391758616e-12
-6.2783718791546345e-12
-8.635719741410734e-12
-3.1249554777084065e-12
-1.5671177847634324e-11
-1.640688836167702e-11
-1.1242298518902137e-11
-2.741104636233668e-12
-6.5701786755354955e-12
-2.149816443330253e-12
-3.2907495185189765e-12
-5.130520104630992e-12
-2.8150898234624754e-12
-6.580595394733142e-12
-1.6009998846905636e-11
-3.624261872056842e-13
-5.95033496216028e-12
-4.942833651901513e-12
-2.8565578952922862e-12
-2.425452033307546e-12
-1.864412712974963e-12
-1.4609670813197452e-12
-2.5471801291045862e-12
-2.6497642669196307e-12
-1.4258552086087802e-12
-4.691128567863065e-12
-3.7053413220447914e-12
-3.7025235315102906e-12
-8.88629433237057e-12
-4.8943349308429965e-12
-5.647130994700632e-12
-1.8918675569908015e-11
-1.950145191597598e-11
-3.823465352520914e-12
-2.4176876381570992e-11
-6.407548684063644e-12
-3.619246075227897e-12
-9.459057010035445e-12
-5.810301217817068e-12
-1.0530731670359066e-11
-2.69801899836717e-11
-2.931876774118967e-12
-6.27966560264749e-12
-4.8930428409613885e-12
-1.5121045402335385e-12
-4.049474298480481e-12
-3.2419015527156314e-12
-4.687565616691827e-12
-4.494846611460449e-12
-4.306259784968012e-12
-4.371063867069056e-12
-2.9692075959793924e-12
-5.454589491179846e-12
-4.827904740918888e-12
-4.709004625653812e-12
-3.2561852016832634e-12
-3.8914444986306065e-12
-1.7369080761958013e-12
-3.952431025773294e-12
-3.2367601718006885e-12
-6.063087514681506e-12
-2.9737739845884644e-12
-4.221359568913833e-12
-3.86651535521794e-12
-4.812342799269812e-12
-5.464272464455287e-13
-4.582694801215682e-12
-3.196134939213661e-12
-3.509327401373974e-12
-9.636518555063444e-12
-8.739852606285464e-12
-4.462778051563499e-12
-9.257628264052147e-12
-2.1177854660493325e-11
-3.2138700934131154e-11
-1.4492287890324704e-12
-3.631684941755733e-12
-6.5075710822300494e-12
-1.8662533153394363e-12
-6.344118671298073e-12
-3.2315562412858613e-12
-6.228934538099046e-12
-3.315894491373068e-12
-2.356773239151461e-11
-1.781933499963804e-11
-1.4666084341853744e-11
-2.636582238309346e-12
-3.6165046903100683e-12
-4.187629803355334e-12
-3.4688624632925812e-12
-4.701583211961282e-12
-2.605842364517404e-12
-4.129775546457592e-12
-3.1307557030912695e-12
-3.1388762036093055e-12
-4.787314747548332e-12
-3.828413604700436e-12
-2.204975948074242e-12
-4.264431886377527e-12
-3.482628137209169e-12
-5.554260487404136e-12
-2.8729206984036204e-12
-2.7924549668954123e-12
-3.5321521655311978e-12
-3.02030575216064e-12
-1.958134290135096e-12
-1.837381097228943e-12
-2.0049361734173175e-12
-3.0953388972644347e-12
-1.3278413627526266e-12
-3.683989477412865e-12
-1.2439640220511793e-12
-6.506974643877836e-12
-2.4260062455179436e-12
-5.333787305956418e-12
-2.91637013974867e-12
-3.7698467193953375e-12
-5.758435156510243e-12
-1.69664532225686e-12
-2.1037698363754778e-12
-1.9521369531512444e-12
-1.7281092688956118e-12
-1.8381731517596012e-12
-3.4644537562066536e-12
-1.7139716743173302e-12
-4.070645199771982e-12
-1.8919286786824853e-12
-3.3215874709168797e-12
-1.2513430237046696e-11
-3.939420125544708e-12
-9.228026391798165e-12
-2.555449081410986e-12
-5.311919552707438e-12
-2.1312337904381318e-11
-2.729574544104528e-12
-4.390937980478915e-12
-1.0878098787786576e-11
-5.499510824603745e-12
-5.7451275428404735e-12
-1.2024464533140227e-12
-2.08282192997167e-11
-3.638022363108679e-12
-1.0322815048142725e-11
-1.3105757117274989e-11
-1.1101805927459e-11
-1.1146622618143083e-11
-5.058841758322259e-13
-1.6274276043972617e-12
-3.2444433428194896e-12
-3.0089104078735637e-12
-5.517127761422263e-12
-1.9773394074235584e-11
-4.907088818083549e-12
-1.9413563347299745e-12
-9.430870782376609e-12
-6.78520259975104e-12
-4.718891211401848e-12
-1.4947152687944297e-11
-3.4180480457341872e-12
-5.581956138709564e-13
-3.210449687366144e-12
-2.8607035451669272e-12
-1.1340320690504147e-12
-1.8701994575051194e-11
-1.3828070562909862e-12
-1.9017349920993026e-12
-2.3928958496729265e-12
-3.0439179745062268e-12
-1.3319671897859835e-12
-3.401561260226765e-12
-1.851090938597179e-12
-3.7643568792738546e-12
-3.31086670844516e-12
-2.0402444305550424e-12
-1.3342196821453925e-12
-2.700483655132925e-12
-9.53918551421038e-13
-1.237451397123644e-12
-1.4383437063527267e-12
-1.4765844283687265e-12
-3.905465972000666e-12
-4.367738714203331e-13
-3.728713590854829e-12
-9.46726605015053e-13
-2.1779108760677157e-12
-1.1282123937493325e-11
-9.949968740277333e-13
-1.0521712505049595e-11
-1.3249808183709386e-11
-2.7173769166643008e-12
-1.2649102573509395e-12
-3.381826483729301e-12
-4.438064095038912e-12
-3.162318711317957e-12
-4.207742173710585e-12
-8.342868390432429e-12
-1.3119838642293673e-11
-2.1311388722734296e-11
-1.5138905980176726e-12
-2.8926992848793654e-12
-1.4958731959514696e-11
-4.858166560004647e-12
-1.5080962919540996e-11
-1.0724568247582329e-11
-3.73901739432289e-12
-2.4679459874382837e-12
-1.339705179174832e-12
-6.337154344749709e-12
-1.3065056516505674e-11
-1.3487995014495281e-11
-2.0193382848011092e-11
-5.679629652887901e-12
-2.381045008823443e-12
-6.683400816179006e-12
-3.3708989915793045e-12
-2.8868076779399144e-12
-3.658798888815567e-12
-1.5441345646953846e-11
-1.5138685834248676e-11
-6.116902350888747e-12
-2.9337597472867212e-12
-1.8366716630085562e-11
-3.0283096611857896e-12
-1.6231968933397615e-11
-5.4957060838487e-12
-1.8217884708679134e-11
-1.669036282810738e-12
-3.576720350743183e-12
-3.820753192375286e-12
-2.2963813818647234e-12
-5.4555304463878636e-12
-1.2247704263225538e-12
-1.4746263959894308e-12
-3.549099278879809e-12
-6.494719799910478e-13
-2.4426378559941685e-12
-9.311114905808396e-13
-2.6212898729733158e-12
-4.828167513054359e-12
-1.6109452113952674e-12
-9.73643278061091e-13
-7.612107576246908e-13
-1.2709754733345707e-11
-6.734340939791703e-12
-1.2859659731713326e-11
-5.9718416098681345e-12
-1.2900364794029778e-11
-4.792564333515337e-12
-1.4694149376508773e-11
-3.0199519937597755e-12
-4.6975206118226274e-12
-2.240159916999809e-12
-7.731928849478038e-13
-3.74745257633532e-12
-3.285651422539229e-12
-1.1858184895722702e-12
-2.2500084711224103e-12
-1.1187937420898635e-12
-2.2956691543156072e-12
-3.5455258077844882e-12
-3.076469660061574e-12
-9.14503094156823e-13
-1.3372456786316588e-12
-1.8691688967745146e-12
-4.7766226895571096e-12
-1.5843784624215052e-12
-3.5567564008774914e-12
-1.3916751943432778e-12
-3.1057917144279807e-12
-4.1861286608310747e-13
-1.1008318461983101e-12
-3.7622311995464365e-12
-2.6914920550584847e-12
-3.774528567775987e-12
-2.4881898136307438e-12
-5.018060257595879e-12
-2.7231854245293302e-12
-2.7163403309762772e-12
-5.1838617696406555e-12
-3.6701574649176e-12
-3.36826416695664e-12
-4.041172054367124e-12
-4.7668297754947514e-12
-3.0974430830068918e-12
-2.3106014243402704e-12
-2.0084263874907416e-12
-2.0587463051068537e-12
-3.995229465445481e-12
-4.856390908135871e-12
-3.585465839403115e-12
-3.493929050234271e-12
-9.230637651032824e-12
-1.987924983275263e-12
-2.7948612480764395e-12
-4.033512243132151e-12
-2.061256195475261e-12
-3.6585090405991786e-12
-2.1249476777041084e-12
-1.9002857705504434e-12
-5.031821787824937e-12
-4.47309759052057e-12
-3.3563190046253624e-12
-1.929876719426513e-12
-3.3254237508432314e-12
-4.064306673072658e-12
-1.108527702317076e-11
-2.424995153727708e-12
-3.8127497224219e-12
-4.058107194283292e-12
-1.3824224584611407e-12
-3.6118062203797928e-12
-4.701699497796062e-12
-2.0741709250424875e-12
-1.6919010220441116e-12
-3.137410915324983e-12
-3.1915943743100557e-12
-3.0128557572124746e-12
-2.007817631259743e-12
-3.3992214173007205e-12
-3.351678961271608e-12
-2.444942156046127e-12
-5.514850606640604e-12
-3.858001899664222e-12
-3.1569009863285836e-12
-1.8024127489931614e-12
-7.387707909720013e-12
-3.718563772512854e-12
-8.731456280415608e-12
-6.507664764319965e-13
-2.2906139632203664e-12
-2.0703196789988837e-12
-3.530112961478702e-12
-2.1431716928064983e-12
-3.998138828435205e-12
-3.393308913732944e-12
-9.842293729806136e-12
-4.4554118554923534e-12
-3.8146403003138764e-12
-8.660975579440111e-12
-1.5768976378415631e-12
-1.2081993600774201e-11
-3.7958799876140275e-12
-2.1426946006405777e-12
-1.7004332723760013e-12
-4.041393861396719e-12
-1.619237494461401e-12
-2.970363965945006e-12
-1.7914655432897316e-12
-4.312455630302704e-12
-2.581932001546583e-12
-6.922825865915489e-12
-3.574899970318467e-12
-2.082542033982528e-12
-3.4150233525177597e-12
-2.5870657284119425e-12
-9.54494833433299e-13
-3.293105381164402e-12
-2.838179897622808e-12
-1.3339370631132168e-11
-1.1735722932539646e-12
-2.0449250473532917e-12
-1.336211905505403e-11
-5.729182338824041e-12
-5.27923571367696e-12
-4.285794260264661e-13
-1.871830705289112e-12
-2.102178857739153e-12
-1.4982149420268186e-12
-3.4424856031878067e-12
-9.617593642696683e-13
-1.5172554926373926e-12
-7.058269388324785e-12
-2.7710734555268745e-12
-9.37259578887484e-13
-5.338166807131435e-12
-1.0159752666037102e-12
-1.6777019451572712e-12
-4.207353870280451e-12
-1.4611999072998439e-12
-3.4952732386376877e-12
-1.2499368112721e-13
-4.3299155007395496e-12
-7.856705355921092e-13
-2.6946814840921742e-12
-4.229238187524709e-12
-5.793103439035419e-12
-5.352325571536062e-12
-1.3729571800268398e-12
-1.3738296664264971e-12
-1.5164949051466763e-12
-5.451228569743623e-12
-5.395367094558281e-12
-3.837262807649018e-12
-1.5004941404441113e-11
-1.3596462096840486e-12
-8.07611367902388e-12
-3.458309904532528e-12
-1.2341049671427257e-11
-2.2889651513255094e-12
-3.1216906307305786e-12
-1.8705240839306687e-12
-1.9219898094290987e-12
-1.0013173670370203e-12
-1.4134530642567175e-11
-2.0639469152226655e-12
-1.6519221474160636e-12
-4.359042572134056e-13
-1.5272235727431367e-12
-2.3786882016643924e-12
-5.173548386885988e-12
-8.127277691858532e-13
-2.853167938433677e-13
-5.149018959576376e-12
-8.205716608186428e-13
-1.7753323472739584e-12
-1.6698530375758606e-12
-8.941810828824595e-13
-2.3887350730280226e-12
-7.988712875517497e-13
-1.133577512372132e-13
-2.309182787236888e-12
-9.001297772372746e-13
-1.3316391118244199e-12
-1.3839695691645707e-12
-1.306412285870688e-12
-1.502486656456303e-12
-4.294616243024885e-13
-6.800590368750081e-13
-5.791922622784464e-13
-3.473904145324591e-12
-1.4841751562122967e-12
-1.6918641882625238e-12
-2.139250773690741e-12
-1.5973463860824966e-12
-4.4804016024706896e-13
-9.553184659993015e-13
-7.677182233488244e-13
-2.5638451506746593e-12
-4.2858053976657685e-13
-1.2900073122302659e-11
-1.1276668011758196e-11
-6.267782451157028e-13
-7.217312356504942e-13
-1.943076439796332e-12
-9.201297104432135e-13
-2.2621834155937956e-12
-5.244263303885071e-13
-2.135278874760755e-12
-6.5298105472142265e-12
-5.719440304883635e-12
-1.7857128540800596e-12
-1.4001170574405102e-12
-1.8689686827536153e-12
-1.1214430045267868e-11
-8.675305849230235e-13
-4.713820800987382e-13
-1.0348766412359584e-12
-1.5793772469392925e-12
-8.475665416345123e-12
-4.578015568966477e-12
-5.700072206086245e-12
-4.030355078978054e-12
-1.1580587282500883e-11
-8.406315436853984e-12
-3.72461543233223e-12
-3.264638990878518e-13
-4.451317219858047e-12
-1.4568378178643966e-12
-3.3728959816513157e-12
-5.372472319334026e-12
-5.367001630208694e-12
-8.94435724573696e-13
-4.570492577065069e-12
-3.9870499199687786e-12
-1.4167000345105263e-12
-4.229829894014723e-12
-2.9982906046759576e-12
-1.400424889881166e-12
-1.439840453090729e-12
-1.8792575583064952e-12
-8.214330072237856e-13
-1.90314340833391e-12
-1.5785767439294437e-12
-8.619589392962717e-13
-2.1664231918940604e-12
-3.801069249415995e-12
-2.8926667381594505e-12
-4.336298777650183e-12
-3.919893844172044e-12
-3.989299602583652e-12
-1.0014999561711261e-12
-2.3611662851013753e-12
-4.817103396794069e-12
-5.111610626788958e-13
-3.5584273339413324e-12
-7.171382411292574e-12
-6.3060308781816315e-12
-2.888199790266857e-12
-5.242162030491873e-12
-4.727007040730357e-13
-1.498296297925572e-12
-1.5297305617918362e-12
-1.320142387273492e-12
-2.7313299981184895e-12
-1.7057945950073026e-12
-1.9272671960034047e-12
-1.6279733035213639e-12
-1.112328175077154e-12
-2.227202041951971e-12
-7.152945584858221e-13
-1.585533417963652e-12
-1.0173540548024723e-12
-1.871908777035875e-12
-4.011662290416665e-13
-3.375579000739335e-12
-1.9905198111430306e-12
-3.0003518869797407e-12
-3.3218188192856402e-12
-3.7932181523576e-13
-2.7462197605478265e-12
-1.3523262179796285e-12
-1.012066142199704e-12
-3.901405032984375e-12
-1.0711369211361934e-12
-2.0839354072070553e-12
-1.1051050647393343e-12
-5.815750035186236e-12
-6.160620141505229e-12
-4.909476324423213e-12
-2.8198734981936417e-12
-2.7977172258151747e-12
-4.42256162622355e-12
-2.826587525508418e-12
-1.386631942312684e-12
-1.508800399366923e-12
-1.2276343121564488e-12
-3.362801326159905e-12
-2.3703503588861215e-12
-4.308890257089252e-12
-4.306978080455711e-12
-8.88973250072781e-13
-2.357579821776515e-12
-8.025518574698676e-13
-3.9204516092398256e-12
-3.8203907577576604e-13
-1.2662737385210304e-12
-1.939779294236954e-12
-1.6451505099245693e-12
-2.270671117688575e-12
-1.895945521047066e-12
-3.6618228812162943e-13
-1.38542677582688e-12
-3.693130209010511e-12
-1.1603533673850875e-12
-1.5944191068458086e-12
-8.81060556017724e-13
-3.474140927567066e-12
-2.83657076468483e-12
-8.886070795628744e-13
-1.0742989512297825e-12
-1.5801707158556493e-12
-8.52533176354411e-13
-1.4252503198964493e-12
