Model: ABOD
Dataset 6: ionosphere.mat
Time taken: 0.051576852798461914 seg.
Accuracy: 0.8412698412698413
@scores
-0.06082682727810068
-0.0013491557898994801
-0.07003645109349689
-0.0002678647185968794
-0.006986784652038143
-1.1033694129571967
-0.17886578518636406
-0.0003232155862915874
-0.7080515186303632
-0.0008580646221315253
-0.404734919712718
-0.0003779262693806119
-1.6008151802160178
-0.00019886897318966112
-0.019288270855677407
-0.00019055946540071507
-4.844201895561144
-1.573997910237433e-06
-0.009477036622107894
-1.5699001066904276e-05
-2.0999731608137497
-3.189062727500144e-05
-0.1569208483269896
-1.9693378330635184e-05
-0.2070216870981622
-0.00012541720129808091
-0.0022166801969256385
-1.6191256884732813e-05
-0.007844804051355441
-4.702275100560626e-06
-0.1243608014715852
-7.923740618147017e-05
-0.7986087848689316
-0.00010215469305832069
-3.672937310548838e-05
-0.00013703319472730603
-11.345393535918621
-1.730862919456035e-06
-0.8049744844677417
-0.0027086494811315205
-5.974952424953137
-2.85128818578075e-06
-0.04288672324585637
-2.0355137983308475e-05
-1.3199059729318698
-4.645709014008075e-05
-2.5750535896505937
-0.0010286003557874374
-1.7668202588967112
-6.317175371599269e-05
-0.0012128154681337179
-2.3031665560950096e-06
-0.0008602347768933945
-3.342789675450702e-06
-3.3288543728480127
-1.760639747235891e-05
-0.002601692398545601
-4.088409419466812e-06
-0.7596482285890669
-1.0632616502276346e-05
-0.9519949526571623
-0.00030654941047473106
-1.8290014107910342
-0.00017735608218788474
-0.00040748986277219616
-0.0009936055809461222
-0.10253453821959266
-0.0003448624402513623
-0.0018607294466980629
-1.1100531730868743e-05
-0.23474473028688764
-1.0997856640135119e-05
-2.3268211234704745
-0.0003984249182668485
-1.441431500632739
-9.528379280206705e-05
-1.5371935242790102
-0.0001754086970927646
-0.004066298586680029
-0.00010918363138407122
-0.0014939871489800692
-0.00016508114626506844
-3.4722230486620953
-0.011563476949617853
-0.10195791803085763
-0.003810757746564233
-0.11397458817796098
-0.006624921745635082
-0.33246659408333484
-0.006941334249517986
-0.04456757966578724
-0.0019468776341276673
-0.007900236738847502
-0.00020751210966519105
-0.07279733343395585
-0.0005459365362725496
-3.272464545844973
-0.7199189045683247
-0.0001440854736032516
-0.2885083039632611
-3.193420834892516e-05
-5.7372010798841675
-6.92060622763192e-05
-0.20827188279352185
-0.0020056459055129866
-0.002175457408922888
-0.010548404120873479
-0.5407155181263978
-0.0002570179082438175
-0.0006679727811756944
-0.0004420797242953915
-1.8465020688027038
-0.0005391285197675367
-2.1578833221624425
-0.00024619098007944964
-0.29993295021251604
-0.031386358086939736
-0.4168827700608856
-0.0015490376922188145
-0.08803630342695062
-0.008853607564050566
-0.0003554309486462286
-1.4017094299683864e-05
-0.03877019274831238
-9.697145421089798e-05
-0.010935607685719738
-0.0028324932210928274
-49.56402034703604
-0.00010824697549869703
-102.62048639550451
-0.011014342409703403
-0.3701152440557273
-9.7604048254058e-05
-0.04884878798167494
-0.0011004647595877263
-1.230262631766371
-2.4559255109575063e-05
-0.026899989349620474
-0.05974854541717182
-0.008185140863928951
-0.00020447952119851458
-37.328035290667586
-0.0002677410193284293
-0.8206598616687506
-0.07996841726357672
-0.10504643382028159
-0.0007103086700144661
-13.901432671209713
-0.0028772820998384367
-15.30802290494115
-0.00019105440135781007
-0.2701413896896504
-8.289193460356225
-0.9651266335809228
-6.490043213454362
-3.3502682677368965
-7.330541673996846
-0.12013136190624352
-1.8011868265180389
-0.015756754688368787
-7.4964780685993135
-1.3052954676345958
-1.1953769512166026e-05
-1.1889568793834884
-9.305166451829478e-07
-0.05947591825382337
-1.5433946935352657e-05
-0.0018320215346210346
-0.32298312829518694
-0.014517138845395256
-1.839526636728521e-05
-0.06546811565024954
-0.0001594639092219011
-0.08549493170384967
-2.0671401646144267e-05
-0.05146265796213023
-5.9194099370504524e-05
-0.0754217615528083
-0.37302941273199053
-0.16896253832524735
-0.00032103113708614945
-0.059203628327899736
-7.963551539312184e-05
-0.08719305183198425
-1.7265090059933596e-05
-7.069982432798821
-3.955230958975083e-06
-0.00031479273420207814
-4.5652400962586226e-06
-0.0010060875871018855
-5.54126150692747e-05
-0.004888820611489897
-0.0005338308173379886
-0.07380838573075413
-2.4642974877615793e-05
-0.014316235966937606
-2.084150468880871e-05
-0.021669229653975667
-1.5684414146793534e-06
-0.15515498873157013
-2.3376057033005933e-05
-0.7391724724063182
-9.711852762127086e-08
-1.2150158466807586
-1.2678734837247976e-05
-0.08162541966315522
-6.523838932214802e-06
-0.11124338146737274
-2.3498845131956528e-05
-0.004275176009103912
-2.9556875360201066e-05
-0.0556676788825363
-0.0002855532033480486
-0.012298508029854058
-1.449420406925985e-05
-3.7983542341364234
-4.880884697304044e-05
-0.26068153163415453
-2.4607140050817745e-05
-1.1563315589886247
-2.239829554529036e-05
-0.25211026195765845
-4.341281141258294e-06
-2.216349350310643
-0.00011454841000414293
-1.3453183384066765
-0.00010001420831540627
-6.509583428754252
-2.2855086231570445e-05
-0.006682263164932807
-0.0001480254500510118
-73.16721919154992
-5.97130293895618e-05
-0.17707225007851668
-0.0008702799681260011
-0.0009400557315128845
-0.23880583921478887
-0.8556489078500951
-0.21247464910160946
-2.7045189483535172
-5.583318390270594e-05
-5.433655428647738
-7.046550613279103e-05
-8.037130106653878
-0.00035533522227049007
-3.396524743489549
-0.0003836549359759561
-0.44643657706893336
-6.92060622763192e-05
-0.009702472992546693
-8.117789194351434e-05
-5.517502965586142
-3.206668462730194e-05
-0.7819037279720202
-0.11210302064585156
-4.496994714866188
-0.7051747572831877
-0.02942946655483525
-0.23797035047376847
-5.128980241545539
-0.13575330610260108
-1.1244481318802309
-1.0200140785533762
-2.505173146720184
-0.47763138322916066
-5.212975716487598
-0.08318610893533493
-0.0005912315781248423
-0.0067290269400688395
-0.15989773358480813
-6.15513652393563
-0.005382118373512033
-0.22011947057248543
-0.5861800699777527
-0.08136961170689591
-0.5801517755260792
-0.6046308261577897
-0.0813612898673225
-0.9528804271007981
-3.3296289105910297
-3.2253599964282613
-1.9549300479002198
-0.8941560601947585
-0.067304005116776
-0.5957902399584911
-0.007207631613691913
-0.01021951464454018
-2.3689287388658076
-0.021700596003493743
-0.19637888383508179
-0.022996019122121625
-0.04867929007437664
-0.06172541059433451
-0.3845571942361047
-0.08892685505316236
-0.528575298506805
-0.84665114951029
-0.47239590795434483
-0.01218229773001914
-0.8414188471136086
-0.34664432505390996
-1.1375397474342104
-33.15134362428106
-12.60472624552003
-0.2912801360522713
-0.028579374914211596
-0.009078641595239703
-0.003623931318761055
-0.34192101747919895
-0.9378944417247876
-0.7314347196425384
-0.3995821975909004
-1.3298417372802198
-0.0027976002515562462
-0.6419422626637058
-3.4518829573690426
-3.086391306578782
-0.015930308100948275
-1.4108876951441864
-9.53417199029842
-71.92129054310679
-28.432209241349206
-3.406090922110434
-0.03796340279482825
-3.845641650707562
-10.276322612375925
-6.369289722890715
-0.0031844522468845423
-0.002442165687710353
-24.486185583479315
-1.1569713344106733
-3.2968432659837497
-5.643100860689141
-96.04569439554814
-257.97447341777695
-30.84506132029893
-11.5690528928957
-3.156905834081889
-0.282332431366077
-1.062314017881238
-0.0014033698650987802
-68.78961679382599
-0.44906492152819866
-0.08042366319394452
-4.53168731501695
-0.001506204904896395
-1.7723826436276116
-52.68717055998709
-24.629287594908064
-4.822991997732202
-1.75961558973354
