Model: ABOD
Dataset 22: wine.mat
Time taken: 0.016167402267456055 seg.
Accuracy: 0.6
@scores
-1.7938882266629952e-07
-3.1273180721147333e-07
-1.5237675653188172e-07
-3.895256103080624e-07
-9.41444486108696e-08
-3.0018157811519837e-07
-2.671250960340024e-07
-7.283461755953799e-09
-6.215111045233135e-10
-1.096171366770058e-08
-2.2808933166600203e-06
-6.157450175482792e-05
-1.1112194052548249e-05
-1.3498505989566281e-05
-5.435294756078701e-05
-6.852591069494645e-06
-0.00011178548000471179
-1.7856788748323033e-05
-6.894512828071678e-05
-8.455679702570694e-06
-2.1772530339500885e-08
-3.6932017547920316e-06
-2.348896213860264e-05
-2.0853384328082927e-05
-6.917206611020363e-08
-5.035231271290359e-07
-8.314885885334582e-06
-1.8693913076792342e-05
-2.0227296089955546e-06
-3.484645522838293e-07
-6.346207451608783e-06
-4.905642736200173e-07
-7.959114970561134e-06
-1.0660706994008984e-05
-0.00014011221949749973
-3.527803465312482e-05
-6.034503947078642e-06
-5.368851893577898e-05
-1.8954767487511104e-05
-7.148280333922295e-06
-1.0000433011722384e-06
-1.3406127936007274e-05
-4.249755601546826e-06
-5.024324746347157e-05
-3.382307933181515e-06
-8.692252822193615e-06
-1.2956537773557603e-08
-5.05230440094204e-07
-1.740607996773001e-05
-1.6472570329610678e-05
-1.2667343703782052e-05
-7.4755440556077445e-06
-3.597140788263152e-05
-1.2804693583130048e-05
-7.327754768569707e-05
-2.1122367189754082e-05
-2.0637609959061876e-05
-6.641340842295009e-05
-6.084688316907134e-05
-1.8843815569711177e-05
-8.12771803652205e-05
-5.292278433129856e-06
-1.2408249579935891e-05
-1.5063195626279712e-05
-1.71327593735096e-05
-8.21541798919626e-05
-2.4824996451813797e-05
-9.073588445801874e-05
-1.6064766032211316e-06
-4.49025524859129e-06
-1.184261116120576e-05
-1.1366762638491847e-05
-3.5200429944748783e-07
-2.5088633027363608e-06
-6.304744710056184e-05
-7.765661354592789e-05
-8.733668173426403e-05
-4.731112651841433e-06
-8.66042140941984e-06
-5.4442075135749735e-06
-1.5939577827851734e-06
-4.773929131661117e-06
-4.55562737662051e-07
-1.743548878377879e-05
-1.1160341306572282e-05
-4.334406805614046e-06
-9.870244035704527e-06
-2.031240803217169e-05
-1.9860973602655453e-05
-4.776146395880754e-06
-1.0791569964927986e-05
-1.2046730962648452e-05
-3.1773376995509285e-07
-1.690079842549225e-05
-8.223537614723725e-07
-3.264690680658256e-06
-3.64963064025114e-07
-5.836641234636246e-06
-2.1313906194393088e-05
-1.5990829267711108e-05
-3.4195753696375883e-07
-4.788405099995756e-07
-1.3689683740299598e-06
-1.1864454439098755e-07
-1.0941774108720148e-05
-4.768981970601415e-06
-1.753517546658885e-05
-1.249388916100043e-05
-7.212433359093753e-07
-6.236920588170914e-06
-1.4810582081347973e-05
-5.995360934584646e-05
-4.510669109022814e-06
-1.043755037169892e-06
-1.2041535128964895e-05
-3.205454709097078e-05
-4.0724120042282536e-05
-1.4852177500975903e-06
-7.555251684768434e-06
-1.7384803115726058e-05
-3.4160765371802208e-06
-2.6838587020888065e-06
-6.953598289705711e-06
-1.8722414690986667e-05
-1.0630987669251236e-05
-1.8372536782692066e-05
-6.182389339688159e-06
-1.1474067958810134e-05
-1.9635594227741963e-06
