Model: ABOD
Dataset 14: pima.mat
Time taken: 0.09729313850402832 seg.
Accuracy: 0.458955223880597
@scores
-1.2460527309043632e-06
-6.667917805945294e-06
-1.865050706690394e-06
-1.5575609731516523e-05
-2.5855117008574065e-07
-4.4379616388383236e-05
-7.265145011013048e-07
-3.670315563352794e-06
-1.987633768478642e-08
-7.929551067972748e-08
-1.7523584089381538e-05
-8.8080718860808e-06
-4.937891586247948e-06
-1.3503750611292768e-10
-5.076792002924774e-07
-7.478169153198864e-06
-1.433269233519108e-06
-6.629943439123827e-05
-2.4926966196787125e-07
-4.199362765116537e-06
-1.5551518721060935e-06
-4.483296190538853e-06
-1.00374350472502e-06
-3.989951671953719e-06
-6.518417434378436e-07
-3.4293796540411284e-06
-1.2379976827201346e-05
-5.277525338469518e-07
-1.3565357279794065e-07
-1.3943526521042208e-05
-2.329195977586871e-06
-4.0619370926443063e-07
-5.135349593317465e-06
-2.2642833132252328e-07
-8.364453456267693e-06
-1.3580227479024994e-06
-1.2199049947893663e-05
-3.894669539134996e-06
-1.0255369311661845e-05
-1.0933999455174419e-07
-3.077738636387913e-08
-2.9803646531447505e-05
-1.0849212522880761e-06
-3.1477491671339605e-08
-2.6616841881202688e-05
-1.1888546940015343e-06
-3.9723179302477695e-06
-1.263105992032419e-06
-1.3003925117571735e-06
-1.6663339133772686e-05
-1.8436202319159186e-06
-1.7454130299113317e-07
-2.1805342330326727e-06
-1.2773254550688073e-07
-3.0966792476570993e-07
-1.8266804987861097e-06
-2.2993436348113697e-07
-3.1154412913736786e-08
-3.49986669713005e-06
-2.4084490588566493e-06
-0.00010088446794256605
-2.428498750909309e-05
-9.452308470832094e-08
-4.853338081698543e-06
-2.3158592604674927e-05
-7.74595017781803e-06
-1.8114320907700451e-06
-1.371238021327494e-06
-9.939507621195188e-06
-1.0384713769302423e-06
-8.481895623833144e-06
-1.7674519918580336e-06
-2.1238467093609498e-06
-1.0319328188751909e-07
-1.5334227149483565e-05
-9.690064388548544e-08
-5.571907154963685e-07
-2.5210807210547222e-05
-7.643808840680859e-06
-8.175593871743072e-05
-5.511754076761667e-07
-2.3867273571600937e-05
-1.917543342190531e-06
-1.6729730735461346e-05
-5.169211518970231e-07
-2.2583229231046483e-06
-5.6745671366040876e-08
-5.247692916219709e-06
-1.927555034266231e-06
-3.85577546067566e-05
-5.1204988421323914e-06
-4.433295674543047e-07
-5.951408599628474e-07
-6.350762676446227e-06
-5.655367148220303e-07
-2.797010940664225e-07
-6.307469438519322e-05
-1.9321542999817012e-07
-1.3185759522884198e-06
-1.3199868232850177e-06
-7.66090998374097e-06
-2.851665984722126e-06
-5.740620144397205e-06
-7.642447541369822e-06
-7.767102828364434e-06
-1.3212017725587718e-06
-5.8628014887246685e-09
-1.278555540383235e-06
-1.1129743659041054e-06
-1.6062678428694325e-06
-4.749770381862284e-07
-8.78265836408645e-08
-2.6044959914946187e-06
-1.5659312079371745e-05
-2.528341857589837e-07
-4.106656565913594e-06
-2.4617414012328857e-05
-1.4152836353093295e-06
-2.3805572847439938e-05
-1.0021497652704779e-05
-2.1828375775486598e-08
-9.0513287589408e-06
-4.979075493870669e-06
-3.974810671843878e-06
-1.6699374550855436e-05
-2.4599821302920834e-08
-1.2756867630117192e-06
-2.0177390147133127e-06
-6.234118380357156e-07
-5.808563506440038e-06
-4.668702171216339e-07
-7.131705972072437e-06
-1.111762948814201e-07
-6.815105211880625e-06
-3.322392372104385e-05
-8.943454634628135e-07
-2.913931976833079e-06
-1.4067889741254708e-05
-2.7078585747643827e-05
-3.4920237979539675e-08
-3.8088187357096837e-06
-5.16498527513324e-06
-8.604418325436348e-07
-3.8931124155051776e-05
-3.0869392709852507e-07
-8.407422422587906e-08
-5.582315703833986e-07
-2.3939462416181278e-06
-1.3275155927119462e-05
-1.8036675451805444e-05
-2.895417424902753e-07
-5.611921648476757e-06
-7.623968949963718e-07
-2.4450346649569175e-07
-1.5364369698413946e-06
-7.636599272251114e-07
-8.967251748788454e-06
-7.205629713170552e-07
-1.1910577440459085e-05
-1.8807530843298585e-07
-1.043788331005615e-06
-3.8535503202518296e-07
-2.0967211724744183e-08
-3.1463145284556826e-05
-1.4387791039497113e-05
-3.897787574126873e-07
-1.11991287228165e-06
-4.06348293122694e-05
-4.1701260014685035e-05
-7.965723934829928e-07
-1.5868217446897868e-05
-2.1047407907318745e-06
-1.3485431852338115e-08
-4.835423079829581e-07
-7.579115266724855e-07
-2.48702253383653e-07
-4.959617250476139e-06
-1.5580063975347925e-08
-2.448696128488446e-06
-5.785167829392783e-05
-6.739589090551665e-06
-2.2145917102056813e-06
-7.562575697976226e-08
-1.7035619065565936e-05
-1.4003577752865907e-05
-4.5783761675893195e-07
-6.487627851160743e-09
-5.1159323292431596e-08
-6.178582929530545e-07
-8.398483034683483e-07
-4.163052514058764e-05
-8.918271931537265e-07
-3.125740617298501e-05
-1.2246504877614994e-07
-7.54696366925348e-07
-4.291480924634532e-07
-9.165326655681113e-05
-1.2212238887320735e-05
-1.7408011033451496e-06
-3.041259551079821e-07
-1.8030864587047743e-05
-1.2723804167451928e-05
-1.5577578695372977e-05
-2.2692928578669556e-05
-1.1644383105761203e-06
-1.003779052463076e-05
-9.469098161452007e-08
-2.604434278092437e-06
-1.0694566654630051e-05
-7.33859639836713e-07
-3.751460223849989e-06
-6.005038246548817e-07
-1.771323830219054e-07
-6.853736482217092e-07
-1.793981298317677e-06
-2.2744622280239997e-07
-2.686955862554193e-06
-7.444488138601163e-06
-7.809889734189281e-06
-1.2058544397726479e-05
-8.707300114227266e-08
-1.253376304955486e-06
-1.5028807421079218e-05
-2.7187302326190837e-08
-8.955937195062812e-06
-2.145361278804922e-06
-4.914337560562983e-05
-2.7873804822553706e-07
-3.0895472975372355e-09
-2.678032376824041e-07
-2.2218748279552987e-06
-1.111533480815874e-07
-2.7388307169623742e-06
-4.267770249424467e-05
-3.209511604567318e-06
-4.931002479742453e-06
-3.843205662266231e-07
-2.7024335738919525e-07
-7.931702084211107e-07
-2.957379671653388e-06
-5.07186454986501e-05
-8.072859962750692e-06
-6.406536119202354e-06
-5.257546516993587e-07
-7.340406957109386e-07
-1.0804978115098667e-06
-1.9926397519896187e-05
-5.068458537345656e-09
-7.743051326718437e-08
-3.863410066059239e-05
-6.803223258698917e-07
-3.0285889502269725e-05
-4.392245678153689e-06
-3.0299492232062316e-05
-4.3620538671583356e-08
-1.4955490526550665e-05
-4.361705749950444e-06
-5.3532762552044765e-05
-2.4695303152245614e-08
-1.04142052869397e-06
-1.6718023074203578e-07
-6.51118884293544e-05
-7.332047916247457e-05
-5.804910341557432e-06
-2.8825492011699594e-05
-7.708206138262624e-07
-4.300437682623285e-05
-7.779728574802388e-06
-2.3813501729008983e-05
-1.1562962669236581e-05
-2.877097022663105e-06
-1.4853833828130304e-06
-2.1607753664124546e-06
-1.8198316012937713e-07
-6.912638411107211e-06
-5.20282086549162e-07
-3.3995592958339794e-05
-3.6584962368708326e-06
-4.204195965590093e-05
-4.0881888009678515e-07
-1.2593832547196053e-06
-2.9105144970930456e-06
-7.957157998343775e-07
-3.0064000829604887e-05
-1.534646922875013e-05
-5.436403005097194e-07
-2.4939462452650682e-08
-3.4143482343957117e-06
-2.0921004874629726e-06
-1.6531893678271594e-06
-1.866233297839078e-06
-4.305609862203904e-06
-9.76562102381222e-07
-2.0407398914798154e-07
-2.6892637364661387e-07
-1.0107519962735119e-06
-1.8974073930569497e-07
-1.7196390754016806e-06
-5.286978926664766e-07
-2.4629106333162315e-05
-2.5055521321844505e-06
-1.874899175394969e-06
-1.1410349478139212e-06
-3.934787021634901e-07
-3.3875912446426125e-06
-4.00999078180452e-06
-9.929900447813923e-07
-2.3768047811422026e-07
-4.125902530587995e-06
-7.270907255229379e-06
-3.7500672620236393e-06
-3.5141515916156147e-06
-7.952058969781972e-07
-1.2437552097764716e-06
-6.502246438359178e-06
-8.183381202251222e-06
-1.248267406548414e-06
-4.137045308454619e-06
-3.5589894972948713e-06
-4.130107488700891e-06
-3.340538706528936e-08
-4.7024227812848524e-05
-2.8062463800041446e-06
-3.6986454484737054e-08
-1.6096134738320944e-05
-1.0618889808397463e-06
-4.131162754198194e-06
-4.811182141733312e-06
-4.2604677023239235e-07
-2.4547704828685e-06
-1.9281309023850653e-06
-4.03060053239858e-06
-2.75290846928398e-07
-5.481416873355159e-06
-6.497059248252104e-06
-1.9919305161690408e-07
-2.483171203045998e-06
-2.2264361858248632e-05
-6.91024624852759e-07
-9.959593781725368e-06
-1.2919560597018395e-06
-1.3929456758046976e-06
-3.5577919793083836e-07
-3.2088976683671386e-05
-3.3216706441090416e-06
-2.9734260241246534e-07
-1.859429432778773e-08
-3.812010804554633e-06
-4.325314238286311e-06
-1.8874205282432978e-07
-7.2984294103133455e-06
-1.9550123707701422e-05
-1.054807290444682e-06
-9.34836738859363e-06
-2.6488299201199857e-06
-2.601147776454937e-05
-1.3455572120805976e-06
-1.4116434649050095e-08
-2.0090599439454714e-07
-3.073736692736137e-07
-5.012802925390609e-08
-4.9418808856678025e-06
-4.264233395124558e-08
-8.196849540808975e-06
-4.884762804553823e-07
-1.205835232646819e-06
-2.5107273700900718e-05
-1.2528815103843785e-05
-1.2621156120894505e-06
-1.2870181670185307e-07
-1.6249479979604631e-07
-5.225408167142333e-08
-6.2575097938895795e-06
-2.674230101662244e-06
-1.069142688024957e-06
-1.2501275050382306e-08
-1.6564114387868577e-06
-2.710007643618506e-06
-3.3899661654270432e-06
-1.522548212052677e-07
-2.8197448486600677e-06
-1.7156976745447747e-05
-2.879128261480836e-06
-1.1066095167837986e-05
-6.534815885676676e-06
-3.9038993179511317e-07
-8.71285679923819e-06
-2.7280886014254666e-07
-5.222186533193537e-08
-5.974321116991669e-06
-1.4575505074073739e-06
-1.4385923880310666e-05
-2.0801541063650588e-08
-5.158408699992421e-07
-9.513523184466567e-06
-5.689713067204547e-07
-7.19600890687627e-07
-1.744390960131449e-05
-9.955109563072779e-06
-7.779551183448977e-07
-1.231992268479268e-05
-2.6217488314547644e-06
-2.163044451627423e-07
-6.658577318583113e-06
-1.2584757340370746e-05
-1.9817107803459377e-06
-1.5192864511508848e-05
-2.287812892774111e-05
-4.2660076608306875e-06
-1.698916687248359e-08
-7.245245946343805e-07
-2.7152184228975254e-06
-2.667093921952023e-07
-2.8643083362469994e-07
-4.7023690282578893e-07
-1.152446753124621e-07
-5.9689196218835306e-05
-3.942508411454694e-06
-5.108988069379164e-06
-3.893455371766808e-06
-1.3257819230868652e-06
-7.394392441531901e-06
-7.835870422753402e-07
-5.305688208337811e-05
-6.877642967729289e-07
-4.764340044115352e-07
-1.4678733606545946e-05
-4.058678799500342e-07
-3.6614341085644523e-07
-3.652851576593683e-07
-3.6440935271633696e-05
-7.860232608863371e-07
-2.374838574094066e-06
-1.3065041046381881e-05
-1.1769000889580174e-06
-0.0001040239751950753
-1.8485173122176232e-06
-7.4961950915285236e-06
-3.465799612227046e-06
-3.213183893551606e-05
-7.920204213573606e-07
-1.0789189952237898e-05
-4.59330032776208e-06
-8.438099521009011e-05
-1.30740955684691e-05
-4.5118987532136976e-08
-4.656085133712305e-06
-5.218381040557016e-07
-4.16052178074404e-06
-5.49648034315485e-07
-4.183651682196001e-07
-2.8782361599742936e-05
-5.938039888902449e-08
-1.7187092053472356e-08
-2.9476013000456017e-06
-5.205865890195054e-07
-5.064962993161595e-07
-7.902818702085697e-06
-1.4513068452158965e-07
-1.4355070505922285e-08
-9.867819372943001e-08
-6.819288955605525e-06
-1.2232902953615334e-06
-3.1154597314939072e-06
-2.59234608358861e-06
-1.7819251961448854e-06
-4.2283008033371085e-08
-3.2121076324948526e-06
-1.2742592142446314e-05
-4.933840724925977e-07
-6.1996793674098466e-06
-1.3737825240941282e-05
-5.582269645877627e-06
-9.33735757932008e-06
-5.110126578064884e-05
-2.9347078222368828e-06
-4.809889387891758e-07
-5.378861659197012e-06
-6.972400431524535e-07
-2.2168672835986498e-06
-3.385421501630728e-07
-1.4025211653073916e-06
-4.809741190096918e-06
-4.267365280680552e-07
-2.224930142115498e-05
-3.269260612107205e-07
-3.144357625911887e-08
-9.963299514758568e-08
-1.4281799972676217e-05
-1.9003284448193944e-06
-8.101320488537826e-06
-1.803019090480128e-06
-3.546754057268765e-06
-2.3284320904869344e-06
-0.00015571242869101722
-1.2273622489502593e-06
-7.25604408807195e-05
-8.190062097786873e-07
-1.7935391402955057e-08
-5.884654017182178e-07
-6.850699243212605e-07
-2.407597535987004e-05
-1.6854591774779353e-07
-2.3896729975926706e-06
-4.6368305865105245e-06
-7.3566346364984305e-06
-9.873372964511713e-08
-2.1805502853724488e-06
-1.5474120544467537e-06
-1.2286498216062651e-05
-2.2447696229494958e-06
-3.65666832029575e-07
-8.399682035727166e-07
-1.4490433146261868e-05
-1.5063781145113032e-05
-1.3280765377309748e-06
-6.356478021115636e-07
-1.0017996516232534e-05
-3.680840690073179e-07
-6.930623303875423e-09
-4.7681953864759726e-07
-1.7633543141469312e-06
-6.505184005856798e-06
-1.0138236922198142e-05
-1.9122379398027146e-05
-1.3328501705584878e-05
-2.997971746669413e-06
-7.998657966032919e-06
-2.927023007606166e-06
-2.9205883769021678e-05
-7.3001986409397985e-06
-1.303308882478847e-05
-5.368432765222254e-07
-5.201911449822372e-05
-1.1469031432107152e-06
-2.178857096508205e-05
-8.160431884386943e-06
-4.109181712223164e-08
-4.8248718612283445e-06
-6.481686973600318e-07
-4.111240511460806e-07
-6.064082233027029e-06
-3.410481820414525e-07
-1.0383003007398986e-06
-4.443353152314271e-06
-1.2787174181603957e-07
-2.6578977102298235e-07
-1.8339158428953863e-06
-4.857872965823123e-08
-3.1363541322274413e-07
-2.3120696918904485e-05
-1.6756507393845513e-06
-1.7578540916187588e-06
-9.950692557372886e-06
-1.4078773696997878e-06
-1.29333198321826e-06
-1.5128768550827225e-05
-4.5730759878200826e-05
-9.04327679456797e-07
-6.292591067161372e-06
-9.154287295317313e-06
-2.727623286632973e-07
-9.925184579034056e-06
-1.0685413876813951e-06
-1.0447443874670343e-05
-5.903576561227631e-06
-1.7534306104653583e-06
-2.4665520769402904e-07
-2.8295745102938815e-06
-1.9677211378022615e-06
-5.9842278647352565e-06
-3.5003645649684943e-06
-5.469525326548486e-07
-3.3006592797288987e-06
-1.348172580961982e-07
-3.943628389005062e-08
-2.4027231013598085e-07
-4.3276834611151585e-06
-1.177526957469123e-05
-1.1373090488253436e-10
-1.4676111005497745e-06
-4.684925931359098e-05
-2.0891099587150414e-06
-5.6654632397487275e-06
-6.996774170265336e-09
-1.441210132254704e-05
-4.805940870039717e-06
-3.968871278112933e-05
-4.726125802849959e-07
-1.3913747915329782e-06
-1.8094885231242629e-06
-9.267957255719075e-07
-1.2358198278627125e-05
-4.0911263001098813e-07
-8.707995635647683e-07
-5.236323984650901e-08
-1.6784507296642418e-07
-2.917594628698867e-07
-7.115018545930383e-06
-1.7665347690783246e-07
-2.079558801196372e-05
-6.776199091393531e-05
-1.0414633221666057e-06
-5.997558531125136e-07
-1.7043924359938104e-07
-8.587407583884951e-06
-1.834777764689024e-07
-3.006632165434548e-06
-4.30546366975149e-07
-7.093018390908587e-06
-1.650029763914779e-06
-5.104354956091491e-07
-1.791521289013213e-07
-9.721400051466618e-06
-6.985181224831104e-07
-4.129217225367641e-05
-1.2259744748061192e-05
-3.40482953728966e-07
-2.7825756864577992e-06
-5.418254408209806e-06
-1.1674676894659738e-06
-1.0597523044797993e-05
-1.825147419685485e-06
-1.3394218635558375e-06
-3.494653299745934e-05
-7.955082178338267e-07
-4.690148465761391e-06
-2.8907275845175782e-05
-3.794820485435612e-05
-4.011114947467509e-05
-3.220695792381778e-05
-5.431347794582567e-06
-5.596450998158177e-05
-8.313020201845293e-07
-2.7347654177151943e-05
-1.7880374235006924e-05
-1.184905924304109e-05
-5.351319444187626e-06
-3.9265951760226633e-07
-1.3573882763633722e-05
-1.322284308964607e-06
-5.559128263588326e-05
-7.09571145433735e-06
-4.1062762059589715e-05
-9.791107434948432e-07
-1.409503557629163e-07
-9.881973265450648e-07
-7.78666929268318e-08
-6.034325712302067e-07
-8.431740396863654e-05
-3.462380887055173e-06
-4.219244433786796e-06
-2.2565271840346426e-06
-9.078496947457003e-06
-3.4216354553617122e-06
-2.2540539273636738e-08
-1.611663672981031e-06
-6.320267713758462e-07
-6.00328332444446e-07
-2.276444366863071e-06
-2.553889064475777e-05
-1.60261459148425e-07
-7.649503983336265e-08
-1.0119287853866446e-06
-2.2049126037586738e-06
-3.0030752791159862e-06
-4.357488870629941e-06
-3.437984797869571e-06
-9.976820547193655e-07
-4.094721450193699e-07
-7.857436676309013e-07
-1.7615799080653192e-05
-2.0071049130945795e-08
-1.20105693733725e-07
-2.6771051173747046e-07
-1.7396387222294692e-06
-1.9834565481220748e-05
-1.3790053857649367e-05
-1.731593314242893e-06
-2.532283666037682e-07
-1.8998009783919476e-07
-1.2886582379799753e-06
-3.24890171456001e-06
-3.9342072765889225e-05
-2.20043456108578e-07
-5.873160435126409e-06
-7.76890078175618e-06
-9.640219533342176e-06
-6.153273355735215e-07
-1.5793576812914875e-07
-2.0325036378193656e-05
-4.090821014004513e-07
-3.8293296352267735e-06
-1.8953186481495956e-07
-1.6624171711475502e-05
-2.1176842595801434e-08
-9.752882243627485e-07
-2.3308188744166785e-05
-2.6544712050487755e-07
-7.56902169372122e-06
-5.050538965566085e-06
-1.3161279374368517e-05
-1.1336652653091534e-06
-5.359805641485354e-06
-7.695295231345508e-06
-3.1097734821149644e-06
-9.159263174415576e-06
-4.16036148222528e-08
-2.7079156109055363e-05
-7.076224370823757e-07
-9.576166951323775e-08
-2.929213373927498e-08
-5.233832496061258e-07
-6.078742553415049e-07
-4.1152390050300044e-05
-3.316274050444642e-08
-3.921776016367314e-07
-1.611796311664094e-06
-5.802224382132953e-07
-3.0394780949978224e-06
-2.78747937464735e-06
-9.44088932572384e-07
-2.223539633440209e-06
-1.9029010444496496e-06
-1.0019940455507155e-05
-3.9238176176954965e-06
-3.08452202335873e-06
-6.313839698374818e-07
-7.060576085683781e-08
-6.62560195935035e-06
-9.32308329463525e-07
-5.826604565435782e-06
-5.135745300525284e-08
-2.472910974627852e-06
-1.2133783282748435e-05
-1.2839769725812682e-05
-5.054383362747395e-07
-2.2336249671303932e-06
-1.4291348703817146e-06
-2.948305562381147e-06
-2.2708450689944984e-07
-1.8754468298310486e-06
-5.25310704667793e-06
-3.2187516755703498e-06
-1.3126972122124572e-06
-2.072709723263065e-07
-1.4913683910436362e-06
-1.129721612833133e-06
-6.032478593869829e-07
-6.1274013612344606e-06
-3.487833560102369e-05
-1.7569242249287478e-06
-0.00015124358977713077
-6.994990270151047e-08
-3.059817434037285e-06
-8.472783962216248e-07
-2.240501931720547e-06
-2.6401588414423136e-06
-4.704088336385789e-05
-8.818256502537216e-07
-2.6928615252032123e-06
-5.261726148858089e-07
-1.9262989752672367e-05
-1.2782295175208e-07
-9.351909158828036e-06
-1.9898845633557727e-05
-4.37228963349688e-06
-5.760663434817925e-05
