Model: ABOD
Dataset 18: thyroid.mat
Time taken: 0.5982873439788818 seg.
Accuracy: 0.0
@scores
-213823.82170461374
-34093.765401319586
-6792.18999779881
-1862879.398000159
-11323.961406900615
-107310.54678540507
-92003.92491311496
-231059.41611329248
-258665.03833980617
-29498.244590368267
-201817.87070270086
-32566.77636753916
-783587.7639262177
-395016.6356356485
-68701.77323321694
-323631.987789885
-7336.596470451262
-955655.410341184
-5114.7876373281215
-5090.48246981207
-255573.2159872931
-9561706.422180671
-0.0
-45651.38224360915
-9302735.55341191
-83738.46726122146
-70863.22192653762
-15845.919888149921
-68517.33696608964
nan
-74805201.00119744
-10461.42182532467
-222279.39065975673
-342633.70339704223
-461443.8890849039
-379339.7924469523
-59013.2710850614
-91355.83514048878
-0.6127397742611482
-20.082558551029557
-74805201.00119723
-9609.67048082496
-6.645216758384455
-13948.265383957676
-120120.46999864033
-927120.9750297364
-1947813.1686630999
-17394.777801802113
-661759.0822031188
-287511.8205624985
-85608.84479815583
-1925215.1043927944
-6644.307380902026
-58098.80740104829
-4021435.618673467
-823298.396735358
-79761.30418592345
-291515.8293645099
-1589.1406628768068
-78894.9840176098
-406177.31174803985
-5031.847667820151
-8974.12965142363
-516764.71414456225
-6523.829706359278
-1144161.7791437008
-241447.37493304926
-328045.25055063097
-28292.45045964093
-79567.51817972604
-1914654.8373096236
-531.1227941490891
-258660.69723594972
-110962.52039357854
-20129.184255404154
-373606.522181822
-321761.27705125936
-112169.78926679073
-729174.4801301545
-891350.4972346561
-314010.22565591254
-3117.316583924504
-59.436927542175724
-5341.482765341405
-143631.72134210053
-201725.95336041332
-14494685.315120265
-189956.01556066924
-1375567.8912464166
nan
-5233644.557249462
-601865.5092868281
-154.94327824076043
-95733.391749397
-443222.85079395445
-57458.18729867154
-490213.67815141426
-54654.601639053275
-610297.0790239035
-249450.72173370203
-66004.96995037065
-2889776.4456868316
-334.201310834075
-444459.9964247262
-2279044.8636119044
-8179.099741403472
-25380.615792622633
-9637.207997185998
-160808.3877322685
-1186794.515636738
-5258277.633671205
-1524716.2526848014
-6594.176797295744
-31580.640034399974
-82358.75550524179
-4022.486337916694
-2769.5869405516637
-285878.6925179059
-143210.50841545593
-65475.57887183923
-510159.47079024045
-55.92990046879767
-180364.60664227104
-381880.95945399045
-139448.21139518492
-143190.3190654766
-474503.9029082845
-26859.729721607
-139766.89901671448
-9022.598320615003
-636372.489668266
-1305391.2004593818
-65676.50018902759
-143144.84611301657
-66032.08905422203
-1113.8796647851893
-3574104.1905946
-401191.2256670628
-83720.68913462674
-990.3444678219897
-35376.071843875325
-24293.59698734385
-48986.23573358072
-2582533.1740863756
-2595979.8042258634
-59091.861225933375
-70925.04453696623
-3872.5290929892594
-611176.7892833056
-4519.4307678219975
-6847.329697637889
-107304.97031331874
-608232.3754433272
-22752.766239094108
-69640.19560550757
-162262.90126752298
-22469.516684065755
-6478779.54141582
-9855.532281414313
-155324.0572401766
-419898.72047550214
-8780.260990622057
-12820.803471184818
-44883120.60071754
-0.0
-305253.9087802708
-866421.5842785429
-131867.8281324063
-14786.696616870951
-3669.3810976256427
-977101.8969713191
-409273.10709301254
-306951.41344635014
-424555.5652375345
-2729351.807862881
-394656.2729172682
-1141011.9797351123
-76118.5392622573
-42060962.45568741
-74794.96583672219
-53720.3942138653
-148262.06453933197
-201110.3848479457
-1374499.677446621
-151754.34814905058
-344233.1901789463
-136553.04980553983
-87850.78133395905
-80305.89689167027
-311077.99443209433
-28518.68138267051
-366061.96779419825
-48714.25537041224
-2577354.311150889
-16705.240441040474
-864830.5393159911
-162198.21069628332
-239.74729535924945
-8963.53418393534
-98856.37964284382
-346941.87371093704
-810517.5858319898
-22477.03601793496
-19055.91274023508
-312121.1268012471
-139051.4769794703
-50126.66215518712
-584615.2767074022
-370.24055570108396
-52269.546582426156
-985827.9849013829
-7803.147682611052
-21509.17232395753
-1147078.861430361
-607062.3742878797
-55837.288956199816
-521861.19035841106
-249438.9662936728
-80876.52726813784
-80252.60294510405
-12543.813140014163
-191247.25378679272
-202122.27666909018
-34674536.35986885
-66493511.99487958
-2511985.0867684456
-305329.76501272374
-158941.1713874016
-360227.5322557479
-347297.83544805733
-410436.31630599557
-597518.2466152303
-76408.56080547564
-182521.4890668468
-151635.16441564466
-572853.6040299998
-96127.28854971023
-53576.44760892288
-11779.371468457353
-754339.2722099316
-172978.87170366183
-100099.54293368508
-1745781.6953581423
-343780.47448477254
-103019.02643694679
-6113.116993925972
-81348.53374263487
-60567.575810327115
-45960.14143601686
-143895.79763087802
-548742.4171700913
-1248184.622318
-36348.56238314135
-4374.09712817762
-26752.340365838532
-7.99429061194661
-93251.37386039742
-846031.2017947303
-7916.106452974253
-3191143.4904522076
-1330949.806206507
-32511.346281896498
-204475.61790225725
-736897.2404027914
-930637.4453700949
-129412.70611370631
nan
-66493511.99487958
-0.0
-16623378.000266438
-0.0
-16623378.000265753
-185336.79123685317
-276676.2881083677
-551539.1443168249
-26524.064271913016
-387042.1862035923
-638860.9666755695
-348105.17241483997
-462713.85962561454
-393119.259547315
-68656.85914172653
-726030.5365911203
-321932.82794994616
-214902.0509861305
-68361.48178647076
-665369.8594983439
-213816.2145128667
-455839.9064218631
-1304.390854554289
-418075.02949214756
-342180.37245803134
-362443.09474009817
-258975.21785416378
-4751102.089971353
-812555.9966207871
-8773631.009075755
-585780.0635159261
-383538.5832704494
-858565.4747132147
-0.0
-367196.74346756045
-312255.30343710806
-3212826.414287073
-6565.747303324048
-597394.0171423391
-27126.3828603888
-409079.35238238185
-332632.3993107625
-100908.50219932423
-10212.665164718319
-40577.583438672955
-19799.619306822646
-480400.3892452094
-46230.23708192191
-456113.71103377605
-3701.8102049917934
-291455.5969390801
-163030.8682131723
-2060490.481786066
-1142688.1475228986
-12685.160666669473
-71812992.96114859
-0.0
-0.0
-590173.4830019184
-290993.68597495154
-103983.06103317493
-326812.32603837206
-49094.80150220213
-10561112.912393786
-316053.05294675654
-13874.330004180136
-1722445.9141805887
-0.0
-20057144.51844599
nan
-25948.19187151104
-1528387.3626156482
-83030.24761732786
-234295.1044858725
-154237.65200884244
-26506.23301577901
-37737.86990221504
-341635.7362961314
-316.5110794406826
-309902.25198918034
-6737.327193148895
-3119.758583840805
-8995.481954793355
-465692.1961400898
-126901.836696917
-8469.448591213473
-244112.39279265245
-1904116.4383366636
-28377.917771899385
-360792.03776777495
-478278.3615482339
-32918.71089567546
-5857756.8443364
-571489.2254194096
-152630.4948972476
-516504.22629950976
-84397.64887926764
-45107.55397219882
-25806.5991941519
-461660.25550650246
-221268.9195089737
-3185.7676071242145
-17212.92688455573
-1423.1421080596158
-2854220.3337933086
-2598259.4766498376
-188960.914730548
-565632.3050458895
-1867129.6058287695
-30051.62539125965
-800823.5571494077
-31590.284884891193
-26750.220006149448
-192261822811.6166
-64164.020659301765
-2879968.6743766065
-387956.4672734946
-437762.8558744737
-4737569.140035835
-5792835.830386028
-913.3035203553254
-0.0
-114297.30387146177
-189142.32358539337
-19304.069473764917
-154750.14641146417
-309184.8734425433
-58118.82377101966
-23732.06162235692
-27754.97118379065
-9718.721351465632
-704279.0874412571
-16776.352032867006
-1805775.3139075246
-16490.46840810617
-0.0
-51452514.09442335
-16952.75973164329
-22667.850316428805
-99395.14923036621
-3580393.871353394
-4665.574601344727
-3259.124540505376
-118164.26356837168
-24328.958921388323
-563796.0388948207
-672149.8198369325
-84981.51063417151
-133251.94978722063
-1499943.957408046
-132800.990715598
-139438.38031512566
-0.0
-5969124.945973125
-494481.9199552253
-6086.667374294849
-55105.67341686556
-2474.642559981392
-225565.5043190137
-1021772.5369585492
-25711.97195529102
-30850.603880802275
-49334.966110320995
-66778.7706070351
-109901.05993423061
-36505.707581670235
-215499.98802319792
-0.0
-164357.38709057606
-413796.5643135041
-703634.8862639924
-27111.743816728092
nan
-192261822811.6166
-7892.803341311877
-24691.732531381982
-3195.5938312682997
-847704.2088873873
-1162.7608192565528
-0.0
-0.0
nan
-350813.9315247792
-508589.1875924676
-2175349.034606813
-338533.9366436174
-279059.23801535123
-171134.5240740589
-3462185.9046105286
-926.9576869296409
-5762.091722675923
-237396.58878321556
-499297.7612955511
-262341.99516092736
-156946.61674464284
-109261.28027470301
-89659.18975589072
-3744603.406668158
-25106.662943797335
-253924.42629882423
-51585.12017443523
-747368.3994142432
-716507.098582013
-103858.2276125404
-1039180.6497843884
-460987.86938903516
-10480.318552071412
-120298.93134591889
-7276.11017531817
-324490.0863331943
-499545.8798126009
-225402.26269460501
-279558.71585979505
nan
nan
nan
nan
-31202.711839558942
-1145107.7353938392
-433279.73174888844
-29683.01620643154
-192261822811.6166
-144242.59795295662
-150980.60515245696
-368614.19692899275
-105767.74493264689
-494340.8240757844
-79161.50400110034
-98673.87987886084
-106054.03069636722
-43643.96277203963
-634019.2675366452
-60214.9363706
-357633.7051104336
-36087.06811640049
-2506470.3013111884
-1320932.2230477135
-95090.24350663899
-26433.00491890189
-1510773.784161836
-173423.30184949588
-2553.024838480302
-2055408.0996459767
-318577.91087629134
-61048.45577664337
-50052.67953757399
-56990.1481090319
-55746.11822820862
-101.33415118963177
-72.89452844357443
-466.57200503214625
-89942.01170745288
-50399.79023440294
-105248.3404358876
-6867.41276999954
-1061278.673907857
-105919.07476798103
-385536.78039293765
-807058.4568886427
-682004.3530462434
-1173937.1829024213
-1911.8669544775044
-26172.68169739618
-275503.70393137314
-227873.7391515649
-996772.3192119619
-2242708.6533229994
-85735.17404137406
-40979.39536865834
-284070.2443693292
-508341.2082975046
-74642.69136211919
-699474.3423556655
-994877.4266804338
-350162.11217243475
-375606.378542072
-4544.1664496617395
-3495.1675401537423
-1206202.8326107548
-0.0
-74805201.0011982
-16623378.000266438
nan
-208795.79856501447
-4372.215669847296
-25030.47441082475
-0.0
-7973.542925414198
-10425.99506123428
-20513.95247246376
-505520.5180089009
-35433.77237982858
-328350.77076864464
-0.0
-875184.4838816477
-47006.266618901085
-97410.9076073947
-188417.1787872536
-2106655.83502799
-307527.9436363544
-68722.89754231223
-4977.2706768313465
-3114.3080046382893
-4279.750024807802
nan
nan
nan
-141087.32748342797
-0.0
nan
-0.0
-0.0
-496433.62146153115
-100489.46070335247
-52681.15906738178
-6896.174522383533
-1261.6765315945242
-99825.54578045913
-113165.46829128002
-12718.221962476799
-3840.502890043919
-1449782.0618323544
-50024.49792729993
-530142.0700349577
-246526.3543523671
-12367.637024086245
-540486.7910736871
-789722.6037974685
-652568.0638546848
-2097419674.052044
-107967.8780194346
-460573.05119657033
-625090.2496778313
-194.93568863882774
-13874.03210812892
-283367.53371844825
-30732.569624587904
-119900.30578621477
-31647.05963162125
-142952.57718022057
-322702.65699390194
-55450.307288150165
-9755.963075703072
-14477.872479784617
nan
nan
-433033.71851485147
-1430120.1814516273
-2.0679515313825692e-25
-78890.95713640194
-467577.38499984145
-1753936.0938503724
-68653.37958380264
-94.12348017713825
-37305.62603030353
-535057.5782802794
-0.0
-33800.68171067376
-136264.5201985882
-605594.5146743659
-554996.0788556959
-136660.59047934265
-29571.64546487271
-515357.7497301862
-2867.653120143689
-726110.8783518806
-70582.2483381981
-1174985.985012517
-17325.5455580887
-56896.81608988519
-211306.63474027597
-602130.4250771374
-3852.900316981936
-83948.72843108707
-31309.445194855838
-101806.51730525166
-152710.9781038187
-36048.817376249586
-222114.2637528997
-100579.0886831088
-15529.42358298198
-183743.93867800978
-1996541.2434658166
-167723.96727118525
-76746.51623952226
-258760.08578277234
-16583.00015717332
-1933379.429979661
-518813.97021584556
-841461.3633370912
-0.0
-66493512.00106421
-66493512.00106421
-71812992.96114805
-14746739.21867813
-23102.041819278493
-183161.7494991245
-276489.1568291076
-0.0
-469856.56192825234
-21938.95464143369
-39423.82010924151
-245315.32686474462
-227528.00466764957
-61949.29458285512
-355235.6949027819
-1155739.6131251263
-46.96024226227068
-56930.51016684032
-1758.656853217985
-646292.6443213922
-755296.9674016078
-376817.50508936006
-576129.8639002324
-277521.2439335142
-157125.1697940673
-372109.6445028569
-656456.0432304466
-151438.61534520125
-7026.532378609585
-782223.1229956863
-216743.53861407557
-1422958.2419901737
-4701.702460393634
-672672.0109372177
-539.237768230382
-104763.57945017164
-90655.09587427843
-94005.51228827023
-638860.383976348
-745763.6853206134
-427423.96636532416
-1141840.9497347479
-4202881.675605678
-95089.62878757095
-2335302.8834481733
-856406.4531302633
-1.5809700270800504
-64866.24643943789
-274017.0523607806
-9126.088314290393
-734027.0033069614
-1410099.6184293106
-1545915.617156859
-55268.49192975776
-96718.74291800146
-0.0
-200928.99840927776
-339449.4769096107
-0.0
nan
-435320.32515802654
-382098.6933728511
-2945926.0865614014
-59.31194036899326
-13735.871353455059
-1298372.23460085
-56658.293897782256
-3479164.1711324877
-214250.05299604923
-26623.88036493696
-34141.08196256003
-47721.485512500476
-46660.681871430286
-158116.17328993246
-64576.805927438916
-284782.70170326467
-814873.7585659801
-47097.2565931214
-694606.921149612
-2001500.6700287282
-44467.372633638406
-768281.7125153763
-1033849.6333462332
-72192.87090849804
-2.0162438932356506
-292700.1339724695
-157378.1582401996
-674.1545401942514
-155691.8313743128
-210421.33292507107
-61353.75060037533
-21669.23153903613
-42634.197281244116
-46150.67502398911
-297370.27207635547
-560565.6662637945
-23450.96432966456
-200901.0693773157
-3726769.7009244487
-497.8142860126828
-163709.1837677419
-7281.929585024792
-164085.7813400931
-1519116.674998334
-8707.281800252122
-733.5990070302158
-15996.40819270108
-289.00718507245995
-280581.9769791238
-254867.35693120566
-69688.19364165571
-887981.9011555979
-1522508.7522201864
-352720.9807632005
-83531.71287093518
-163018.52769704134
-18327.57242581055
-162442.56410976424
-303839.2071249791
-4389.0170666543545
-206278.89257040256
-0.0
-336460.2610053387
-45870.14535825867
-2215342.146814304
-58195.403683895864
-26686.873280200532
-78.8345931878892
-998583.2917246688
-106918.78215667333
-109931.89563824928
-16623378.000266438
-0.0
-0.0
-12525323.10641787
-118985.06696875398
-1270.2966271585406
-341408.3074388698
-631788.3521817733
-937667.0893795047
-264448.63919002464
-64530.5440992958
-1948.8421403186924
-88711.47261576678
-45068.43412964289
-410497.97037512163
-2310236.5077027106
-188367.07509334033
-260702.25974781526
-18014.65434318161
-101229.54826829578
-542137.5583176966
-33583.676979482596
-3869.3108892186697
-84614.31830940068
-814777.8055852916
-592326.1981172167
-53211.980241302925
nan
-0.0
-119.77333523153955
-77031.784372096
-21495.953237148395
-3986784.247563096
-5088.75789408759
-0.0
-222444.4246625849
-6299.660729375088
-328803.82191090076
-10971.025446440472
-38.86017781502506
-347131.36285159504
-306466.7429498643
-4281618.8009625655
-43962.56112234882
-559628.4395578322
-6700015.622916104
-331485.2930375041
-0.0
-66493512.00106421
-3240.4712276859073
-280853.5828420514
-90621.89279093468
-372841.86976494716
-767934.9789396359
-5999.683274257028
-671835.7594586803
-85013.73418658308
-61440.36303687637
-3466567.0466270307
-11824.642542564197
-760634.6922959224
-122506.30528851696
-618908.319995123
-158317.17742232425
-86757.99472625842
-206315.85017387004
-9321.8201490048
-5741.780660353238
-231061.9880700006
-5205.647950082879
-80567.71835057915
-3826.953817393661
-1526989.819674878
-2473.2444770495576
-164329.33341783183
-516412.6280846914
-146811.50327272134
-868109.9655453023
-38806.7136530671
-133114.26958312612
-147123.82515640635
-245826.08145654754
-1012476.0705066603
-26795.40699976132
-25647.723799332118
-236912.7569504391
-17422.133873488074
-286908.5372436057
-21606.853271728374
-848014.8671396399
-21535.8721655255
-63075.86354643993
-38667.89463840418
-258926.7827691249
-245262.5211545666
-35990.162709239885
-1250756.7789606634
-150636.21356977546
-254.44923377555946
-222134.0890226542
-3113680.6181544084
-2086692.3283986344
-72526.68572428073
-31428.97692684438
-45506.75628167688
-1457786.3187559368
-320455.97741073475
-911543.0667532565
-152858.1387554056
-19328759.488670655
-723964.3794215793
-528030.0908365413
-986211.9986473972
-1525094.2566847089
-61814.42885851051
-1132619.791783015
-66195.4991126041
-579582.7435401672
-107840.22068642464
-60593.18034811268
-164781.26819998326
-186806.45073408037
-49982.22838938845
-82873.59659892236
-0.0
-282.92224317545185
-9144.850949378404
-208283.22608027508
-417829.8036549235
-630226.8545889882
-9073.088562007988
-13978.106255004706
-27743.662913790344
-971041.2239079935
-871728.2624954121
-1341535.111487101
-119930.00225365027
-47135.712492407336
-61599.71427045999
-172927.9805709351
-41560.858428193824
-54589.98510985788
-11719.350214143027
-520393.15403498674
-693223.1041600951
-42196.31472732398
-11805.945655888763
-814482.794424196
-110321.35291837447
-42563.32985074969
-64500481.22068179
-890.0466420233939
-1754660.6516694047
-160222.3740633563
-154804.3615206415
nan
-36163.83053001897
-5398.025148465886
-3036116.8954894
-0.0
-113674.81736771925
-700291.7754095371
-324892.30587502685
-350838.9440718851
-1366.3047621430592
-107006.4607614647
-52729.82356825903
-485.95110321900336
-91992.68224411382
-241237.98288744135
-56627.98195961277
-30760.832462809085
-24921.31483680227
-262.41257269085315
-7985.898259638378
-7650.874752531015
-207284.21184701796
-593987.7193099108
-1705261.783477278
-4651.596762211097
-132923.08302941197
-1892.3960159967505
-704732.5458057974
-963294.5127683261
-4387574.962819075
-549.4073785347783
-439414.42025084095
-84171.637661582
-505066.89640847716
-313697.55284041737
-1057201.6351515779
-2775.490165952181
-107957.76478753876
-186941.40843676875
-939841.4144613324
nan
-75836.09697673282
-28896.16495927299
-1050.0321155354245
-4138858.55462758
-1333.43295345436
-902649.2560988186
-217506.01836689468
-20248.971859335135
-65977.0264592756
-768626.245751362
-92533.97807019271
-2789.663968816515
-78885.27254141298
-648506.8286660676
-21951.14297530111
-34525.37086163364
-32394.6224925226
-238766.75433455833
-40610.24596618606
-59040.461932098624
-0.0
-323959.51212629897
-348.6057845116872
-988.0692591803269
-29077.979445298428
-136350.6593793722
-102786.35217386046
-226924.89238827536
-403398.06611922086
-62151.93794917127
-453175.254444938
-184877.74127532923
-160061.88370225838
-351.5677832603443
-68357.59955095917
-22364.24157318887
-19744.922011407245
-979.4499569081438
-60775.31588376579
-2122428.466828311
-547316.1753972137
-145.90031754563245
-51172.37293390742
-355212.3490983927
-458865.5853208321
-10498.503691181479
-173754.22723525518
-20649.40552245138
-130952.82600350058
-1133843.6299601824
-969794.3691804599
-257754.3650016382
-463420.0379206177
-88034.11724529462
-427461.034615602
-28385.17265975901
-430155.0763259734
-6610.067305667437
-3522998.5687171174
-845855.0607982075
-9475.28424583362
-49887.021787844315
-317.5539747262029
-101498.64475072037
-165716.6761870336
-1067581.9071834167
-326757.7269195068
-30605.449896889088
-992168.6158575198
-72985.1105049436
-456829.9688700801
-103372.22060980459
-4866.670743411633
-1244997.8097825875
-1068238.390990328
-16623378.000266438
-219974.8791751849
-242977.4325770224
-30982367.424142234
-426918.3669244515
-455846.1009115939
-68826.04569622237
-397333.9064104516
-649055.218244023
-62361.44179206622
-96775.05677122084
-2116729.859092737
-998830.4650274646
-98520.34492177171
-1063522.1308339764
-2723351.933375909
-159519.51971468667
-1820.814382702086
-319882.8501939301
-6716350.113963564
-695954.9671178011
-3005.4834724791413
-123811.8974878431
-293498.4479988191
-193048.9173268933
-353624.3041736984
-7867.462803274034
-0.0
-54762.749817565586
-54298.264961441004
-33975.256098466714
-31190.46022566863
-247531.13913006257
-53103.448022931676
-66493512.001063876
-4796.353473103315
-831745.2953667159
-593163.0886116627
-1033.4904696236347
-316623.5938507455
-471742.4429673357
-30667.55912101099
-423701.59086755634
-7339.8598678292055
-18971.047916647196
-42745.136760155256
-22022.460883584015
-23835.88846816755
-33003.54728592893
-142408.46182715037
-1331247.8292580517
-1055988.3255479124
-16.537789748648738
-39346.40787655818
-5814.091580646827
-293786.36810554826
-48223.917445423845
-263093.9945200907
-19477.445074669893
-74805201.0011982
-74805201.00119667
nan
-17101.49177684342
-1864.3193186829144
-350106.1062888979
-789610.1379432569
-291626.1280859305
-1477.359500016599
-38962.484929791826
-1915676.2996244666
-16238.098042107817
nan
-0.0
-148382.66135498957
-2598822.104194642
-93688.54511098299
-10921.609993416272
-235642.59266959777
-471836.2630644628
-668551.7137237169
nan
-28574.9362686528
-966.6763433428254
-229717.5183923056
-68230.66502077255
-13273.353845303893
-438010.2402609476
-143782.75941766842
-30157.783097193278
-287437.18672246905
-5276214.314296229
-217802.28630133843
-655957.6299871122
-545793.9353183149
-307354.1703347146
-5026.082136170378
-732943.4340714944
-570427.2528642986
-58176.48621417351
-162971.99742884352
-270449.00609882467
-1200630.4606269929
-802908.9605236877
-439518.31008815515
-195564.90635321464
-23942.36189412821
-619913.4507743639
-69164.97020244008
-27662.35697308439
-155942.16143275096
-838386.6140421906
-6848.74638354259
-71812992.96115026
-3514.289714364512
-415725.4172914235
-76910.07697654501
-170874.49183543635
-179105.18149126015
-390586.67107032106
-320455.9725361174
-133962.27497014878
-4690.547305601964
-3916.3953741624837
-321985.7441845239
-1042991.5227652683
-623218.6605489245
-658726.774478125
-384113.2064620914
-134560.3004698812
-65954.37295272546
-128755.45474187893
-0.0
-34674536.35986885
nan
nan
-51389.6794407399
-1787990.349887067
-1246809.0052924657
-11355.016080568077
-104489.4910215824
-3115461.045793454
-120959.52062606071
-9096.52175684916
-19185.032514262733
-542347.3328349396
-2052400.1837287557
-296459.77361714956
-276231.60982761206
-34890.55387468783
-3559.5933407592543
-183599.5108355479
-23411.263202919457
-1085.5591385944667
-93239.11849943273
-797875.684370877
-561463.5220381806
-62466.931900100855
-12757.642267776677
-222504.0591962731
-110462.36964401847
-73348.48932729433
-445191.2973295616
-0.0
-0.0
-7005.652000702345
-381112.36786478525
-74206.2585128356
-803.8958076571458
-590606.0061213464
-243197.7530910583
-136088.27961386502
-1137671.588522389
-182674.66310863994
-67266.88726566161
-43.45172850923033
-10431.118248041674
-44044.914217268364
-301564.04097628815
-49152.5733365305
-126262.76493209961
-624021.8059316118
-652846.73834935
-766860.7325631977
-114666.57745479114
-113307.55623864215
-561.0531028139275
-648823.7141292756
-95021.2165536125
-131795.41554677775
-160704.73497382988
-13742273.907807022
-367442.13076307916
-153502.59825230134
-102243.32207183726
-162211.4792026225
-1002481.9672250837
-56103.63936860014
-11508.098378299945
-55.17110871709532
-25661.714492107905
-472856.7419457238
-548411.0366832089
-1195320.4431836284
-211171.00421687076
-111919.94920571815
-179969.77051951134
-19355.251844563863
-251700.52208269225
-1797.8164395797128
-18392.465995021113
-678.4452378864023
-3838289.851198159
-1115.5550840897663
-127496.11938902813
-6093413.933111985
-320.87580680134704
-83823.72337266218
-40844.60688091406
-764682.5264679985
-432875.4269440187
-160894.3382858838
-562.7641138064926
-227533.85414459213
-76725.6663595426
-207691.44946771313
-33191.119139954026
-26.662389688942245
-27359.380486643546
-2317162.5280922703
-53527.30378507207
-577982.7195520672
-210048.23530066462
-1208100.952097226
-76190.63843055397
-401358.92384092027
-7649.254682313581
-591905.1066428778
-488472.30880147795
-158097.37915867323
-4033.3558403967836
-1512700.1697585178
-577296.8197946497
-336470.1021844937
-152465.56597542576
-350999.54886339343
-339745.95884321793
-101211.63292922018
-1627881.2938394365
-125844.5726006242
-17854.1005077528
-720700.4725355827
-6400.033490697837
-11127.85675148731
-16184.718882778758
-2973901.1410104297
-572029.3002413422
-14534.423308284157
-150442.36521989066
-94890.02798633605
-399927.53817693907
-89171.12269065058
-119106.54231112513
-5223367.146148328
-479297.05360994197
-223867.49613634456
-158439.1807042024
-109663.10639416109
-1073047.7223211746
-461752.0422499686
-181880.27234856665
-0.0
-64.28712700400524
-4721.214143929195
-739292.0253893922
-110159.7650934731
-20595.85256103098
-190.37760807946339
-111227.63908097692
-279902.0712246535
-487453.9984212121
-42775.787254250215
-23052.37726966054
-64199.987992024435
-65130.81109508035
-73.35599262911055
-100460.43469179903
-305655.7478055813
-6301.610715690807
-259174.30084852883
-203.32968729250462
-423343.0961718477
-13571.2195675481
-383471.05917560833
-119290.73922662428
-408923.67715382867
-307144.51264084724
-194264.10070782757
-16044.435096952375
-120742.88038891039
-206293.84834545996
-133484.5361717148
-388262.3546990706
-427062.8879106001
-461824.26764740254
-510680.8881073158
-28957.22668474177
-0.0
-44363.84504089199
-623581.4974349601
-3523189.3326247274
-200976.46919970884
-413.48678062393947
-101944.77121765162
-724638.6761213997
-107202.22553601189
-18515.120946745843
-115.29575523564634
-39432.57009610947
-25255.591044091114
-406137.5850465594
-74112.29045157725
-97035.6664086502
-346087.5836377749
-375685.8384563684
-101438.2363981858
-160381.44384919302
-1494712.4106449378
-153068.161842585
-725.792440065731
-828328.6418054319
-738465.4385009542
-11482.081958829835
-23028.365636506802
-695408.4069503204
-27948.76769079826
-276921.01532044454
-151424.90034844974
-507405.5853679233
-128530.92540737506
-237237.9766981639
-202765.29934275342
-86751.95963361963
-594765.2768684614
-139216.1616900187
-189337.88428202068
-530258.8726224976
-150.19150952862614
-49603.269219316535
-13366.351876788223
-104211.41396826292
-274638.2310669933
-82351.81011628972
-180276.99258412304
-71294.33925687977
-202856.3698388851
-7349.441390326347
-57209.93644290305
-168799.45684589882
-423348.3354992848
-42940.881152314985
-241254.2162265718
-184281.1832700492
-90953.06382212535
-85496.54494882845
-465192.5054419483
-728314.5698501016
-103340.5371218405
-497861.66654641414
-886260.4594831774
-2194787.31566052
-3218.5546843073453
-1929.2728482717484
-161430.2352612798
-2243953.9451062516
-36627.85391815507
-357960.14528887917
-278450.73724738613
-400421.39382385527
-16526.50390895236
-19464.024789543328
-565528.8896428731
-103735.8151336217
-84417.88043402857
-1044369.1749517557
-14513.584732175359
-146906.2346240559
-2121870.0619018227
-173717.61424436813
nan
-1259583.0132889124
-58514.1808964891
-1005048.5546434552
-168560.136527075
-78102.11699845882
-256601.70638048547
-2526.9929623166167
-69267.85954098022
-814377.4561911037
-231122.3968041187
-772282.9160649285
-78664.03087535288
-65800.9257740497
-139894.45043963072
-10885.891157445243
-499978.7717871714
-5799.256107508639
-13772947.4419122
-53653.48406842023
-18294.128401077985
-77657.23703507378
-78681.64299186405
-1311923.5349727476
-28287.038927441354
-1309735.149118187
-1562752.3869154644
-799874.4425798056
-305757.03039204923
-218714.6530291873
-619545.6808186653
-230902.16599462967
-153875.98565038273
-357114.39681765257
-578354.9748290803
-553148.2071498667
-21235.23686459879
-216595.18620491907
-1023345.7815326073
-1537.6218869639272
-223913.192974236
-459242.8798204729
-3035937.602607885
-601465.8345900661
-253054.15681113908
-64500481.22068179
-221739.36945037203
-753502.8873507197
-10172.194988961071
-119695.42802580199
-247582.80940410966
-16461.481032891756
-5575.3629064108045
-7482728754.418796
-268645.0033663841
-70875.72206132046
-1543469.6076188842
-188555.78992994034
-602415.3773822972
-17572.624933560906
-62521.775752711095
-496784.4720714254
-12291.165856546739
-649.6893729501405
-172388.53002383787
-40340.003990851736
-5770.060032924097
-2055138.4672248084
-9128.972932325982
-21631.649689459846
-88227.40862542044
-5047.354929435731
-178353.6787589862
-108825.54655524148
-394094.6323960522
-82533.15909637383
-34.56697972825086
-38639.486861187834
-560959.4076994556
-697172.7053045488
-12179.624291659382
-856223.4269921761
-564861.5620503966
-59250.35796591216
-1949902.4168062545
-449128.36529584415
-297518.70765690703
-1127692.9712875928
-404377.0934137252
-74252.44708530867
-112062.37070072125
-1169328.4461974178
-440778.93204265425
-315600.28694186674
-242270.4998518938
-39616.14158556793
-26469.933402344213
-292275.94807903434
-36735.854045272645
-129.42632357542453
-66051.62317521343
-116372.9715763627
-103706.13567052847
-91537.49700110148
-199839.0448701472
-204040.7351917638
-647073.9279315864
-31400.261388821185
-67336.3289486924
-214.99501065414523
-147400.5195790421
-2127388.117644457
-96877.77662920508
-24761.907763029474
-1393768.277682315
-3917.2772598993806
-430337.4466520973
-46441782.43274067
-232018.95388814085
-431158.782474002
-237305.92304118528
-37675.23034357221
-68393.36540326815
-1161.948979986475
-160987.52157068058
-344687.0366715529
-57007.895276036834
-2217435.4391228803
-47617.86706047155
-9777.341645416453
nan
-85561.9632405415
-4287868.071601152
-588324.7442514366
-52847.49215403205
-712552.221687766
-219796.5159422868
-118533.4560463122
-59639.883654644094
-343664.8314373823
-48776.84346788096
-717024.6807968309
-1511877.9245682105
-190116.1278047705
-875.8604359189643
-408179.81789275614
-881965.6698194928
-247934.16840387494
-461493.9532358812
-300695.83237966977
-1137725.2085380994
-78034.04553777105
-59533.795193835685
-9319.645185077983
-1380838.7948875066
-533510.3647769567
-196646.18434435214
-130859.6799634282
-308920.44001442625
-53218.30053274563
-152778.7114446939
-1608090.3875688475
-4210668.032349197
-317354.44460294105
-46483.71143468014
-1797.6937505181304
-318298.42522922903
-0.0
-103730.81606977881
-424301.126949587
-80533.33723882891
-63061.53619695944
-38.74813104385731
-415766.8257504752
-50438.56830461867
-240386.2784910809
-548738.3958225783
-1053195.5463983547
-123204.71325925682
-195844.94057122822
-75428.37098106
-33377.03947008532
-1254057.9278279722
-1604064.2710731232
-6411.124727873854
-2625.051082331168
-192676.67264271324
-390336.7656446718
nan
-414846.4541299145
-30360.960693716974
-137905.91482026156
-171309.26725976245
-86905.86151377979
-9652.080413378137
-16074.49028184636
-862.5425342375618
-565449.5697785352
-187387.36934561812
-2147.330422511767
-299496.651354806
-322434.0214236727
-1374.772867609085
-387256.2322947908
-889611.1397040011
-16317.646650812854
-14560.889508821227
-66930.94600389323
-307893.9484462305
-154279.4283066623
-320294.20125233964
-631.3786358706785
-132562.1488044784
-147927.30851594164
-12979.104675277646
-592829.093719769
-2.0679515313825692e-25
-92514.47835493398
-648224.2353602136
-144327.26432274753
-189066.5139078543
-5715113.6964430185
-1128895.2675623584
-2901147.7853988707
-681144.6135808697
-34657.353801251375
-10947.800680542588
-233124.19956916742
-1499.9848067647836
-28006.878594354097
-306534.0408258566
-69857.71139257468
-2965.4556108929864
-102916.5930053201
-89202.11351393678
-309603.37957470206
-341350.8399011678
-75216.98645255253
-69753.18015925419
-16130.208198465818
-172773.0399820099
-167172.9673709593
-870421.4670261184
-504746.21432424226
-804293.4464995643
-88687.50657123057
-39911.59648787944
-2705187.4810990593
-92550.6519972793
-253180.23812697112
-141728.42274704712
-260633.03471194502
-11395.158233441573
-129521.76126388337
-5876313.612377612
-547265.3035111373
-6706199.26294331
-3442.2716774001483
-323.7591392944693
-17742.920838560163
-10041.828171593235
-790841.4769518722
-2726063.1100205174
-73377.67892294792
-0.0
-557700.3530476255
-489417.12472616707
-161793.23587892402
-173439.54251244504
-986881.2888576312
-37994.373414519054
-23109.93644909429
-391128.614608267
-291327.0424508661
-71833.30021781556
-3499543.9575334466
-86871.79085790765
-6950.740669199782
-53277.045554081385
-118262.80756721483
-600178.7797795978
-766766.7601263353
-1341.4403469198874
-6367715.301396886
-5709.709860601089
-2482.6112263966193
nan
nan
-325697.31690966483
-468915.598569113
-154087.813089883
-13662.649323619273
-210578.51831179354
-626843.9502890179
-25770.21580767853
-1138769.5628828607
-7595.814758214316
-20908.20274431182
-20.723966367084845
-4134.22805767756
-14599.15075993826
-1417420.2156100457
-181584.3458018831
-572773.8205212613
-46547.4504127999
-2112330.12097012
-223580.93916211947
-373774.8642659625
-76654.434648647
-66493512.0010637
-17551.545568979862
-259851.82662635186
-711977.2598294326
-61520.44864691363
-5080.826163512804
-195776.81176248268
-502120.42202582554
-2259136.8514064252
-606840.039067437
-54217.01791621636
-4582.1934887782845
-10737.901282046256
-141562.35253336534
-9356.061326504347
-22586.33520172562
-758807.3871289578
-147593.04979797988
-237589.097993033
-644725.5451980897
-9818.076346985396
-165206.2196666381
-121146.31225686886
-33952.54079203248
-785914.60175763
-85307.23552655044
-2017.0824509746733
-298044.0127971547
-300889.49851330736
-3146946.8214976573
-31728.074380124268
-4403094.124394663
-36367.78859712984
-8746.899598677943
-48499.80303130746
-8851.347435579355
-49013.590774155775
-566116.0440813684
-1386117.7175954743
-248561.7390103968
-66443.7409747087
-162412.60087171782
-11484484.732549924
-797758.4112513561
-21199.830531230582
-8327.553107304868
-74838.26513101347
-274263.3027793002
-108603.72832849347
-41889.80524216502
-74578.32832497141
-160.54580615026492
-66493512.00106301
-1475632.645488136
-440007.6707462459
-956129.1732153132
-176209.40278540476
-170628.6402238582
-128773.0188595034
-2145860.8868841333
-105162.84524121236
-79927.05184043288
-69304.91746913156
-782129.3049745492
-4069.9086345647033
-1688502.9432096314
nan
-12371.176367298627
-3440190.9528303994
-395164.06890675484
-987745.3076253813
-3533611.9480607384
-236684.27627235797
-1280492.1462716653
-2079065.0192947767
-247398.35202246596
-12323.064174235704
-5488.3763976460705
-23501.326040235792
-4215.769236265186
-2365049.800723081
-8662.512954288892
-270106.5845544859
-101836.92588566677
-818402.4938776763
-277313.664517372
-173070.710083604
-2145140.4971356387
-2040238.7751643504
-1588643.017109212
-131351.0890549019
-2652693.434336959
-232310.56407589032
-469.2967399967935
-6195203.314145724
-505160.84594614187
-2105.2384241590685
-2477365.7041167296
-224187.39817350716
-1544963.3838247184
-50893.35383288152
-886475.6624864116
-1488539.7266037457
-186221.5310441581
-36628.52983968005
-1410571.7018917182
-24363.99986497897
-57616.01195330735
-1043907.7255669741
-250478.5004816723
-3514.195510455554
-12253.905187032931
-35342.24300807004
-8429.862180326616
-48474.545596958276
-13711.20940287568
-287183.85115541366
-3410.709089843357
-307471.8905320534
-371459.7917275027
-954278.6352176353
-2401389.039411693
-133514.58633293794
-82300.72565858053
-0.16435108207838406
-233.64874402812225
-112570.9294938886
-41439.70336613587
-82479.14737560689
-134065.44504464528
-37291.52192414886
-285930.2052024765
-212684.71050438992
-290190.5864830147
-23433.936469158936
-292976.3964124273
-935908.4973539559
-288324.9841862162
-190197.84142427746
-28460060.133909136
-157387.40407671672
-227544.68783026008
-81719.97626109069
-17973.852049563327
-222212.02543539958
-2994.611119796256
-303708.256172908
-4031.4881563611334
-37142.701447445594
-176654.10790425193
-4367.552910304237
-237785.311770591
-324538.33962168545
-2073615.1171179875
-19150.669046611027
-8361.636558213691
-13.069607415329989
-1001697.0479720898
-726911.2093264143
-548.937412654737
-458673.26144068746
-122374.47903783605
-401506.73338900943
-942359.1445001228
-2697.2572815635613
-475694.4782003571
-296264.2797219387
-337638.3877696558
-111252.64020059239
-44153.77749885358
-154766.53234123415
-435801.65061927773
-65965.83848936824
-27107.864447548065
-139029.44435187714
-103371660767.62085
-80497.22627700065
-95309.0038702898
-512.8054275430798
-237637.2415570591
-108424.72663867622
-4775.040614259322
-120204.36672246623
-64105.93759480307
-308302.62615317956
-36882.42582722206
-120938.78882544502
-215524.821990372
-77418.44921192506
-87240.08265820434
-134491.33646376635
-323239.6238240404
-99361.61409561092
-183972.52791696714
-338248.0260453361
-462705.4464146005
-164768.48368206166
-4791.289792179693
-31172.663855455816
-28198848.03923123
-1679121.2522928833
-442162.96704967954
-1274986.9392714114
-4751.960305505943
-367558.47114784707
-35705.32760509142
-57385.70116859749
-45507.71295725609
-162230.35475640645
-1294794.2685429542
-14034.75490478923
-5265741.378652962
-269678.16558119986
-989425.807117785
-131470.12110754385
-67991.43287596885
-495878.0580615448
-111811.90599309505
-11640557.952829137
-546782.1792304992
-1309360.6433853728
-1967823.62454148
-18751.81419990255
-57935.57226927173
-358107.1691576814
-296918.1549177862
nan
-3158.8221286878893
-969560.5629590809
-74398.19283523153
-231887.15756150024
-16915.549089438275
-27250.34631994703
-323135.7945763844
-318755.09585164214
-136839.74226459378
-753419.079269903
-753721.72711507
-696.0842090507771
-1106684.797700518
-146877.31806628002
-1497870.2286543269
-94114.00135389059
-671256.665980545
-6470.735077191059
-13165.553827527241
-8157.04101020275
-178585.38079116246
-454160.85957105196
-2232664.382243516
-29236.825618231913
-935969.5526950564
-894808.2269080933
-95484.5908718741
-31898.664586028015
-15361.047536585771
-21416.073372964165
-186628.3969331859
-15096.693758178255
-662820.5892455827
-20365.743382606386
-118983.77832821463
-789077.9817313139
-211388.92738811724
-173841.59026179742
-118918.36531775279
-10554.627918041315
-40299.515116677605
-64620.06275368009
-365480.4765313392
-77753.4489050913
-20345.924166841192
-382504.6553658136
-90965.43164858544
-139773.73446278714
-161.08637236738372
-3485994.15589945
-3267047.836899824
-0.0
-125562.53825324666
-206958.60570199424
-437246.5977498983
-2628.006613499677
-89798.01642167894
-53974.908245916
-5465.576096248166
-1056346.3581767443
-714907.1373787436
-8408.348078371719
-1656053.914611795
-186929.56502193323
-65881.69195406469
-3735336.9170026183
-120070.58533103035
-11359.36676351156
-148204.58141560803
-24201.4888265758
-0.0
-329781.16161641484
-450323.00674382306
-49378.48397562068
-151854.2906565004
-1420267.8064713387
-3767.24424984359
-98253.23442215589
-235797.128934864
-2230.4978226239364
-1187288.3361651334
-44590.816880300656
-811798.3020025898
-31.897579739373686
-53641.10971593537
-202.52644664622952
-12525323.10641787
-1927972.8153344318
-150081.4360764008
-59437.58348289384
-186172.52977244882
-7675.322153780468
-28711.808333949757
-256496.25612841832
-12804971.746089544
-665192.7184470443
-411327.7089186081
-443004.5478661888
-371846.1991145092
-2908.064781006212
-32011.166827538913
-983256.9377319317
-79404.24998356585
-416753.59282691823
-168701.58327930426
-180482.9135207546
-54475.57859499479
-466877.36920620257
-1726741.8587222237
-6917.533845558511
-82516.69860616644
-95929.71760378768
-78210.76799375699
-9911.727389839147
-28655.09730487871
-7.195218765175072
-76007.59448526641
-8184.077265898758
-463127.751491033
-75777.10634611241
-49674.568168615675
-327387.91225213074
-173649.3482401752
-55323.20811305199
-267441.27142597
-415910.0589958295
-119515.0505005511
-288438.70714176324
-151626.70401213987
-479085.5744136978
-33040.9520975141
-228489.88182537985
-318431.93942912493
-71929.3517998029
-41183.139265247235
-42554.98222347165
-101351.28764248951
-30600.135752593662
-620681.5547407095
-190239.65167294093
-1719083.7192571436
-42196.4201658181
-123993.56279479092
-146644.12500793004
-334338.6430505348
-790990.2389898126
-165415.42609248054
-8275.766474592061
-3422.0221286780957
-124369.32443527719
-1827549.3757972966
-314482.8336055262
-18.744640309561213
-506.8910601534858
-58536.31139607397
-816.9375783605116
-951.7641288019616
-113172.61965112665
-772415.4141200117
-6223.826439224723
-1134889.359911564
-12077.711476164603
-19703.36030456784
-7552009.332699286
-3688.6488879655226
-7090129.277794021
-15555.515026488903
-348555.71648694074
-132493.87027124787
-4434.7106557183415
-428766.9125644335
-2504044.7608273216
-403984.8849405244
-62488.97016709561
-2986.0002733786287
-236458.57421754915
-333.56187726595897
-30854.62994527049
-9492.190532094168
-216994.64759461908
-289550.80563658045
-137316.96449588877
-455359.89874782634
-56538.06579105758
-70756.39960798742
-6965.103725664737
-8092.21190441882
-7.93101852773695
-564797.0371168553
-136985.86775368315
-118427.4398200545
-422192.34157711966
-76086.0189069303
-664127.5737458682
-551228.6964613926
-103626.58075565333
-550876.4980885561
-128450491.31758277
-72096.29060178272
-1378950.8367180987
-117135.29559232469
-139.64619579465835
-1219449.0491031285
-330753.5142939187
-710.3836026180098
-158064.06401543107
-54045.61844591193
-94295.5680058198
-57562.11040614103
-12525323.10641787
-43058.915645349436
-144190.51034935054
-446722.5107916236
-5500.749507693935
-10619.31730582532
-853733.0683933677
-2600.725040417362
-6888.026599321907
-293376.3761313487
-219573.6909995194
-39620.24638656089
-290993.4246814664
-2124.686454772595
-18275.465580243163
-218573.02093460667
-103.40956788720896
-3801.7766506900493
-769185.4829897907
-392294.7669394008
-1420.5434716587167
-447186.4429250094
-366790.7259749993
-212140.67046486097
-221825.11676829174
-495355.1404006933
-18903.237948100472
-140106.43771513816
-28856.602976582966
-20504.69525297105
-478833.98321486136
-14243.726957982633
-4650879.792768519
-10747.60455253052
-607817.0432467866
-436517.5039720461
-643180.4100824512
-76795.72299200068
-398259.1863584702
-100707.32583975932
-1122406.1193038556
-830887.0977346268
-1264.6367847172419
-22931.962666769097
-4236.61041294249
-160178.68219853315
-175262.8305871959
-263377.93225129327
-107346.08536474356
-385200.1494523925
-42290.76010779345
-611567.0322133575
-474630.63432787044
-72036.13120814218
-139188.01115614682
-19207.02206392516
-279949.1979469602
-56105.00161783052
-276.08657273706183
-26952.307445881634
-96631.12396049353
-77768.27807324029
-209891.7430602088
-320824.32125274
-50951.55793187449
-176087.66236938088
-1391732.792278935
-16809.573235095733
-80692.52246243099
-11002145.862952042
-61236.20616730215
-289722.4040903377
-278341.8902002008
-321.4478729916197
-2733.015819055191
-5857.1540260915335
-2459.6749442342166
-44726.48330751041
-357.37814912015983
-1026443.0038458693
-1689197.9810116335
-352548.9727550331
-55129.2358275976
-327527.40220740135
-1386.8442532849851
-72760.02327216107
-470.35924605986
-225583.3629068979
-1275250.1280441794
-1311426.465097674
-128481.22763479695
-166362.73653176008
-231152.83994250552
-453365.7880854495
-507406.71278004255
-9986713.54718466
-323328.6450660815
-138751.7608975175
-500395.7550310325
-2.9361667199772508
-254650.4303279176
-42620.15409722093
-8717.02276366987
-1014208.8039121261
-4975201.505104341
-4582.5776050352315
-9042.803376315158
-0.5619050119951544
-1008834.8527477458
-75990.72166717143
-135952.69315285236
-668363.8829310301
-1742944.2936139647
-328700.8097107283
-75712.61535793568
-974577.9082416529
-848786.2536667198
-0.0
-54416.72769901013
-43094.375631476796
-1090199.13874747
-78761.07984508705
-404358.83115159906
-3.469446951953614e-18
-1968998.6498588466
-1046421.702350405
-7182.233919643028
-24872.5396681789
-31337.849206703897
-295118.622514165
-2774.3193574529787
-358581.082465379
-19352.506809897728
-23713.043753940387
-118656.39878796146
-7543.1710556249745
-11999.535598507076
-597247.1315204619
-126.97924296161825
-2889151.6687764795
-100204.8889314404
-71593.08183112722
-74578.32832497141
-431976.44915608165
-402697.2351599288
-206208.51258589944
-1608.4745123011228
-1528363.256683868
-350465.22815588006
-121224.50136706908
-218789.82946517118
-59020.528455684485
-968.1639644367884
-313299.3142452345
-77444.81402811536
-1466108.3201192252
-68378.97314650862
-3247170.9355149027
-291491.1269040226
-4811332.967431864
nan
-103434.1649284703
-357947.71551670175
-693.5853254087393
-123262.09681341305
-268.75539230510196
-1944381.9501626205
-2454866.750088333
-11675083584737.2
-24464.75642219909
-77059.77096455677
-157184.21339472447
-129270.63794239152
-132123.41326505196
-969.9617899171639
-107809.97731686833
-93060.5036551149
-403703.43035979936
-5337.965911542558
-38010.136406893034
-188970.83397264816
-1201.8003445110767
-66493511.99487958
-251006.29282562755
-382010.5945830912
-587251.2648808516
-2015328.5643639634
-255420.8558889265
-2351425.9445438907
-2714.4131506529734
-72330.08415892752
-255159.90954981232
-383095.8427388718
-78432.693748533
-218115.99416852003
-353.14682147648034
-165656.77420904583
-840620.2171849168
nan
-390886.07986700203
-494788.9252255939
-19.53439133322833
-18036.369849772003
-47484.95302326809
-2625343.138230703
-33529356.462542523
-499748.24875536317
-121672.3013589653
-58262.432648001144
-27572.567204255123
-375598.8671654821
-311817.3182390449
-193515.74753048475
-180365.7830210076
-270927.5865912748
-57865.2767287017
-163105.98246449084
-236188.45677554375
-247198.35907470016
-350621.9278394682
-11308.019588704261
-1876.165922845736
-1250578.834356782
-763898.4468956002
-457332.7841421865
-15518.532636565255
-139527.0383803522
-27034.09525624303
-247230.7891049087
-32220.185190310538
-49592.26197833896
-231254.47261836287
-281280.81645007915
-217369.34366402897
-2327.9941988632754
-713143.4634868272
-177189.6853211426
-291404.72654265445
-96342.94474646708
-241935.87089967547
-2762.046654255523
-178375.34961623
-56442.93664225061
-94582.64434166662
-599039.6187188303
-1036375.0853165446
-247855.47664869466
-237127.4257210387
-33315.62554573274
-383805.3411258942
-40959.13427550421
-1017.872731800239
-346338.3096038151
-751426629.0455317
-550466.4568072248
-33432.06280575007
-237552.082006993
-149300.65837374527
-2522529.6389224837
-126001.14479297369
-15097.1750337651
-10863.99345873343
-220400.81761824005
-52785.01409711469
-30535.07751514241
-9213.580959966333
-187517.90351884527
-132379.22913220112
-858421.1437126107
-3184512.2937268936
-484726.07173452806
-562200.4375065945
-139839.437224977
-737581.7989562042
-269411.9380359858
-252606.61849950402
-637573.7002692956
-87606.79622517232
-194729.19964270614
-522646.5852045072
-48897.42969791776
-101073.84819933817
nan
-74805201.00119744
-0.0
-664155.3456376868
-1182256.1930424923
-13842.829133524656
-106847.16349350053
-1009.0412180805195
-221290.466631671
-23489.617033067043
-91438.04907535415
-1322.647825661479
-81931.36621024157
-53148.452232378
-129894.68969594582
-4686279.677838403
-11741845.63142305
-1226.416400658221
-177412.67527918098
nan
-0.0
-0.0
nan
-217643.89490347216
-62933.86337617354
-134293.20751692602
-326.7281457611211
-25592.108957088778
-1.4298279635137825
-410651.61551838403
-519.2044001247696
-79931.53634400616
-291756.9385032489
-32326.599331076955
-94550.11350177722
-15200.801313377748
-58.09281279888378
-613310.907509568
-45425.185759755615
-3992.6774421206987
-13205.098917323663
-888890.9713673722
-145567.66194170434
-63208.94376672667
-17420.39024007941
-2972.247652754114
-340750.49613483285
-142967.58360996327
-175369.75074858725
-110739.15738261589
-956.014043832497
-113695.77767309968
-1.1740445077495312
-121566.29456523417
-91213.2614730804
-517815.651346133
-91052.48602675903
-46468.09555952165
-28283.22861301499
-1062589.8391055036
-54502.75804323334
-270132.70924979576
-356474.95671619
-35324678.25056523
-34988.647361808224
-488575.5227190858
-58189.47231653887
-70518.3949449558
-479011.8426602966
-66649.96116935054
-3810.0748694826916
-50768.823991212725
-9455.21422101073
-119.82981208903593
-229773.12666297905
-93710.63539739953
-135840.04015243496
-604581.6225804167
-475181.4538903025
-644599.6225904064
-275239.0354010798
-1135.912660816194
-67999.74751128162
-25000.02261759666
-23168.046611098835
-4588.292468071422
-35604.10898441213
-237415.6528946389
-348209.3927444087
nan
-24273.4919023634
-20133.312605827647
nan
-5762.525211789801
-121999.81669016342
-252977.35878262046
-66085.12079408493
-158308.91137247536
-1112994.4313975372
-44223.8167965108
-581124.5882017077
-61014.31595901835
-820868.2880972883
-766.29003863814
-1926857.4457221185
-16185.999558555675
-1537727.7051466103
-27910.859089655725
-351915.0463141583
-274063.8492096112
-563522.7023487007
-36097.069460412706
-5189.617915830435
-537.2426732811639
-49423.78494586142
-616677.7201847826
-196750.11283355797
-2650048.2181883147
-228105.54408004094
-328844.6176324232
-102893.1174727459
-713048.6753200415
-18519.294665600093
-380499.5156430519
-61581.79546242561
-290784.5575435468
-252.64355380071007
-2560.031753284804
-17228.52699700419
-0.0
-16623378.000265753
-985365.1716049693
-631132.885852221
-5674174.732698576
-327731.46414845384
-242080.2769507797
-97757.00493538586
-332144.5120871905
-2858123.445515832
-100163.99542865514
-119378.38690146727
-426761.6198291077
-170033.60075939485
-116335.30219548519
-74805201.00119723
-71812992.96114881
nan
nan
-14379.465046014488
-9568.40755471736
-139468.95848906267
-493394.89751910017
-826902.5884619608
-986.6543388563841
-78806.23267855858
-3119.869812474181
-3493.6778260390456
-1158.3783791092935
-26473.566209041262
-147239.78614681447
-301428.8045103591
-84.91741275646817
-367903.53900278424
-1472254.8173015988
-67588.85459765022
-904387.4273537428
-3394619.7082629846
-435466.1393435481
-375533.27466339164
-324425.10449563817
-5838.731144948601
-127030.37814915045
-55746.69229542946
-577946.172501183
-173984.8955486115
-57872.90382776924
-65280.74652205383
-36581.78365250917
-134753.34329397176
-7745.588953020464
-153238.3311767317
-2193.649817711435
-161907.9970455164
-430818.2068395321
-20560.30891727339
-47020.24866252033
-3090.2347571809432
-197355.65821055535
-26870.443056938857
-351030.80249111104
-139521.3805667424
-149276.63584522347
-497033.83413761685
-426382.7226355883
-122800.63725487287
-77276.73448384523
-19387.80669128593
-192993.95179183251
-841533.6961147429
-172531.3749584021
-1093818.7716950413
-50728.00450124747
-892873.596608739
-1156339.386500666
-1393791.96640155
-0.0
-16623378.000265753
nan
-0.0
-29179801706410.7
-12068.135743158542
-214472.78827026556
-6.1948314418185095
-8085.042010632989
-0.0
-933030.7399314434
-636152.7753326878
-49210.43722546405
-14835.177754818922
-453775.8562922649
-8323.486775607782
-1741485.3715997215
-194689.52884433293
-30083.76282530987
-137722.03003066036
-13102.909772615825
-4542.726555288615
-442.30680582208436
-1138.9934547706257
-1522.1073875171994
-592563.0736854003
-5819.46906484625
-1140815.1657819299
-870492.1532556914
-16063.202430173322
-3911832.783943303
-42404.20546469819
-324922.885853483
-148684.68996797747
-1967817.787998813
-197369.4869161708
-81625.96387015683
-0.0
-283802.0740047936
-59700099.20204493
-310664.0240627699
-11399571.650045432
-98820.57407995299
-885857.6294515431
-248235.0797981352
-37092.20530407566
-79963.0907262646
-4623.854953999382
-73.29882310438256
-4563.727665599998
-12268.231879551753
-115260.17156458006
-513777.8501390767
-45951.4969392982
-285125.7926408017
-92900.14777257157
-1315079.3646161533
-487904.3834989248
-25509.457332753253
-1067523.8868446073
-2815982.7463032277
-170028.91530713212
-2834.939447057329
-85600.7914038919
-53895.77978538627
-61114.051303647415
-228747.73175774212
-96766.95172883077
-19342.345112123196
-942.8354070444238
-138885.268130828
-1140848.0688406806
-565037.1603426433
-9409.30620615453
-17546.78984618272
-42672.95817882322
-201872.61045852394
-113516.79516902014
-407312.73550765845
-962146.1855580682
-618544.1204018716
-458558.76321773604
-66493512.001063876
-263667.85699132894
-36125.691912839226
-59287.11281455638
-313929.1986365911
-399192.23232825205
-8444233.608358525
-302231.1081540661
-24453.832743842253
-223624.87737903683
-31801.640107791085
-189762.8150516295
-151.29252060604287
-1112023.3241493208
-754622.176768184
-134754.33145704446
-1979063.6037747972
-877344515.1135273
-309863.7586213942
-360113.61632100097
-802350.1378735481
-307235.0137501949
-14758.843747651767
-6217348.252560319
-83762.64393910437
-38163.89430317902
-77891.70464894557
-111247.77520702334
-67812.36347959802
-106513.54848329746
-11105.812730298061
-0.0
-71871.96326138669
-357386.80230040447
-540053.1983338745
-6653906.166729528
-12439.8606792661
-48087.04876718584
-28134.99830073455
-146835.94486512634
-185736.6527032238
-71812992.96114925
-566195.7396500879
-31984.032908949146
-47447.781209407214
-128274.38205545375
-2055438.61347302
-286334.79819231277
-7839.086694436237
-415133.19609344203
-32361.03812651735
-5338417.935703742
-12950365.831717154
-244882.05113241152
-4488.551028630425
-403445.19011831254
-515349.99888100364
-7940.356381237466
-2198630.112540485
-321452.3133843503
-76071.40862311973
-173689.90304753763
-458688.2442121409
-350604.52960798354
-633811.5916249789
-366376.27573078335
-223313.63656341573
-282492.34447027574
-237075.03786234703
-1449.3819861494035
-1543093.3865634168
-4629262.228889243
-537817.2646561128
-251035.1552132456
-17506.650775909362
-28043.527383734083
nan
nan
-20267.306836422573
-66493512.00106301
-16492.718020024964
-910215.6524803543
-13352.05390935026
-288423.2943342142
-42501.39016083612
-6143.056471563296
-3057.394901642864
-1332225.1116547796
-8731.269219786998
-296417.1926557451
-8190.997542057099
-47115.85926519251
-145859.94860995765
-14916.040257890356
-189183.53629440485
-187387.58532768366
-212500.34063239914
-38269.872888465565
-10.222397090135336
-3347.161647254795
-2873.083175647139
-197956.1063183863
-6678.586016916092
-596167.295537161
-264121.5839062036
-99061.68353947443
-266013.40309254575
-1305340.59586788
-23710.925655919702
-387487.34802906396
-246767.67193884822
-189805.65973321497
-233377.92144041293
-26250.61846310703
-55453.20766195733
-6919.381341771046
-43506.99077063572
-21714.37540533326
-201076.2890108925
-13631.5391779963
-2363069.9118114477
-130793.87361207683
-27986.69806323867
-263103.7533258979
-8335.780800945033
-184357.9013313477
-288672.1167069928
-13230.924024235728
-197580.23880200693
-81131.4568139526
-464425.1012267998
-5381.17547735362
-494884.7258490942
-133177.6212621989
-2109536.993594706
-152593.8975103483
-26911.966899769955
-804758.8182217111
-316312.79660116334
-14579.08677563976
-2892.9190629049035
-250511.3977408236
-401131.1282220588
-48458.048453526615
-3.6141556124175738
-61891.71841982249
-729263.7059720599
-495144.248871459
-2945400974.4667196
-973631.159495923
nan
nan
-74805201.00119667
nan
-90277.59518126979
-153120.23517866846
-52107.35750703183
-598.5027690947587
-37083.40019026883
-97604.00723550611
-266736.7847485781
-5248.656888204174
-1002546.419114535
-72833.58549267027
-26959.79603626037
-272693.15289588005
-324329.31004503125
-378495.3647349504
-96045.96242110699
-18.59954015622073
-2887826.094468715
-74247.494800108
-0.0
-0.0
-307661.9686624645
-1239.13998853421
-54136.090204394575
-288090.45391978184
-672.2248549096016
-1103763.9721200145
-4885691.526567781
-394455.55390687584
-190273.1757844137
-5960.860298813654
nan
-2334014.5325647364
-937540.3654559765
-585462.0864513892
-14539.57884475503
-24707.035728700845
-731287.8858392898
-36127.79373663994
-13967.810490531998
-1004523.8423095455
-240897.21351017136
-0.0
-1095106.6955656009
-120827.49887354804
-89532.80393839638
-272989.50857710565
-1777.0956103311328
-112897.66495164073
-2383.122488687861
-51395.05034393851
-375365.18312730035
-942308.0935700502
-1319612.8317305855
-21534.878352463893
-1149289.3898468765
-10894.54349848993
-50686.9692575144
-19764.353480503643
-156182.5533907368
-209416.71831651055
-666469.7463046503
-1706685.042934718
-1995527.8734698046
-950415.038419925
-1079069.26149237
-273476.90436804027
-2060470.1374814722
-37331.05042507466
-66493512.0010637
-14746739.21867813
nan
-14360228.563275749
-157890.0250726231
-356037.3024836695
-310082.57031675434
-83276.07164435474
-188960.23771331046
-161801.31666809425
-48297.873387727115
-679821.7489758857
-18696.376325174868
-36044.602333268456
-400588.8356298963
-219448.82805649037
-248662.91122997468
-1170858.1488898494
-217192.10113582286
-1026917.2495484346
-286726.48061293695
-307786.41182763426
-40048.069011062544
-44899.28515930735
-47725.714257112384
-52296.321008081955
-44477.31280688228
-215020.047945506
-489625.2827799047
-322031.6942257682
-410929.39531263185
-1472.663023077425
-1661145.6636041729
-188744.21763892702
-59884.33472343134
-193652.28162974154
-1377017.8129184514
-627821.279343934
-165939.4854874407
-53846.89812167841
-11885.811047254429
-234178.8686319034
-2386555.7879317566
-1868296.2986677797
-143070.1905006471
-23945.129821436956
-3257.0711655266837
-608376.4073363484
-134094.57930139636
-65047.858764881246
-14189.379629354275
-427594.28157174063
-35324678.25056523
-15198.004748059717
-599785.1987900289
-175392.79328645865
-165394.57788448143
-15462749.186999926
-214141.09383213002
-86163.93627864422
-34365.37306937723
-204348.29514694316
-31126.429528657776
-45978.836264373116
-1505818.7964014667
-86732.39687392351
-338949.13071760884
-33480.03099123682
-80234.10167052975
-227410.61366268486
-276381.1774006168
-216568.66226285388
-158318.16485324665
-671014.4858388
-783890.9277421663
-49960.75952882295
-1744533.8127709473
-325390.21472037456
-11640.685651270513
-94503.08790984095
-28843676695646.523
-176839.11905789608
-4179.876047122034
-731.1122339418719
-264817.1899333725
-27780.900885353603
-2031.506186051723
-12023.36008649755
-660381.1609503839
-8886.658750449602
-84280.61860344752
-1151.124972026212
-22054.2292507442
-57352.20526378004
-83532.79960954016
-1572.342574398347
-17414.682567910168
-1642524.787478209
-5258.107691115401
-2845.186713917395
-415588.0046075961
-1111802.8959920038
-47978.70966145105
-39575.10171952883
-112768.5617451896
-26920.967716007035
-39048.38600924997
-52350.237436010655
-29193.150342498015
-98816.00762680886
-211755.91682848087
-5849.19415933196
-1511126.4903445274
-8275.12561500895
-117192.2384365284
-15242.105616359087
-80282.92781133388
-319907.6097066645
-3414135.922879354
-326272.90352476935
-14680.69089680156
-499690.4551068392
-82189430.38681677
-92757.47835375818
-77125.63388859548
-16616.66403647396
-156649.95782631176
-2973512.516631833
-29253.057495334564
-332948.21285957587
-28016.578737435455
-301794.54757340846
-2.117582368135751e-22
-266970.42876382766
-226615.12087827263
-183085.0190798274
-6996.91764777253
-894420.5644972846
-31.10430994573761
-65310.394584709466
-6530.78218688748
-70737.1954731323
-154472.864229051
-11503.836643626211
-9206.61225329739
-796005.864514201
-386173.5938250854
-344537.3343816691
-27714.351179031102
-197497.47690537357
-159033.84387646327
-1061020.655000514
-20120.065580924238
-2041614.6681960323
-988477.5732394852
-89182.91230247096
-879028.3921677436
-122790.68865376481
-188125.28261123234
-1147762.0253727376
-85774.66982072551
-764542.5195431749
-267203.1095914347
-324.53073653591497
-119738.12912236554
-701487.9350608119
-2725.819239504738
-252.51462803886602
-972.0234355683236
-106081.32429579801
-727886.9582241602
-12838.600151439841
-132580.87936450224
-45928.68206249892
-325688.54448620736
-103987.22535848587
-1317579.623870296
-113814.40275748928
-56342.460244752234
-144045.02609101607
-553.0522987690858
-1100856.8277646317
-12573.855765112456
-843599.8603705779
-491462.2205641727
-1449299.804696927
-118232.16160093388
-98148.49582262819
-6615.652567886094
-268595.369693071
-12379.302891614921
-292949.6429936823
-34284.31400898528
-97957.95834883685
-786395.4586018813
-709684.4732677201
-927.4144272541726
-472327.480007135
-1583.5016184592796
-4586.021020488172
-14375.701796973062
-1612613.4859096159
-28460060.133909136
-13324.419384407787
-635262.9360198614
-255054.58226155705
-184237.78804795028
-5851.825082438705
-676078.8897704463
-111582.6291559292
-1150166.2441440779
-521382.2493757475
-90161.21442260561
-100202.98133862249
-205542.25973763905
-330785.83130403876
-116626.75394498005
-255710.8010738396
-12428.841619711719
-228180.12254350557
-404426.2874357674
-5821.636141220248
-28104.194137393904
-3346.758537824434
-318829.31335510954
-204553.47851517634
-157886.15672080842
-1406762.750551351
-39929.028745610514
-13790.357327314909
-285956.8490089112
-95140.08648679867
-6867.484867651289
-153210.4765563985
nan
-109559.23764432166
-250488.09644369487
-120085.52163058189
-343.7639887515745
-127470.84480329696
-55553.88197073969
-311226.9894147799
-308839.0106529974
-93497.60206541234
-1660557.3718444998
-147894.13192841335
-5929.6977261775255
-258269.94263821578
-29344.437383334116
-200424.58944589025
-1732931.6806133254
-1017990.1570125949
-143669.4550588976
-153576.24473434006
-64500481.22068179
-293597.4085154308
-448839.7078432996
-124131.2025066434
-26580.752363465414
-1059704.3156443262
-84358.88602978969
-108572.78958988313
-699577.2601290864
-122593.71049305316
-41298.05467862229
-294157.4059965309
-382540.09141892835
-740823.0089700226
-1178921.2899370422
-80592.91679006124
-1450.4823035354095
-1406014.6166703845
-306542.67475043715
-231084.11477114222
-1784.184282571869
-975151.1600974385
-152901.54767317855
-1666.3155688005209
-845546.4797287785
-15197.925239718455
-39848.825317011295
-1945940.3992131376
-13474.407613357715
-330022.76917814964
-1346634.5379905272
nan
-743405.9263351394
-82453.37569534636
-507725.4862400762
-1141.3917176229402
-490.87084927463076
-54.771651083979954
-6192.3066299985385
-53920.27750656804
-116824.03633523954
-82549.69721256252
-438.35045500003696
-43773.762896122484
-166699.20020498254
-53258.944210939146
-387228.6483407146
-91002.65891889726
-675303.1866613817
-26294.493928589065
-1130288.4140168945
-239871.29238703428
-516225.85577983886
-203625.29321947024
-613031.5608025019
-967560.6793507785
-31233.452091993466
-28278.906160559756
-361652.10269033577
-1205527.7623374504
-175571.19402566648
-348544.3050073268
-1991493.2622445836
-171.48180528832586
-37847.333738688525
-927906.5909245603
-206133.03979294395
-6109.780523079548
-496.24205705700916
-67344.03674645057
-982691.4457130714
-527536.2982128364
-114566.92209321086
-418169.5094500574
-1137622.7053151797
-1246854.0381704653
-1236.094523215997
-321524.32960903307
-6576.435797555394
-771536.2872110747
-58991.85875175635
-396158.19226472965
-52332.724482164755
-140872.0121020891
-389418.92426521244
-307685.28979705763
-986679.3546001008
-112954.71931797729
-66493512.001063876
-5581.380223171104
-66382.23052422433
-286993.15968603815
-1270022.537080497
-2421.2724023784576
-607349.000507992
-954682.7739014061
-549038.5469335739
-64685.90563554377
-358742.8337998152
-315933.1412307297
-423413.1120659358
-27819.312716791097
-103040.00530197215
-691238.7837381136
-70775.20846945391
-177941.24341696184
-520279.4370081102
-23572.469180285763
-225372.1185600726
-314488.09381099103
-3276407.9251760957
-604517.0398498527
-290290.4391741839
-649900.9506607816
-2036.7688414819418
-457270.01430359454
-166541.362828738
-1012676.2557302408
-48587.63111834924
-32229.23280773563
-18241934.219561365
-193677.06422835297
-99724.18706870146
-1056369.134563061
-1396726.9687282082
-9235.632614069491
-564962.0561849737
-9549.668796399023
-2375.976865223774
-799919.0955981803
-373978.2279049434
-0.0
-238195.3855138424
-22226.524939246505
-182887.26293755672
-1075684.2375679123
-145629.96941060715
-98426.82671146488
-21521.849764522387
-1885.2837940273755
-346642.8218743607
-51763.94344072342
-426913.1717480907
-648720.72397121
-1417317.548195995
-4817.6088104582095
-17865.916719449888
-245847.27456603263
-65055.43517311911
-274970.3053202754
-3284.6993882478178
-221749.5023594661
-4066160.6831626496
-100557.27801625371
-313919.41202430055
-48456.136780543064
-660589.1963411069
-40061.060482643916
-132846.00571069182
-22162.188620617417
-207492.19286642724
-1034925.0589938704
-4642.326760899714
-4377725.024764181
-152575.26191194047
-1171359.0116763704
-3413.1287498603197
-41837.19056857065
-69793.61013255245
-85066.74442977518
-2122428.466828311
-158719.06512151947
-12468.388169897195
-132470.9872488196
nan
-3225974.2931766063
-16623378.000266438
-94144.56408482368
-88697.25360858461
-261802.67133978097
-5777.320527493464
-143085.50599597016
-1100.8180178609482
-149919.83598080874
-11877.854880587807
-8922.461111210261
-2023.3816258639658
-0.0
-575631.7773116403
-417503.2455310802
-463133.40930956195
-1830.8188974697364
-105455.20922035744
-27394.68742422098
-470356.5079395762
-16180.81752360667
-740580.1421369906
-52285.86201697408
-263272.55064216896
-261884.0789080257
-1111.882299774095
-34894.70998069794
-31309.371489958558
-41107.80865437505
-85953.98856826805
-161575.1839189707
-1973.0077311997084
-604134.3991381509
-292545.2220524741
-20720.32692690923
-220227.18072605375
-240845.1571258956
-20970.11064772007
-169230.68336461842
-584508.3831041072
-139570.51196013734
-15763.50152614685
-685464.6565950136
-841293.1823406529
-234429.17753385814
-1207945.7954005806
-2316991.790408654
-89650.98099347968
-93538.6975681236
-519713.7935816548
-43360.08541479308
-93334.79929657301
-90565.49299960083
-135431.13400920673
-52.16304005896957
-98509.69307815089
-207096.99834448335
-89967.07986302834
-3759.097381153772
-154614.68236031276
-383.2574638922881
-109992.67868447708
-75908.36328658318
-2158.2161217773637
-1236864.7413867158
-584627.0156836801
-933339.0237700861
-1751950.6916183333
-31538.00269001276
-6690.363209935522
-158469.4241053108
-975676.0765524391
-466169.7822777804
-680043.3475326363
-3543576.924143118
-171929.89886188388
-70133.86920768973
-52911.79294008304
-51947.67342611616
-7011.996018664331
-6320694.151763815
-294236.21739230584
-6980.418885487214
-34375.95963895856
-401086.88348338765
-40133.351859589646
-921035.1450543612
-169696.6068974195
-108009.57270501014
-4745.869600382538
-22050.767084874467
-625488.4669894609
-2472.609312688066
-6402.99549968401
-22099.16523758874
-203576.57782959967
-4382742.204620913
-53490.81475063808
-56067.90862810162
-18835.63330535364
-432846.3230384897
-186179.7356596137
-293712.4815296697
-6786.68899234085
-59971.749256352115
-3446.184168742937
-132221.4278966003
-0.0
-102771.92832767825
-144271.6177756678
-189537.09725952375
-67498.2174295201
-61175.572556061845
-419474.6693415206
-1217004.5188046484
-21049.22834179257
-560012.7430448659
-279344.1096086519
-2061.8199557305643
-4245.7756932507855
-131801.983040641
-42330.11249140533
-27358.035784719115
-260814.8218511093
-19678.169310025663
-15323.880685796374
-55959.96607947125
-198816.78992066957
-254.0215466867243
-44755.81774714957
-28017.52817413921
-26932.7951189713
-274203.29667616263
-348397.62457669515
-533868.2412433409
-342833.9498011377
-611.9884895273844
-11697.949988568922
-4988.62347585804
-530205.3353759632
-266136.0094565466
-263052.47755278443
-780647.0512135504
-194997.87890885654
-270.99467454568673
-51977.31856657732
-7963.445669937098
-948307.0144297034
-33814.40170954495
-7623.977360944479
-198952.3409956842
-624650.4436303114
-9328.244192341574
-360.66623041119607
-97701.7004289393
-305891.699982292
-8787.235473222428
-2246.7592760185053
-143567.77813208607
-4544171.603130366
-1267405.0049998187
-111998.08941628369
-13489.497739089618
-777020.8085881129
-403450.51317283046
-247040.51929433178
-773041.4409592536
-1249030.129606808
-78772.99484594086
-1118491.6680655663
-6336.194252166666
-34975.30655207422
-90640.15354453148
-103029.60602613572
-415513.93715400127
-439471.583463217
-10271.205777121613
-87016.83425453467
-37949.756929877156
-80959.29481717144
-45007.186744679115
-3147.4701035511594
-379952.0537787196
-106467.63181102209
-28761.544109390954
-17780.91984362306
-171835.00315968008
-1452341.9553478973
-2278563.9497221373
-658821.2508552459
-72214.37041506424
-57868.002620628686
-3463.9502236406674
-2387.315265885606
-40876.505672290674
-83341.95561518935
-454732.0163379267
-92925.46686756492
-2186876.7729327
-17564.031606929922
-1416379.589605801
-584251.7825606617
-95953.25410200865
-10818.52166929917
-256838.8202969275
-497.85454411140364
-13306.614213836578
-60683.90396083868
-31180.578944911926
-40653.46945223403
-42328.5963615651
-443049.2653673807
-3680.9794039375192
-26692.127245634765
-223389.75065633637
-899481.8255953202
-667965.7326444993
-77443.04652486874
-22520.33090910428
-73962.05632428474
-15903.779036575466
-165287.0460103488
-5735.017166329213
-16623378.000266438
-522979.6743083635
-648208.362543763
-4304383.5425868025
-120131.51933038587
-739946.0434687005
-2506.7746417355747
-296796.83542655583
-58569.30975849785
-193787.4479916557
-5917712.79736154
-524.277739351735
-402352.46592947334
-43477.24331494593
-7518.359797060551
-12965.686718140258
-2855.1481089986596
-748706.5672722908
-689652.7744896028
-111068.71881124614
-4099.674324743823
-9727809.820586748
-261850.371297011
-205073.25734982052
-150497.521302836
-14360228.563275749
-6459.730806509013
-38449.84969022863
-518138.4568721874
-81067.83086016212
-95870.73796297879
-23942.081501349956
-270085.4361124549
-29569.509806412087
-168919.72927024506
-438811.49241397483
-762332.0779481815
-15752282.485197097
-42119.21268736411
-2348.5459736779626
-661972.1946491256
-50088.7697031676
-1312.0282617941925
-1366.7587716421535
-239419.90005693343
-99650.67367160025
-14818.209068469576
-188835.19260871602
-106626.68296601271
-130014.92380357014
-444881.01423138595
-30306.490471544465
-203374.0526387913
-703.2381066064844
-405358.3642022504
-7906.517683075937
-338213.1230608846
-128079.62025559372
-2080419.6165894535
-178506.49445913587
-75791.91882870375
-2695478.1565273264
-3036260.1612310237
-98847.15864319597
-163422.58539976
-1601867.063468292
-2932054.516743964
-221523.33249332593
-0.0
-2517088.829923232
-48945.71418048565
-153568.7837001363
-1832958.2144770827
-416817.25949377136
-170374.79565778965
-208456.04693092784
-644676.7828982493
-42398.5551131986
-1183339.850918028
-1454000.5631625545
-2867270.6006231825
-22676.662360406328
-56201.335959546
-2912.277165744601
-19781.29203038187
-5116898.455662304
-84905.20966315806
-626721.3402043349
-147438.80430133286
-13785.66681536836
-101992.46469869578
-110088.32086762288
-614469.2229480734
-622141.9624211683
-400758.6041476631
-314.2760165316448
-204399.33916775728
-4236.110266503076
-595.9915527168744
-56965.650816125664
-3.3881317890172014e-21
-15521119211.070724
-423702.43569334893
-28808757.148187526
-1679992.3149585654
-432077.6507493576
-444806.0331826649
-10096.044399865812
-189330.1384939757
-40546.89342726599
-714047.6023122418
-710344.4599069309
-726733.5275194275
-445198.775882297
-193706.61040662456
-514695.2944499877
-345829.6696133894
-51212.186150435504
-9310.219488543971
-13495.24659577029
-87488.71863841041
-89560.39409130163
-1731.7499545280414
-11380.789673310046
-28533.743416294892
-76681.75121946819
-135885.3664366224
-7781968.972348784
-218048.42406472872
-902802.3347381266
-394.9065285632272
-115828.40352375212
-262656.54013853095
-18105.79785953626
-235342.88535423117
-864868.7027823611
