Model: Auto_Encoder
Dataset 8: lympho.mat
Time taken: 3.379795789718628 seg.
Accuracy: 0.8333333333333334
@scores
7.739334222459196
6.492763439614248
9.583736272457699
8.59824172309601
7.472957803913863
9.439143528291076
3.032079380672766
4.236377433467761
3.455459128968572
4.519393042770715
4.857332489275306
3.9047024729400897
3.3869205564545726
4.828825542384738
2.6926857113419786
2.9341708946562126
4.030345390030461
4.323880154089407
4.104162196084018
3.4063175932823664
4.881818658065981
3.6821110838011983
5.277656725969233
5.675756805282896
3.0431456006400874
3.8153541162716005
3.8834270979347827
3.470390260148165
4.0488231443342855
5.710262732967007
3.900913258318489
3.6662156477034067
5.854073024822551
5.314070219395605
4.64788085162169
4.48224189425361
3.6627139694905377
3.395800676462859
4.104838366272508
4.9782531627784445
3.672953985620403
3.714853961094427
2.545181513870637
4.125098654478355
3.4841304145628222
3.918438239817563
4.358646660172089
4.463765373404636
4.107022782851138
3.5685682978531394
3.9476599330404487
5.049034448208144
5.109566103597549
4.560443297235857
5.087233080106505
4.50483232211477
4.446449993426039
4.8511841844406645
3.834924806056162
3.441471572205092
4.852805641163513
4.268597168332694
3.725348912427385
3.0069437179923955
5.007357659274783
3.5315638531981226
4.825904142530599
5.588252060695641
3.3454213414197915
4.406010064934515
4.571376100724109
5.83818101552283
3.953951129386886
3.908539327033982
3.6760578037589338
3.524125124515511
2.6230702773908363
4.025405081937477
3.6235638200820883
3.311617807051868
5.609143632123614
4.180894971746695
4.018180148760331
2.864849122194457
6.643824098676526
4.564287391007053
3.7061130614504605
4.488815100206654
6.748045880586614
3.7810937488848366
4.011878116295513
4.2907985842100205
3.7708710166935413
3.417241555925605
3.312347838911913
5.771879963960395
3.3445379160796183
3.309219738292371
3.723743782421153
4.122572795993371
2.8745271576826235
3.1776955597739955
3.673479680070132
3.4364503188833004
4.843132188418436
3.844092095344352
5.478236842375415
4.030710828107766
3.6252423287025395
4.232969750268715
3.5783203336773957
7.032435336346819
4.358587028958342
3.7426071361997697
5.216500546586533
3.7761618124055807
4.815296701580738
3.8684105360642995
4.795672993249174
3.338411775212044
5.54313563998394
3.2494241289817265
2.992524618550788
3.832555932785059
4.942163358335927
3.564416931826299
3.1378502401133845
5.473082507605973
3.6199124624607184
3.667255526778248
3.3260985299239914
3.593973952208021
3.914154687835
3.5962738462894035
4.132332569777626
4.500036730966583
3.2431455053097022
4.579287856998404
4.026189584498957
3.1766135653007495
4.103375769038523
4.1837686544039
5.865280410593933
4.105358911670266
3.7547155195803317
4.122523611949424
2.887961887985263
2.65392215809693
