Model: Auto_Encoder
Dataset 11: musk.mat
Time taken: 29.043195009231567 seg.
Accuracy: 1.0
@scores
19.714568612165156
19.306153586309915
18.594317027826694
19.3395417333169
19.34057058774039
18.62186431592134
18.45811233631199
19.403833934473802
19.403466844519524
18.457650057445857
19.403988702849784
19.681327668882656
19.68787835057679
19.68876755244724
18.96813396904117
19.28212502844172
19.27484904845025
18.9721151379309
18.974001198842483
23.488714531102982
23.10417647166387
21.485858403678954
21.45898278951336
22.722491206977
22.696114227085868
22.843057234000405
21.382533391914496
22.851442986001462
21.391927760581225
22.838455377981536
23.489185113162712
24.41070706149837
29.94824018034742
24.410630872500462
29.52212591882403
24.126037700012436
29.563447471039748
22.34453781460916
22.344702532557644
19.661356951652714
19.661224887784943
25.919172498154712
19.66273182598782
22.335711316410713
19.62653382555244
19.621361268589627
22.338266576101375
22.31205929089854
19.61532541625503
19.30064835102288
19.313031823848778
20.039678329398534
25.9723978042391
20.02156627405329
20.04607266311709
21.005467386890583
21.093619041150802
21.011315106536376
21.089479723379497
20.33275263888952
20.730119652389828
20.33293419662753
20.733995549026933
25.9669467925822
20.878326592219803
19.27776160350834
19.275057481348703
22.63661119023495
19.282764206013926
19.22780831922824
19.236672871301195
19.232190397187075
20.119684832043
20.107412417747064
23.500920761355616
19.396114152975727
18.95089127363345
22.87523427752264
22.853141363485772
18.94974704340385
20.66254102666503
21.38741535287914
20.665507714471655
21.388552586194123
21.382313536958332
25.359403357965324
20.78411796405673
20.77536139394562
20.097698298339076
20.109527186312743
20.103701726726317
19.862998585597257
24.649979026367415
24.651747471060293
24.673907892836564
23.110878724168735
23.104613589824808
13.205189639390074
14.111312965670157
13.113770616952507
13.923367624157537
13.949276800078232
13.86531010005446
13.95622510696455
12.922677351530217
13.950139882587422
13.885129492024328
13.649942801226041
14.988863648013838
14.170725792213567
14.097600082539127
12.439895117194311
14.18014954656831
14.361336468357441
14.310471831698656
14.048551986068759
14.315817110881914
14.266238449851745
12.150623767063985
14.85754989428503
13.927394983216402
15.358383260488507
14.391029979085923
13.956693157791623
13.609496290347522
14.144026028375984
14.621845184222956
13.056710300241518
12.691401457944297
14.472615597139795
13.766051946818049
14.200458955375156
15.192037345272212
12.682733295331198
15.596666101196938
13.946463891225388
12.810569605541781
14.572009362555637
12.824295758196445
13.196191700288054
15.384447296676711
13.712544651075056
13.256216061996044
13.285591308202369
13.634150463416333
13.794831635336386
13.92225184358451
13.730299141816484
13.231867644077093
13.349588416939179
12.918520402488546
13.20881464889614
13.699245907881433
13.93116548962626
13.65548893105612
14.249342744968208
13.579009704509136
13.854737166861323
15.151578361544466
14.167522996397484
13.165945770210968
13.620957669704227
13.223306185190738
13.501147529498844
12.981563034868305
13.40222520314074
13.095818760913762
14.342036555826821
15.54542780041891
13.148618299828819
14.441854398245209
12.29606040070891
13.803952803416202
13.737783761902097
13.381684367026017
12.917380246854478
13.831764681626675
14.268533559171297
13.514030802517508
13.557761387569569
16.52299192552972
14.31760559747315
14.39164680515131
13.703255367587632
12.202554940627126
11.884676603758571
14.453890638606056
14.00866229452819
14.549258370748655
14.080033883619931
13.344020107794952
14.002513339523926
14.78293922707764
14.833323710962341
14.909578328502553
15.306791843592741
15.092229133602139
12.416075333154021
15.049140335315121
11.527508290960757
15.114233559959297
15.23573801442636
11.490434396900943
12.999611610933375
13.057313058058773
12.908766524568357
12.605574852964109
13.110347248811332
13.02272824505251
14.383452634243229
15.307116479763716
15.497271807816274
11.95176926043408
12.30701753371256
12.173382152100109
14.027142546837757
13.89764750300737
15.425345094507609
16.017627890777714
14.139599530599003
15.315616638615564
14.074706020926245
14.283500315146878
15.743410566276282
14.321631378484511
13.510571131515361
14.467680958226385
14.604282375114181
12.68362836724088
15.166721071379435
13.644327975028476
15.281674148205374
14.531543703760446
14.775145605815672
14.756547692404858
14.727991798483473
15.119265219073164
15.692321071498784
15.593499041299278
14.073252632957885
14.661547353708642
13.737841242867214
15.903792638750767
13.788859170294115
13.021125467476255
15.761498833914725
14.628166908166888
14.647208862655482
14.616198533100743
13.988080684298646
14.11619076344838
13.930437444209238
14.540539373887148
12.88392359097933
13.674479130559618
14.933922341878114
13.646573070643672
14.103398711069413
15.464579691225499
13.577533633698756
15.057484160338797
13.771900240619699
14.129918025796123
14.158401922542046
13.437899026258494
13.144561680959894
13.597251612295084
14.962640724276554
13.30917105912938
14.37809121942396
15.304973966298908
14.318321148310334
13.832626709777866
13.703791391010085
15.148139769311824
13.502663655796518
16.790766462782045
16.802957190723227
14.570447308382668
16.83582467207737
15.402241202397674
14.338222761421342
16.202686998586806
13.963549421574452
13.978909203147259
14.708823404254414
12.693681838754408
12.138286327275218
12.545117034018082
12.782578613741887
13.31970816038776
13.195953039165097
12.998498057519939
13.593438755262458
13.914960265323506
12.610419754737016
13.998047100571808
12.423126152600569
12.541469311448646
13.308419022917068
13.522923024591245
13.352410096247818
13.071674280706759
13.377208613242495
12.875441750167369
13.688178372846938
12.833284118736383
13.489286565591646
13.50134433425582
13.772683222304968
13.309487797774626
13.698933234086484
13.427895060315281
13.883026224164361
12.962277877579496
12.566286878224862
13.510912108444984
14.532003207784234
13.755520822347176
14.177082850337992
14.580835884047175
15.56464036626939
14.616497517669883
15.305422358139976
13.976709183896645
14.676851962904644
14.086766523468189
12.299619179609756
13.701627579928497
14.572554189038458
14.317445353148587
12.291733168496068
14.525194129545897
14.751918009688735
12.785709295361823
12.693463052291605
15.748223223314012
13.778985636790507
14.082200779427628
14.105947863231883
13.095560575921407
14.018099311644256
13.781062583554494
14.17117691545282
12.895042187853607
14.084462148927246
12.991055435607079
14.55319372932006
14.945457640284246
14.97666634059341
14.359955779938968
12.932559496144233
14.740229607053692
14.802450397672125
13.36953179763069
13.415527700512593
13.55124044307517
13.07075326994986
14.254246200094924
13.77499716006542
14.353693676525618
14.398805762327779
14.950799926646988
12.293990209943138
14.005657512092125
15.453146490947253
15.173209454371255
13.053229077832821
15.068722506774792
14.390740198554516
12.280289525773515
14.742149665498443
14.27142504096824
13.09972520000264
14.807105800679773
14.673957280991404
14.76255790181528
14.62940664714193
14.874386656079048
12.775620229784558
15.052250612899648
14.815051615128725
13.518134213388329
14.272680867198345
15.3582685186778
12.68603599891471
13.471682481675103
14.737958496063222
14.801696779116465
13.088349001876784
14.15156452216477
13.79516255017696
15.121610791923692
13.647321810229467
14.403123415106961
13.256538769759253
13.557706618660413
14.719464903703976
16.053186413274243
15.824512149392401
14.656449846261825
15.066164799061974
14.692434622761562
14.089298132332464
14.688852978295227
14.50516101671317
13.397656081491844
13.430217447603013
14.981952742595402
13.982932343070198
15.058040093979445
13.110175440381477
14.570700897042254
14.86091283595031
13.878782826553463
13.162418579303036
14.871565702721945
14.427788343207453
15.373239848940147
12.857080077462154
15.36300004108854
15.946743134282553
14.26069881983302
15.729648259368957
13.536192320721817
14.629738926206477
15.312727129925452
13.460048775507317
14.287364605255961
15.284823973060073
13.275540526237439
15.649335634986915
14.128576410439166
13.969265797005914
13.810032782329472
13.849257050479535
13.29411582573407
13.740507173296953
13.57974934462931
14.259962234752958
14.120039867417194
13.472194981490317
13.971932429407973
15.680719866128728
15.639309639386052
14.507989566152794
15.481161109546445
15.84692449232296
13.177650678019393
15.137874523859693
14.478269854113904
14.851525167645136
16.661956805118724
15.666818790568113
15.24444167006191
15.072825391800306
15.056186157425662
14.339039371887715
13.191807472506207
14.754169780787938
14.868320925991206
14.783342925821447
13.638036416219347
14.842431314899686
14.42463919668892
14.531005705785768
14.533473755154036
13.912803777105117
13.547587926157501
13.957462789082058
14.927582561615468
14.337578087641967
14.02316835322261
13.758246278291674
14.230537072352446
14.165238723473351
18.3279808580545
15.663220316403937
13.105146060790693
15.398999009154075
13.508408597592439
13.184023357430268
14.731322122781613
14.968920257928906
15.237829872813096
15.385481985761922
15.152952081730684
12.099523755558932
13.559789978580202
13.532602694557374
14.130593321972299
15.132069159401862
15.283719763938137
14.824240547954059
14.467841381391533
12.309082741535892
13.843634034159296
13.709878159041725
15.064111628907849
15.5464954089997
14.780582440176152
16.10157965616655
15.338850735983671
18.437543905074822
14.85567930865438
15.232994609018597
15.212582124027676
15.262214877363125
15.208797144864807
14.23342640732207
14.255080880465423
15.791071925959038
15.87287152182036
15.840382166848178
16.135276992119135
15.40264736140221
14.62248950289892
14.595038735584765
14.014708298089676
14.062376829198236
15.894073488865024
15.80433090604723
15.86094712171024
14.87035637721845
16.14500112765807
14.40437769247402
14.03375932822585
14.764136251824327
14.420628015408816
14.582782083716975
17.638621202343206
15.324785819675467
16.26767112196944
15.68124449454938
13.673118646270511
15.138328622343856
13.734803559498053
15.026639976983038
15.17244406283365
14.222579751685776
14.019016507288612
14.510045052899178
14.86141596425636
14.420467137888362
16.11999711206013
13.696095341010256
14.700984291663655
14.648862149579148
14.893584080396728
14.402752179564073
14.803902439781218
14.799408374448454
15.14714824263626
15.667488336125011
14.960265895332192
15.535861524350524
13.58251586468796
14.897109815237421
14.861230168367582
14.302366103722887
15.967783211508447
14.339372158236065
15.793704098427634
15.075160923342454
14.167178861955165
15.877295793050074
14.076415961956192
14.212454083504559
15.553232596276152
16.202163977200083
16.03556439451624
17.399126711439884
16.058503977831418
15.484880764146384
15.519317369382547
14.969059724175615
14.941545594396914
14.975415416312268
14.172912308124896
14.720252480210652
15.334723782934446
14.798523804682358
15.846818571152612
15.839484441989969
14.840497949755722
14.804790898670735
14.710932912676434
15.089171618309832
17.910319666960977
14.070892596556892
17.04739744837896
15.104029978941693
15.154388504249946
16.07906645297042
15.990762272139511
13.621144738757666
13.923126447328873
15.346231798515957
15.293181450641335
15.326417653572184
14.115661010960482
15.481213968840834
16.991191030831164
14.128543602819093
15.283716480704369
15.840121695483322
15.278867169625176
14.36990275666475
13.876216217055326
15.040790215628139
14.89960856496799
13.38909061172139
14.35103197780816
13.626479478680215
12.80395895499201
14.396552022953689
14.72671898402474
15.13659456699996
15.070374421588163
14.290044346002729
15.016200701198223
14.42092578701815
13.388441351957699
13.698936278333901
13.898693193117174
14.042779516185892
13.62229824280691
15.085741268477937
15.48344582712336
14.785688830622291
14.370697785323705
14.641374372068398
15.129671204975894
15.164627796028846
13.412904074930148
14.076543488972984
13.489044095996189
13.719849918268705
14.295382883608216
14.77097944856337
12.624283156530373
14.813199615704699
14.122388686620623
13.085065154390657
14.830834453897914
13.88438422171095
13.166141740451318
15.042120701518362
13.797191865121723
14.212410660894802
13.520853446360967
13.86688168200039
13.44437353404032
13.901884681527216
13.590111800488433
13.559154211237496
14.05110782017104
14.957251270236249
15.370921929145716
15.03147090276328
13.877308919653608
15.131280623720896
15.086822917982117
13.624216137883462
14.892549337995481
13.982158263734748
13.857887635890696
13.630222047336286
14.514590919887477
13.095686449890144
14.768201474560962
15.357156562375785
13.168341805907056
14.02972983941063
14.146315043727968
14.565821041720744
13.461167812926881
14.469474571190267
14.251773664288082
14.40493477218874
14.243260346124233
15.227458468521164
13.475536532683094
13.613985917658953
15.586700894212703
13.5288617053407
13.331544002390995
13.649405059969451
13.842394247654616
14.032011073471264
12.61517578846661
12.798041277068997
14.372186554336613
14.256890215617204
14.772535357927456
14.509396850024094
13.445669387344063
14.64833573764069
14.593513289798137
14.768533946685391
14.141132391076018
14.189253948361966
14.42159910286701
11.643674833269989
13.15554454206939
13.287420671769606
14.036513781892827
13.75052223481725
13.854086224018967
12.054234943064396
13.588636683249312
14.140562096837284
15.317498251656499
15.114812989187273
12.211369212659532
13.758164504547869
12.247291792613817
12.509831162371334
13.128423376872181
13.956931207813149
13.12568709858473
14.714471251822674
13.649708483733834
14.152495894923184
16.153345562463187
14.626433296728685
14.661181506778904
14.479829017250028
14.882768460065087
13.56304968161462
12.90999423069663
13.972807792946782
13.84608391227021
13.689954326378365
15.02848835751653
15.060533776789407
13.405955822354453
14.756562003218445
14.607567613561002
15.176541369392439
14.724313259775275
15.101208815187501
14.935931326412861
14.897442852382168
15.372193784499292
15.562834269492074
13.99163331580418
14.077988661422697
14.303061252401125
13.956290711607746
15.534661771480923
14.07828814341721
13.468655374133117
15.767843929799673
14.441371061072115
14.0886907437636
14.496370703398338
14.676733986355496
14.255114338903061
15.075479138228516
14.338679052448088
15.161861521104028
13.523148063170575
14.959767056329389
14.319429604512493
14.622579178476968
14.897107924237575
14.879683516241549
15.038199601287289
13.33529704795616
14.630890832395618
14.292342611912364
14.494917562263748
13.841268156082924
14.878044157855555
14.792359377678455
14.841231038654362
13.956145262334031
14.464643685349602
14.842036012699712
13.449504359718619
14.711298545938801
13.986453938558213
15.0845158764428
14.193034346429481
16.223009841869608
15.260959036452272
15.506776749510891
15.276557311301303
15.157781490949517
14.669959829675463
14.058445543619454
14.60326287903898
15.200261242191699
12.878577847414734
12.905292615942304
13.7537993048951
14.04562164837841
14.086967670429265
14.408268641509327
14.464026354471153
12.934716410121522
14.475036168285683
12.929526152693008
14.499987136620463
14.055113429845974
13.961235694120253
13.323978606127032
14.356140320255863
13.71047165037613
13.380360063122113
12.817986761512778
12.878897116042221
14.43935345980956
14.386723748895706
13.467218724836998
14.798558353360661
14.710799458347278
14.655455053168545
13.140154877098986
13.71759134027878
13.201393583650551
13.527398379726609
13.311378973598961
13.464442673626666
14.378581889984137
15.347951887432783
14.714024938677063
12.916637033392906
14.371469962464877
12.150897645176759
12.847544190303127
12.215427485743444
12.91947718746945
12.845731413962575
12.726884125816794
13.841447984233875
12.81440227497523
13.262392300879142
15.576642743773995
13.305464578040171
15.03926367382595
13.316670058662359
14.739919299787127
16.429796694845695
13.449551586465885
11.481113871781824
14.30021382990979
12.179798503217233
11.881346071997163
13.609391803986808
12.651038994678803
12.929576804110896
13.62368758685636
13.520137371035743
13.464335538866653
12.929170308120467
13.371656871283522
14.265097768604024
12.889826789714835
13.373978183833904
13.33915327325402
13.712077578078471
13.654223796755943
13.555052923755131
13.830276115422938
14.50524006416408
12.222304377304894
15.629747872790608
14.542938548810296
14.8566033208385
13.96135047614366
13.504301693572735
15.2063564862756
14.014455447860913
12.94095514999945
12.214894094929074
13.59391379012708
12.851013916726885
14.573520596513436
14.347747222021745
13.378560257993326
12.631635081906508
12.663836642542156
13.2729146127225
13.12040353299639
13.896426193448924
15.273742608222504
14.833086446212363
14.008699569095779
14.480875255783562
14.203250927339395
12.848812150578267
14.064933245376023
14.80150549120279
13.04661997148743
14.281192266149446
12.885324908244904
12.126154250478063
12.627391684016404
15.710420112669587
15.430923792747445
14.336149542280689
12.07878199396232
13.12718464982626
15.106753704419935
13.534511697391261
12.86068233958416
12.94086299926233
15.251063076577077
12.989998402807618
14.46633360836914
13.5694500650531
14.763573162176119
13.81465670627012
14.82172055341658
13.23906894023464
13.25273808636869
13.73410386098123
13.920402633348512
11.752193966120913
13.67842156447118
13.32282669376316
13.46871274753524
14.384719283319662
12.491152885553898
13.385167816867096
14.190314617001729
14.179424801174157
12.799877317141645
13.753241593303782
13.64681200309898
14.365527330017631
13.359845808548911
14.053648835816075
13.705265791518588
14.545070873693618
13.23846460786423
14.276971955866943
13.663314392501949
14.412507700061836
14.61980338907589
14.21620628244562
15.00845589388035
14.440323227832755
15.065744706070168
13.624444369779892
14.553784536758661
14.081374955537887
15.340162758121158
13.963103174980892
13.10817980093313
13.248246130540391
13.124066747519898
15.043234174816623
13.028855585553984
15.473894138359578
14.118447220966
14.50785493166631
14.068170197103036
13.10324669098765
15.489758124077673
14.849776605592094
15.26606273282125
13.717004030137588
12.692723319197063
15.36532476350956
11.949278757336355
15.200078212393116
14.780590716392256
15.695774623909891
15.114296029042677
14.418614800141471
13.712675786592378
13.578190288710337
14.585456160177145
13.77063125502873
13.930295330263025
14.583929245971635
14.849420710179427
14.824138382591986
11.715747399283341
14.274639167102967
13.243388378136052
12.164588881624676
12.138401346910015
12.687386685519463
13.303362576831784
13.417465544557162
12.697991434345628
13.188348054054881
14.90027171874262
13.384922103810464
13.640310335351849
13.734251247572152
15.454970351261741
13.803471389740015
14.494318382879948
14.026111988535476
13.186311615822296
14.866005689214825
14.340959048565445
14.47738059126662
15.655269846954267
15.880741839654984
16.045628038863324
12.887527908613018
13.193264558098756
13.15610794102074
15.265466745406048
15.349767522500672
13.984416851535446
13.552371749345411
14.74249035868041
13.996792216404192
13.90007414569052
15.581777575858522
15.743623815095729
15.10753507638032
15.193425631388704
13.93457483158731
13.936162493154782
15.738060027512024
15.933599063072444
14.638565905899688
15.617997417965741
15.815888614629353
14.51177956635606
16.254440122615655
15.015120934692384
13.738632090004765
14.527989430346496
14.719817014022178
15.079294239098667
14.588535300677623
15.434760036044901
14.669121751125184
14.8934789708096
15.067622949068465
15.46682931453941
14.918395168553072
13.85936257388193
15.472871175784185
14.89906751421813
15.091711896074003
14.986934267013854
14.40122310095443
15.307590387137466
15.122266127811415
15.10438768874179
15.503138424511103
14.119153833389342
13.716182573442937
15.299124573677203
14.22714277462557
15.442295942591043
15.402278560418832
14.164656210625353
15.654019680552723
14.35175214589308
15.489097407252999
15.722243361388852
15.264888160481727
14.11017164980151
15.29780305058393
15.490264948754792
15.644027500990795
14.724825551651353
15.125538575178906
14.929869273646348
14.712802580211262
14.87962571917615
14.846369678309529
15.614943930432789
14.541274763215666
15.878780353762085
14.776846132567636
15.179204553177692
15.068205349705709
14.989772799705072
15.627100142650264
15.040438598752353
15.246119510386437
15.804505726779436
15.243646691143176
14.075182503918303
16.06398258615301
12.567948688195823
14.276599619717082
15.215981682887092
15.440767559513125
15.168430951792457
16.50728459384644
15.27548006823714
13.45971669419689
15.924107546260384
14.45116853357562
15.34188851553129
15.211908660877219
13.258967726365523
11.446391115087646
14.464876916872557
14.814783981568693
12.154966123917994
13.631899995889631
13.84006005369385
14.366836829081
12.374876763362417
13.188740281709329
11.69714361411803
11.42626956128816
12.159897534766479
12.852843640756241
11.5074268191754
11.354959745316645
10.37726897183355
10.341479275384188
11.79180738044647
10.961417322173464
12.751023598157591
10.011042160660363
10.992406098022137
10.900124192917692
12.045840090074094
10.63186470450668
10.827801313101265
10.467824950630567
11.851006141957043
10.541377936534424
12.375328896498992
12.027137561588658
10.769372903014357
10.91276606904933
11.093979474163932
12.334678211770552
12.132027302045708
11.63344156181338
11.400439333126714
10.903224603677256
11.42923206051967
11.28721224602253
10.333332867337926
14.533910544495594
11.952919958438933
12.106121624586251
12.85313883556312
11.872536235732056
12.52591451747832
13.021925641330371
13.648954903587384
13.784065173700652
11.690608084587247
12.45717167081163
13.343310084155016
11.877085769708682
13.209626599603665
12.167679459190031
10.41943693769212
13.155791060901622
10.3881376829503
10.468743666731255
10.999193517175586
10.928347788960712
10.732089145755936
10.985589609734385
13.20601081851656
10.527295037738888
11.681148413999242
12.62332797451497
11.986070454731268
12.486391499292193
11.095101271727367
11.236998664320994
11.989313531969866
12.065481434274103
11.45334322706445
10.701977982085374
11.333851284497266
12.672315389857474
12.600085008061221
13.489879837758474
12.37040362378245
12.716783773302112
12.263360791153318
10.336095234952019
11.308447587228548
14.188649827363365
10.795126002981771
11.617103410028767
13.446476350096153
14.18557895618296
10.098452573622025
11.101175336891089
13.441723170151368
11.671657023536863
9.350595184899475
13.24450853494407
11.156415702036506
9.867540316888274
11.728707327372486
9.578281668520196
11.872200078889106
12.266671435644938
11.352966982082577
13.058843766847366
13.071891558164289
10.33540861449438
10.686360425801443
11.85285502844918
10.784340861194368
10.599035091433716
12.487817158945466
10.456309905610821
11.17077588486029
12.941340855513713
11.685271847221335
11.060279019485662
10.594112405280576
11.074773802231624
10.806913528607804
9.931420289250717
11.547689887819294
11.049428164073174
9.635397094953015
10.73431652131109
10.514357020055474
10.991094303782624
11.134292377743535
10.130569188016903
10.829588587302004
10.318012240089466
9.328430538667176
11.938059278860448
9.49103948837484
11.200342808100412
10.00504647963279
10.682448316095153
9.224886984999406
16.057919341515596
11.399366258917263
10.072305248974887
11.342181414896276
9.91715422049929
10.750247447791116
11.608112409348161
11.278455804998917
10.30379485061224
15.27878592785884
10.605548628469696
10.165657961289341
11.207629299513487
11.974370933617697
11.29664677427963
11.262691968425006
10.676739039922893
10.676928051981477
10.808593162574923
10.299645131657908
10.896688279596244
10.719928942367368
9.78061197878493
10.273131715852486
11.973800430740381
11.387577347846857
12.190124681470644
12.150531048783721
10.525293416739947
13.286080635181928
11.335803102895932
11.674171319579525
11.70403668952043
11.328643068043263
11.303220224973805
11.773131114138437
11.380405921259296
11.822411356720865
11.153825109433129
11.545067074524358
10.361727232499074
9.688323255927008
11.649200418333955
12.14590164508773
11.885234916574706
11.77427910021618
10.317923392068645
9.712241471644013
11.538905115263502
11.462906229103792
9.322297338239729
11.806462424937283
10.296981881687671
9.787653648613228
10.399953018246556
10.871054927255525
10.314141862309896
11.07362584765155
9.731157745364468
10.812745401600242
10.371126522520202
10.85966043362775
10.00435601042697
10.417584489515164
10.592775258813234
9.984336298598652
11.489213279757024
11.634574129346513
10.909733005404524
11.37756297981468
11.12984153066482
9.503830028308835
11.18979859334288
11.776260546412646
9.771260918561122
10.191932208592364
10.274585625700661
10.458713861932656
10.281296416035548
10.754816132333284
10.623310127847146
11.919861628429322
11.89558210522557
12.542226732530358
10.668283272225047
12.263363701842067
10.534209855311747
11.515026834205537
11.112484993663518
11.709913706628114
12.011628516127914
12.739908003093428
10.470336241031156
10.837523229634803
10.857817711874008
10.451185274535927
10.631216790595039
10.655301702260207
12.043197456177088
11.590403126444322
10.249281257201758
11.575132573086128
11.701600612116275
10.050112126182166
12.244456200675998
12.486830111466992
13.335144955657752
11.470208840424366
13.051668188558281
11.6916259437464
9.694893122634404
12.057477622555954
12.546569608631582
11.627695518852343
10.243204975232649
13.310225202421856
9.84290444538875
11.950741621073343
11.25110755182917
13.54740801784998
12.828915904372556
13.567262340798367
10.254922086535936
11.628558765810059
11.953882580589875
11.980524273400519
10.005907103313252
10.611787485665458
11.905592887253109
14.715491907086005
11.08466620928803
10.872693004549966
9.622887271213713
13.317096390931457
13.491413447581909
11.606939078474568
13.169061549444587
10.44064822863149
10.276335182645411
11.322345783645302
11.155048774200559
10.865894857615313
11.785097211372689
12.423372336026317
11.318470270915718
12.911321423488237
11.511156041409055
10.11541715645519
10.462318210780223
10.535319644126599
12.696940676235448
12.159185061055343
12.674909295233908
12.677298632617482
10.183645162827878
10.559942544280204
10.577311324423649
10.272386493136018
10.226840127351199
10.396071828692067
10.427360672185927
12.009262175775374
10.449419899099746
10.658756123989535
10.732224086210527
10.890294496834024
10.927975195806916
12.441462228357093
11.66034398213399
10.81612206631737
11.46460464943061
12.514912468350131
10.76266260727177
9.80513446027292
10.882698570852748
12.354947267076698
11.058178538297822
9.737330292255365
11.08283360259313
9.454408100844603
10.759647340006737
10.752832850720901
10.424227711790499
10.836278877748898
10.19243836418627
9.641678692024614
9.792395422753412
9.318996328171663
10.67846300564921
10.48119105525523
13.204123292589875
10.21139647705492
10.439301323764933
10.314573739700823
11.78448689298134
9.917943438311749
11.040589360288262
10.662610729919065
10.738716358069837
10.85977398061746
10.391374363178821
10.468431699980172
10.683842935231306
11.019271363372928
11.832233066538839
11.557745732400946
10.984759765427926
12.307215216924119
11.29752895869341
11.685650812008515
12.040099057474384
12.908256674109005
10.440633780464664
12.969497280784225
12.000511330386209
12.41166786891482
10.230301328480376
9.343663680597851
10.330815017428801
12.703296566078572
10.041106143416275
11.403783397663855
11.285561231319146
10.15302975184324
9.968903352640508
11.349552277154553
9.729827228222728
10.515467604454715
10.650307502513423
11.198798218284233
10.49571692114573
10.433265565286494
10.299413749063588
9.939297447523085
11.280153358723657
11.73100999470594
12.293603243324617
11.01339370900606
10.996540315700626
9.780414421269645
11.281000408583298
10.374244780580584
9.732011270447707
11.545601977770973
9.466433952355116
10.32680373175039
9.43458686995017
11.706085318860861
9.978319436730798
11.22591479904695
11.164063472272014
9.700048678174158
10.07189060781652
11.141409951533893
9.569666812667803
10.82635893082886
10.304326876956777
9.619532368959826
10.255534838389723
12.831539837141849
11.42580484537406
10.119532383032261
10.610187347620943
10.58397467908568
11.156613741644305
10.33015198084196
11.469986829533713
10.797907113155793
10.634946844108491
9.722969914548928
11.836736641467885
11.323790563839692
11.693216545803747
10.930559714146538
10.788195083050182
10.096519521775251
11.976786080442933
11.416988886273382
10.110666482347309
11.769008860644494
11.607628023188242
10.307486575449259
9.762979428958491
10.800841213584889
11.518453444942516
10.346864272891182
9.994358977585733
9.98420017360128
10.744577979406877
10.439480825492604
10.600875784732503
9.969368969752875
13.058460381818064
10.624642570800829
11.020448336489371
11.118242187150715
10.672345292955105
11.598087444379779
12.263651553934157
10.912343331018791
11.054779714265132
11.836763164304717
12.797999350114452
11.405808631107156
11.158236474875439
11.22683549835465
11.736927932267555
10.083081195154806
10.566397014931516
10.180618739800675
12.776178545883871
10.755358920371512
12.613299141039912
11.055620772149467
10.371322633601201
10.128594118699823
9.916692395448639
10.882496218344881
10.501774036340905
10.849977899157503
11.431387386957413
10.979666583180716
12.88458140804066
11.102444271266435
10.325567562917442
10.381779450220447
10.974586310143447
10.84397333350647
11.637317331217533
11.09832498375423
11.178706754674876
12.100889831240567
11.408366948694857
11.427971104236972
9.9112540500587
9.931389453412752
9.816716696634163
10.069774001909998
9.385489857140952
11.78046104349054
10.199524309500756
10.05227026485295
11.137310775221657
12.458384162500268
11.899650059880479
11.621873193171565
13.068575003289812
11.89198225347277
12.98594915343073
11.91704772537456
11.287648714820413
13.005250026243171
10.69813191451476
12.923271959161688
11.200746394258415
11.093955599377137
10.527264100934824
9.386173101804543
9.42102293801476
9.94194971129758
10.7288030545744
11.537960230361849
9.733713153747177
11.29820617013723
10.933588184589192
10.50511873478246
10.812701205915605
11.410884506903896
12.637194298566666
11.082156596270432
11.443176964342973
11.043402929296832
11.492777378755893
11.204178030261687
10.818732932100133
12.03148076474508
12.607651643141294
11.063533218496746
9.898945966936699
11.04794754900176
9.375706981420057
9.267460209497596
9.52760757229548
11.531011861307809
11.75723761800784
11.188373527656617
10.209716603797782
9.44540287446647
9.82347682720423
11.31076611827093
12.552325704133654
10.048344138223905
10.008952514284397
10.043616165131871
9.888757491167341
9.917744254642644
10.659534027504497
10.078851703803187
10.3728492175537
10.557001620058456
10.351297066351922
11.25556876438868
11.882248921459203
10.859721689418668
10.794868082087632
10.19617436612555
10.999989215951283
11.099764307997841
9.735635486513116
11.003293603347634
10.683232911705188
11.520616790042455
12.038254687089067
10.935744079670993
11.444987628596737
11.617244932527356
10.174669499697472
12.951655530101263
11.178591789745115
12.450100068858054
10.45075718895542
10.72544722845131
10.884671848465565
10.639097117823454
10.409980199388697
12.193998692526074
12.6944437372703
11.764579224406793
12.48746195133556
10.959720592858858
11.31321899424201
11.59440057568293
12.226954356975371
11.845947167877737
11.417521342687326
10.747472386406535
12.362212475496655
12.224962539303345
13.13396132353575
11.415814381719413
11.851406666328142
11.320260330694836
11.44435655049099
11.358377059182006
10.353556050788987
11.42932914861469
11.937842352752275
11.052482797157374
11.175407678758146
11.627268108016066
10.962749381176172
11.60654115193623
10.534147048311315
11.407482739007516
11.120042950747267
11.463828843038494
11.266009368119443
12.668915370419647
11.225680155473254
11.85283407672934
10.103009049024063
11.053155046615759
10.394946004026716
13.207908995142144
12.076157879943356
11.634294211455583
10.345844930349807
11.250946523009475
9.844383081769058
12.000630011712024
9.352522493002871
10.653986977201356
8.990878927471515
9.556672895464471
11.927753426806952
10.972329912924264
9.065376173248996
12.204975261777463
11.341711746084105
9.575784247926979
13.209624728134129
11.636960070453505
12.717974232284302
11.239040891089623
10.978922239617011
11.803585485497033
11.26366059453733
10.893466186113779
11.73758384125655
11.884427077800186
11.693610611127578
10.82983828597432
10.602909204496049
11.546736262338461
9.975983770000017
10.067486178473533
11.153976449585848
10.639196420005607
10.584897505481132
9.340881544552314
10.20934034016319
10.872507045777931
11.655511327873969
10.472242648213074
9.918178370962911
9.91172590900518
9.307262220773042
11.976501254020894
9.354548422322361
10.648940865157734
9.922027465758116
10.45151617139291
11.909077904661713
10.383779175406431
12.070111187439188
9.19585914886737
11.762244218417726
9.784558204120925
9.928866868588422
12.070547195972466
10.70511142288043
10.164957834674489
11.093220450289484
11.46324878464131
10.042898309749699
10.397693036907814
9.538863939422583
9.383523971120702
9.628736943694838
9.53794343451995
10.12958011169371
10.886073926707349
9.732953743433844
11.979659686628645
10.395341317946334
12.396293595166128
11.746782053717261
10.588143017503329
10.352202909812819
12.057099259392125
11.155897519387889
10.259472446886514
11.482266745460308
11.8172943131229
10.503772196977726
10.961054609676271
11.019331007242242
11.87577621167912
10.65633004894038
10.896228893680945
11.105212212743579
10.845730699918182
10.467830254523824
9.994964011666047
9.742089748825249
11.096591020343048
10.076428050193579
11.231499375144635
10.47005892613741
11.017945188999093
10.89289475041432
9.599550657142172
11.116539955107001
10.392006559542123
10.568563648845625
10.485158675642884
10.190086682599297
11.040254670140031
10.202507456071391
9.795102520577073
12.288979514435445
11.076553521979859
9.716022951259758
9.716848900123367
9.621771642050268
11.978951258251335
10.65854751616292
9.665376605435515
11.132190846177664
9.65468769072878
10.765469766433178
10.999145071418251
9.782822545645054
10.361541905077882
10.253297257987544
10.526648392446223
10.209464494061432
9.451809194620555
10.96148269065861
10.199323544576503
12.515062759763586
10.569844734719519
9.501640001119725
10.989356712710897
11.935969440424799
12.410758456569052
11.065840617374123
11.07578022261011
10.535343242662826
9.388406735393293
10.51003356910316
10.520811585613252
11.31367433018986
9.421723618545819
10.910822719472002
10.380065150376456
10.755587249564181
10.08340944559693
11.36870602607792
10.4875463900574
9.174752389571678
11.735087732305477
12.07800602988835
11.46561420740359
11.187321669322781
11.886287259964387
11.069873842108901
9.900502056908467
11.246778473891693
10.494551852940178
12.010202221840498
10.088858855696794
11.13567884343655
11.461096830494398
11.887254997189544
12.000515419615079
11.46491178052447
10.528517551515854
11.100286804053024
11.259819981254449
9.929047173988158
10.55836586703834
9.941636646797958
11.939465914300913
12.086060529100058
11.51932307222477
11.744336183944707
10.068949928074339
11.906648936852246
11.991222674572162
11.921968963362758
10.37593624641119
10.67534462963249
11.527788744424594
12.240257260493077
11.452985328141041
11.741726044825194
11.710951277966286
11.306281505706686
11.360107459307388
10.299574384053217
11.94888670944581
12.253055869857837
11.69617839294688
10.866078629118288
10.691348977104184
11.490367333738329
12.05838729965091
12.519412065926998
12.569676618338617
12.452550318390973
11.949891117062922
11.489193457178317
11.800383062163407
11.199758008356934
11.968923879627305
11.085755047995196
10.679296826221206
11.88224282278656
11.069854386540197
10.73182660206538
12.429781530276088
12.370443125612272
11.568739918985319
11.333861197516557
12.185910187871295
12.490897196968007
11.430627047928102
11.818935445040935
11.972583569220916
11.22484478751288
10.953519590274928
11.84111614606154
11.238034987913698
10.50905729764889
11.595885077099805
9.893215475383927
10.504477156853897
11.91701449699218
11.755749009732963
11.444977578666805
10.550707931063213
10.908683286278354
10.55970863557696
9.42913594454123
11.151628034715497
14.022919638870553
11.463682043332591
10.970529514436063
10.37926367988125
12.631976148717852
9.9639920004496
12.906349474241633
12.204727263892236
11.698036478986426
11.202975401001549
11.631521966676273
11.44296800337622
10.264402513179697
12.00454197954361
10.99923645916175
11.769297422308437
12.141696525936238
11.876389383080125
12.411648934127294
11.542446080669318
12.371521208113892
13.245643560548777
12.782527790937317
10.784360303902382
10.342068230838372
11.039674157978245
10.034094377248433
12.185321790233214
13.004796063247113
12.087948799349931
12.64668552420912
11.896635416634133
9.978617232451386
9.87340682694051
10.780831510705234
10.545851104312753
12.142010542134539
11.009352908011502
10.336526945091732
11.875368058357212
10.267518063115553
11.449874513786375
10.423575684135727
10.785040646915268
11.005240312166556
11.791389218329806
11.487213546919538
12.284403162173241
11.340076627470493
10.368667708724708
11.566603765379995
10.949568051161576
10.029243931479243
11.433730920747232
9.93701482608569
10.56882573638524
10.011432847983027
10.55539904641002
12.496784568772242
10.960990958820899
11.513943211729762
9.938548858680191
10.613309619665463
10.658118375132677
9.93203793189972
11.09226698683211
10.363017841501653
10.645676962652031
11.307975354062833
10.224147199499145
12.343872470341848
10.44138798172759
12.001899085225212
11.785524837654247
10.818733068360995
11.124874410374387
12.08045466163552
11.580671921979464
10.762316724875786
10.18597653305539
12.250343780774022
12.047142124196569
11.299737713294691
11.732955257086669
10.612946371871535
10.867119146799899
10.079167382707116
11.981015028799243
11.254680294169447
11.67354155895433
12.025307945225688
10.655500720114183
11.515886010594828
10.630662844181717
11.849820880420719
10.072874219051016
11.3940671072643
11.960042554211052
10.6511572517673
11.826402658415166
10.505633644628938
10.608811824657588
11.11552098684132
11.980012867787556
10.733193064122453
11.16384274578173
11.211402312481841
10.724149672273832
11.77646700787008
11.58558716982083
12.324558745208563
10.331464469774176
11.466119377963487
11.674900477667467
11.292446479006786
11.349156888515296
12.170985290061681
10.971469019098052
11.743521521342256
11.193264719894971
11.767025170937451
11.627809281156917
12.196803160340261
11.640342037487855
11.509292691331042
10.869669891198102
11.893210276771887
10.571427688615206
11.667046277686588
11.093083084152129
12.10052665864853
10.845354808269452
10.614439726066236
11.094837729316723
11.27879016922616
11.632589532801772
11.906910738418738
11.88006894797644
11.451485285417723
12.477001527642843
11.926869491791829
10.80913140125339
11.402635433560224
11.928719423312003
14.015024625915828
11.306761257278348
11.617758296543977
12.968133147808492
12.43776580365976
11.154667302726958
12.167732851600425
10.281688026292763
11.604754997038821
10.597160793238627
9.872601527360157
9.871715639335411
10.42773889370354
10.823041478658336
10.502838501565906
11.194315592742178
11.20977147789162
12.470968000509771
11.85616612695569
12.384807724751093
11.219814396107509
12.48573914322474
13.086309489888627
11.638691947260947
12.082965794380403
11.979798293520373
12.56370744475755
12.362030566289741
10.945201574599754
10.884145785540257
10.179763261336529
10.608036337665528
10.157560878190738
11.945161876368113
10.39504412774595
9.646921422338643
12.449743601035175
11.566250994394213
11.587709438514596
10.766427853524169
11.151998962956714
11.688352308479908
10.868596159159337
11.513572509080635
12.113205441092367
13.400768078692497
11.45059775758307
11.333079447881765
12.13371313441664
12.210991051099649
11.423314975237567
10.12612313009081
11.420613578473354
10.080147312163913
9.715507074052702
9.905090267461704
12.058546751191505
12.672396848436415
11.983187688337477
10.644692078890017
9.895088057941617
10.738688154676066
11.730939411710242
12.061119590668357
11.394460446726209
10.643209776244484
11.489626721433343
10.385295425873164
10.937928415218364
11.926319097913302
10.447566447335927
11.314617579557547
11.981255916134907
11.740096639057501
10.97507618067221
11.95927316024365
11.103171506164113
12.741540504818637
11.51772969094077
12.562988125271115
13.491137838510591
11.056588755461252
11.482177713258476
11.721811430225795
11.342503601065193
11.120021028080432
13.361493364502053
12.093032372993411
13.25646634998833
11.840755083088872
14.70235255683207
12.985497899791103
12.961695886561554
10.971939477889304
12.8485675564349
12.755495263549363
10.721242696684577
13.588947861917791
14.873792128454657
15.71875459411111
13.848196968967942
12.843127995660927
10.789570937837034
13.375265823373342
16.169486423845186
11.935868512989723
12.98837109640621
10.207573213086212
13.70620721877745
14.349878291940625
11.038627607092588
14.347173360417555
12.188679303019647
13.061553330424642
10.94927677114661
13.124850883834208
12.035334528421266
14.845405853574015
10.206215657846055
12.541763536214392
12.831216840904103
11.018616492563043
10.044522296720862
12.15916833100793
11.890677965037158
12.929999419406974
10.030252494910782
11.703734423337933
11.596977690975503
10.070054204705153
13.061593670332316
10.725103291971317
12.291322256723117
10.331628196361518
13.98477183111073
9.971434132564005
10.385488687286697
12.156214400323641
9.890882244482206
12.899435406939846
10.283871182274074
9.739599067518217
11.829280046583554
11.414965706933616
11.268493111032956
12.391062564797702
11.912287721122093
10.724476679187081
13.45461110857021
12.352897682421554
14.596469586813853
11.878011301981065
12.42217896014015
13.098853454491506
12.372853972762162
11.181507832121827
10.353514739951049
10.907354330138814
12.571173208696013
12.330180147108305
12.445071267223932
14.13773747974754
11.518017045086438
10.994082935179318
10.3612684280964
13.257807334125177
13.779799957759378
12.92247835132361
12.448282411686677
10.120336339214184
10.117176024000265
13.59739119183256
14.284131822053935
12.177699206202378
13.109931038129695
13.90386495273335
13.895913431720771
10.486111816252896
13.731624261497796
14.111094566158078
9.973941760299216
13.529737797108513
13.238774899476352
12.125292577551047
13.05773678715261
11.099436900216755
13.701337481380104
12.237294658726942
13.30334917633599
13.344630406436517
13.553964310323405
13.63546989193108
12.450321433661275
11.043588144810617
11.149716794807176
10.992545545103551
12.46145802495411
11.65694125822003
11.367799104217086
10.793458671130901
10.1939912076477
10.268147039461219
10.672213015455359
10.888428108168663
9.752927455862764
10.137927799289011
13.803805990844216
11.806577597939723
12.503672653633448
13.733626065920475
13.672651368983825
13.61871238092212
12.61446351790369
13.54775368611041
13.012914169516193
13.907885724764395
11.986288499292787
11.523175288781761
11.348495537189633
12.894687716898938
17.189688100790402
11.843652278655473
11.238303279108104
11.09996738935803
11.7731443149248
11.115043776535492
11.296833629829756
11.488473420064476
10.546332975361487
11.32877161172834
10.867303206415327
10.675583023802117
11.060940572848331
10.355643854767925
11.400627018870283
10.516925626401411
10.649485873597824
12.624236556853619
10.570260156562412
11.874816416324656
11.322853592856948
11.031092505841585
11.49380731556478
10.571041231097029
11.0533515567197
11.474731104542302
10.163400067463964
13.233977749063234
11.170584845626363
12.75605997287269
11.168558835714764
10.367296202040496
10.477478175475206
13.399793260309634
12.490642895966614
11.422509606958771
11.308282238926937
10.134836767121689
11.423286262882016
11.618284362685888
11.273867310209273
11.204740474034976
10.97368510812292
12.72467669190168
12.117074076341115
10.831435437223435
10.829864511111234
10.475337518249715
10.96432336996735
11.371786523139255
10.84123542673195
11.460109372675836
11.279289624777782
10.576161350027988
11.404223817435167
11.882743838190063
12.332262807358292
10.90311606702296
11.297627391655533
11.653786422779314
12.586104591515845
12.522180996613422
10.937381556307866
12.430837266174466
13.00794633377441
12.712181379788728
12.90277650966304
11.919156457011313
11.656396237029607
11.011495182719143
11.312621527444922
11.80186596509407
12.552633166893123
10.652818480532549
10.779172631011738
11.07059400256696
12.35109842330245
11.39973454574845
12.154278779404326
13.022163423364674
10.840660938821129
10.899410494382849
10.821300942982223
10.968865940473131
12.720238725758193
10.781222319137095
17.025142529493156
12.371729032677827
13.601057813877697
12.010199713435679
11.80310000013384
13.057650775258157
11.259183483932972
11.348349198925055
15.503408755315174
11.89831392945318
10.8131302540112
11.9605941871941
12.431483335160106
9.952482846368419
11.950763570839781
14.25604844291371
13.048467204815468
12.025813179669344
13.378665415066209
13.782403033999579
10.959135677510119
10.005042816080241
11.25233578132447
10.265899215536987
11.084168817150568
10.173627909770172
10.678407520466445
9.909340057860721
11.060947505579303
9.89513971157455
10.20331579204887
9.981077581309021
12.641384268845743
10.837538769087514
12.173423112610129
14.343805025022709
13.085314487570747
11.224811348484888
10.215830699519952
12.247887856883493
13.197390166076248
14.13092399323881
13.60021240985278
11.115682170076692
10.650888534574204
10.046970350694947
10.621901532303934
10.511190077243313
10.659344841532151
10.32180438763612
10.295205361623271
11.77261344065344
10.15719821328787
11.604771490615708
12.760017753219895
12.916217434261528
10.998752047901046
10.611047769588026
10.4499919565373
12.16812620809469
12.861212022284818
12.491458197512102
10.390353942005946
14.044498714284169
11.108194825140602
12.033846441346531
10.785920261799907
10.344740331225927
11.063019456910768
10.45406910525705
11.088865366945152
10.613549180281284
10.824651472322651
10.59789788298166
10.268178190885639
11.940285745678125
14.121355524302118
10.902861579339799
10.30694967355109
12.287371534277366
10.406565943943077
11.961004537664962
11.748373780912877
10.56770688197344
13.852208206945155
12.554090051262214
12.00282367703167
10.954424563791703
11.550149607671244
11.025690735484387
12.380695422864784
11.587925013223181
10.604511705798483
11.302472182730915
12.630655272471493
11.381417751996555
11.58945602831825
10.673044192291194
11.485353487237967
11.207227049418698
10.796939853900188
10.335056399947593
10.930439083924789
10.603695400160703
13.226010071555706
13.335116789097254
13.781574345999898
11.429982049157049
10.50496789002557
10.689255277754443
11.854426293561966
11.797895284444474
11.02085154541506
10.854379206453961
10.632368546499066
11.401591301258849
12.88070745683955
13.010983273177203
13.472356359504426
11.886251485651943
11.867807894944693
10.385762395659798
11.159370708233162
11.522841782311039
13.280022906064263
12.184986683123999
12.865302718486396
11.03561554844871
13.246575065930568
11.962849033182037
10.792792971154386
13.098203261363132
13.00170363829169
12.214935463291047
11.809435865141205
10.644791014261767
12.174573305549325
12.385814692484415
12.134560392856276
12.82013304805349
11.05565867599866
11.221900738731664
11.275707301889232
10.617525401242114
10.721492937265033
10.122116767702614
10.890520967271424
10.988111508889899
12.539587728687957
10.03412339503155
10.717154380087546
11.658254182788694
9.75010822051333
10.395291962436533
9.856217576453387
10.000440688661653
10.262782732928063
10.471718191022925
10.540224520959939
10.38687403774607
12.090953380092065
12.617707571638302
11.810179176978705
10.187041399472184
11.20730637453345
11.51950689081641
10.720547815629564
12.887495123125762
10.188184666472662
11.66637373492233
10.818088985598818
10.648237230004437
12.387947568517182
12.141582920938138
10.015332634731747
11.45089950903301
10.684102013449257
10.245143934458252
10.255553846421826
12.353068037266294
12.318629237117763
10.313902755167206
9.81069010617972
10.12774889418429
10.291384137021385
10.429211269164934
10.923085583153245
10.991584246030943
11.133542234381807
10.728144089928655
11.445935729287918
10.891828361091935
11.627874484240236
10.768052368611889
9.996433240941908
11.923835696459856
10.24916972695982
10.759881522347742
10.39953966501146
10.830273891996434
10.373082334920985
11.902242379045884
11.755141772155453
11.06365372786306
11.919627993883687
12.054247903204221
10.416750271739428
10.656648341868255
11.077003919183841
11.329603191131033
10.709892832779285
11.321598298586105
11.004734599076414
10.306348020301543
10.362608463260017
11.864224816993802
11.728552102560235
9.931168016558285
12.35906237029204
11.434274412627687
11.28320040942699
12.575099620649539
11.980094584116037
11.829257944109596
11.880345067719336
12.622027508359228
10.57989849214082
11.099863843534894
10.517431092889087
11.229276452902546
10.66645115911691
10.583926973699823
11.918158075258798
11.110089975669565
12.41108302506937
12.031170207783752
11.64726461993944
12.064138810931295
12.863792181889378
11.925947305302524
12.704478069884786
13.557836512329477
11.909595397524953
13.47109454052158
10.942938685399682
10.863627364974752
13.434194830187687
13.826913003763286
12.092597454708304
13.331394199946189
15.008171543262081
11.535920146701761
13.61052455923168
10.173368074272735
11.596087154300417
12.224544130369742
15.045497545113738
13.342647307198074
11.302905482215458
11.741615180855534
13.50012485190782
10.650769936406402
9.96554376880106
12.925673560293239
10.032414498667766
13.292887184482034
11.01641909965449
9.679468948162361
12.169282250461706
13.113578970085621
13.331572291310897
12.724381760974659
11.512715854907505
11.699664858922297
10.43364670572387
10.364582472104507
11.568312830339629
13.153518286018762
11.243580764783152
9.792628192775023
12.321955045002426
13.225385459224713
9.664541764650822
11.496570725461453
11.345318851006633
9.738881163166804
10.48697514559925
10.780809048619377
11.17303859461216
9.873190718170356
11.423046541674841
9.775634010343232
11.985877939319124
11.760274996533202
10.307186796787983
11.142852511771375
10.74344108240744
12.52315738367049
12.483360338353181
12.427386314808105
13.511346217900098
13.027261710262609
13.394129617792093
11.41332110673372
10.938100117207298
10.078079193402843
11.15688855043026
10.002812955853791
11.85909099681318
12.926835861876333
13.505217759892227
13.30523536999898
12.278443927035516
10.081508356063601
10.003435014900758
11.399147473636084
14.610862254476272
11.578285111128276
13.27211977322852
11.078937332461512
9.753572204056887
10.892801685413819
14.754491030333348
12.309666854668658
11.611148134405388
12.41213593756502
14.373072259584985
9.946182031954702
14.578600531015088
9.738344429462865
10.92935509641072
12.81244260123591
12.447387952184652
12.19861962595313
14.188710133795437
13.667181219481774
11.22342544439692
13.460875150920325
12.328142117366193
13.94888933005922
11.407924235712095
12.036032970999567
11.15853513490738
10.722876447760282
10.012748695228465
10.239039196048369
10.13377738446212
10.696416114541469
10.392920148651964
10.11696900584277
10.068700258788544
10.765234172692466
10.52707252696442
10.525567408015519
11.10373375759819
10.064090133803342
10.100811174298194
11.64687725015533
14.341937299945574
12.272099255214007
14.11634488536224
11.81342195436078
13.654872755004591
12.40035349538172
10.975234346985475
13.552278233178827
12.78288123994877
11.031457471910672
12.712647444593546
13.388687253589481
14.258096069650621
10.309985703715551
11.31036993548891
10.509830879956477
11.589667293242536
10.525956784182462
12.009156938720198
11.344134314079287
11.250330037775404
10.515396758936435
10.162184396249637
10.072175651889248
10.932827373037286
10.734394116459766
10.373044473823533
10.964733266197657
10.493247471147452
9.82872688335429
10.966576585132593
11.320806728472268
11.471778910471881
11.404655479629648
11.28793663480369
10.283628194108443
10.228294010991949
11.293571756047143
10.34971886862162
10.059318418627239
9.882779541463842
10.412046505479868
11.571560479919622
10.161093012866953
10.222432472021316
11.1503078943439
10.991478015962524
11.047550809436276
11.771077262799139
10.25291894625012
10.58633595936836
11.076748284061557
11.883527939771982
11.91879211534526
12.084388009991786
10.647316322624107
10.056347245515017
10.03426126142972
11.737787561906956
12.18268834727287
11.212279638206933
10.968742902955823
11.587372224730428
10.63625145983902
11.31111694689637
11.411601498161131
10.806176322055439
10.82713573428659
9.803887566493252
11.558347674328262
10.676512578827014
11.574412552400906
10.466618574055042
12.892360760060114
12.474919848692128
10.306869753589094
10.379986967543836
13.080580635419482
11.351669067284348
11.942221090120247
12.22470328119573
10.284846751804713
11.118865217675515
11.156996834392213
11.321758611475289
12.465642939240379
10.93676860356239
10.32114350608703
12.457419055646495
11.83180984436114
11.743004542348856
11.795488045719386
11.73597434273426
10.107150623625904
10.292922147471655
11.013134478119865
11.319759045756607
11.160232004640534
11.031286134512793
10.680490200920213
12.24310493905101
11.15793672726961
11.377507315587598
11.611545191854631
11.09615595518587
13.010706059640285
13.331767370046487
13.318932230574216
12.253449757766369
11.254437326833958
12.748020813534877
11.774403368371873
11.841207939661809
12.171738932882931
10.333330710597485
13.691419722004111
13.315457111625678
12.764010340982376
13.485099676613403
14.575325753363364
15.105086817130605
11.805523297152726
11.322380495373011
10.991638205145168
10.966290652623831
10.619669991547735
10.608838077404624
11.341482092320291
10.282681252767254
10.47606184863846
10.674891349556738
10.546134126348601
10.327200451696848
10.33845667340637
13.948850794667061
11.474307207819527
14.301141186382532
13.804045756894608
14.496108271005758
11.234781503434851
14.067292075203053
14.266433509154531
15.270607289444703
12.141145630630838
10.860295510127088
10.551191890796945
11.906183716886986
15.710649917827052
12.332518379371182
11.930183165313078
10.867245385298695
10.472061795943254
11.13958943772211
13.03152399032096
10.710834799516508
13.108826366866388
11.963082871424946
11.606026440201443
11.778173747227974
11.91998604240512
11.22242317959875
13.603488960614921
12.755890373340915
11.933861720668206
10.855377756681097
13.328738335182676
10.84993127513457
13.559369699887474
11.180448161039354
11.51705431845358
11.037204199260191
10.868899522830892
10.719291750274673
10.660871932540894
10.595707782449809
10.816192899128422
13.725160596649221
10.490756327261984
13.943160640597224
11.731162161036778
11.877773723971426
13.406699691074264
12.976094563243214
11.132845339123943
12.950648979850781
12.404907990899641
13.22859696677828
11.70625771611299
10.664238127438095
11.617667551069614
12.894434819848202
10.981182446193468
10.907166691252197
11.28693964576586
11.377165305366036
10.747775040513023
12.49107995819643
11.8941585549674
10.994575666355814
11.399006762615194
10.957763992721212
12.377057602663772
11.834676804230593
11.407451964861304
14.784639664152792
12.898977281503269
13.000226062152949
10.917642833714607
11.14918057768028
11.12980313324514
13.417626236443875
12.24655742604156
11.611585997038922
12.842286680638157
11.094759222259723
13.502027001748477
11.81668358767765
11.605997787332084
12.475287854041234
13.185801433987624
13.310466346215563
12.313810641286636
11.468880957490406
10.927983538231079
11.244085430178506
14.497733841852199
11.964754407576665
11.802113364544692
11.277776435469978
12.589609469783175
13.939605368882198
11.827677737983464
12.458812678808755
14.293286495524029
11.607491168383559
12.189117953372692
11.119238664779905
11.792399172438508
12.367115292710247
11.69738707665663
12.358728787119496
12.254654129515416
11.455436481118769
10.836527272737412
10.49814416282042
11.429975812653153
10.457636280550716
11.043626331072105
11.404548973039342
10.618065592757736
12.00507794729852
11.983728571838927
10.155029974922426
10.649025837147779
10.547144838946018
10.29015808906459
11.0732057048425
11.832702059661516
11.858132306352456
11.46725340241353
16.10289593932042
11.751817630589075
12.376816531587274
13.319450351494336
12.278015223656917
11.863298802172974
12.195374503465533
11.696270850163673
11.736937659641432
10.752793375504103
12.424263021042309
11.755225635870122
12.708826220027547
10.555203339605063
10.306701748147438
10.923381368609945
10.986668830476368
11.692651500763818
11.026182783287434
11.917149129437918
11.100514353904588
9.97431647196877
11.342963603676413
11.626501330933607
11.573867116020786
10.757717025363364
10.723562806224365
11.012291366582266
10.676716433555443
11.61280042439692
12.814633536159404
12.220515331139397
12.34966906583845
10.578291986647018
11.584155999937503
10.693472923118028
10.69220855923462
11.24560271838854
10.975804157785412
11.274412967019313
11.294873043380063
12.664547194896176
13.295574333314466
11.942760780271476
11.720002895602413
11.469711477114572
12.627327850889754
11.205633550862599
12.170173829377275
12.086286447890904
11.770255178134235
10.319238999864424
12.993032444889122
10.490962697971096
10.870830353396679
11.038014703841277
11.178840606156806
10.76800548402263
16.547535500421876
13.546180931446754
