Model: Auto_Encoder
Dataset 19: vertebral.mat
Time taken: 6.325043439865112 seg.
Accuracy: 0.1
@scores
2.4147128224701766
3.404309266211302
1.778978615560515
1.9092177166311977
2.836538552743268
3.4053252458324237
2.1530625652258166
3.057356943353875
2.566456191846668
4.185261245098522
2.844557307063882
4.333886229705283
2.4054059845177496
2.4325280032500083
1.8949435335057891
2.7405720999816086
1.5080974073311422
3.804912059925081
3.280375368782817
3.128688565088976
2.8918007924874476
2.0797299375012277
1.6150615473178223
2.928498759715733
3.8657583958151744
2.559292865914076
4.664040629892725
2.7004946952219506
3.275499005058855
1.5976434990412716
2.1907021203861383
3.1510983198509686
2.9814293714668763
3.077083187827266
2.345320738196905
3.9169392568494894
3.664573405751067
4.1176350356694496
2.310290819621064
2.3545510845295694
4.0761067338893335
2.921204269462869
2.3131185627086843
1.610891926519582
1.7993422346031958
2.385247537586439
2.6617319217168722
3.254829320808033
3.1921531564767993
3.4704582364051597
2.2671137277372493
3.142304160346669
3.021394191648472
3.7879980168784133
3.241403435271588
2.986897599588375
3.118610704220377
2.5899846121336467
3.059805961355371
2.49655352666209
2.2086890917342883
2.3828531424072668
2.4901337604344915
0.9831830365650506
1.5816297698728328
2.1500179284912244
0.8975065653596361
2.023337310274032
1.4421712620045255
2.830003352442752
0.9167941847561697
2.3667095185278266
1.5656782156664248
1.6208389704603883
2.022676018037082
3.8711032521816024
2.7042725727929664
2.2905566527450767
0.9347095048626719
2.3142930636245658
1.3192699121282432
0.8141292704765559
1.63827590474809
2.632353873061199
2.2664260239530627
3.896623312244905
1.1036250884420424
2.40822540618398
1.7038421625571432
1.0669979094245743
1.1430652506557324
0.5707544942505003
2.0632577593838604
1.542793286535015
2.701908467634303
3.7361320746531375
3.0087288445642795
1.553947696195245
1.8698779699346704
1.6071580654208018
1.6356649737406432
1.2108621365510563
1.7771304361887132
2.206034511654185
1.4310134135636583
1.5602930137571507
2.3160631073264017
2.08985575476773
1.8469746266428384
0.83520277416685
1.0395146334471588
1.839980292045059
3.340018781520505
1.9180299601102522
2.734141058140504
11.376360682247745
1.2687758719176694
1.9992363462857283
1.727856530219933
1.456206752087595
1.7744518559920606
2.003485803868352
2.990072941108524
1.531532938692838
2.152265853586756
2.8257920648532973
1.3898763527639775
1.3981108964030249
2.24192598882055
1.4411244813341288
2.8625240553540765
1.2369514070262955
0.5736244087655006
1.2778698195609042
2.1361990493743304
1.682826734493654
2.288103650457675
1.818903523851957
1.4402078923410133
2.300065258924261
1.604593290832018
3.5662224816416885
2.744328121429833
1.7120578366051713
1.5770529970729963
2.643379402506015
1.6979513630314784
2.8964060596575205
1.8736773621927127
2.079950918148401
2.224521751199483
2.257971677688863
1.342270879605201
1.2459628652303218
3.0038135782164272
2.969515399085365
0.9801311332488242
2.800840679648001
2.7216917500241755
2.1687137496145383
2.105857378453912
2.4175907686074423
4.915548696077411
4.050387449206389
1.9527634623431345
1.696787523588812
1.8757238512143042
3.884061395698493
3.6214744746308716
3.3259804722766315
1.202613684395014
2.2744834161011473
2.5796824817948902
3.5862700024788396
2.1294057738669943
2.246091878118024
1.795269613411061
2.5534594129487656
0.8362483976917818
3.4038060717634724
4.335809324137558
2.4050407209890317
2.0735997883680466
2.2899276250426106
1.9599646869235954
2.201207259137333
2.6265353576904755
2.0288050794803887
2.1708421794372046
1.4039311197767361
3.2784338719337494
2.621829324613839
2.994947322181224
1.6543467909553378
0.8726136045459182
2.543233683977996
2.488908404749913
4.717273538182421
1.33173768137918
1.025949341109725
1.0542506850112878
3.1663064450882943
3.189149254149067
2.3497879552150014
2.0891495647598566
2.2610377495470457
3.3540717646476272
1.3198735517280786
2.5085461287571817
2.981529456629574
1.5429097713223818
1.8778909861441802
1.386753132536481
2.2633173534012982
2.5108285871748435
3.562491126453394
2.57153383270864
1.6748851470466068
1.3784967278740858
2.654319386599546
3.5125521529856862
2.2244111941386424
1.007204850081478
1.949582773053015
2.529927191347517
1.9045304884264969
2.292788850045285
3.6904471550520808
3.056016457048531
2.8208952294948215
2.389225723584541
2.6960683112374144
2.662901317602229
1.9778496673806814
2.688530883805861
1.5263481889787738
2.435362003898351
3.310224285565712
2.7855705704502474
1.4558888946836914
