Model: COF
Dataset 20: vowels.mat
Time taken: 3.325395107269287 seg.
Accuracy: 0.5
@scores
0.9219708687603542
0.9015497152960017
0.931376608148839
0.9540483473443522
0.9946021675342085
1.0017436753412945
1.0011499704292988
0.9604256810164509
0.985054047542803
0.9839139240219705
0.9918022164649035
1.0612598103202076
1.0706027507981295
1.0981355611010486
1.0529957688593616
1.0055581089362993
0.9686712149247291
1.1841402438798354
1.1333962680249112
1.109597553154687
1.1030341227860643
1.0582067040389591
1.0343764632745742
1.0652796426495814
1.0782008318331349
1.0584349574382736
1.1653249156162657
1.107786555644208
1.1406791399701408
1.1066158129992187
1.113484954676103
1.1436209423723414
1.2306024075552089
1.1231366806239627
1.1417355197856622
1.2114254810433458
1.100285294365681
1.0392705168564287
1.0649922658680715
1.0077653218139238
1.0420015680743582
0.9436302621255044
0.9752034799795031
0.9560471390482965
0.9447896472735161
1.152514369222702
1.0462336209688596
1.015602864248194
1.0706749773414923
1.3337786936962306
1.1800529927557213
1.233408213009084
1.1668692569078536
1.0937746148201357
1.0412548957678305
1.0200337060784943
1.092911100698996
1.027671642857573
1.058034846622492
1.1282997867385225
1.2048223878957387
1.1342426115306405
1.164655719471574
1.268556644412032
1.1265124328782419
1.1802687472700197
1.012020092343879
1.075434130736213
1.0308245548861297
1.0168002566504477
1.2111955078836343
1.2482928412817775
1.0964623733389236
1.1242040889233678
1.117123295245004
1.1378171599391471
1.2285603506146938
1.1619189998031425
1.2745654637877968
1.1301577190080145
1.1517236356397003
1.070522975428719
0.976116196547674
1.0030986607146597
1.0815116521130599
0.9997664675447356
1.0118340047594618
1.0289697826607114
1.1685892761817158
1.0710244246415266
1.1145266592421776
1.1174561303638715
1.195422412415328
1.2462135577317877
1.0796112244388578
1.175435623928534
1.1277707079444363
1.1774908476146677
1.0167560731779646
1.0210537431950715
1.1386946877821162
1.0124493818164695
1.0036644923590696
1.0262505141982456
1.0293253308653343
1.013588955880962
0.9542019757545053
0.9315915857795057
0.9864130250294003
1.039458950553587
1.0560538018651302
1.228158849329267
1.1547796337245793
0.9557657982943417
0.9337972134455248
1.0283299055110744
1.0473862441062771
1.1332218667411165
1.0861331615719636
1.1054653972211164
1.1379330617274885
1.1065829574326638
1.0308145386548981
1.0230378906416828
0.9902695321239608
0.9544235938292328
1.0548680612660488
1.0111670016161938
1.003766260495535
1.0311794009210962
1.0145424169259762
1.0066790210453138
0.9462194805169355
0.971488059151488
0.9856138863058052
0.9512151559139985
0.9538562076215293
0.9251588123746943
0.900505830658566
0.9743143017057311
0.9635857237347166
0.9610966747398936
0.9667333395785003
1.0049126410814981
1.058581980599818
1.1789382036646243
1.1597390929468285
1.0206388392115282
0.8855316953773968
0.8935512327168709
0.8912220632163148
0.8576828193090013
0.8796911459908562
0.9636906141147931
0.955957479803999
1.1458723160560638
1.126825823480933
1.0697905704944213
1.0259491613273506
1.0149717392660118
1.0315865449532748
0.947149459643771
1.030283959280732
1.0872406609910783
1.0614618225889654
1.1656292366656256
1.2053019803841432
1.2305540898256297
1.1785354636954104
1.1185360151621024
1.1269350395382791
1.0101795673488045
1.0020447769852159
0.9551624895929989
0.9252857472174596
0.9346723612104558
0.8907949446585466
1.0118627130333566
1.0279104170103253
1.0270252304054162
1.0532801046661067
1.1275478536959105
1.1606009529012031
1.101795852584711
1.1263000524142828
1.0608701314195383
1.1243371195929661
1.1024361376435379
1.035977135634819
0.9616637140127352
0.9234059102538671
0.858336788280504
0.8756711016619937
0.9033445534853752
0.874135568401066
0.8782412126388562
0.9494665141196659
0.9525498682333038
0.9885167827563166
1.0531668201738988
1.0213808629508248
0.9748498578975232
0.9327134119652174
1.136090408571481
0.9635364425108759
1.0875279761863337
1.0667906686626882
1.1588202485220749
1.0552498575099896
1.054880662437755
0.9958902087084984
1.0008670440835965
1.0961685862545687
1.1678641761292878
1.2171293105825722
1.2382130774046638
1.2666075733587796
1.1176490434406945
1.0919627783808012
1.0365211360890065
1.103088916939151
1.1178994159586175
1.0537685070350404
1.0274577791013029
1.035693621106211
1.0235127833767512
1.0197608842163548
1.0041092839629437
1.0457308634177267
1.0246942660877127
1.0406824365953429
0.9887677972067972
1.048080785146545
1.1847693149130385
0.9985734553589709
1.0105596717391183
0.9930070990165875
1.0493428266274216
0.9660457545073698
0.982948169327952
0.9974988670617748
1.0369982153446597
1.0977949649818783
0.9723598000898133
0.9774940638534486
1.0222484139612542
0.9866997950897713
0.9444431585827989
0.9438383402509128
0.9972666129267093
0.9830354353766169
0.945160058041951
0.8881663163369802
0.955600650990884
0.9469554256772222
0.9614185472635667
1.018844227356331
0.9847196299754785
0.9924037747406932
0.9815055568832288
1.0401980522733079
1.0146375736989814
1.0595317744727544
1.1267814926915052
1.080826186155801
1.053474790579077
1.0535679692407613
1.0772255602301102
1.0531634612584944
0.9851345107315055
0.9744971770540455
1.0166313643178209
1.0499237666724974
1.031135674153871
1.0856444342117315
1.0337068664076656
1.0039016352862589
1.25031876603307
1.2397751729616193
1.2587417714695142
1.0931491195650866
1.1331673036940473
1.1801608054451025
1.106581159834981
1.0466460196345322
1.0655204770844058
1.0889994424983682
1.0501871696683087
1.1419454764950911
1.178982806186609
1.1780069162089521
1.0398690580848133
1.0537270132258592
1.0279258407580418
0.9557397825039736
0.9106205161465296
0.9696950868643277
1.051436432068067
1.1163275096924858
1.0811112273281298
1.1097592437463828
1.1947645572313672
1.1514954459570146
1.1449199966007433
1.2704664567337305
1.2872421524996904
1.1349757213764624
1.087732785899948
1.0814925843592158
1.0539043151667138
1.0559488345509194
1.1075197519007183
1.1102529455186234
1.1967629114540246
1.204667387780583
1.1712831508262842
1.2857510005633976
1.0602013722578159
1.0344975569479011
1.0151723208996186
1.071269735764842
1.0437752447991784
1.0118003249953167
1.0315424958804424
1.028801786004582
1.023074303242553
0.9772020690868404
1.0191601616729467
1.0501635081778653
1.1509902499755065
1.2600880362464326
1.105235878722207
1.0658343589936707
0.9140564446268699
0.9311477706569316
1.010769604408796
1.0458813771843931
0.9642563867225956
0.9155158879415222
0.9618920126389467
0.9692127900875551
1.0888204515928046
0.9912685699989088
0.9775409696510777
0.9403273904443078
0.8782628127966141
0.9587197588371894
0.9864000326397402
1.0047137599413738
0.973969073831791
0.9739317699307903
0.9545383230618579
1.025432012143879
0.9507293053988086
0.9337105412570179
1.0118338845238126
0.9975574854488649
1.030006357397115
0.9404921493400883
0.9250564118571066
0.9337394188559255
0.9073031865270095
0.9653479432984121
0.9502211098570036
0.9815396943758251
0.9855372149226932
1.0309759019427727
1.0006590086418836
1.0416636324926207
1.0779260196472378
1.0767974358054402
1.0589967354670125
0.9882680506451896
0.9698384043215076
0.9428209046070821
0.9686938666791755
0.9988249460884039
0.930015273009397
0.9344149119000353
1.0151000386028006
1.0246447066877373
1.013997262990991
0.9728049816356986
0.9407213053055732
1.0127315674684152
1.024106158504248
0.9624902905176017
0.9772660833499465
0.9405765091631799
0.9923441025848971
1.0859974659665002
1.1472793126197565
1.0431331127342647
1.037106732388691
0.993937700773955
0.973149613429012
0.979256856483241
1.0590765162736715
1.0561336824920096
1.0055851754071665
0.96123440670096
0.9228946968461409
0.9932207084325424
0.985829771218514
1.020943623559863
1.0588994364030655
1.289932854608498
1.1248609812829522
1.1239796860301374
1.1077372753500172
1.0865309702520403
1.1835808046768999
1.0182462755707147
0.9800930698157638
1.1555329179758103
1.0547191506344595
1.3364660717712091
1.1542462691172788
1.037897503073789
1.0859400733007334
1.1143216648621566
1.0074377012872362
1.0219323204959088
1.0202018963719353
0.980518233088321
1.0011886061550015
0.9759421179519134
0.9210416772036271
0.9273084179927075
0.9493291725216042
0.9008153751973347
0.8819799249266741
0.9034170846557786
0.906150602725161
0.9572405339742495
1.038855562988021
1.0004528763036777
1.0225151712065115
1.0738851409235017
1.017164442927099
1.0313331121024247
1.095766819489019
1.0915506985849281
1.0138988947753402
0.9170426442937482
0.9261940128372177
0.9544327866558467
0.9362179814889293
0.9983284045567085
1.003884150796931
0.9501797295824949
0.9684733698743079
0.9941827834807763
0.9836569523495863
0.9221617063402366
0.9448233730862865
1.135097025690034
0.9505679745213511
0.9066349434878466
0.9403102405956829
0.9263826927729752
0.9598655873487665
0.9227225145810568
0.9235825119855179
0.956102166496221
0.9373549672379836
0.9681127799270876
0.994642857582031
0.9649455667327104
0.9455381236907573
0.9575966096400419
1.0768598352451464
1.0982964722214745
1.1500945953884236
1.0236850974921765
1.0223042513435225
1.066891897080107
1.0183543421527759
1.0070891774427784
1.1159122390566023
1.1293753576096552
1.0856130768553005
1.047190838013844
1.033795168115458
1.0185330627547338
1.01006124999163
1.0186460639199666
0.9667988544894912
0.9204951917707294
0.948355226668364
1.16833017519885
1.1232094764551497
1.1245900699726898
1.1259784345536556
1.1146060896374637
1.0316371419736017
0.9902450429625351
1.0303812241321666
1.0634316250198677
1.158078692264165
1.019791037751239
1.0743027767452469
1.061617050169302
0.9784630923253843
1.0884886026807852
1.0269179233066745
1.0516997877532017
1.0932900298416155
1.0218014435420004
1.0029436559471216
0.9766187613699197
0.9454750054670011
0.9558847814452114
1.054948299929441
1.036276037770783
1.041749352305518
1.0538733768537205
1.0280050616026282
0.9960009293840875
1.002695122809471
1.0107841082489135
0.9523318214308631
1.0350699831311985
1.0756433242577637
1.0829104712743778
1.071067341372712
0.9390573254320039
0.9078773280374426
0.8953135696050095
0.8665030376185723
0.8610371141386122
0.8521290160608119
0.8002109844622375
0.8219091329727093
0.881243103800324
0.933841231070726
0.9567580466733416
0.9663527270778437
0.932551881297373
0.9894352442643353
0.9910594700593676
1.0741966178407067
1.0453310642930125
0.925446226622712
0.9875766070346712
0.979465950100816
1.0963835611557817
1.2395958905144908
1.086957100577119
1.2057229213539657
1.126396794213194
1.0420167542697905
1.0503429945798906
1.1606347783981155
0.9624217445918934
0.9713765342248794
1.0028819057771994
0.9237885318317445
0.9722379195013119
1.0490520378068402
1.0381134708705924
1.0331653137484378
1.0831981326999478
1.0539542031416749
1.0785871330081749
1.124851326528912
1.0834099279663691
1.0223534704757204
1.032070825330752
1.246416084466954
1.0784462157642845
1.0382480157298977
0.9968066579616551
1.019963420890323
1.0465806768485664
1.092287754733369
1.106043632181771
1.1011234454014889
0.9442361151454658
1.0769755516708457
1.038832333897298
1.0596445933967449
1.0299390687168752
0.9248341309555559
0.9420613994557898
0.9474526347986061
1.094205380723854
1.0637905477462632
1.0599566575808936
1.0877390369297502
1.0236009803822115
0.9947652615873057
1.0234011756092862
1.012722484023314
1.0646633757648583
1.0603797240650983
0.9726978421197315
0.9188458797896645
0.9471409503831557
0.9350411736603581
0.9459508082774651
1.0700666850699625
1.1124065480290923
1.0104060338347813
0.9797839215041348
1.0815589426530303
1.3872054479445985
1.2707456418030538
1.2383791937602142
1.1768186778394194
1.1200617197511955
1.2592380205298939
1.353170156418919
1.0407623108490853
0.9253365733360229
1.0954349020176963
1.0736869291418691
0.9778348119097836
0.9670268066642398
1.0048274244340603
1.0936462070747204
0.9906096536512516
0.9640980301406739
1.0171680764267843
0.9442072599513613
0.9427216239219587
0.9630672591324679
0.9796270953782337
0.9485682809678271
1.0883080883999743
1.0361897672101865
1.0092774981296762
0.9403014032093517
0.949421405319898
0.9431064748198659
0.9632881501351561
1.066033146825543
1.0026707613753454
1.0450839607043128
1.1063540730616568
1.1488890751863565
1.047009795227343
1.099995885629682
1.1177226963643427
1.0406475556979897
1.0583796823814888
1.0786680779313187
1.0787619178328296
1.0549515104234979
0.969006100158999
0.9160415150906475
1.0069790891538157
1.0210508181839744
1.014399403929782
1.0745033790681309
1.103247332456492
0.9511231123452114
0.9932564151963875
1.0432325233714022
0.973682015448819
0.9479539888731279
0.9898352352590583
0.9694736336791179
1.082876131040015
1.0176744386568395
1.2113248833020225
1.1833233307001454
1.104362960130088
1.063765744504724
1.1005120513260576
1.1402261014237032
1.0879278315318246
0.9790495578758771
0.9733558604846191
1.0192170556989384
1.004277753841233
1.0963575324136028
1.0995263949139602
1.1808814147577662
0.9460795727146717
0.899358401401062
0.8986651138433805
0.8760019053650201
0.8262611983020842
0.9305479117786204
1.0080703978645054
0.9286310380946862
1.0167609126618236
1.0276117163709673
0.9915342904138235
1.0167950650787525
0.9715082802322564
0.9725868220004761
0.9828738679668386
0.9651751056318968
0.97807638874847
0.9658622379620747
1.0311516069826723
1.0209196217782486
1.108515744195131
1.0125139533632872
0.9377304319847831
0.9598307065725898
1.1168480542440045
1.1764874049563643
1.2318508223444098
1.1505036487696672
1.0227340788444477
1.168328777997671
1.0595758311516894
1.013822342740872
0.9977962484377536
0.973802453750425
1.059832136548889
1.0345386803672991
1.0439980684999788
1.1495526883164804
1.017333477808241
1.0919945928012083
1.0807653415466891
1.087568850308366
1.0274303165502732
1.048854456977122
0.9632939837179868
0.9925047705389752
1.048478809979063
0.9595898690803717
0.9572627848859723
0.9649787265523037
0.9727523563883052
0.9590650709289184
1.0028676029697747
1.0369884595923582
1.1085034158255993
1.1422115351159976
1.0425419620383427
1.090299134281667
0.9734757704966104
0.9185239143787978
0.9648682252409242
0.9860751275501879
1.0039503585766905
1.065520400194557
1.0054195825549337
1.0289387472370468
0.920797509599383
0.9099168140441612
0.9374064800163333
0.9489577900808505
1.0191468879248413
0.9700500222443094
0.9914843958709307
1.0427836420549321
1.0529610570239105
1.055209153782815
1.0502614820420264
1.0125266333446126
1.0312558807803591
0.9654228190850831
1.0222715492845633
1.0169461617647733
0.9994506916619909
1.0496536964418273
1.030884172350106
1.0552592500681541
1.0444039961428817
0.9552591704502187
0.9929837028152144
0.9836365884840833
1.005402203072434
0.9809356436967674
1.0693460878760979
0.9747777782005516
0.9889372663272189
1.0045177825232212
1.0293351601790557
1.0161787986590232
1.0135788696016839
0.9537355524122917
0.921098286723512
0.9320112741143052
0.9913487501887635
1.0024604346641197
1.0012928891584256
1.1509357687083281
0.9400606594763125
0.9845782676550365
0.9622284128913072
1.1631597767509967
1.0946678458032224
1.0672049958935776
1.0991197475516004
0.9944975113362775
1.0723162116505642
0.9960040803342048
1.035690248958234
1.0956599237565787
1.1356762112127246
1.034469293493181
0.9308525438909012
0.9559899423755208
0.9647215085528235
0.9667882109100722
0.9842469597273987
1.1522552727171704
1.091565390062001
1.1453514400888487
1.0947913887608671
1.1005229658807951
1.041989966881271
1.0112777425196242
0.9327503144111117
0.9583168537252483
0.9189151770363592
0.9217437492334348
0.9286095836704144
0.9443401108688262
0.9986867093964277
1.0843647999624642
1.1360306141489087
1.1381690143016363
1.0230933273893223
0.9891412598198543
1.0421964879252537
1.0981648265692117
1.0485679858679318
0.9426551473338091
0.9680255914073194
0.9841642737738047
1.0667356203994423
0.9573796505057003
0.959088509758416
0.9979553037504418
0.9843727619814797
1.0280276139010391
1.1579505495715618
1.1976103156504527
1.0489706442996072
1.030054487147219
1.025704638974503
1.0965475761355974
1.1105893242525682
1.0255440957513335
1.0462217601993071
1.0512801717142166
1.0939416348535331
1.123552450833343
1.072430669845873
1.0981056548628216
1.027295564692815
1.0086922542686996
1.0176993997699673
1.0737037273456675
1.0416436805460232
1.0312438818555467
1.0321190160236589
1.1556598073144122
1.0649631488248126
1.0257760509395168
0.9700024243005956
1.0306001657108574
1.2045042688888903
1.134878827738983
1.043888962982423
1.0238055188939865
0.9703879111563267
1.0342026733269942
0.9518699528538144
1.0972835806457515
1.1089468396492237
1.0137486844158348
1.0050041193464694
1.0277177284360124
1.0661782431729585
1.034671956542205
0.9111041740768038
0.9707817799560678
0.9987798444959266
0.9985955104664819
0.9627036509863772
1.0262467805575466
1.1862239602745643
1.0087870861577048
0.9672184043061912
1.0052328922667555
0.9481994352730317
0.9644792812756776
1.0638442243654396
1.1216023128851056
0.9857026732408761
1.137597297658468
1.2208176554800987
1.175141468248144
1.191995642727154
1.017302625216519
1.0567288303161841
1.084226171150372
1.0223472389993364
1.0009968187698175
0.9922430895257939
0.9719310908296157
0.930031806856313
1.000475538897585
0.9333367205158691
0.9736084480669601
0.9827912935280488
0.9841720470594378
0.9885008681171491
0.876013079267019
0.9323610622433833
0.8848614393263472
0.9717120430054057
1.0317846414516227
0.997682981715851
1.0241165477615486
0.9350055841048179
0.9606677172728215
1.086677649249228
1.1311458194869726
1.032840695996969
0.9951700164821243
0.9923751780898136
1.043220480454088
1.0133944641543813
0.9963281156622749
1.0807814112070169
1.1747485383219063
1.1750863399111506
1.1151124155654077
1.0485095780006308
1.0815935111920034
1.0211771786464205
0.9679852613880986
1.047353970350198
1.0440003973990968
1.173847840567569
1.0941014932424338
1.0592817005905533
1.0728321658383546
1.0504250692824342
1.0427768009387888
1.024593766642231
0.9803978998152411
1.0802136404365918
1.036996660907881
0.9971716351480361
1.001922082127332
0.952543076115852
0.9735799567222178
0.9182788570918642
0.9495498190715784
0.9827666476270631
1.0440461507428882
0.9294528664297887
1.044736867159727
1.0510209494389828
1.0295648937391542
1.0304130052430536
0.9814777053195143
1.0306900816319224
0.8999927669143297
0.9208363488302135
0.8721354127974816
1.1385486158249178
0.9348510732812741
1.01069309518097
1.021630091280268
1.1826352692692172
0.9989508036288227
1.0479745230432393
1.0286469081402398
0.9699341249717495
0.9886601234892549
0.9652847345012642
0.9700772245571777
1.0251510354105668
1.0065035310067914
0.9753439861895822
0.9953513413415283
0.959961909580349
1.0158412289866412
0.9330997675735473
0.9291895264080282
0.9994600481369599
1.0248588821524878
0.9914548123577077
0.9909168765492974
1.1128664701068447
1.0926966403158473
1.0557750580466656
1.1200973625900676
1.1652076833546592
1.1426000402631946
1.0073962458903047
1.030928737353597
0.9856697411109063
1.017520774532505
1.05235513024698
1.0868826861829914
0.9805172715145029
1.0207088993373294
0.9866603836931298
1.0091786627586878
1.0022862381975681
1.0454418772495109
0.9996722709152099
0.9486855765489195
1.0544792091583404
0.9536142952520179
0.9561862109389994
1.0697191312451084
1.0642801338928278
1.043716724346324
0.986102523674443
1.0382288700251165
1.1377182730091715
1.097019969807355
1.072752623254202
0.9860253320262486
1.0217349463404144
0.9670927348624828
1.021053927055892
0.9700542979229353
1.0727626878240104
1.1105786436764737
1.0206838341670694
1.0392257767849624
0.9786951763537066
1.115249943701304
1.2769031327704663
1.2762610623587158
1.2954051285094859
1.2330242340741624
1.2516764413362764
1.1820607760438295
1.1601977359378004
1.3602795925957942
1.2429078893420769
1.3195153540474835
1.1458899017296762
1.1235098430343122
1.2809766361520187
1.2023215767836035
1.370635720713472
1.2418985943853176
1.370710395233115
1.3162068677083754
1.3276871281243692
1.179988268223902
1.1018417013785133
1.1168191498920372
1.392299199091169
1.2500153743930025
1.2421931555896963
1.3081338922877834
1.0500027401896335
1.0076715958999949
1.0121207643835644
1.1074367630666309
1.1572164159609988
1.2648422298596653
1.2169170836738294
1.072526425785878
1.173337610258611
1.0861784446612786
0.9967207727922331
0.9774445670391846
0.9998468847839883
1.0306193949909375
1.0808420938430938
1.2612578919258273
1.138818138975821
1.0365150764337636
1.220721039856966
1.1766116240586122
1.1058448812769155
1.0202651132672502
0.9711773390901196
0.9690491088946185
0.9682819201144558
0.9363065501830194
0.9628093276777656
0.9995995995369901
1.0389691371845873
1.0371111309915824
1.0983432915888043
1.0845924875164488
1.0454265859800351
1.0075867961389717
1.0705962348961335
1.0471830117755843
1.0676791619129387
1.0124293548069596
1.0111917845707457
1.2638930153330745
1.1191853407054586
1.069107131665718
1.0683281043302135
1.1125788556084732
1.1315393144089643
1.0617386409784324
1.0967710718300614
1.060467474329801
1.075663796798934
1.1954238400171229
0.9748453072035915
1.0220978213268475
1.0167005432846092
1.0056232283131041
1.0658845725320947
1.17600598714393
1.1849037346164875
1.0133176146415435
0.9837157261690508
0.9670998913762894
1.0003019315389525
1.0267684688519394
1.029040053737356
1.073905817556839
1.0116557634172958
0.9550713151023468
0.9800870460465834
1.0066488191551135
1.0254816283896455
1.0459030506679665
1.0441602742904712
1.0161106647205194
1.0244884853287903
1.0371134679577487
0.9856985791928963
0.9712248402704697
0.9798242182503476
0.9161917937423718
0.953937428844813
0.9817927907233464
0.9481794337733158
0.9075191263792577
0.9433777650304301
0.992512555381597
0.9935690129230764
0.9751960925874519
0.9419497154299205
0.9508924744095058
0.9822375010540352
0.9601636015347241
0.9353091825280037
0.9831062504836969
1.0330212683732316
1.0060746139844687
0.9196677377950079
0.8636852817189297
0.9208709947195332
0.9640708863627327
0.9604886570567049
0.9632917113227993
0.9955036045665184
1.0692290863429916
1.1146057720504594
1.1291233238060134
1.0652384061887392
1.0490223748846117
1.0695608769245206
1.0650111227946337
1.0632104615393918
1.1057919418897213
1.0927623256390253
1.0575922818112637
0.9967656314956597
0.9320161336163206
1.0204684357805112
1.0358897107692067
0.9886839731311838
0.94699007351639
0.9214368857882347
0.9323814854972875
1.0145547548352623
0.9985103298238552
1.0092835169491754
1.0094236388455446
0.9683963659712417
0.9822723669735421
1.015142119285455
1.0245253874340348
1.042178716791039
0.9819635127849996
0.9775132911603576
1.0450388072945687
0.971901138029356
0.9308931392353276
1.0108519187334886
1.0392425984121636
1.1060613669910468
1.1364513303574106
1.0230135783663472
0.9851760912453136
0.9524899913093389
0.9207958203251081
0.9406661763482107
0.9988521743421693
1.0465504669262247
1.040493124246402
1.0011445222781543
1.012186847445489
1.0296790334634989
1.1183458398574058
1.0324792530485503
0.9692993684552439
1.0604574898610943
1.0205129112181144
1.0490069917942344
1.1258607373616585
1.0100598933973008
1.0947287753960457
1.044812451644861
1.065185655053796
1.1278386237023188
1.1122062301926863
1.1074944993202336
1.041512348483274
1.038272812214613
1.1482767924085082
1.1263017876851171
1.1116453948925042
0.9899720176548619
0.9701050999273453
1.0245659405147527
1.026579514268997
1.0415235350226983
1.0395706903712578
1.087362453163992
0.9789253256417726
1.0550977933462133
0.9964379236370493
1.0133886132647905
0.9907654029883985
0.99876253968113
0.9680990581027992
1.0055737713312383
1.011290420591355
1.0046213137028006
0.9500407795897858
1.1057680895868693
1.0041573269360498
0.9686293007340028
0.9793114777440695
0.9417656525429626
0.9393266316794533
0.9720229957161053
0.9553007981096518
1.0156098162471623
0.9231043677896964
0.9515474086354794
0.9535772451598111
1.0581589020227602
1.0202325067606797
1.013576473499091
1.0501802662454618
0.9431970607112636
0.9793546104440135
1.0002510109949885
0.9444063310413369
0.9184727318683961
0.9509641391399183
1.0249713177113557
0.9737984066341385
0.9730091156594997
1.0129645403130376
1.0002808161948276
1.00591081816105
1.0493115499964063
1.060347519081806
1.0755798542076156
1.0853315393726515
0.9768332403331326
1.046812292566809
1.0633612849106067
1.065602159163435
1.03183296270385
1.006311322062541
0.9686812785206927
0.9973269593612474
0.9515836140673496
1.1993319130741291
1.1854716925292839
1.0737222164727436
1.0585657927114551
1.060929750895318
1.0588233975933898
1.072358438782046
1.0278103783444854
0.9618907164895069
1.0245751114001629
1.0646862740114782
1.1257389162620441
1.0933371445009012
1.021857770947775
1.0842156448091655
1.0088201281254412
1.0281399426996383
1.1138530279429018
1.0593150885849676
1.0962893666058688
1.0315696117742768
0.9874705831834704
1.045223257147634
1.0180036161134485
1.1135015784431455
1.1492296227631948
1.0590895926306205
0.9980027711575733
0.9369885929648455
1.166183644922514
1.1753513960643323
1.1249359019693999
1.0542393931995773
1.011935591707701
0.9805725583745788
1.0751812443403828
1.2335928134998635
1.185881983169318
1.080848051140952
1.1051214350106198
1.2581823730175943
1.1574284670973929
1.181664110189543
1.2291069223628333
1.0055804317516372
0.9377893753977395
0.9025141650883491
0.9200302412072858
0.959467543072498
0.9486439730980681
1.0333607385809398
1.0581997950703306
1.1397356287362472
1.1498806297293789
1.1400241244278486
1.1028386050672643
0.9997304698357659
0.9840270301050116
0.9554054426554305
1.0225341919635489
1.021027321200533
0.9221619054752949
0.9576953600872299
0.9562644387758588
1.0438459307781551
1.073336235705524
0.9904140460174575
1.059546109228863
0.9949241765177803
0.9517021534553971
0.9912369792819973
0.9609325485952905
1.033760946785005
0.9929326562375891
0.9558721745683217
0.955178620274053
0.9472060731311398
0.9680728398408018
0.9871666038440963
1.0163220669536321
1.06336684648433
1.0914458415208974
0.9960049495498122
0.948943311437331
1.0036542281708145
0.9255957588208763
0.9267207537302198
1.0363898098131925
1.0350040829672538
1.0024629073681897
0.9962497338962907
0.9388808673597484
0.9752576128996369
1.0229663503008788
1.0254337529107451
1.1735540131251452
1.1995866618351487
1.0393667988096913
1.1104062179841405
1.0113039948750127
1.0269807732559013
1.0495706440908352
1.0013873850889268
1.0828304882094422
1.132823390063728
1.066339480274307
1.1654907426926244
0.9903162518347873
1.488917053377895
1.3481176414621605
1.02849058022267
0.9846297106368611
0.9892046792319913
1.0070007015597215
0.9017911159308555
1.0356055023129207
1.1120490799920475
1.0487518149060082
1.0362281891726475
1.1284105669237647
0.9698975384234623
0.9983714071335524
0.9370999566001544
0.9703310934125239
1.3121061723297094
1.186836913274135
1.1711222060369295
1.2733198537671615
1.1204325224224396
1.3220744506354942
1.2272058119690907
1.3435339576970964
1.325083599739922
1.3170831467770276
1.2952712693231416
1.2482044484010322
1.2247200459943042
1.067890609821426
1.2013233127750869
1.2323019813339338
1.296861524456251
1.5369792064387848
1.3504634557745074
1.2892346080957562
1.2977643428051397
1.2527988215247667
1.0902993260880578
1.4237076715656596
1.194021323719922
1.3987048196800957
1.1821710573014637
1.312405429212533
1.2272058119690907
1.1555135344406635
1.2693684910065144
1.1944373664968104
1.433421424462557
1.1499560162216902
1.451865405081237
1.1647378410508873
1.2803365963557676
1.4074843841343652
1.2061486519284443
1.256305929333447
1.4826204766317728
1.3876828194131272
1.2013233127750869
1.4704842824555322
1.1821710573014637
1.2311503128871117
1.372477759941257
1.2366140313694567
1.4006704935181955
1.1555135344406635
