Model: COF
Dataset 14: pima.mat
Time taken: 0.9360227584838867 seg.
Accuracy: 0.373134328358209
@scores
1.0385948511548755
1.036640516643718
0.95449574781536
0.9308931613698928
1.1134014521853193
0.9717473922860839
1.0741053782192678
0.954368913945848
1.099977446661092
1.5104459225655371
1.067417568717798
0.9133020238985347
1.0693156282234548
1.4533261646207785
1.026143589565391
0.9850080920757546
1.0075052500958104
0.9299222882629559
1.4804743402077891
1.0022241246606645
1.0182463739293535
1.1455241927250395
1.136178027057312
1.0654255094334362
1.0297633614871564
0.939113585785776
1.0675935694579175
1.0461212424500335
1.1230696721748663
1.077426218329798
1.0515322769314002
1.107374202918914
0.9383703789181858
1.2227650513169908
1.0193523172244066
1.0397459416690489
1.0044953977913413
1.0318296332975592
0.9600532361446915
1.1062896700538416
1.3351646962050834
0.9614352090443884
1.2778203601901987
1.1559892397287932
1.0726849850443771
1.2092136641972666
1.1451578777030094
1.1020669448240947
1.1629696444443904
0.9192061558480478
1.032858123584567
1.0918886615788876
1.293328104432025
1.0627207153455407
0.9826155641190448
1.1755719870499879
0.9624913268641039
1.2801291131121344
1.0967856738485044
0.962073012418352
0.9467039369439774
0.9726621158788269
1.4498374594160588
0.9652279467793126
0.948052139992627
1.102168842169665
1.0249214324816527
1.2014207684959624
1.0141271002473602
1.2094930738080385
0.9000304045692001
1.0125511331646935
1.1117543485976156
1.06785038008429
0.9974782854049166
1.631712391298741
1.166976613453583
0.95006407857142
0.9670826644913589
0.9010197035192746
1.3992731431354237
1.021584290902158
1.0464618379755672
0.9432149438083351
1.4714093594363638
1.0188217001797868
1.167428142105415
0.9942727922881445
1.0845952399875267
0.9355502295126469
1.030309524061248
0.9682187625424353
1.1452662357704089
1.0989353950141703
1.179447692358191
1.1435242847494964
0.9085639411213208
1.30150214918066
1.1632008242893215
0.982420880006539
0.9672183046754369
1.0947470687249752
1.0685259626767056
0.9685128249951164
1.0418696798369391
1.0136321951226137
1.4392562336969394
0.9378263762536772
1.2106311186020782
1.1279702150531852
1.0299819229475096
0.987377713611848
1.0556998661908903
1.0401714714050032
1.099074969046918
1.036647036584561
0.9886783612614015
1.1380926297792255
0.9337303443277964
0.9394071498828921
1.4091829202768837
1.1192173257430817
1.012407588547005
1.0849420001715233
1.108925829915664
1.4152000956390889
0.9963210587862078
0.9906665548539533
1.174747873859455
1.0071802487068153
1.043705622865424
1.094008592938736
1.1137425814992599
1.10913289747661
0.8924451222660422
1.125566568197838
1.0550163810827433
0.8939049364299462
0.9460117228744618
1.1766746631938054
1.0897561812303422
1.0383619443282486
1.146385291648045
1.0153551719134786
0.9423121860790852
1.3631372668298631
1.1714881100230552
1.037064468846663
1.0249710552478681
0.9834640497485894
0.9968952720803579
0.9655955169623818
1.0193673432135657
0.9092532822078089
1.0438793437078675
0.9512335301949559
0.9573984446366018
1.0827996454543287
1.013395699379185
1.1326762902779295
0.975743458678402
1.1553442185129077
1.068495156838981
0.9137087416776127
0.9277420429628697
1.1389909952597197
1.297945156342336
0.9664520459768605
0.9119779605501231
1.1352070848147309
0.9951401075272874
0.9822052183426586
1.1551729884779616
1.124084616984951
1.0408239295406343
1.0773970886780742
1.1465453793694993
1.3563625100273138
0.9940422847023753
0.9158293751165041
1.1170730138993532
1.0248615567001365
1.7077083365290116
1.0343597032264265
1.0336839750458446
1.113393040355791
0.989950203376104
1.2160845277150856
1.125012859880187
1.1012311731635156
0.9546799743347342
1.1317105052140777
1.0266590715258275
1.049589320414224
1.2699095586903675
1.0509613408216396
0.9556605166915592
0.9683476172648394
0.979658966378786
0.942267162610938
1.049931735043824
1.0348627681520848
0.9766282170612595
0.9353337053604613
1.0312272534926912
0.930362847957804
1.0652028550835604
1.093645548024248
0.9217338496376428
1.0757870671615184
1.0926472760484505
1.0027233537483662
1.1708781222576212
0.9602680535912025
1.0402670891697199
1.0292133639808223
0.9493027584655804
0.9412027244477967
1.127185651366994
0.9775131203484403
0.955349551818924
0.9918169841470472
0.9908829502042129
1.2729357200303217
0.922998229313118
1.096002003737374
1.0118632381551267
1.1448972992154625
1.4481536148850045
1.26168391747874
1.0826415313540254
1.083684474714696
1.022026544632595
1.0666917475163922
0.9881024041715148
0.9323927049061562
1.0217905047297853
1.2296036129746186
1.1847837836901522
1.0729883445873973
0.9181317544070542
0.9598751011992371
1.0520820700076372
1.0334024136765352
1.040202517691709
1.1893297725268068
0.948574044548601
1.4036705580463547
1.1242242183574953
1.0115254115090413
1.1644154288179414
0.9798409363985816
1.0077957603420247
0.9377948270024903
1.2749853425463913
1.074553157552957
1.1706018026952743
0.9364915703074989
1.119867265852509
1.0201437168524858
1.1151870071549284
0.9735231426613118
0.9353231816875742
1.0554329096712394
1.053178414035062
1.1294846115285446
0.9738164453175931
1.0307331147034056
1.0001091614351487
0.9466987376240464
1.0930689205374786
1.0826126029559104
1.1071392747969178
1.2013539917832927
0.9950858934891322
1.1488059607146373
0.9231661095015221
1.0466831926954099
0.9537164382396307
1.0556112562684072
1.1687245025293131
0.9884334841510422
1.1094827555682503
1.0005017605548812
0.949034185312406
1.0042544350720157
1.1114272752229777
0.9485477002166093
0.9948486916216652
1.018741204091622
1.0192464881913468
1.0471996607133824
1.0317413667418467
1.1856340000875885
1.1730992727128045
0.9475214553238894
1.0608976810051751
0.9119428709461268
1.0296870620753198
0.9334214568074641
1.168709896956059
0.9737350773696558
1.1306889556039652
1.2181980387410833
1.0501180550397602
1.0866037762464187
0.9888613872859408
1.0839311440963626
0.9250468062062369
0.9318482541538204
1.1501825293131076
0.9510231744436949
1.2361446065582622
1.0895531631987805
0.9888843748294917
0.970079432589427
1.0137386664406784
0.9956618544734431
0.9558607647731703
1.202814459620137
1.0544894009518282
0.9927808421756239
1.2116008619985172
1.2589236305277494
1.029924143607102
1.0908853299403571
0.9286026846047248
0.9598988542422192
1.19280791428485
1.0569638965634747
1.2617078555945858
0.953156758135836
1.39736952484526
1.0650062534859348
0.9599587683128609
1.0637505461598717
0.992612695038493
1.0580828140953298
1.0945433950954486
0.9547341037805339
0.9206678285921588
1.0622373306298738
1.5584301022304468
0.9816192162810838
1.146582471163561
1.0682473959622099
1.3363993434656045
1.021694578139864
0.9652622691580867
1.522302016784496
1.0802306551927214
0.9693584031591396
1.1660622584046676
0.9835401499662333
1.0834269440509194
0.9807927740345918
1.0081187308548938
1.2086141656926659
1.2205518664475274
1.066056437735842
0.974360109413274
1.060179141277969
1.3882933831210882
1.0514046542176898
0.9358167755738186
1.0405686461707098
1.0098491754774734
0.9975092959548072
1.1055766293607594
1.0740889621160152
0.9330847497818203
1.4862868307193056
1.0519488541928024
1.045887209442399
0.965336571831479
1.1007063689301282
1.0386432605988927
1.0106944002236198
1.0638273698019043
1.194744978769688
1.0089403060788789
0.9652835723397862
0.9981759549136511
0.9325243985747955
0.9149160402802258
1.2219410107526087
1.0953924594429063
1.1459516351488543
1.1126578171429915
0.9629135244651685
1.0356050207751086
0.9671195147399286
1.1063951771882974
1.1220169278367393
1.02349214102349
1.0206130130008189
1.1278086050103495
1.0354068431324466
1.0028490481777845
1.1501263948519922
1.042483639637874
1.138404033309017
1.0835354677920808
1.1082859729482593
0.9571999910746299
0.961086825233469
1.0136474270350788
0.9798728715610884
1.0926469850412568
1.1649069958453393
1.1388537865691637
1.020083200510956
0.9918129167890354
1.2004105452646214
0.9950309503367443
0.9372939775514113
0.9614457346440727
1.02142423902615
1.017368446702853
0.9332947192489833
1.0123457741764974
1.016829056250975
1.0968302702689163
0.9442652398378691
0.9924475457070997
0.9695512210703895
0.9356517694933573
0.991547062224426
1.1434421828736587
1.0531096120452104
0.9681818136486388
1.123478273862409
1.0650185527542635
0.9970597252617465
1.1293611920689643
0.9620019424960166
1.027896654615882
1.0974134699175033
1.0471229919797003
0.9871269563167889
1.1381683136041156
0.9716926937183027
0.9352475602552905
0.8997280020677683
1.1576672198740554
1.2016540976031773
1.0285014040903644
1.066765688815187
1.0862643022355096
1.2495361328312118
1.0433098808963925
0.930932281578891
1.1147026106488496
1.4350748715456467
1.0455861611332582
1.2436168958461848
1.2336620119762094
0.9465455157033806
1.058497789007475
1.5507700349643312
1.3493044540790606
1.0633220093224791
1.1191945520345683
1.0908031129625329
1.0523550342862702
0.9822735945976218
1.1841001315858783
0.9706068014950231
0.9596873831911786
1.0951515756567851
0.992257586475565
1.1210615060538347
1.0063761639914595
1.0834013961170081
0.9536471301888487
1.0549755038564295
1.066783873364388
0.944740504740184
1.1086927915882614
1.0588715552136787
0.9405726260533483
1.2242604869965046
0.9675600244167705
1.158775959373455
0.9814453248183649
1.0986253184136106
0.9672167044836754
1.1054284111245378
1.0769864372211695
1.188146593837176
1.0127966557016022
1.1369984591857307
0.9963563184478998
0.9628866250959743
0.9734345480854476
1.0174977176380926
0.8960835385538882
1.0748135191436792
1.2089302741808576
1.1064816201130128
1.1353962765298988
0.9913014293924293
1.5700767659836865
1.0831733030244346
1.0579159019974846
1.1221101371988478
1.2587169342257845
1.0049922948884553
1.137398591444944
1.0294683238221374
1.108786551094654
1.007551751394625
1.201265544795128
0.9781385553806663
0.9340740972005088
1.126989994622286
1.043581553517457
1.030368854995135
1.0642686527916483
1.1397117985553802
1.0702453778912948
1.0132824131902134
0.9853326939546521
0.9823223676787864
1.0719500698788376
1.0068009270089524
0.9080330575770175
0.8984844096944689
0.9406047780489141
0.9149024441251229
0.9543435553150469
1.0864606176373757
1.0923911438148106
0.9932134872108381
1.0091925271547755
0.9112066616475666
1.0943101572547698
1.5453674567058817
0.8948314005971266
1.1196816906418774
1.1749800450117145
0.8964640268968493
1.073830185542675
1.1861284861005401
0.9981965313141715
1.1210874261510722
1.0136092400256076
0.9529496480152371
1.385829260771452
1.1701483966405084
0.9325862919103718
1.0232721173749437
1.0824311007358078
0.993689850943739
1.0839069144750397
1.0228150884723808
0.9740655462556289
0.939360158556795
1.160984476946916
1.085320656534478
0.9902415383633384
0.9923819324118118
0.9166073540976858
0.9271376423670251
1.069227443292239
0.9185656029971967
1.227854678187056
1.1258211525813246
0.9635119058135547
0.9092390779024204
1.0816705588539826
1.0083714100460264
1.2104057312621377
1.0463685728612409
0.9926864302072939
1.201202798048317
1.153777625042785
1.1615556149360267
1.0235640047221242
1.4827619679391721
1.0019872220236217
0.8957050845244106
1.0920995890800758
1.1485859455393232
1.2228116259023278
1.0825288978799035
1.0405978301667673
0.9448112168507633
1.0670637077571377
1.0461470719411006
1.0438292727675806
0.9630849457782417
0.9430546678226442
1.1181293799654963
1.0200401513508706
1.053944411587328
1.2087298530723334
1.9423095803929935
0.9234934508795983
1.184923933251657
1.1170083100932102
1.0071561242717133
1.0426922504837746
1.0246980730494495
1.4060887348422206
1.0069126584933032
0.9598947415482231
1.013490875742585
1.0048450115774665
0.9803922157130581
1.0461104221712083
1.0212949682591133
0.9562048109792617
1.0670614283070075
1.058803074809483
0.9607804287998135
1.044199394832586
1.3697384439291722
1.0574296787970183
0.9362098857570361
1.0182484388314696
1.1110731421426805
1.0972261173268956
1.0492017835251408
0.9204632523756532
1.2269710764419972
1.047654571022095
0.8928445875629245
0.9540714906824446
0.9479192008513316
0.9276171023623606
1.0567526892506132
0.9545817549264874
0.909931151986638
1.0630266071093117
0.9955889091414482
0.9928009865693335
1.0549634980656988
1.063006824441851
0.9224137393928824
1.075826854674064
0.9685713051786932
1.0240475647778045
1.0288993550251937
1.0278423100235645
0.9764226860940878
1.0596340108986015
1.1971244466281383
1.0283032979011388
0.9044191945569123
0.9844152772200488
0.9680614286580166
1.065627246138512
1.0829377995129552
0.9601563221498552
1.0918955720109047
0.9818344254062793
1.0895961298634294
1.2844935581974528
1.0306245368993918
0.9784951009729188
1.1380792219797462
1.1807207218580495
1.0863668348217659
1.2429239166928
0.9654912113667328
1.0262242137517381
1.1997979776096241
1.075262988763357
1.1100583137444073
1.000782970427791
1.0809038040222958
1.3185642515048899
1.0442693084412535
1.2124201293535362
1.0644534950186695
0.9495989876724273
1.0735525488511797
1.0781772008344448
1.1471601114197416
1.2687943918992994
1.112791474969665
0.995365143939587
0.9939876747453669
1.3089347922778263
0.9145421965017281
1.0620683265997353
1.2037159826293342
0.9922414033731518
1.1682480909663373
1.042443987255261
1.3233226160196625
0.9810230769526678
1.107303913724389
0.9834879250205243
0.9195939644969866
1.014364957078592
0.9903449016678988
1.1237119382764498
1.1803097142631485
0.8940086796826114
1.0497148308036888
1.159347613983364
1.0252460436722557
0.9520108853619692
1.0083552454354667
0.9939632317615629
0.9796605114167088
0.8842094943667669
1.0165056573575226
1.0846727117426744
1.108370322323249
1.1160888697118394
0.9368876995640476
0.9312797066453448
1.137364792188895
1.0007797698098462
1.3112493826194696
1.073757430919725
1.0682213627042
1.1660115821515462
0.9858747727059016
0.971520674648596
1.076733710880647
1.0596579689910226
1.030585806833394
0.9692882648007292
1.197644924964783
1.1376696202935113
1.0222040638692345
1.0916269511777097
1.0953661972126258
1.1143396912134138
0.9999618312551418
0.9763985984281147
0.9996748939196289
1.0255920810470367
1.143661050540695
1.0157446718867598
1.0780997404806079
1.206754387577215
1.0367325639776128
1.0188025284778923
1.1173614354980719
1.0050555939866062
1.1772042315747009
0.9664473328488025
1.121043993957209
1.024603382180258
1.112107519484385
0.9490558528553178
1.0502854009376792
0.8667083100282144
1.008656264071735
1.0301463620194344
1.1168306770329703
1.005652055678334
1.0139030723198004
1.0046085675432395
1.1524925385098164
1.1929581490209948
1.1229872262617315
1.0044469928039326
1.1137411590693678
1.0341451673927733
0.8836684906227978
1.074009688238234
0.8973937181470638
