Model: COF
Dataset 11: musk.mat
Time taken: 22.54613208770752 seg.
Accuracy: 0.08247422680412371
@scores
0.9985247957624825
0.9712517280578175
1.0365333634656524
0.9709950995431413
0.9709950995431413
1.031793079450897
1.025557368073246
0.9513142402531152
0.9512950171804582
1.025557368073246
0.9645353688199058
1.0012885010213404
1.0012647147013531
1.0013416687410726
1.1850964521313043
0.952360249065221
0.9523581347016293
1.1850285240157366
1.1850285240157366
0.8965575498003808
0.9525808293239205
1.0402863845552774
1.041691747620457
0.9283312456628433
0.9283312456628433
0.9349150745047655
1.1290285805887261
0.9349150745047655
1.1097368675384807
0.948198113677572
0.8965575498003808
1.0907724486825137
1.2366900277425068
1.0907724486825137
1.297037657657253
1.0912897672456705
1.2976328950468794
0.9984150205833467
0.9984150205833467
0.8860863391163276
0.8860661784277233
1.0299273466189363
0.8860661784277233
1.0354212149631439
0.8963601842573795
0.8963601842573795
1.0354212149631439
1.0371001616959605
0.8963601842573795
1.0797397848906447
1.0797397848906447
0.9943435634055665
1.0299094198737215
0.9943435634055665
0.9945261017397609
1.0092881326475567
0.9449686320520159
1.0092881326475567
0.9450439586857057
1.0901814600836806
1.0211047734141079
1.0901814600836806
1.0211071533254674
1.0299094198737215
0.99707431511261
0.9320825480102154
0.932090334522746
1.0016396945031902
0.9320825480102154
1.0277458571420544
1.0277391851913384
1.077290475532294
0.9244186749655287
0.8986869535029665
0.8966107651093038
1.013141732575337
1.0133356582904038
1.0904387029610172
1.0904387029610172
1.0133356582904038
0.9705652345800528
0.9549703782328715
0.9705652345800528
0.9549703782328715
0.9549703782328715
1.0513436931317175
1.0298343580326235
1.0298343580326235
0.8689816375828144
0.8690408684789328
0.8689816375828144
1.0484005680098587
1.1867109006256633
1.1867109006256633
1.1377988708166886
0.9526942114674593
0.9525785741647409
1.0410311529517258
0.9661738909539689
1.0579640966535468
0.9744563739307162
1.0236103622169688
1.0078634359880043
1.0262739539136432
1.0013882435573618
0.9210510792508734
0.965890188924954
0.9458302450275151
1.1011945688434839
0.9697345076215728
0.9420095987034807
1.0375593876888916
1.0349095412229141
0.9847131465499072
1.0117989995208811
1.0412421111050187
1.05941432912839
1.0798077569205653
1.0719719155147844
1.143661367056626
1.1306177327824065
1.189689809553621
1.1202594114320463
1.0557441000420014
1.0569656205113152
0.9760402859795236
1.0582355586081398
0.9444015293774841
0.9426617189582829
0.9543439133281296
0.9835439442208916
0.9738752753306927
1.092727699401751
1.0678086540647005
1.1325490106957035
0.9659515824561786
0.991318681890877
1.1450995972898985
0.9802180484289282
0.991994464635731
1.1569530165567872
0.9956624628678606
0.9339681133434452
0.9331800037775758
0.9655228884416179
0.9995762797927809
1.0363961359669043
0.974845146811749
1.0454081432234592
1.035846116558458
0.985195459756538
1.0499314609134376
0.9897647379244546
1.0540535447553787
1.0166555163196689
0.9736681197204077
1.0003477546475044
0.982863644310216
1.0715863596364106
1.069192854942751
1.0171241542881209
0.972584401806175
1.0115691852738933
1.0144366689960427
0.9665843838813183
1.029486012264473
0.9872217374740992
1.0683880775070742
1.0209548588011603
0.9507122470587243
1.0835611180418858
0.9440773691874721
0.9702431048571379
0.947640547838816
0.9208752057115174
1.0078061052556773
0.9558959540029833
1.0078673504896989
0.9876403236205417
0.9953829227546016
1.071518859551909
1.213426678551268
1.2830794693068446
0.9894254457890936
1.0810816841174673
1.022178256852218
0.9890913965733519
0.9695990193982844
1.0615763622315229
1.0236490589591138
1.0101718865170881
0.9373331589823297
1.0884205987634246
1.151512547081397
1.2222354457138658
1.180478613799587
1.1436949465405104
1.0304276825478165
1.2540252395206706
1.0918290210012027
1.0841743219449886
1.1162174586699598
1.1021860342443957
1.0716179062311193
1.1470888305732017
1.0876107625558609
0.9930675097668185
1.0366832187069541
1.0273215506638664
1.013854845959594
1.1078057171112128
1.1377325017689364
1.206752782988798
1.1281986813178886
1.1698172178206396
1.0721942545219498
1.1687235394521018
1.1703055489213476
1.1088704813815353
1.0929569038615834
0.9402336210064631
1.1328658601697825
1.0504731783166648
1.149271391069817
1.0972630207161502
1.1559891716128678
1.1285265666713373
1.1550787160094218
1.0132156516531035
1.1115346848988417
1.0100732460023203
0.9621842991966036
1.0256653642659188
1.0058775695466413
1.0250770280408097
0.9607617192441633
1.0237348537156903
0.993417895023426
0.960955001934129
1.0094765501844385
1.0594633080369145
0.9991709623459435
0.9879488872691236
0.9691709927326777
0.9483072306565657
0.9780930569851969
1.060117913261514
1.0060387237267252
1.0591446550861834
0.9537137473392805
0.9508049040662054
0.9303373467365992
1.1197769153336168
0.9019209196408368
0.9263488105668917
1.0061895118177324
1.006170223587311
0.9606399687165628
0.9758941739590115
0.9976465210700637
0.9838201949398411
1.0527514245788825
1.027485823617635
1.009125078677133
1.0377842055622468
1.0127947970986508
0.94058298636506
1.0512320967174535
0.9268383295853762
1.0267004647943008
1.0405884432966117
0.9753315919841316
1.0018089887618542
0.9840049398740607
1.025772948893163
0.9720509520897378
1.0306059386491437
0.956917355373558
0.9779837587618267
1.0630684691791656
0.9950082307597973
0.9744876535069353
1.026309624166124
0.970016960481107
0.9562803518013482
0.9884458309255666
0.9865415589522653
1.0663346401728369
0.97151802213207
1.0758362267145483
0.960912280768069
1.001671248376711
0.9385066829344743
1.0906156315464324
1.0033737792122663
0.9845338949530117
0.9849163500056324
1.0770906824375144
1.0040093312890581
1.0794483625425397
1.0177547961946005
0.9666439192531633
1.1261580429562226
0.9751996754832385
1.0078422462062713
1.0579583502908976
1.063655536528528
1.0579454235650125
1.1071626297393093
1.0331667886499527
1.0007326836236337
1.0487198066147836
1.096137005163345
1.0130504344797635
0.9580158137571659
0.9858069285037827
1.0188800413573926
0.9527448416994374
1.1436902422948683
1.0410374393468371
1.1602168044186059
1.1175547654691569
1.0331700056142845
1.0621726817290966
1.1347791578696285
1.0403222253000457
1.1120021021447308
1.0650857754084202
1.0060827480334764
1.020647055436672
1.0554061907289582
1.0830129883052897
1.0124240850883033
0.9777549518325791
1.0997190231871206
1.0181647855008316
1.0770337974610058
1.1202932753646617
1.1398133005556368
0.9971981407319489
1.0816217767558067
1.0035189090501166
1.1182980271970886
1.0346400327742733
1.0607244062473982
1.0515910003729738
1.0606178844505096
1.1168639924581505
1.0726186935404631
1.1009653536838973
0.9968604720984908
1.0100348248520132
1.1189630236441739
1.1072102094600447
1.059164480377376
1.1315053928276357
1.043320806630592
1.0219514552330782
1.043414808166131
1.0134829533838738
1.0797409196586076
0.9526774454532642
1.0505540438874932
1.0468533350572107
0.9632296099762103
1.1552616093007364
1.161074338487858
1.0206528638961099
1.1198854411337829
1.0242690451653271
1.0453979344162785
1.0212392007563034
0.934324339733342
1.0649857274113175
0.9924791709534952
1.0208224044973897
1.0223480698389402
1.0938339961011467
1.0864216756947334
1.1176677543420925
1.0420966508036311
1.0626826276729335
1.1955994337275069
0.9798634105378352
1.0668040695277026
0.9933046817192358
1.0154349031196108
0.9988962881623713
1.0628079416986753
1.0416558108541987
1.0783786233931638
1.0814612829741708
1.0824500177774543
1.0703908159822746
0.9959565753324007
1.1418601493714307
1.1499116516225756
0.9537710679794317
1.120778608028719
1.0266359892270667
0.9642961784228014
0.9861456503427128
0.9972508640963682
0.9693609300388266
1.0230561474940492
1.0439747875197316
1.063769779530613
1.0949352339014846
1.157324268926823
1.1687244507981573
0.9678954949148839
0.9788527443298688
1.1378716118957626
0.9828773013559806
1.077892244942266
1.0728526652346864
0.9615889771524828
1.078922069404815
0.9666569815586799
1.0046074335818662
0.9235775270177093
1.032535919514214
1.1331234762791738
0.9861729697214042
0.9676726350404466
1.054995057179307
0.9746635003387489
1.0279511583588798
0.9847223599565419
0.9200947238962608
0.9492214237850373
0.9847234926449318
1.1038916137888504
1.0897445819420999
1.0620380923799833
0.9534729037993017
1.0461309340149845
1.0022934705354993
0.9589002427464325
0.9822133159391656
0.9411430249313919
1.0317568375345803
0.9791229322556267
0.9737697720753656
0.9629630051221021
0.9659918242120076
1.0612567025910697
0.9563385375095708
1.0008173088416388
1.0934572642233682
1.0884829819722597
1.1089563838543253
1.0781587351739252
1.1003908006192693
1.0413127847776114
0.9435949738350924
1.0897166041918966
0.9859696113444025
1.0158572416636935
0.9590258747179774
1.030727113469552
1.1044679058699183
1.0912982048290003
1.0525865516948711
1.0815286147965055
1.0590972983186373
0.9416804657707316
0.9620181173302262
1.0253547361957571
1.009535694842969
1.0862229031513375
1.0516244681889872
0.9635862232885437
0.997099831409634
0.992229875032057
0.9812922174259457
1.0114441040942597
0.9687634329157502
0.9997405160688458
0.9887495578667603
1.1103641734726748
1.0201055399922077
0.9874580636219412
1.0527905054090563
1.0574672327007741
1.040031208965781
1.0608960849968079
0.9985572083096146
1.1948918351034932
0.9776074317335247
1.169830362015518
1.0811111432930969
1.0226426632760002
1.1124867201852118
0.9444369550528243
1.0452583177953998
1.0510743879418734
1.026312835306913
1.023052092869363
0.9990638847320418
1.009106505298384
0.9356238098428725
0.9650075842745698
0.9600772836781954
1.04741215042355
0.9167606085430929
0.9256412219353612
0.9123071853543712
0.9405420644288839
0.9100584710576286
0.9291496366797123
1.012186749948695
0.933580355479847
0.9299343583954426
0.9053180203983439
0.9931251725692771
0.935544651583123
0.9170951251680021
0.9217156908708508
0.9680367787139883
0.9084552173932916
1.0229814445446446
0.9176590195802049
0.9471525349739883
0.9067474767885
0.9186565455775337
1.0247122082675197
0.8797220826184741
0.9295017395335916
0.8886036536125503
0.9300444408558906
0.9074039346750509
0.9406560945188325
0.9462402345661732
1.0192844300882558
1.0252142535952495
0.9716485308335315
1.0483453965569483
1.0196015167566594
1.0261629327857098
0.9713354856327825
1.018118624745838
1.111613801631599
1.044892394626958
1.0714134600730996
1.0493160269669002
1.0082097303158786
1.0085955025987485
1.0074288021343356
0.9698074344492181
1.0458802857350602
1.033561889193588
1.0208506405117008
0.9692690931049115
0.9951783730355684
1.0093539141508296
1.0218243118260226
1.0390006216737937
1.0284822074447264
0.962671574133786
1.023644318758646
0.9385501266887981
0.9943229605672103
1.0194866461927048
0.9617510428650443
1.0064784251858392
0.9323193025311188
0.9524435384168265
0.9664132100380571
0.9842679965430566
0.9988738053549719
1.0774660976513104
1.0189406285074185
0.9164705939447907
0.9743323385778984
0.9630842217024297
0.9718811736729726
0.9702485873252004
0.9826539375642979
1.0083525502650705
0.9789148521745944
0.9855259024491272
0.9778275046823443
0.9725503954611213
0.9648998988731244
0.9493159768124124
0.9271507981066002
0.9844565686824412
1.0286714640924217
0.9276195985975756
1.0165932049739246
0.9609009824351579
0.966137339742797
0.9539376643826195
0.9566238562978976
1.173642012280067
1.171257315718959
1.0104712994062388
0.9577442922514369
0.9512008199084419
1.022797758714445
1.0026667357810972
0.9442648673139724
1.03044815897585
1.026738980240431
1.0124976211328145
1.206132407378169
1.2635631636457874
1.0300580305811038
1.1838976996202752
1.1365492785350606
1.0382161813140667
1.050313811065456
1.0412120047009847
0.9529045121164125
1.0679986726097366
0.9877167609237927
1.0654115443317693
1.054787196630987
1.0413882077914856
1.0267228500194252
1.071738326849831
1.1757287767185778
1.0189532050766925
0.9817241891507417
0.9842807873734227
0.9822414690848855
0.9855602759658857
1.0444506829919389
1.0370666683500902
1.0737573221813537
0.9590178075453484
1.0603547865319707
1.05179269387389
1.025241137141443
1.000083100362393
1.0416199696458353
1.0703946157893467
1.047963048508781
1.016621041143474
1.020842543011257
1.0036662280689739
1.0523556662597058
0.9817954520139199
1.0471976675469508
1.0664736505995491
0.8898331525481581
1.0213667572191187
1.0601974379967718
0.9790613742311909
1.0464406029343023
1.012703656029934
0.9845922267114928
0.9975469289243716
1.0536141465165836
0.9796941689529272
1.0308969653920363
1.0113615816251336
1.0119348468324434
1.0948832029982598
0.993636331180327
1.0752917049833626
1.0216364414709782
0.9914366739707803
1.003111141199733
1.0808258464645983
0.9461478440542387
1.0791882237042838
0.9904656619554502
0.9643355288341877
1.0781796698175121
1.1006773249029111
0.9179654478213288
1.0219145212416092
1.0191066070684613
0.9737681412432521
1.0969795757955871
1.030347646053565
1.0640359388243155
1.0307940408870089
1.016197731238299
1.0026842386198833
0.9552827229150364
1.008507424692432
1.0646037460037916
1.2203160836857043
1.0476035021770183
0.9728460728287457
0.9805138709293948
1.0036062790700715
1.1113365835830111
1.173867868428365
1.0528979094508666
0.9597157156075975
1.0168384442821936
1.0295232213793413
1.0109317212982893
1.1049098020833534
1.1364148783957415
0.9851538013861972
1.0760555981302207
1.1262691761567303
1.1192230501275005
1.1230656369838448
1.0780924662338076
1.098222829849149
1.166524971381203
1.0874913330236773
1.1811079513746037
1.1429985394124405
1.157932336247801
1.0237245507591046
1.1838643343924633
1.14492993870358
1.1156999652823292
1.0333491439818125
1.1206131663746315
1.1608610881856583
1.118429199980243
1.023742855663056
1.1956321745210652
1.1387251218071321
1.1066941503243062
1.0143666926646604
1.1893015978051074
1.080312130826901
1.153935554493399
1.189363430394549
1.1243302745981494
1.2367445954643046
1.1462916763834377
1.0348522634692991
1.0775395495192601
1.1977240457375642
1.0095272913557272
1.1172029228054121
1.0633575481510522
1.0766438540685213
0.9733267722896107
0.9992902296448248
0.9546165552702559
0.9855408341901365
0.9425930020976654
0.9896412915761447
0.947952320956425
0.9805450500500199
1.041705251980929
0.930277699988719
1.0930655924592334
1.017368681508058
0.9601102486804375
0.9787403148963862
1.0097690640195487
0.9454024004208161
1.0578546161046951
1.07706901107988
1.0709755754825534
0.9624748072973196
0.9179288248181318
0.9885421788519715
1.0305933216893823
1.0781416350364241
0.9547382909837232
1.0247596726598382
1.043511466152825
0.9950571563441233
1.0043756275421378
1.0463119264559728
1.0119082221984852
1.0651111593775409
1.146946433026124
0.9706010282835823
1.0673370106060152
0.9677715080855392
1.0227157008343433
0.997344984422475
1.074749619896262
1.099164068494623
1.025350585564969
1.0844051790791438
1.0197067361587988
1.0050555611082972
1.0273223055150624
1.0467618196427477
1.0079105764707927
1.0401341760074398
1.044484276843641
1.0761641027824171
1.0415474555003115
1.0183714240344244
1.0914120241261593
1.0183057406108604
1.003185412429138
0.9688334020315851
1.1020131114368568
1.154149873590024
1.1202561367637602
1.0788032969541925
1.0460227531192714
1.0642618262081098
1.0163069334759722
1.0784147576063905
0.9993843243630507
0.972766203392895
1.0081934609405292
1.1462440931739073
1.0914010318682577
1.0369291822543318
1.1011745703959177
1.1625814621208364
1.0626581043726824
1.1501674869030536
0.9928405006657482
1.0772166712167637
1.1256048746372929
1.093919883186196
1.077456952230416
1.1023031640049332
1.0993022507025039
1.0609014913443218
0.9791056966801787
1.119225986508345
1.0129089245166036
1.122410715907603
0.9785050347843316
1.0275014793321597
0.9635506845742855
1.0653131929500403
1.0107816767680513
1.040583954754067
1.0918930124636534
1.0834390164062735
1.1248999124312056
1.0530496420464996
1.1008236500224975
1.0730154209885745
0.9849837362290239
1.03715304676769
1.0978070222815677
1.1035272030291254
1.2038098680381304
1.0380160288735811
1.0136118977411899
1.0540054331396427
1.033039977124865
1.1133321965303686
1.0445471094988104
1.075039726485192
1.049832982322589
0.9715547474358395
1.095477519301587
1.0592353582455367
1.0895083629665352
1.1131674753897631
1.038448360750348
1.1926644706501717
1.0951310745253924
1.0661149553955196
1.065041034685956
1.1393764781571163
1.121457435234618
1.110236370846525
1.0546298212492575
1.0771515103364142
1.1131901135238191
1.101524583188678
1.0949552179836681
1.0596442270180768
1.051904967342471
1.125733460094304
1.0436174781967595
1.1072553228004494
1.0726520418744676
0.9885907539914999
1.0594790991942817
1.0683350615471048
1.084617395434521
1.0438978865856738
1.0390851594604793
1.135215990472333
0.9453702470216891
1.0087378770594324
1.064114648029159
1.1109846908116994
1.02090380090803
0.9740784870731802
1.0807846349817558
0.9938927105051166
1.087685483098795
1.0807021988669818
1.0791124930147238
1.033652284050411
1.1247434316283689
1.100708905737485
1.1606924419313336
1.1105613908363896
1.0595423070495866
1.0719833484640777
0.9704636167837666
0.967966128299238
1.106335318613338
1.0126448249824331
1.0491516130411147
0.9792780495600584
1.069162805731954
1.1506767207268367
1.0162013547546593
1.1124770711076009
1.1594886099228021
1.0563607098863799
0.9018437893901041
1.03940756324026
1.0558101841865806
1.0040136958092059
0.9395688547345434
1.0052754726228548
0.8977289448539916
1.091509594614417
1.1442054291592472
1.0227537077300197
1.0684072503601123
0.9525062912182627
0.9099840218369635
0.9426426254742777
1.0825852937320533
1.0490614352616263
0.9990502535673514
0.9762502749990659
1.1522452378469674
1.0152072915189534
1.0187218262398843
0.91648508548596
1.0086574377112565
0.9557589832228874
0.98728205428095
1.0362383977531253
1.0065390764050144
1.0296240266613184
0.9952945790635037
1.0870506619164224
0.9658465312976037
1.0175542840263776
0.959212112468342
0.9343738900313794
1.0211884127495503
0.9190305419833456
0.9583549304596537
0.9851396700000736
0.893947709324583
0.946310560867381
0.9243906957683915
1.0311774300389178
1.0211891828214086
1.0108426194764173
1.0607082628972595
1.0203829242198936
0.9937811928605365
0.8881955645424754
0.9995353881461324
1.0663194754547565
0.9897795084438007
0.9216164478952653
0.9766889022362771
0.993895744012637
0.985665106076119
1.0346855938838493
0.9175441411999319
0.9865628664756901
1.0365823621373171
1.0104843220107427
0.8693278703845638
1.0612813483931254
1.0415983602798273
1.0579157187234725
1.0477213383805948
1.0012972143473777
0.9827240876773603
1.0035675996402729
1.091566590822933
1.0357941137026456
1.0602679870173128
0.9981046081887277
0.9217838012520291
1.0443259505493658
1.098484407235267
1.0340861296588377
1.0557382150048877
1.0436175682965072
1.0119757980235282
1.0575044594213734
0.993697259237795
1.0245402157678625
1.0294553039058556
1.0138468587760423
1.0896471475248297
1.044942236569323
1.0801125559792517
0.9860794570151408
1.0580459758892258
0.8902869977453753
1.1417265466498907
1.0348368937708006
0.9788113285559149
0.9347677574878309
1.005103693485834
0.9259945792372125
0.9175475614307903
0.9055352650909638
0.9078889198670564
0.9301876738962622
0.9073385655662365
0.9174233755146478
0.9717275954585125
1.0374326355183154
0.8980317959021663
0.931408147705878
0.9435132910256574
0.9892229768783236
0.9277926421817503
0.9281170530636155
0.9149511248815216
0.9181497586263517
0.906131299973347
0.8844193698639283
0.9449229571070497
0.9017891936564012
0.8940293712267967
0.9265015199040528
1.0470160695236272
1.0516168493451452
1.0550689169068794
0.9579080171453213
0.9077444943502601
1.016965170268317
1.0224817251759872
1.00094564037344
1.0684964604806595
1.0358616365361906
0.9435850426332618
0.9951478926632391
0.9965085188220306
1.059458665561125
0.9747364861704889
0.9952786289242717
1.0095783025348202
0.9959052918919283
0.9016519187716645
1.0298415718647138
0.9870160035628452
1.0042131054884904
0.969716440698271
0.9263076086987166
0.9679640425115127
0.9212332668811991
0.8929023355013255
0.9388177545291687
0.9622090338702783
0.9641483426463352
0.99920101490993
0.9473002016976491
0.9656707207519052
0.9197715511597992
0.9774507086044243
1.0194650203524522
0.9626221617016957
0.9602762484768188
0.926727456275869
1.0102706680673474
0.9334918343396186
0.9260308722884001
0.972934673270117
0.9384742622005413
1.012778367358466
0.9471158401288097
0.9876449326453703
1.011137399936877
0.9594902548486981
0.9494172400444895
0.9796830671262347
1.0114757985877068
1.0102830944025094
0.9571611274262221
0.9680889425600911
0.9235786935618215
0.9589436106221813
1.0600148967495515
0.9056868481295521
1.097460897319457
1.0335203688139274
0.956770282231422
0.9980919755582023
0.9685270212387467
0.9824657470887095
0.9907643394323221
1.0252458159854116
1.0637846593164477
1.0607202666928617
1.0348001015097998
1.0931180411327321
1.1412039216347765
1.0754428407319923
1.029190076033757
1.0544238314487655
1.0841192350565552
1.071309949232387
1.0152286184585744
1.1201184478802588
1.0323162280974663
1.0359658342123679
1.0061486484433801
1.0283433246427722
1.0814509538640147
1.0513302633260326
1.03935855794468
0.9458833895108228
1.0581207706808857
0.9990242550328744
1.0799371750066464
0.9974750765510119
1.0670283226155493
0.9946478591153463
0.9555962385617075
1.0084444351890987
1.0401387458534082
0.9792888967144743
0.9560479204236718
0.9630941561749007
1.0271744154534743
0.9442817190844154
1.0790308005765605
1.0946525210781823
1.009674890464913
0.9647875435438641
1.0107814202169039
1.0314757745519805
1.013230030558839
1.0613505529003935
1.017820260190512
0.9952163354435541
0.9700524427569718
1.0337583742716792
0.9785983314321387
1.0420868666530128
1.02034358113473
1.022700546573602
1.0644404344760499
1.0471881623243664
1.0097077530100738
1.0375706353040417
1.0291825904310654
1.0977260105621178
1.0227936058513711
1.093782463259633
0.9996433720116226
1.0506835916904096
1.0138601390630881
1.0242742101519404
1.0249983347246365
1.0299644098420233
1.021148698830306
1.0447112901103421
1.0303577276201614
0.9836491410825693
0.9901550598893353
1.0404313571785548
1.0400669749053129
0.9812950665810549
1.0379504790795586
0.9970506277174966
1.0708539649404498
1.1414116953600715
1.001852225879113
1.025582022021544
1.011865809046034
1.0555254295072158
1.0141014635097572
1.2015490208119695
1.0322509135590048
1.032382492718935
1.021674997607923
1.0173942782574863
1.0392847909793304
1.0094409738878953
1.0654580203120114
1.0852010719817446
1.0667003110736395
1.0262409169574926
1.0619678745621373
1.0353498650248374
1.0596508103756164
0.9893872285649682
1.0762201266872475
1.019729205447844
1.0380930768841548
1.0086945457871228
1.048961252514943
1.0797147527119486
1.017076371474996
1.0273369552141636
1.0090796660595869
1.0896988674666803
1.011252463440452
0.9894476373114203
1.1095027154749744
1.035541483346514
1.0870935443618117
1.105904858469741
1.036631416574399
1.0865540681745445
1.071550280639643
1.013272107203936
1.1092870604089673
1.0708314529502003
1.0032566597875079
1.1158088468425398
1.0661515412708562
1.0723458348554444
1.0497265738333574
1.0696858965134644
1.0116199886996038
1.0773785618496987
1.057224457300837
1.0726657338060765
1.0141980774725199
1.0995696207580163
1.07342759166609
1.0642127585263783
1.009628015072412
0.9950477594987934
1.0173596088447776
0.9945982077698945
0.9802825281440833
1.1305090011750583
0.9776291554358899
1.0841542716031367
0.9839894634979263
1.0380401900253378
0.9943976260939981
1.0243995010479579
1.0342017209149368
0.972180833949163
1.056527281330051
1.031685555634896
1.059670142471602
1.018608289436384
1.0565212270924853
0.9905652418536084
1.1864863302790833
1.0016208658371064
1.007266209451355
1.0759198113632393
1.0341285448399595
0.9846250665603772
1.0019697416026938
1.1054736464586916
1.087428448660728
1.0657862107700058
1.0807278541211798
1.020932886977407
1.0391980604611892
1.031180042101615
1.0925161400945758
1.0913908254606448
1.0025469467451558
1.126402879353625
1.1005352832137711
1.0371717210127505
1.0558502403906855
1.0706197624398563
1.0197663638925663
1.1523625983334211
1.1780722999986382
1.1089021272822308
1.1229149780703742
0.9937890141528101
1.0448221810402665
1.002331593149023
1.061267776037355
1.0875284573077388
1.0146467997579869
1.1370359054331696
1.0516721828522075
1.1446750584506327
1.1235194531665376
1.103434658087498
0.9580582271143742
1.0930980242950425
1.0558618216619655
1.0053035507118988
1.0954077282617385
1.0884565660505434
1.0966961866533298
1.0954979155370086
1.067541962728649
1.0083615945962623
1.0707367336619313
0.9688863514338888
1.0890159842194067
1.073223838904747
1.044826496751956
0.9921951893089237
1.0531484987003599
1.0131794766155071
1.081962613745401
1.1562190611339274
1.017465905278399
0.9986252091877257
1.0436225616700983
1.0604373536143865
0.9695120091754486
0.997452197799218
1.0724324050561218
0.9707954834248957
0.9736185399001261
0.97690484759744
0.9619845383162337
0.9614145027775786
0.9899945307670432
1.0225921418882178
1.0540384447676854
1.0408937159088048
1.0274488389895688
1.0250367724454827
1.058406234621355
0.9955572173966912
1.0503390082784168
0.9981362454216817
1.0001797205629581
1.036008359848109
1.040163488221778
1.0908263448187132
0.9666425055403184
0.9754453434238899
0.9846355474673879
1.056340310237088
0.9773887465076128
1.0249482709668778
1.0209753344503945
1.0493082450929154
0.9780283855571745
0.9982855006040481
1.0168906042745371
1.01580688867088
1.0279640333568074
1.0460531673788094
1.0085030164701265
1.0766611598248903
0.9876152578659775
0.9371399610456346
1.0262443662578524
1.1026678087215434
0.9970119215786756
1.0518787638450295
1.0386286095016954
0.9614219425858731
0.9980411513098624
0.9813207967085857
1.090228395473395
1.0729032779132661
1.059026326155453
0.9652453523484805
0.9840664250658933
1.0232269161323193
1.0555402255423698
0.9777231054160169
0.967316536201813
1.0116981226143003
1.059658073161926
0.9941025424707967
1.0440496974308127
0.943649765367547
1.087031392569063
1.0623082262455306
0.9744189122609959
1.065447729138721
0.9800107546340427
0.926269410621771
0.9873896544834141
1.0476759499162631
1.0122550489766167
1.0411979060893228
1.0519284211131834
1.0795389530821045
1.049770821503634
1.0688577951960438
0.9234892726340513
0.982203349133135
0.9755982096563272
1.009749782674493
1.037002260901684
1.0276064777122742
0.9986803481954373
0.9892437650736733
0.9751546751376408
0.98687059472116
0.930764290815691
1.0108125568273707
0.985613671168672
0.9529733083144835
1.0159516364651628
0.949340793129241
0.9303933566764471
1.03933655002865
0.9961428114995238
0.993309529845176
1.0122672077513832
1.0264296145016538
1.023729902068014
0.9962047934566869
0.9979052010892742
1.0074945307849503
0.9881169777058588
1.0168214438387662
1.0308407479444717
0.9597816286156242
0.9476673103047251
1.0000630649407367
0.9615691510623096
1.0161719035015686
0.9507786262921916
0.9908529083632215
0.9957020339123911
0.9421423374155182
0.9820336230781748
0.9533236456056825
0.9593680009823862
1.0011557834300315
0.9516878172273496
1.0214290360196316
1.002735315829977
0.9535014608101071
0.9678701165001592
1.0446896916849424
0.9730202229296795
1.027543259481987
0.9918469314207479
1.010972992315675
0.9640184045437331
0.9696242104437741
0.9630346639830439
0.9662186185936205
0.9399732475357038
1.0819749967888412
0.9467822021437806
1.0258413073007986
1.0950072919839693
0.998671112600889
0.997246170665384
1.0268832127536822
1.0011365807166792
1.0959059064536638
0.9699566783959813
1.0030367691434097
1.0339892291210404
1.0100396402461722
1.002715081329761
0.9464283213436848
0.973895924746878
0.9455479569018508
1.0224100738135222
1.0352670741145453
0.9930722164850139
1.0164862755120947
0.9526598563174792
1.026470007862752
1.047545493668545
1.0328780581268397
0.9792817865712861
1.0877457632089358
1.0173493152991406
0.9470886004016371
0.955343616939581
0.9352952731283342
0.9807120598198232
1.0231911937439864
0.9168210558473001
1.0424951643253029
0.9819736624466054
0.9699113955929122
0.971671638718539
0.9601318247150976
0.9238209942212297
0.9306453633426
0.9517639941388916
0.9410692877225018
0.9749480623404122
0.9161073930762815
1.0382974310395592
0.9982051902223338
0.9554425234058757
0.9208369918088034
1.0261045440061458
0.9892645318390528
1.021900115883124
0.9865159066028031
1.0266285470532537
0.9182134468741681
1.0215858057583518
1.0331179074358783
1.0042085909253584
1.0017982798783505
0.9606308181450794
0.9518405992754483
0.9208577846376801
1.0099246802656712
1.0843550103594326
0.9928307775932201
1.0456267612569043
0.9730009645898537
0.9397705527074739
1.1474151479255152
0.9145604777521457
0.955358460707881
1.0337300736040924
1.0217553316887817
1.0681733412349965
1.042760989829414
1.0558458940843902
1.0421737771920514
0.9678144678368222
1.0572775047640652
0.9837958057899592
0.917841502545199
1.010933922237156
0.9371004705204936
0.935212404282834
0.9258981014977611
1.042061117195751
0.9348832252169992
1.031522016169388
1.0259911043562127
0.9615785039041457
1.0470796499224584
1.0448030548596134
1.0540449809117114
0.9412232635328509
1.0539879678182138
1.0208983335400572
0.9371446484502756
0.9634443127221273
1.047926182558049
0.9903592183909716
1.0251470482242677
1.071526191695621
0.99623088001347
0.9996541404077888
1.0108873105362381
0.9815553841157636
1.0430883739568326
0.98553648050514
1.0399006744574266
0.9855829592514862
1.0129872899324264
0.9817663526371213
1.0073163657690194
1.0412867461945183
1.0300039660212643
0.970718753208506
0.9579788776850823
1.0127831182202232
1.0127666087502347
0.9123419880373146
0.9781581199112993
0.9907759845675084
1.0037939259654975
1.018780200853837
0.9883597753130166
0.9627246289518305
1.0214898041208669
1.0223609651164087
0.99525149970529
0.9967455772962658
0.9438275044782353
0.9203007589026454
0.9120110199043652
0.9224591282929395
0.9293288019542859
1.0463990011921747
0.9576764746518568
0.9771345817879897
1.03964016805903
1.0461413261751795
1.0455748430413503
0.9220052681571427
1.0119162490562377
1.0199045644298526
1.0038333200753413
1.0099871306766879
0.9963771704464499
1.0200348808651052
1.0137762631258112
1.0183492156431735
1.0075525559403797
0.9860811516188336
0.9264270501941706
0.9708442741640689
1.007280365438594
0.9993878175210081
1.0088835582740154
1.0003794792872254
0.9894494248210205
1.0412080527622039
0.9333994637096296
0.9110116471753061
0.9536289242597881
0.9786813926380001
1.057643916063505
0.9331392262229672
0.9301664452683268
0.9528673692478863
1.0486198738389914
0.9646796458430019
0.9642487117714633
1.0579328328589281
1.0536900093382437
0.953056318010053
0.9639654168981869
0.916559692255058
0.937202604486804
0.9357199628508222
0.9624736643954662
0.971631021628853
1.0443617878293734
0.9806285067461646
0.945613675669232
0.9453599465184351
0.9761269870643574
0.9635045835511336
1.064003387929522
1.0015057243271737
0.932011182229454
0.9951843910570138
0.9540288529867531
0.9932157639304717
0.9969193085325694
0.9548536158398233
1.0036969851346296
1.022075149113301
0.9531910202259276
1.0108500640883824
1.0638293790674838
0.9683118932613356
0.9563111432206907
1.0408605725097002
1.0816990553903865
0.97436159291733
1.0331771099392735
1.0861116396243211
1.0175738121340006
1.0558128942497624
0.9785900869165076
0.9794846076252561
1.011937578973247
1.0186623267606238
1.0990965063630653
1.0588374554352167
0.9873797890316414
1.0686192069205194
1.0723074699973463
1.075362637141615
1.0654757124588252
0.9877096237646248
0.9956087614885865
1.0413581582198683
1.0286139489618202
1.0554845461196953
1.0388754130791094
1.072984615698796
1.0786908195794036
1.0411726479844658
1.0479809497460115
0.9686018988032906
1.0531713760288755
1.0329284793717293
0.964873772090544
1.0105921794905008
1.1021106737817075
1.0640635398255778
1.0251595827205935
1.0351264929800756
1.0198740955615153
0.9806169369303321
1.071645463223595
0.947852748590798
1.059288780462442
1.0333275266757613
1.0640595944271822
1.0304354722775013
1.0554007716603604
1.0287110380138575
1.0271612882894467
0.9769466311245585
1.0592397907153444
1.0424112556670624
0.9968843218218565
1.032845226037989
1.0292892841557124
1.0384965337461762
0.9695985804276824
0.946306975817848
0.9487614765602777
1.0864674805459418
1.0072400745720793
1.0178232631970336
1.039577801655466
0.9977458185819849
0.9626908306371306
0.944462654271057
1.0111578614428973
1.045019581152044
0.9840440465949625
0.9530896267318683
0.9414314060506989
0.9981170833603986
0.9706758359960322
1.0379913014601145
0.9973513472350662
1.0089507415641985
1.0416940589632062
1.0235860088438429
1.0099129247536818
1.0713080573715812
0.9721429511401115
1.1084008443836253
1.1098037693143177
1.0326759308025555
1.076682691108704
0.9742319152005184
1.0408822372374056
0.9939388221791519
1.049768488283043
1.0304486748319281
0.9966843288330062
1.0493983176422557
1.1111537319149591
1.0190600365121778
0.9956538027798051
1.041987520853087
1.1025027010850992
1.0190685363848282
1.0589747674217578
1.074611600587007
1.0275232901824494
1.0034148838259185
1.0916937685581694
1.0827823376426169
1.0293248843411207
0.9764208733604935
1.0302972227739102
0.9792498329008533
1.038017388800314
0.9817756668214522
0.9584002813543696
1.0604980768239174
1.1183386120002106
1.0394885483790302
1.0415491625972726
1.0634959831871966
1.0453703856914054
1.0564005009516908
1.0981513559041558
1.0722833162377288
1.0366188337508353
1.0691950983962974
1.037133870791344
1.0034477601946812
0.9937350784131976
0.997335813565095
1.0770154735899522
1.0953994381321372
1.1061811939082995
1.0643144730562117
0.9714902518644034
1.1376887035743748
1.0852626324905825
1.0546507840898078
1.1607531939593816
1.0062095379729337
1.0274277955824747
1.110115330526783
1.0086367006485866
1.072174385617795
1.0614280847781905
1.0710689458578568
1.1350156043530126
1.056429232403055
1.1285561705018918
1.0744460302505168
1.068512029433969
1.1134427624866738
1.035399852631693
1.0296364962842213
1.1428399810034258
1.0312762648101477
0.9706267106150521
1.0956482358787187
1.0734640770567658
1.0312593448982073
1.1289298821373428
1.1346528470321362
1.1308350364050024
1.1433075812198976
1.0470904009471809
1.0837360491465633
1.0847665806585058
0.9771010341738052
1.0885654581982362
0.9789334839348789
1.0886888241846757
1.1408872212584564
1.0393881818807826
1.0221043298815065
1.0444382528846416
1.054920046837762
0.9958569367437113
0.9796068443188617
0.9609858926556605
1.0175476311508223
1.075378782181572
0.9726021163043436
1.0307506972010925
1.03373284478094
0.9733588260310528
1.0081559645572156
1.0209579773941204
0.9819212325923683
0.9860885003421802
0.9851285388197982
1.0778627603697857
0.9504744577115898
0.9685653067587691
0.9683943502331916
1.0743087290640687
1.0240189964068223
1.0435100063367344
1.003610680000566
0.9754601150570122
0.9948697324594968
1.0393640201757486
1.0422698233725411
1.0260721007600015
0.9597290195171309
1.0267168393768185
0.9779660496850252
0.9769432600764381
0.96688017712892
0.9703693425317573
0.9417339356575392
0.9637170954642785
0.9831387804094881
1.0193450303248544
1.005554683871045
1.0218762532846473
0.9544777640770324
0.9330720589370282
0.9782145087863876
0.9853085251764507
0.9774438399227384
1.0202325009363882
0.966404280593749
0.9795151810781142
0.9981801048207036
0.9616704391208845
0.9895648063982946
0.992245981825725
0.9666693002569212
0.9677392143799685
1.008390270515521
0.9806569446537954
0.993679644396963
0.9713274653174826
1.0615595570199947
1.0230939981757121
1.0819315365322746
1.0536061867081918
0.9756415888287922
0.9370301993089587
1.058245500092541
1.0286130339651414
0.9790885732075537
1.0011143811734202
0.9961255187154391
1.052506692518529
1.0551298385362324
1.0680267188658734
0.958945946267632
1.013282321744072
1.0182724530628129
0.9973647317280279
1.0316355943375262
1.0437843730631164
0.9653096347092542
1.0154804203149757
0.9960367232123154
1.061836863282842
1.0627535203823206
1.1010492050193348
1.0802680482088263
1.0900751410644698
1.0248204523267044
0.9993774782870019
1.085417983308922
0.9856547273769382
1.0478497117326684
1.0542485003508804
0.979803983033068
1.138622046773477
1.0013462624255947
1.056723241337151
1.0287791747941573
1.0483753925495016
1.0453842132489561
1.0785957717560584
1.0906855815573075
1.03266070511761
1.0555101606665738
1.0946946974873473
0.9867336843507173
1.0565031766202002
1.0307047178727944
1.065518317717503
1.031318799947157
1.036319699752147
1.0818290623367428
1.057977781326873
1.062696087607147
1.015636794623564
1.0269419461311142
1.0385077407853267
1.011796507162307
1.0332206291553072
1.0730195514658765
1.026281855773447
1.0539044319750221
1.1084141550935747
1.0634062063970446
1.084960254113641
1.0305389744548912
1.0493025745452642
1.0415959645989952
1.0139088326955512
1.0423691017042864
1.0752610486770764
1.0733330929070055
1.1773893221561478
1.0735975368349007
1.042503815928457
1.1534314484755888
1.0357024081038577
1.0503282408304
1.0294251310994058
0.9886268842684125
1.0799804461150744
1.0474814289704402
1.0293370148303456
1.0763444934839344
1.0469860105730682
1.063348355655767
1.030561547123145
1.0242640119847504
0.9715970995290275
1.0884772084077714
1.1179433423485732
1.0344734482505948
1.1159959803594037
1.05628851389153
1.0765431618156538
1.074608625632443
1.14955179308731
1.0605491529016124
1.0506261180968393
1.0877134114834104
1.0710670317950335
1.091580657754896
1.0897318120991477
1.0503843649394422
0.9830356472505114
1.0180811746657135
0.9931527427224001
1.067753365708987
0.9343735261286045
1.0519200230733845
1.058936959342601
1.110559606013697
0.9830103695730191
1.0916078654989514
1.1046261950927831
0.9832974019824308
1.004867615466002
1.046562464306294
0.9792997246469449
0.9940181443341811
1.0247688474233925
1.094848356267552
1.1049878332334762
1.0658603586420978
0.960542884794646
1.0924164984588731
1.1151687218902642
1.1077916547553126
1.0849427301304322
1.0404487810154026
1.0781108745756462
1.005590674357653
1.026576319387465
1.1126170270087274
1.0848096042630329
1.1025911738685787
0.9760166704750111
1.0004971273304741
1.0873945186771115
1.0899276550512773
1.0955915946368644
1.1742076093378755
0.9982868989479007
1.015783619753475
1.1370365703813001
0.9482670042025073
1.0730699864384814
1.134609307552091
1.0624464557249051
1.0555376609948048
1.0647792219024623
1.068349864844637
0.9205103747317885
1.1328863581531874
1.0761366272600954
1.056197363975521
1.083471242467435
1.114946893383733
1.0860736963983109
1.0053081218093116
1.0697714125694704
1.1242466562216427
0.9991100318045042
1.0046191590464226
1.0244886119859944
1.0578800692448709
1.1184638804397509
1.1434700146232197
0.9864980944453982
1.1559247722029415
1.1521747540399165
1.0139919538506885
1.128488833038771
1.0134813938230012
1.2571677773351075
1.027150744316983
1.0418954614972018
0.9845702749509926
1.0742112935744854
1.148642600001103
1.0095557815271565
1.016867736297114
0.9939643167932775
0.996608249537071
1.0644618159155699
1.0858492944355942
1.1227554708582863
1.1082252284979026
1.095668543626887
1.1002875447488238
1.1029172620466898
1.0573911422984406
1.0627575768953064
1.1317499609750572
1.053109665981653
1.1220085772908701
1.085119459384256
1.0958653113204455
1.0752362415825774
1.0635083217805814
1.1219639633329825
1.0486137753194
0.973607856447181
1.1106707239830247
1.0689750928326458
1.041406234101776
1.0522097214887278
1.1269252768353544
1.020763889552941
1.0734461732041332
1.1299445634367973
1.0134228877427447
1.0878863965614054
1.0139424247552389
1.1022144968400487
1.0175972701346212
0.984925090767892
0.9830249408630707
1.0298148080833938
1.0226747169054768
1.0503738684362771
1.0943986617273342
1.0721326815091656
1.0214953540570966
1.005265549432941
1.052568871904228
1.0694699695235097
1.0531068763002525
1.056887204303951
1.079595317658958
1.0633665680531539
1.0611219270876637
1.092527084338803
1.0693854465715056
1.0719976220773342
0.997033774457801
1.006461954398909
1.0596267550044678
1.048907713778543
1.0796903554209987
1.0984319146687405
1.007720950113327
1.0459123103056065
0.9553128971221945
0.9675417700484329
1.009157123466575
1.0124834878365847
1.0483382635712868
1.0314106939689371
0.9930358573588753
1.0410074452090838
1.066937279746402
1.088196587019665
0.9971605756355136
1.0212655452571084
1.0396814652150157
1.0347670122383712
1.0366197065007108
1.0311687051571847
0.967137719557634
0.9740410229932481
1.0253659139169122
1.0581225196510864
1.057117324545393
1.1058089661505084
1.0271916961361207
1.0168837309747085
1.0405781560462457
1.0523166317242127
1.0571958129386592
1.0798124273397331
0.9687822346614471
1.054593406968743
0.9677382161390606
1.0631775842602105
1.0456895431927018
1.0134188808938747
1.0038812078974986
1.0927409785074682
1.052955651504774
1.060719528863044
0.9791856999801344
0.9854382993649742
1.0497213150759188
0.9940410740464948
1.0395084971090576
1.0439388988198908
0.98579336790222
1.0486979096100566
1.0346520461199338
0.9964039305026968
0.9741793804427299
1.0309707353498694
0.975335317627937
1.0177437585838258
1.0069613164729236
1.0175622540396618
1.0264945765069475
1.0731866839781228
1.0899085683180736
1.052440886051488
1.002540459307721
1.0130208027068082
0.9278404733931703
1.0348746485280298
1.1396347551626567
0.9383259466185567
1.0191757590476092
1.075432102688797
0.9458398494731841
1.0768630175249856
0.9854381387318213
0.8944179436953887
0.9572155582805677
0.9337147675980985
1.016216061795945
0.9910819618557206
0.976495476727257
1.0362059580477907
0.9206353885938554
1.1152010351040516
1.01288038776506
0.9985028023869637
1.0515836991770686
0.9618502769320899
1.0084197831834207
0.8809482984739574
0.9517363484068124
1.0414279771867225
1.0459568332099094
1.0239650650046703
0.9275866953902303
1.0026873302507138
0.9833049721825509
0.9710890841948139
0.9908194683698756
1.0048143064522004
1.0303335265341522
0.9751645071935653
1.0826056971848108
1.0394583495436969
0.9720616183921115
1.0748085560468443
0.9849650698312212
1.0184856482374665
1.0543238292537642
0.9422221058547378
1.0636953882268574
1.1134497421728171
0.9941404640270156
1.1046494042634154
1.0735346402488288
1.0444256585271305
1.0768709543482449
1.031062422978789
0.9677893192792472
1.044781857645631
1.0108319532009342
1.042453984911785
0.8906076917286929
1.1249181736098661
1.0300123430592756
1.007707855489433
1.089577473318334
0.9742907718208716
0.9672420056613871
0.9825920437841458
0.9434935384674515
1.011552790314502
0.9960156035026995
1.0733891446480701
0.9182664723211571
0.9795435082636915
0.907811979146149
0.9415184610156656
1.086067730972567
1.032091535219165
1.0462100944064465
0.9761783216028515
1.0282885432501099
0.9125316660777363
0.9085615463516049
0.9868754913766252
1.1312811544317614
1.006470833166971
0.972328441141727
1.091289675477369
0.948390433616318
0.9509118064510077
1.0535352195253949
1.0673158978132877
0.9973938014871572
0.8971499741708593
1.0340161762282636
0.9333209318084744
0.9594620768539411
0.8923798823950894
0.9500722032820605
1.0294337887876106
0.9505092047698992
1.1697846379961125
1.0714538564335494
1.0462888830472274
1.022232662967686
1.0453138805364002
1.0477391801322706
1.0467731154825424
1.0986424355651614
1.081941602757623
1.1185060222841783
1.0198644002534478
1.0750172699958551
0.8974068212392496
1.0317384584197322
0.9982678110157581
1.021864323048861
1.0027513304157372
0.893967174666726
0.9884774025284672
0.995109759289214
1.0188351817079984
1.0362234194596929
1.076709144283518
1.0673714829381236
0.9705942888324941
0.9966134609399683
1.0765102942177596
1.097586203590401
1.034735710878402
1.0573139378400214
1.0987989905590034
1.0854943926372393
1.0488965931150933
1.0310308469247564
1.064418603612151
0.9819845492636995
1.1166092920918804
1.0622392586300058
1.0389074786602073
1.0429021205333127
1.047469901651761
1.002596766783359
0.9653286543923584
1.0724436747984578
0.9959200852043149
1.0403966183340103
1.021538874502621
0.9910665360074341
1.0031777435298381
1.0408484942753233
1.0428173274037937
0.9983909111636169
0.9759380129617283
1.028804672451692
1.0209859959818768
1.0598737844728512
1.0144021490396093
1.0036401657635436
0.9828356494610603
1.0680703178307946
1.0233944152930665
0.995868222260991
1.0000181432051243
0.9320732569382454
1.0454060899831705
0.9845882825784841
1.0166714113746593
1.0450459656176747
1.0355610495378595
1.0448136533165284
1.0360917803378062
0.9970717039076235
1.0045758310390327
1.0007094810104407
1.0098606724955215
0.9346175181004417
0.9731871847148794
0.9654292694527906
1.0265151666943007
0.9695768858218312
1.005648955955793
1.0002580289370142
1.0224473263429652
0.9877116635855138
0.9878901529832252
1.0264068081362185
1.0481138311466427
1.0110065857317345
0.994033768084556
1.0783846392796448
1.0705838522186621
1.0507163481654376
1.056477786018026
1.0187486875418201
1.0293428382793528
1.011176973231665
1.0217627457393543
1.0141443346109789
1.050330537089691
1.0421235487653733
1.0407476495147396
1.0302339064048387
1.0418530615091781
1.0342432262729517
1.0436746032022255
1.0415286998796438
0.9948104144041521
1.0415489966326255
1.0495171758313389
0.9909607916443924
1.000132386200198
1.0219892917986582
1.0757932922196327
1.0115391629336559
1.0215316526581841
1.0031050592166852
1.0133375032691683
1.0105358135256015
1.0330313460238338
1.015889380517418
1.0149024045448787
1.0235806655628088
0.9572885380467219
1.0057716343307357
1.0123277746351667
1.029954076799226
0.9612439944312661
1.0109466198360422
1.0265174302387183
0.942597778261145
1.0013310222679859
1.0134426560005754
0.983901033605416
1.0138546060726161
0.9740142089850036
1.0313131274420082
0.9282540474894508
0.9366297960919644
0.9404015827782539
0.9081886340860315
1.0365840102889745
0.918348941610946
0.9838223004389778
1.0273818383666717
1.0116859967277403
1.0246716723752554
0.9955493616243917
1.0126571710867482
1.0166357104466455
1.0260771265990771
1.0544607221346958
0.9617951375465985
1.0024884952082078
1.028454677487706
1.0510103395821666
0.938149529510602
0.9573352746243371
1.0286408578166393
1.0884604852907327
1.0893320364403094
0.9149821550328221
1.0556793590801428
0.9058476890889706
1.0338540972565684
0.9077221680439027
0.9990185452736
0.9864083492856743
1.017005209031325
0.9559274059457602
0.9879374715287731
0.9189721491228755
1.0316191237639187
1.020134279176567
1.0148771931904976
1.031979797059116
1.0262449048462026
0.9231012925970997
1.0016920116262193
1.0328231780974162
0.9278249223847577
1.003922753398996
0.9355193210867563
0.9995708560360105
1.01401779432446
0.9314100857235478
1.0184724933016889
1.0275820697358278
1.0181636582320033
0.9855781312209433
1.039411637613407
1.0747878861027835
1.0194259521833835
1.0213406447704423
1.0180815176170983
1.0264886579484982
1.0341154111373343
0.997745587918118
1.0057775241121172
1.0161245321259982
1.0381105442943706
0.9782957703037735
1.042883025551308
1.0060588584926247
1.0801946794580801
1.0307152948235572
1.028593124337148
1.0305035719094717
0.9162856830421874
0.9141423955766894
1.0736010210463778
0.9568602595932333
0.9936521830238662
1.2109732444575858
1.0448980868226936
0.9357243074042909
0.95514429843926
1.0162429419563912
0.9685894476778767
1.0786872861212204
1.1215090514344992
1.058085934451665
1.05204692774021
1.0110527798091693
0.9662820008721236
0.9803555600724383
0.9891242952631183
1.069153403621803
0.9946723604701558
1.0300430304911894
0.9979097431227625
1.0707162633377334
0.9528749294950469
0.9807673277576106
0.9278188688266891
0.9666320259355918
1.0244441436834384
1.1213679739287485
1.0744880577986282
1.086600954841245
1.1189455306995382
1.0909972763081126
0.9560199902969714
1.1297417643767553
1.125437477202344
1.0299043374851984
1.0202312414503225
1.018149138454619
0.9846318292524747
1.1689149706369482
1.0383108297163317
0.9988469229221212
1.018841824846527
1.0210744115706798
1.0176643351321146
0.962871828073736
0.958959271537377
0.9343836188763728
0.9532987148798554
0.9371539421102719
0.9598911284924522
1.0362071672363868
0.932375829907423
0.9898691615028921
1.0506011104033475
0.9333698522949374
0.9467717169435494
0.9072007117172115
0.9363602058760684
0.9749291766153072
0.9935496348644774
1.003430868790296
0.9987232127662099
0.9663965139977478
1.0123380468774874
0.9973741729967843
0.9875760180829763
0.9549173382744501
1.0131785135808462
1.0430528753368653
1.0030002478300968
0.9938290502118009
0.9869158853124519
1.0027829602949414
1.063788146795667
1.0240517672499836
1.0580656559170694
0.9468948638897663
0.9641309516465616
1.0217650445161424
0.9691032802361167
1.0003264450717326
1.0077293976945154
1.0120435025752452
0.9672460852203109
0.9543717008307356
1.0164707083635312
0.9302201569140431
0.9680607457221312
0.9022349088501848
0.9216031873486271
0.9373333585246428
0.9215250235456773
0.9618323815341869
1.0364541712098276
0.9695288325622234
1.0039366123423785
0.9503969832410992
1.0395515353685174
0.9176225319728585
0.9555231166853037
0.9343755289478943
0.9564026189057204
0.9566392832270786
1.0593923208309786
0.9936746991842784
1.0246124022196488
1.001431134642401
1.0249014961116676
0.9556665498105681
1.0060465492833919
0.9717188536339896
0.9717697686332655
0.9430963754128051
0.981811860916803
0.9720497473785983
0.9874653055099779
0.990788865258657
1.0136186294935838
1.0261153829542762
1.0367143790614433
1.029399244776644
0.9990860015030648
0.985433922434509
0.9821116093873435
1.0372171145522102
1.0692098688394727
1.0259689218981363
1.004689019794241
1.048261746957848
1.0147387907344756
1.0231965750765488
0.9884998898186812
0.9488234911505499
1.0430693993705924
0.959944778220009
1.0070311481134986
0.99505242279085
1.0238943300995587
1.0182877262691854
1.0158309405406174
0.9903350316756163
1.0328149060251721
1.002360968786559
1.0570011914091488
1.0551912319346608
0.9739018132361431
1.026873304901134
0.9617335307121152
0.9449906892210335
0.9912527663351396
0.9735703351581878
1.0261447008905002
0.9452167693794952
0.9683643582995389
1.0111547870322195
0.9971377763729744
1.1176766750743528
0.9732211368855336
0.9520539010569038
0.9367447499741773
0.973795085485376
0.9862633690173778
0.8809340912217881
1.062240520605168
1.0079431788388946
1.0154853809703972
1.0356084913195067
1.017187761850866
0.9202461268710401
0.9702490783738339
1.073131648910442
0.9434802122712287
0.8934574040285914
0.9898093546664598
0.9889978461540517
1.007377515922042
1.0684711727174732
1.0338860850884235
1.0207746255698509
0.9796824196611658
0.9516198891554691
1.045821788448301
1.0327523483812222
1.0444120823470597
0.9985745997882202
1.065496445792731
0.9829876928529419
1.0427780639525792
1.008264698252384
1.01194800508808
0.9694504512131952
1.0312482972249093
0.9106087317334746
1.0661526852227245
1.0748391635265446
1.0954721382625574
0.9936862300573945
1.0548139965603551
1.0319453238130927
1.0520958734652595
1.0854573353444066
1.066330141573351
0.9027595738415224
1.0680367146706051
1.009634862288187
1.02590000151309
1.0385461284039843
1.0608791175911874
1.0542314919365383
1.0348601065296346
1.0628090301433881
0.9993317119675854
0.9743905584754156
0.902731196568862
0.948642840805768
1.0184111748966278
0.9601471480987898
0.9585105993450935
0.9674643120230193
0.9982396973874624
0.9659477710726031
1.0370690428578528
1.0195165488330535
1.0693052294717453
0.9689683566008443
0.9564199006432802
0.9680095979184954
0.9585638015181678
0.9652240416464284
1.0058602941538675
0.9611094304292431
1.0395666724812522
0.9961774913940925
1.0335268132320752
0.9658397990151745
0.9816364828361719
0.9651298637669169
1.0229124362359292
0.9589608093403701
1.0492185733201862
0.9758819217867959
0.9573408622647391
0.9603723561371551
1.0103619425013821
0.973920213631001
1.0854125253301004
1.0535494176897944
0.9820535183164697
1.0460187286418843
1.032492289310207
1.057520852931462
1.1528141885942291
1.0736767692851383
1.0744910967741075
1.0697559796470337
0.9744297580455337
1.1103033309904624
1.131500051745151
1.0717766511552436
1.0421604751604336
0.9649500844149758
0.982263409290198
0.974105384677091
1.0414273087582502
1.0231887651523204
0.9858681840455625
1.0297741656882036
0.943900497952643
1.0240699031741791
1.1180438715674383
1.057698411815948
0.954864169489901
1.0982417561686475
1.1094134095051786
1.125278592002482
1.1096193570217279
1.0967278536297886
1.0120604652091427
1.1134347499792536
1.0515601562963486
1.0688024113388417
0.988117666435305
1.177370684814785
1.0011566012995443
1.052809702088521
1.0094787495288917
1.1180196310885258
1.1337412505732622
0.9655082769208773
0.9998724140974264
0.9745969058344864
1.0127267517915917
0.9769679398880139
1.0287338144144291
0.992881400318462
0.9721262615523392
0.939627970018678
0.9719097513276337
0.9963746006582038
0.9625816180537611
0.9981741179677752
0.974467734030752
1.0669355115798154
0.9924709542451715
0.9630508254566389
0.9762778798612269
1.0763455044050412
1.041702231957323
0.9720984171826763
0.949332263425843
0.9628012131930246
0.9801200628181551
0.97063083007234
1.0315127927057957
1.0956655196238259
0.9838028511370656
0.9578987706831731
0.9748343679469511
1.0395868799714625
1.0720847141470982
0.996393396185439
0.9946551071094646
0.9573540297536363
1.041314414598626
1.0636850132167097
1.0195975791822576
1.073547325157637
0.9587139591437164
0.9557637593974644
0.9528021372166801
1.0104549144359483
0.9530112499901637
1.0043337486987431
1.027156273075417
1.090665634287969
0.9598225799600344
0.9938655193819033
1.052800226714782
0.9649997627790671
0.970572046175263
1.0481192962133008
0.9674065630259221
0.9813148815995261
0.9651594832426375
0.9547428284244084
1.153602292891913
1.0603930236541501
0.9890766926256518
1.0335565979483234
1.0522242852669634
1.0771139772272529
1.0481395171094585
0.958976824114293
1.0226066653528851
0.9586251385546436
0.9940242041196047
1.0618258743731546
0.9827418814865617
1.0189822421541377
1.0182873320855825
1.113718555378823
0.9864141430454445
1.0235344963782962
0.9865102289406055
1.0138552747982483
0.9858880325750579
1.0433368250063682
0.9748641248039024
0.9933522320773992
0.9979058074898464
1.0020084289452602
1.0211410724855088
1.0155965608095834
1.0486852396260282
1.05247215683328
0.979172059729601
1.066566653908659
1.0686007172423777
0.9654341447827232
0.9841813235760128
0.9832628983423893
1.1371658740425072
1.0613646806305634
1.0633478084837371
1.020977715492481
0.9836362172797234
1.0960303641947307
0.9479003630189703
0.977554656845157
1.0865363299893513
1.0778156409184376
0.9593494707496835
1.0768600937603243
1.1239756311887468
1.0214861323647915
1.0869766322161607
1.03596393618396
1.0726824580394594
1.0182421802055837
1.145152278245986
1.0185904607223917
1.029368147571694
0.9982909960509354
1.005212394288409
1.1098629941443103
1.110747297042838
1.063848061379624
0.9950354277072678
1.0153650704896078
0.9753727570990856
0.9948478944840815
1.133503599307015
0.9761495106503355
1.0258673182602878
0.9781208147203102
1.037100732509563
1.0498882503232074
1.0464376234945227
1.0736076697344439
1.170278015300488
0.9896431581009426
1.0904599548817182
1.1711407341929225
1.0686686311551976
1.068545289806343
1.0785707312754655
0.9807969591003726
1.0105431535162728
1.0789891834629504
0.9751675410790588
1.0558207286162578
0.9854975558955563
1.0879307826595186
1.0558237996893935
0.9803856086159425
1.1198253770453428
1.0940925380900441
1.0965123159706485
1.0855630989732425
1.0651450303656196
1.0828229833596723
1.0743099463456236
1.060987081296813
1.0558678893394966
1.1170617951347102
1.1281853598888825
1.0304212878839611
1.1430643289687965
1.0827475894595178
1.0606762102032854
1.0627677181345165
1.038239596011955
1.1231193967714506
1.0829177629588256
1.000270319440639
1.0828150959859273
1.009682299395817
0.9759089025563614
1.148865461455264
1.1336084439777465
0.9873508055208593
1.1211588922949964
1.0043319543045819
1.2416800342493772
1.0146331952264103
1.0030646947636865
1.0014574774603051
1.049805950975855
1.0731293996503342
1.0339104337018752
0.9721430277128401
1.0919723530641818
1.0712216088928612
1.1460561352096617
1.0407371538512278
0.9812297668961466
0.9516213115795833
1.0652203156620033
1.0595468602087192
0.9538624502969301
0.9967190070215977
1.0525694668773422
1.0432621209388633
0.9864365979981579
1.0115682718246575
1.0457169291103419
0.9777707745706793
1.022528089081384
1.0459054523924158
1.0619802493194659
1.0980835367157264
1.0834102900570082
1.0579462314426316
1.0368794300261583
1.0394244756665683
1.0609742310386114
1.0261819360599387
1.0324216397600983
1.0232747683361845
1.0515131111554372
1.0383001194966075
1.028984386842409
0.9789569348420356
0.9982246338070079
1.005472753857487
0.973976507696614
1.0120180593341346
1.0564261845983292
1.0535410334285948
1.0008933841462946
1.0439256516149793
1.0371219464492827
0.993935760118474
0.9769379498889811
1.0153378439714313
1.0110395332378401
1.0642966398110179
1.0823268530787702
1.104404042941154
1.0667401792792326
1.0392315229716638
1.0645329473467027
1.0976451439543418
1.081974927906068
1.0720218146530747
1.0278235317894813
1.0728914939068181
1.0620029488547726
1.1560223483251357
1.0306076261633417
1.0692664439303035
1.016520511846262
1.0291343674584879
1.014281507454737
1.0209793968520908
1.066611487281379
1.025308084564377
1.0515828718515834
1.0750044618434773
1.0124411934159303
1.0675048555222004
1.039870008721189
1.0635158293128044
0.9664691264403595
0.9859256327134226
0.9940343354983189
1.0368832242610175
0.9865703116800224
0.9543871857359374
1.0751735282317492
1.0683570987142874
1.0885950550939587
1.0376532167934003
1.0212981026884143
1.0484298761372681
1.0076478997374672
1.0037343423714897
1.037065917430136
1.0295667880079
1.0922208193047385
1.0389245253490227
1.0593294460293803
1.0245916906199328
1.076799960556714
1.0767936453918945
1.0466664351407815
1.0545419265040448
1.0926648026696644
1.0542322349020041
1.0346539980543077
1.0624778307443938
1.0346658625246312
1.1860919370455627
0.9749290907880556
1.0644683090232565
1.102985904554675
1.126519584297259
1.0860407466798367
1.1156454165142125
1.0561930158542197
