Model: COF
Dataset 22: wine.mat
Time taken: 0.03849029541015625 seg.
Accuracy: 0.7
@scores
1.5441464655912156
1.5278247590741203
1.3156112195828646
1.5278247590741203
1.309701886883505
1.3450164941769518
1.2641791371931534
1.359612919979296
1.5651876985269875
1.5651876985269875
0.9512400118019959
0.9099317099764459
1.092976373521896
0.973197629508552
0.9262156384657667
1.0628473038141024
0.9053647122932793
0.8781392674558005
0.8616884974336864
1.290700944172952
1.647257080989986
1.2168623751064565
0.8636034267395829
1.04139024739129
1.3497189624643802
1.199728814560494
1.0085309618122307
0.9203195700173372
1.2337178340014094
1.329273021225276
1.067744380037931
1.14287055415121
0.991354451919165
0.9985513153801784
0.854129706971285
0.941425626216277
1.092165770179085
0.963275371339154
1.0471178046973433
0.8987390945450384
1.026708119481157
0.9835094653629326
1.072668482408047
0.8792195676709195
1.14287055415121
1.077349854268219
1.2854434280234603
1.172108306783003
0.9592251280625957
0.9744404738560994
0.8759388131672323
0.9891684457634139
1.0372725822519544
1.0001563158414113
0.9040106101823729
0.9251615827069698
1.1301693871621024
0.864088572320646
0.951902604838263
1.1315098378549306
0.8824659589663105
1.0621566755956908
1.1091665423227761
1.0437608169652188
0.9701937028430875
0.9354476853191548
0.8617639451107515
0.9060220696879973
1.070465073353746
1.0397591014109597
1.0222000770899566
0.9648530398792237
1.2518133474214421
1.1081755738691035
0.9875483330426097
0.9875783414903707
1.0081588212721775
1.0810508896515172
1.0837283311293595
1.0824225067229152
0.9684735822161065
1.1113695182384362
1.0766306862514317
1.0420948799950527
1.0897085573696421
1.060021109588102
1.0247661264627648
0.946564333269798
0.941439699099172
1.0321718362394317
1.0309431496099217
1.031101484149899
1.229894384231125
0.9743675166738299
1.0702448907144144
1.1802296042871845
1.070870450477282
0.8635639408367943
0.9765256345874374
1.0698884280943934
1.076851118527478
1.2916454216191677
1.3666108107602308
1.1228364868264236
0.931338497851058
1.0845249597888913
0.9553236508236302
1.0591923878796212
1.200038059795599
0.9846416400532668
0.9592212797031248
0.9189403162271393
0.9622376697075499
1.058719718190223
0.9421463061627063
0.9762772638856028
0.9233589285020417
1.0491260468957566
0.9348946769475361
1.2568023971330842
1.0979494868142488
0.9554058959455316
1.0422058288540297
0.9705665170182213
1.1608641820038565
1.2291389027212973
1.1336394770113118
1.1635779165786964
1.0308775778819796
