Model: COF
Dataset 5: glass.mat
Time taken: 0.0914316177368164 seg.
Accuracy: 0.2222222222222222
@scores
1.6382069699900685
1.3067715068735883
1.2154798819228745
0.9977131752578488
1.0749612668394022
0.9846755109044061
1.0975655282358903
1.1202762674306403
1.3397096051718151
1.0037705553678293
1.1282680716352473
0.9258966769212621
1.1310579002696906
1.0151915896572554
1.0068966587319912
0.9494179260268895
1.0067803121950227
1.1068350600975614
1.283491653890431
1.1829624738806903
1.1213679270485
1.2409811793717052
0.9566152741657806
0.9050861038180742
0.9608537638508966
0.9807369041964402
0.9281740110079613
0.9389398977358374
0.9731424906665669
0.9439850534902018
0.9743090760638565
0.9972877119469529
1.009866891492088
1.0353968804737466
0.9702549710506113
0.9548527582821899
1.2219231369895829
0.9391242853197374
0.9455220582202843
0.9455220582202843
0.9722119147957438
1.007809714418201
0.9390674616419683
0.8680746375125089
1.0978201414159992
1.0911440004221462
1.0459148862809524
0.8939973362673632
0.9057780360204966
1.0930706738448515
0.9047838216168823
1.1542452627338025
1.1594841744731064
1.2241019924110361
1.2561805904375192
1.6696143638364023
1.1665794271480443
0.9196135904397029
1.0612084293722972
1.0379545646074904
1.2384433909637165
1.2969337623607138
0.926079774347044
0.9259574447107142
0.9429177034316772
1.0626057919869867
1.054012211052778
1.0808688287817727
1.030106156876312
0.9361227087432369
1.8271406964357995
1.190401815904018
0.9152830880143612
1.007363505166591
0.9205532196693329
0.9115609009564729
1.0223024476875833
0.9178769218373182
1.3010482545768332
1.0747548157827538
1.1528906616985215
0.9905167146497366
1.0534454460788338
0.896824484543174
1.8623481754478866
0.9699421334205751
1.090592970592454
0.9626858511751941
0.9309573369070807
1.2041117761588616
1.2904008001857858
1.0844265370136466
1.2952925083103435
1.247697931185712
1.2865747281542546
1.02467751984413
1.223989823038043
1.4060792878904478
1.4115671767379654
1.3126200226954388
1.441283042777399
1.5413924907156284
1.6007931947695284
1.323030966030008
1.580916798723358
1.1888889865720307
1.4941523331766626
1.4113562888484283
1.2043135917725953
1.292778676850763
1.1901554208358451
1.2594958953041169
1.124212356490663
1.0271378082151026
1.064457871650067
0.9941898293488394
1.0637738570823676
1.2431783726383367
1.0643037899155823
1.081034088404559
1.031119906370099
0.9375892802041397
1.0109605929173657
1.045492465823723
0.9983345235503233
1.1893274229034532
0.9767751025084137
1.3631944671603908
1.2963986146818585
1.190468929059229
1.1554929337850945
1.148603325581499
1.0448900059314605
1.2433218814714766
1.0751727325283977
1.1008427731552735
1.1745441511574588
0.9126610157432462
1.0376171335081774
0.9228254749911242
0.9854485621281759
1.1360707903371174
1.0683084816872082
1.089395497323876
1.272563872376602
1.3549270168118488
1.1585425398237672
0.9294562707164973
0.9231918422713746
1.0996689779508004
1.1938313277669572
1.0146267541578675
1.2782945889404886
0.9557599893020877
1.0943817795259512
0.9570292436711578
1.0425389600461927
0.8653582264391025
1.1126655737688944
1.098755432771911
1.0689054721085431
1.2998867978227713
1.1104749794482096
3.0672007922472266
1.411862545151586
1.44940555022441
1.5069911615570133
1.2149870302579326
1.3469977629189278
1.1934225963540261
1.0920744681777521
3.328975023356875
3.3953922866759783
1.0681175385874424
1.410181780431612
1.2044795201793923
1.3103984051424347
1.3847409408971845
1.344266217149055
1.2724762312669553
2.7223053902158703
1.5300769665659175
1.2276754665083593
1.2974794177187086
2.216293237239135
2.5630262541087387
2.3016782055713234
1.0729373041865549
1.9893321559034662
2.5241260377414907
1.4092751184771086
0.9852997572283901
1.1211355482967897
0.8436616231947717
0.869050270108431
1.1439491915598072
1.162774349387337
1.0491488206155157
1.1246549512710187
1.0074445548383884
0.9739951182722767
2.0913230915286487
1.0842050075549055
0.8481332149906745
0.9564006307700855
0.842452130572144
0.8426128543530712
1.5324312664299373
1.1638721981683633
1.2107877681927102
0.8480986845282223
0.9067467601081527
0.918885325001224
0.9178114331471833
