Model: COF
Dataset 17: speech.mat
Time taken: 58.92036247253418 seg.
Accuracy: 0.01639344262295082
@scores
1.0556469435525846
1.058451679724838
1.0476991338347559
1.0341920610466193
1.0529832541255086
1.0475563556140386
1.048224126213103
1.0732150480922757
1.0014496876286854
0.984870497848942
1.0090586285289675
1.0687267203833077
1.050875159852255
1.0048511096914134
1.1277045796740641
1.037229650398702
1.055626956668143
0.996726162254601
1.0823053103154434
1.062499780392174
1.0197972283096053
1.0279946287636872
0.9676899676396202
0.9780572545146724
1.0638704071785277
1.0989143287641623
1.0761830472716511
1.0221922982884355
1.0312938377431908
1.035339989964771
1.0695431084835256
1.0507081399672287
1.0978807078566568
1.1227606388603173
1.12426180819787
1.067714413655763
1.0410329910209835
1.08115726890526
1.1142030489091606
1.0865999981153553
1.035706388680891
1.0712940822738823
1.1299218042425627
1.0918823002528384
1.1628379456317222
1.0835648994971285
1.1346201722218001
1.1088383982866006
1.0805826855231557
1.0909938587170915
1.1367610404099069
1.0972568719980775
1.0893455396843084
1.1101395364416649
1.040618546748059
1.1026021065112863
1.0599982987746648
1.0247382288753193
1.0625011116998935
1.044204953750456
1.0883788176307785
1.0324956926842543
1.0406136981948213
1.0864490980468051
1.0399294654306106
1.023290270156881
1.0585081112183858
1.0199222831523809
1.0308958794447076
1.0481885632591028
1.0300132523911982
1.0438738042850084
1.0255407550072737
1.084217510320122
1.047377644599539
1.0182077490171142
1.0548594479996412
1.0554919829832012
1.0225927758986852
1.058800561128707
1.0363441442703711
1.0959274849864415
1.048024221760323
1.0567912302335678
1.0735860211381871
1.054720509336252
1.0648793634664944
1.0274768629211104
1.0903581921904621
0.9943425958883836
1.0300843067881318
1.028490612292609
1.0039584765839278
1.0315225940936337
1.0710689356951844
1.0444933857826422
1.0072967368330394
1.0417799945724298
1.0346389760571097
1.0575771108283125
1.0416609845785718
1.0859539760764074
1.0251581729891626
1.0443771530613621
1.0490185552169082
1.0512530772825743
1.0513826156212052
0.9988092411698868
1.0810746465824526
1.0079688542271061
1.0343375239863462
1.038756010248028
1.0656325829954032
1.116289943424033
1.0482029144714595
1.021076218438481
1.0639016264396135
1.0494396496931444
1.0509664566396788
1.0342004911638238
1.0899836274570833
1.0363802088160028
1.0522562543214686
1.0507723830029239
1.0307461880162352
1.0088236790758267
1.0354249969114013
1.0121843110744422
1.0668577080069175
1.0147793718065579
1.0702475521220578
1.0716902354405793
1.0789094116464377
1.020982090050212
1.0981812841779197
1.1107573287320383
1.0300881074484298
1.0880934829739424
1.0173242087090597
1.0550054721145774
1.0449301482983255
1.0407465044585653
1.0807217621898073
1.0442527254030973
1.068215445944611
1.0376917329636544
1.0482020738035571
1.046743863695451
1.0126385933810722
1.0124597368277681
1.0065569151299907
1.0309950985029697
1.0263968460419537
1.040663961607801
1.0666200246045203
1.046838876571887
1.0241014800949344
1.035218521247868
1.1043567953893394
1.0132466648017313
1.044713477592151
0.9687859715127443
1.087481785022736
1.0500170653093839
1.0174575181177938
1.0636499912331314
1.0594538732147916
1.018643603670735
1.0636836787936848
1.0357938571597747
1.0290985840129139
1.0824951686173676
1.0145336537295095
1.0665218961893292
1.058462071866341
1.0461276315331804
1.0451180124127635
1.1012551268347714
1.0151033119171622
1.061170441161865
1.0060884822244514
1.0537439207856814
1.028914413942038
1.0625045084413471
1.0616967182510189
1.0549019727498168
1.0452931500281912
1.0186504397088563
1.0434343390607026
1.0474432856776237
1.0740101325905136
1.0231573859869663
1.058556524411855
1.0615219810431131
1.0628662497483352
1.098798667983579
1.0557000199218245
1.0706983117550042
1.0552678858172693
1.0057753797387972
1.0425896854933951
1.0674959841971594
1.0599740755915905
1.048548419994995
1.020459676644082
1.0455336422106771
1.0627748704263051
1.0115477043698047
1.0126016684988057
1.1033446732120626
1.0725328609117244
1.038918145590136
1.0716960688538837
0.9975338816882398
1.0495246641373124
1.0161553114015835
1.0315358250991413
1.038256553237917
0.9960666273075379
1.0466770318546346
1.0591959786660592
1.0883359724239932
1.0869474733567506
1.0577326228423554
1.0040445667269609
1.071510836288765
1.0123877168521023
1.0647314948341882
1.0392830244951345
1.0516581662847122
1.0788271918734949
1.0024191504335502
1.036261629525086
1.086739137569822
1.0639096260608671
1.0526179528791542
1.0501351349873016
1.0632787201067564
1.0452272105493314
1.0656220194474835
1.113463811835546
1.0721957086191076
1.0500622455421278
1.0238619735632448
1.0624808624338091
1.0420326778213391
1.0702346450750417
1.0450127995025398
1.0850751824073255
1.1121576467380172
1.0803574555781104
1.0542915822234955
1.1087933755970578
1.0748074692246008
1.0583037949175331
1.0722326600463674
1.0459322479093227
1.0307644513856609
1.0844392806205685
1.070511290520144
1.0622999010327747
1.0660326599234196
1.09148910709164
1.0946769630006472
1.060070690873211
1.0755519353210459
1.07310478723655
1.0246418328169375
1.0315445708157436
1.0764765712463005
1.0270075902519926
1.081287433068999
1.0729577203718188
1.0088717632246016
1.0024798885815107
1.0906875207729643
1.0690703004664497
1.0534742203348035
1.0422787462384642
1.0280050742764428
1.0461450107732766
1.0485541894849228
1.0138758279702895
1.058149002580198
1.085416897835114
1.0345234186408603
1.0438961638416229
1.085636984559341
1.1300033423133486
1.0808511302811477
1.045960533293759
1.0767966901773514
1.0051140823844609
1.0495255837734676
1.0941414671613325
1.0580077022128271
1.040781789274935
1.114035373815051
1.1135521782470674
1.0382085024690944
1.0690505435777304
1.0636270951724305
1.0808816104677115
1.0326738681414351
1.0849598291963714
1.074599499658271
1.0891644940456078
1.0325607931808665
1.027081255356765
1.024776605663199
1.0172112648340859
1.0816154565829188
1.0345135710322584
1.1116717849308773
1.030554426284963
1.0427639763713012
1.0368235150873908
1.021207660826585
1.0636128957383206
1.1295100483392697
1.093184439530572
1.031946387549371
1.0566433535635977
1.0756011307968874
1.062235909748128
1.0830791776891489
1.0840254401453386
1.079599443310667
1.0506399643589501
1.0700046740798481
1.0486484030013818
1.0017314864886344
1.0565834577707016
1.0827359625765125
1.058498514403749
1.0919310475367001
1.0579799104361387
1.0825610374612242
1.0521273904351875
0.9914297807446573
1.06041438860484
1.0454595948381173
1.0751426680107445
1.054747992964477
1.0541143112740314
1.0084860547419436
1.0617277095809465
1.0379901668144014
1.0267618186739114
1.0536676798508573
1.0582709599327822
1.0650421993396957
1.0772701712409607
1.0658529854213308
1.0551367084473848
1.1065844977827917
1.0512298786796805
1.055662701920819
1.0698043644964712
1.0792476682461072
1.0235279323665691
1.0777540159162722
1.1034163427748989
1.058030561046654
1.109755132912269
1.0518961503903428
1.06250632548603
1.0179771666282633
1.0588084123520778
1.163873124878498
1.0470904458297767
1.022062812000722
1.0908788721536267
1.0438298784503004
1.0741670199753242
1.0491395646684478
1.0537355050085302
1.0572826897052823
1.0550091514640267
1.0304655329566696
1.0311016036399097
1.0192705591861249
1.0481674240912486
1.083498312355794
1.0626149401724068
1.027102828954682
1.088351194866147
1.0011391151215951
1.0326603915053452
1.0060997990881966
1.0065189558595948
1.0241044561598394
1.0236369984109137
1.0654058260460009
1.0640689631357478
1.05367993674844
1.067454106736292
1.0363116402966885
1.029086713943863
1.05523215876028
1.121326457796251
1.033413152603243
1.0454299842807053
1.0248071072813243
1.0395484920619704
1.0458541638577756
1.042775284415663
1.0579610969881017
1.0746733306036713
1.076169478474549
1.0180588038573368
1.028087589404489
1.092406164665564
1.0487167731505493
0.9800729490986788
1.079462982555806
1.110621936096944
1.0530973467236717
1.126785816054208
1.0298992898492612
1.0242379136724806
1.0132775306726445
1.0497052276430408
1.0348992527832073
1.0456975882433466
1.0306396123259391
1.1042648383415798
1.0532798446274008
0.9854598365166174
1.0264723305301044
1.034550703015877
1.0406237984005131
1.0369702572307706
1.0614998608180135
1.0268102274924298
1.0304357409866676
1.0715049731312645
1.0251158951010275
1.0994429002227961
1.0552007754021802
1.044056445374742
1.0930879434396197
1.0050491216718147
1.0376049046901412
1.0853889842191586
1.0448110466608649
1.0508169716830997
1.089772916649658
1.0829225676723422
1.0633568264537645
1.0895047622682894
1.0299052180452277
1.0613947903333574
1.0252268453781113
1.0267751412180177
1.0500693257759526
1.0502632554528821
1.0566109277582036
1.0969181784157527
1.035289482357213
1.0846389555751892
0.9971872645794355
1.019917534625011
1.050876477669335
1.0281416614528742
1.1100584283288355
1.0439676543514924
1.015893349324062
1.0285778792840532
1.0383838752577401
1.0282974914573708
1.0388755190742829
1.0040501423517023
1.0255308509383565
1.1011984874589458
0.9871762742834557
1.0534517440065803
1.0578472216316341
1.009687432747014
1.0280572571440916
1.0793954824153955
1.0827160906556978
1.0229298596720284
1.0590896147096673
1.0406795523345798
1.0414885825678761
1.0529393003634604
1.1180369696351824
1.034959756644093
1.0060094754323903
1.0697850772208009
1.0126007210710972
1.035149693501319
1.0050104692016877
1.0234860652561788
1.0959495544366604
1.043278724951775
1.05346605331133
1.0721936661372236
0.9555693595275678
1.0132193627652344
1.009906159552289
1.072931779176249
1.0970126217545746
1.0408602228754356
1.130760324038486
1.070890358578513
1.0343480850520608
1.063133729823783
1.0242983688531146
1.0480430348460608
1.05694402702074
1.04414350879902
1.0563400588976648
1.0575413146861203
1.0723034736050108
1.072643481619707
1.0226976632672182
1.0269947126748527
0.990517774122427
1.0085694284459314
1.0522097302407774
1.0664630481723825
1.0215965637246835
1.0253428531460616
1.0621905810087569
1.0704093095158271
1.0728644288767333
1.0179768128483881
0.9918215519628039
1.0983961495523962
1.0667779721389739
1.0141308172339523
1.03121367030532
1.0664316123865925
1.0700618320744817
0.9822424682409646
1.077440279669134
1.0723971922508537
1.034538821555121
1.0770628364880086
0.9963693854529485
1.0523253977962281
0.982804241846557
1.0498672621949523
1.0476924465705773
1.0766632443654334
1.0943874112311291
0.979609654623717
1.067154798645162
1.0881941872634158
1.0292096007251654
1.0602201919149647
1.0547950840679874
1.0036507237064207
1.0369522421278667
1.0617571364836567
1.1058697371588473
1.0425468496156933
1.0210359179249981
1.1067063255287168
1.1109232538939975
1.0369122651549958
1.0667250729648086
1.0518793481297697
1.0780160717330873
1.1041220705419057
1.0279418599042027
1.0368459852982468
1.0435033895120152
1.0232022549362372
1.0595149206719994
1.001756213987185
1.0392260753869973
1.0758899275438476
0.9376333497793444
1.025494310268337
1.0269499928511523
1.026400404730331
1.0349118459788544
1.0244658154091943
1.0105617179052249
1.038956431061543
1.0357864939542023
1.0219473264585495
0.9860948927508847
1.0282829272561667
1.046696019331184
1.0733103529278676
1.060338010026855
1.0736239141495005
1.0127628756092208
1.05902955153774
1.019101647545626
1.118608890744755
1.0566200408391253
1.021649104282378
1.066128448726504
1.0092094910683722
1.0571350061609417
1.0608254360848988
1.0621503563108952
1.0653239244789723
1.064672863213131
1.1074203995754577
1.0726276318833199
1.0477783285433069
1.0473442688401469
1.059870780378349
1.0796165521262906
1.0652639198733806
1.0902030312814759
1.0306967792570705
1.0318692114526495
1.098855343400037
1.0949596905845849
1.0188627688498362
1.0505822481653195
1.0648390388050402
1.0702955197212785
1.0124402217389257
1.0610420537965655
1.0506959417514603
1.0677823074481436
1.1115457142113971
1.0048151705505974
1.081253138175418
1.0079186534814213
1.1221030811656878
1.0484840997472593
1.0432045185670613
1.092348664065833
1.0625608497987717
1.0868913597219072
1.0144314733051536
1.1195636333438697
1.096086674709798
1.079379669419046
1.0345980250130966
1.0634087084116202
1.0585914475404932
0.9742265573594375
1.0880946046493254
1.095913801058986
1.0338625013065024
1.0784615541049971
1.0943011720316693
1.0235711464996993
1.058767139666236
1.056064282228396
1.0697042456992942
1.0903599550100942
1.090162844436426
1.0528435491240302
1.0801183015000213
0.9927224132261682
1.0394804169094214
1.0987019360708654
1.1001315475619082
1.1122924204859326
1.0513322934707736
1.034573384227918
1.0060699535422293
1.0457179097022125
1.048969051109546
1.051927885955953
1.0502502147340738
1.0476743751604694
1.0221815117502095
1.0617980945557195
1.0617749861860133
1.056060233249916
1.0794819427789861
1.022878352459083
1.0529164268154119
1.0528050537791025
1.0139563016255597
1.0759626272562626
1.0905806462622623
1.040273677995853
1.0411226330888284
1.000855780990773
1.0472499830868067
1.048191662158233
1.0439144411327996
1.0187294653761765
1.0250971921902778
1.0145477125966103
1.070058712059224
1.0842756263852085
1.0492751635503068
1.0341872176091513
1.0298798633121666
1.0404554469945972
1.02429109685928
1.0869176803175726
1.1038896480543854
1.0479635381393053
1.09217441117425
1.0055229413827624
1.0817005813295295
1.0688714472372238
1.0955961527169575
1.0637609176455265
1.0606078551813933
1.0374454348316888
1.053890927681468
1.0219582213066196
1.096419996372239
1.0317429471989688
1.040198884261632
1.0112504152740895
1.0487189781140211
1.0512395483085737
1.040828661737953
1.0802456248153187
1.0544392481768299
1.0328711935252028
1.0393705198182193
0.9980237872780776
1.069705968026835
1.076437242373317
1.042333096808099
1.0863870315750537
1.0594660412734804
1.0151532919938573
1.055324454771407
1.0720286681736217
1.0437479007059567
1.0344777878416342
1.0455302674352251
1.0743249140060411
1.066494566723244
1.0021358976239196
1.0217024283452336
1.1028654728915885
1.0302888250927282
1.0112550776313198
1.0182934062703652
1.1440313391342454
1.0464221140753758
1.0475169547140262
1.0200001267367074
1.0350367909602782
1.074184079511167
1.023138596203117
1.0415864450447998
1.0714476855066946
1.0282615426197292
1.0571587875133688
1.1124902466177589
1.0287756575175349
1.0552768909031054
1.0708815111135868
1.0181979487702075
1.0674935546546132
1.0028684180468834
1.025808599028729
1.0323173422235796
1.0955688005614428
1.0552778140152552
0.9931187220157432
0.9848678266628347
1.0466877637892458
1.04615057637901
1.0621835454113138
1.0230154059795162
1.063632051084215
1.0560487308133704
1.0628460879896493
1.0202395230688488
1.0589839974420263
1.027182645242403
1.0435928254150608
1.089139959738904
1.0558271515634925
1.0872634860177133
1.0479333415470617
1.0469240879600064
1.0545757666225555
1.0638237475125296
1.0636125737530906
1.0296870375260159
1.0379606871993767
1.087704042636414
0.9933636602398577
0.9851582870006654
1.0211189928709206
1.038763674660893
1.0464029820076513
1.097663218227145
1.0534313878382722
1.1085280221934555
1.0530167035260896
1.0003639833378635
1.1265783216390282
1.0453295815974253
1.015904060224792
1.0315870754951826
1.046905851485494
1.0229631080177397
1.0729174766702518
1.0227900018562561
1.0079681811861674
1.0383838635348186
1.0404377773692597
1.0325824311897498
1.0533836155096208
1.0216076477361706
1.0634214132573838
1.0800140920412378
1.0938276705463523
1.0561570783927414
1.0877840795597957
1.002610909993613
1.0293232517600117
1.001436414909471
1.0154278336722309
1.0800102520702737
1.085773451777341
1.023657966832709
1.0477286595406217
1.0545616160673954
1.0300282396078138
1.0417183802853023
1.0334159560199807
1.0352234388102939
1.0575427728339795
1.0226711534378718
1.0398336987657828
1.0144426294469706
1.08602082661625
1.0528607166080812
1.0884314265288164
1.0814592627467767
1.0324205981926882
1.0162398483324535
1.02328254087722
1.0238467289530122
1.0696601777801718
1.0796006320199938
1.0713962674964155
1.0517864771373087
1.0803964866684426
1.032118712591461
1.0345449959184365
1.0295508795411386
1.0540095720661575
1.097080713292169
1.0903158896909655
1.0915738835456676
1.0894033129427458
1.0574811755091285
1.0586854218114679
1.0849996408650806
1.0545756826505555
1.048402380244821
1.0594688108888743
1.1093887535672946
1.0535256287744557
1.1029047903472247
1.0625916256355483
1.0453406088946113
1.067894284848132
1.0516358857946266
1.0799555977685549
1.038557532500327
1.0044505252275868
1.0461719838715715
1.065487066357645
1.0352362760592608
1.0210298851784536
0.9869290059754542
1.0904747848298424
1.0463234785568585
1.0701491913974173
1.0835160192305573
1.0672812319863338
1.0401349440664078
0.9994550968360756
1.046771113400149
1.0908925675123207
1.0335441998714878
1.022470946546329
1.072702094623852
1.032843021597881
1.0367972943462087
1.0185502480496322
1.0594970472623666
1.0202461886973613
1.0351023651229094
1.0594656887644605
1.054643281527666
1.0688864235684357
1.0440270817984234
1.0124431093966815
1.0425271786001336
1.0228043968549405
1.0761950004660619
1.0590155373313
1.1562179501375311
1.0700883536582375
1.0579397714052787
1.0436200989727211
1.0737171265498406
1.0565949797464027
1.099353190654065
1.058278690529765
1.0286787849527348
1.0214152779658099
1.0511435288647104
1.0407631738917138
1.0351382566886824
1.0224816493943234
1.0682436572677663
1.000084014139804
0.9997427750376875
1.027566903387571
1.0561277841443677
1.0625713853477996
1.0921017630339167
1.039423569180331
1.044668753263008
1.0253866718118565
1.0800852394257585
1.0164803331721735
0.9993593841164581
1.0027301636432593
1.1164852413395796
1.065853757999324
1.0623098494234273
1.0349339252589322
1.0780582345560576
1.0728071648543849
1.0505478723548054
1.0751077236177577
1.0327294415522004
1.0324286459182919
1.0065697957742739
1.0315349637535578
1.100629746095414
1.0646104050542586
1.0224579666791704
0.9969576474999238
1.0185984709215345
1.0385480796351279
1.0788417142592737
1.043435885623847
1.0863959786132642
1.0459729938710156
1.051749563857907
1.043702639635951
1.041673753932213
1.062001308264892
0.9766927833955348
1.018435165332154
1.0094929534939472
1.0479145603645195
1.0361293048453708
1.0195898325323118
1.0623724615327772
1.019311533041983
1.1164714681350856
1.0870547782518587
1.0557624479044034
1.0703513992167681
1.0808551593877576
1.0539690830266744
1.1311403714051727
1.033348859221859
1.0462670365069138
1.0791275857568754
1.0180523327157078
1.077187941263426
1.0597275745394497
1.0671627440366604
1.0394874539364667
1.1316069942542586
1.0805269066055074
1.0193000156952694
1.0680648717203622
1.1145353329518228
1.0679074670962585
1.0224771947806945
1.035520031890199
1.0295559690955898
1.0831115235411475
1.0293571306122826
1.0704210943611587
0.9980016058133685
1.0389484132387365
1.0264252531092422
1.0775843008410453
1.132590754683556
1.0269626460612995
1.0076396457607444
1.005923250651004
1.0693679271607806
1.021025186408498
0.9962817856758204
1.02499072383863
0.9994739312970412
1.0423330510670348
1.004166489841782
1.0322493753473925
1.0217793213697905
1.034543947152615
1.0487442134456275
1.0608984442594347
1.041587992734857
1.025925473289211
1.069307212342805
1.0007429082907935
1.0451120835315992
1.0877275112610816
0.9868365717652028
1.0923322124438826
1.0697998780074631
1.0244949744331215
1.054238469374254
1.0597416163008393
1.0142329296922765
1.0727689584233993
1.063423149614405
1.0391358487502573
1.0554424652370296
1.0665537021091847
1.0389580267126317
1.063588581622761
1.0564598107701646
1.0262317403530157
1.0661437539987835
0.9842323772784229
1.029115514587298
1.058178343479614
1.079763031765537
1.0559004651434543
1.0286126178380663
1.0712237592639327
1.0201079681425378
0.9915540493151128
1.0523445583830087
1.0234758657056282
1.0807196165146324
1.0968150251856603
1.052879354542854
1.0237649907884565
1.0194757616417065
1.0908911097325176
1.080456503228383
1.0436536758356945
1.0246423465489967
1.0570238196168815
1.0685272156975245
0.9879510903670408
1.0028869337830615
1.0659555469309825
1.0463200037265377
1.0742934250631437
1.0510399343190437
1.0641881889899678
1.0488675559258545
1.0720903602746126
1.046949866072697
1.0677551484691785
1.092879056654166
1.0500702198193979
1.0594157459747866
1.0162390688214953
1.0228820995595345
1.0712325403363903
1.0603096499636027
1.066212857219475
1.0202537226442725
1.0549882607261405
1.0598685406485708
1.074602559621582
1.0661904335559622
1.0509930011705937
1.0851126147592778
1.0205161649308767
1.0545801595891438
1.0361150414973916
1.0328547442747336
1.0562118025374396
1.0599094310332342
1.0276311996061833
1.033942919791379
1.0352735767559567
1.0988370071322733
1.0962658676273773
1.0628483046876638
1.051145658395912
0.994551991694529
1.0420054805118844
1.0934605130168362
1.0633768665156684
0.9858549462085685
1.0703792150075102
1.0316684724612508
1.0299896155672104
1.018017556877045
0.9957377677517097
1.0529679263672311
1.0772626960893052
1.0886528272656606
1.0916830234623722
1.074949194238708
1.0231990210851514
1.0294391579064455
1.0581197477871385
1.0426714930877181
1.0236454686451568
1.1076093451049225
1.0599878622965622
1.0888840408083844
1.0278907647867446
1.0168793287775273
1.0170437717203877
0.9804772480333593
1.0064731996875447
1.0327449496059466
1.01387240212037
1.0942094427695375
1.0598317899304541
1.0525111991741039
1.0696903651664529
1.0740056138910246
1.0475719839315512
1.042907418204154
1.0479203390194938
1.0058721448130106
1.0476447803138291
1.0253027976209828
1.0503720133027747
1.0174830574142577
1.0682693899682678
1.0495373280164688
1.0326478754455695
1.065767260489492
1.0263322983038203
1.024244794969602
1.0107502713097216
1.065033956034084
1.043817405116718
1.0732009062053818
1.0698568672270903
1.029640756701834
1.0477159186599767
1.0260687787832246
1.0350077084678106
1.0743352461267772
1.066179633650501
1.0243224809054707
1.03977381855331
1.034312015272532
1.089157414047132
1.0640300347999452
1.0355106052231933
1.0419018657465502
1.0439980800475237
1.0701670584048406
1.0473801721069276
1.0905477577937102
1.0214645607325126
1.0385460199903902
1.0372889138744112
1.0484469195469177
1.0415831404303524
1.0342405036021904
1.0351722467643658
1.0314668497957211
1.0463085688437286
1.0687820543287172
1.0133468420114997
1.0305463684952314
1.035855236335918
1.0304273454376878
1.0736681357050013
1.0643183893945793
1.026924259122986
1.037996634042425
1.031336353496429
1.0242021021193053
1.070429711863995
1.0959426153895455
1.0313393248869416
1.0561782178929613
1.0620960573286264
0.9872057726703256
1.042999434495417
1.0467659811020542
1.070468702577873
1.0999150709173198
1.1267919708163896
1.0352353781692425
1.1007190829222366
1.0343493222328168
1.0591423748711504
1.09632334608015
1.0660762685495087
1.0685461601587247
1.0465172231236002
1.0824347883806196
1.0310743770568853
0.9878831384735489
1.0015238304361913
1.0379774646144406
1.0240417442894352
1.0784062852700715
1.0529387000061876
1.0453001141390412
1.065821350623277
1.100026366141639
1.0599706290485567
1.0681917351830208
1.054158837502635
1.055250486899764
1.025911059527379
1.0577712474797403
1.0248858293864065
1.0379972509161097
1.0024839250794588
1.0424570830306785
1.0036540507796368
1.1040081289786612
1.0209307362478075
1.0770254802630146
1.0477913523267395
1.065251471840222
1.0320617263823888
1.048571919209347
1.0545700288210358
1.104901368938989
1.0410279100487099
1.0905704031548449
1.0388520030693875
1.053521961952945
1.0450167119307288
0.9884822071117655
1.0267820104559495
1.028035670333718
1.0785746857151888
1.0241693338344122
1.0384487755592198
1.0185129643786017
1.0384099124189885
1.081509363487526
1.10844987056061
1.0430689572652152
1.0683208442012286
0.9949070326494799
1.030593736782453
1.0616301101295493
1.038235389636647
1.033899755079657
1.0377180490568505
1.0395437306134487
1.0118115567894157
1.0846815278543864
1.05425356904855
1.019542500870137
1.070267279115109
1.0042138504506777
1.081833258882173
1.0824710477169335
1.0453527567598095
1.0760409463428988
0.9911530064832019
1.0519976141264096
1.0699137950939126
1.0560410625511492
1.0602730887023726
1.0471123182661481
1.0258639167514358
1.076092720951685
1.0881506166009303
1.0301689265610712
1.067457044766847
1.0726965702087141
1.0454667969726068
1.0563355762109907
1.023921205140472
1.0895974069737577
1.0722098015787485
1.1318188903062287
0.9969387238620465
1.020312730828556
1.1180431054167237
1.116033150904428
1.0388338143383913
1.0397889645808167
1.0256062364318728
1.0422990407422092
1.055755912104194
1.0616726001707155
1.0536998907795165
1.042425644912643
1.006089411420354
1.0207479074989985
1.0337821223106405
1.0574859192151846
1.0311582830246147
1.0404555758703624
1.1214982624009608
1.0216724002408129
1.0762446193519155
1.0026141726325124
1.0449868318422308
1.045259824478159
1.0449364037783146
1.1034798784494968
1.0509305787946392
1.1051058315995181
1.1007193089287657
1.0590589427074455
1.0617708138383244
1.065457594533307
1.021785212675748
1.0072153446134724
1.0630215156809621
1.06955092234036
1.0682834459432087
1.0482656830841162
1.0516882255073308
1.0574783329387207
1.0372719565535897
1.0755489831716858
1.0711635983293568
0.9924033962291419
1.0413430893678315
1.0415841906595091
1.0421639065453319
1.0879174389153883
1.0560112270094673
1.0741175628869302
1.0839374755156719
0.9902985828299106
1.040900749844682
1.052461042813095
1.0822046000461856
0.9988556126728223
1.0661473027304205
1.0461254513712774
1.0484322723744781
0.9905548619827865
1.0987904979312524
1.0043714049407408
1.0655523494246304
1.0560167226967052
1.0685575726011278
1.0324873700243742
1.0662319673864664
1.0359214978818123
1.0588639525094865
1.0082803817817645
1.06129945468299
1.0821622074096235
1.0219862101822916
1.045871543238709
1.0648760623415028
1.0842424623471327
1.0435909803478027
1.0398799738364057
1.0245974659512118
1.106945894024234
1.022642251404871
1.0601063309325254
0.9963400923752308
1.074452359399589
1.037856949317232
1.0326371234461087
1.0500264848058418
1.1126394577891356
1.0256981947429786
1.0139962512251046
1.0420465159011918
1.0333227712146977
1.0142006198872433
1.0641214828124108
1.0909729350123214
1.0094789532560333
1.0441173636002055
1.065751518167927
0.9973573010032395
1.0280801811268057
1.0365901434470206
1.021608771760842
1.0739595407523477
1.052213080187983
1.0456882586011218
1.0227649939776144
1.0059925667134633
1.0195576773749344
1.0950137519901268
1.0562665962400497
1.0167216326689335
1.052913462677988
1.0628811327159697
1.0188013390473807
1.0200211255139657
1.0823552558552978
1.0089925633257326
1.054884780224357
1.113809932017681
1.0388122367531496
1.0710903459618348
1.0355715306829154
1.0190384004622297
1.100646991010822
1.0403409688518226
1.0843711097760032
1.0741153904672684
1.0378313401680082
1.0541100312273695
1.0171192265044762
1.0370108747073372
1.0185288245236852
1.051895504420159
1.057781460453817
1.0297845181773233
1.0541118600595771
1.0378413381904987
1.0531649472365663
1.011446703711164
1.0714591082109974
1.0591304462293933
1.0143548840773504
0.9905295362682739
1.021576739177004
1.0644612279817887
1.0182196525980995
1.0627075744126118
1.0851462039509499
1.0638694818068597
1.0397916346485654
1.0505076387358012
1.038101085781195
1.0439007099322533
1.0633116103626843
1.0207798731613065
1.0323170299932403
1.1152537312561366
0.9906961144134998
1.0497238857922173
1.0325856601421146
1.0235949051256392
1.0296165817450154
1.0501107137356716
1.0603707497187675
1.0945751520417712
1.0190115179761219
1.0564707686875687
1.0583408352436516
1.0591948574019991
1.0378204027716698
1.0480843197094027
1.0117340240074495
0.9998284524995098
1.01230169778397
1.080020667999811
1.097280573981895
1.0271186575365465
1.0991523971246542
1.0170680669102425
1.0756698162954892
1.0303587339711533
1.0519085492464006
1.103918518740585
1.0188986481171907
1.0624824674507907
1.022248401884842
1.0164959336820234
1.0380394702711901
1.0118822774908969
1.102796301631552
1.0433893536347687
1.082745204985401
1.039128654823705
1.0211000401745518
1.0610181065385687
1.052757035565229
1.0776349323682086
1.036547932943066
1.064180299174515
1.0652927865492896
0.9585019178293985
1.0743191309450792
1.0411156976029425
1.0526046978032177
1.0362314046891046
1.0301724476961227
1.002719086873567
1.031248798529724
1.028490061892543
1.0431899283272381
1.049678962727461
1.0402133454131737
0.9671920873369826
1.0370862608020208
1.0326089674201708
1.0670066339428312
1.0467922259938378
1.0523908192252989
1.044266908402166
1.0792536670429447
1.027653354499509
1.029252339578068
1.0619882186304384
0.9623307735122848
1.0102016262941078
1.072962742731821
1.0238258294784268
0.9159354587198673
1.0480142162891377
1.0867140182709254
1.0171587073308428
1.0477632774403027
1.0512706318418756
1.0462393756890354
1.0201115612342944
1.0547562164180335
1.0727513395365333
1.0726596608972772
0.9707549798924187
0.9808005101913666
0.9604871100498107
1.0245171312850387
1.0171446932930661
1.0482889283628456
1.03600448329193
1.0681729893068839
1.048729240781158
1.0669025859519246
1.0418565999620617
1.0235629956589727
1.0534055188467046
1.0610475220267799
1.032325679911467
1.066569843222134
1.0600768611548215
1.0499719094938766
1.019639711911613
1.067582913270273
1.0232944512965043
1.0585548679741081
1.0216634896778465
1.041168891289334
1.0894882125816774
1.083735505311219
1.0555237056370566
1.0503361184345286
1.0744010957740413
1.051371355561105
1.046286079581383
1.049655485858854
1.0438115074371863
1.0627836202863679
1.0592385214080138
1.0603480569414823
1.0524374793370486
1.0267686630924837
1.0638475774727587
1.0680410368435067
1.0167295747128213
1.1124958858041443
1.1142614930815435
1.0951592219936026
1.03744165542953
1.0249931298898505
1.054681652874666
1.0550627603501748
1.0244092306955939
1.073982882316173
1.0436758251102367
1.0437624759159705
1.0318230910083661
1.077094855608087
1.0682590721427525
1.0248321677099577
1.0812461030524674
1.051735204029525
1.064303977826714
1.0614643142828644
1.0580922504502086
1.0757691047074107
1.0710511519105677
0.9709183910593815
1.072428007021024
1.0633930299539078
1.0802202081538645
1.0178266074024518
1.042547401629498
1.053907762359125
1.0183240730788796
1.0612429143859907
1.0442805859147877
1.0693259514371467
1.035935718585721
1.0622880369574899
1.073875129931954
1.067102098311974
1.0465079948142717
1.0592394904092999
1.021107698064191
1.0142755892040878
1.0223851821121908
1.0457152366140123
1.0608509279886367
1.0465477709298914
1.051400714992575
1.0428904099077594
1.052352491510818
1.0397177711108767
1.0355834773958832
1.0089177637982292
1.0497870844138908
0.9675109781051886
1.0464995778977138
1.0421216101451074
1.0497745919522539
1.0603484321223688
1.0014547589672325
1.0538561990232567
1.049009753397332
1.0175496160038613
1.0318121144230237
1.0288152754552071
1.100040999957697
1.0610501111245925
1.0486398188836248
1.0488690633192497
1.035861858902947
1.0381290602904485
1.0960969969694603
1.0141643217356
1.0477680625232926
1.0603638874722114
1.081634231035532
0.9782105642587687
1.0784062917158646
0.9148453468648847
0.9666874066478343
1.0935588071950764
1.054407307824645
1.0361762334891254
1.029506677196145
1.0830859394330516
1.0943414267398177
1.0022896214883328
1.0434335456950494
1.018666159721668
1.0465091238877837
1.1045193335590024
1.0079662881239064
1.1065741233548654
1.073951930479797
1.1154703126173897
1.065847506739078
1.0112568208122863
1.0478187035083588
1.075186694131347
1.0844162702758318
1.0522198570215024
1.0976811752461857
1.1052515937894154
1.0304137515041543
1.088255665983098
1.085814605139711
1.0305829280788141
1.0044536280266219
1.0160631422007331
1.0501344219570474
1.0715411107612685
1.0542376101811473
1.0715159976926978
1.0360752850715993
1.0592489619680368
1.0423180164301764
0.966019165130391
1.029651538642893
1.0001149806758403
1.0466473240782255
1.0977945345853075
0.996810723094673
1.0774602800324777
1.0684042109645735
0.9559953166192229
1.1048754539089454
1.081484396936706
1.0100787951917818
1.0248690922988106
1.0642974788245703
1.0622958842853143
1.0099815513650527
1.0501968993855115
1.0525806122234704
1.0463734290353166
1.0591438025403557
1.0456029931050597
1.0262184565613004
0.9931530615741799
1.0653392107695407
1.0180533513713539
1.05443247007329
1.0309527072289062
1.0606498399178934
1.0338991990191835
1.0818560420862182
1.0970699561260107
1.0863406960674524
1.0221198372093998
1.050295433046777
1.0657602435381486
1.06016903002299
1.0784195009022448
1.127426887885341
1.0430765741661212
1.0746851752297382
1.0622239400127163
1.072610412115172
1.0546709697365575
1.05986762714675
0.9765675659349717
1.0490073100474222
1.0824305179590417
1.041349915003346
1.0563770431730626
1.0244804350427492
1.0550345717329292
1.0449408674310612
1.073574679634981
1.0552757815189806
1.0560283568824915
1.0559139288891417
1.0322473116925168
1.0105264459109755
1.0295322014754973
1.0168854393303888
1.092764878071995
1.0429978449945883
1.0406902183609712
1.030877008757927
1.069182747176989
1.0468464473939731
0.996248665130462
1.0462128264560155
1.0583282873081703
1.0379525655027395
0.9717155884069919
1.0606035522235846
1.0325589961836914
1.05869568198212
0.9707454998581002
1.0248220068274483
1.0362104938084615
1.0169950164487427
1.0540538690854915
1.0512971759789376
1.0480706467721803
1.0418997026931296
1.0166722856434558
1.0623302578664096
1.0009865908280082
1.063175151696076
1.0921872126607381
1.0173158968693314
1.0254105692998563
1.0681327483639056
1.0518282033719772
1.0657924395446812
1.0051086022814926
1.0531213689763146
1.025665669333257
1.0190476020015078
1.0380400362303484
1.0412661507460914
1.0386517575478067
1.0644914239837309
1.0604693380127441
1.0410203660717396
1.0368042977911947
1.0570658683739655
1.0146205124655796
1.0383603149531784
1.028908304045474
1.0174656964604374
1.0557087767698765
1.1069554884519235
1.050114763160644
1.00477274337181
1.0798256854795067
1.023376662314959
1.0456820877048154
1.0352838055071611
1.0307488538711762
1.0865835724708146
1.0346539461295419
1.0575364399499732
1.01865028234557
1.0164243373469268
1.0480273267228362
1.034258360095841
1.1158133265225805
1.0831762271041654
1.0348280866264827
1.0923216228200594
0.9630529754125863
1.0372068633753468
1.037903656183984
1.0494407292836698
1.0663156372912443
1.0632129313361531
1.102633382831427
1.0471261303722663
1.046295910606893
1.024425661560475
1.0578384303967692
1.059316711240386
1.078649717190756
0.9967467404559952
1.0691149154804374
1.0539709650974218
1.093826713649651
1.0263654832354276
1.084627297794541
1.0369422031947801
1.0497855385509975
1.0175792484028403
1.0217967396409624
1.0661811290016023
1.0693521289226882
1.0703271514697266
1.0838880298193245
1.0393795079062507
1.0530660101884441
1.0852442353446257
1.1058362367403527
1.0274340047444035
1.0739892737697125
1.0586775984656587
1.065202747238597
1.0722408384108633
1.0116312114476416
1.0462588293054906
1.0153669329051491
1.08320567234434
1.0720213649799804
1.0069460465854692
1.04644083705739
0.9930325435682166
1.0653708281235539
1.108596352226729
1.054735220194244
1.043729675566491
1.1004343313996616
1.0020636895358177
1.0616433096267142
1.0386924224451477
1.0706477213972612
1.0583567378251735
1.012090110106196
1.0864353583391455
1.0604872196818957
1.037340154064767
1.056386610822543
1.042765581064515
1.0527726874519474
0.9757623272363334
1.0925600783705485
1.0542788089310362
1.0445495647578869
1.047329502750079
1.0553162715291986
1.0660425849949224
1.0168313900596893
1.048491302655063
1.0601219819902685
1.0725398061724645
1.029687853810701
1.0498751273442788
1.0466795440025047
1.0491234754908434
1.0405942474081453
1.001827628014541
1.0491430212852817
1.0199327397338798
1.0478299598418852
1.0181341539875306
1.0711108923544046
1.0865042720934506
1.0932382975197124
1.0290794718331766
1.068078092852419
1.0661750830276298
1.049888280108474
1.0120734247792373
1.0497936500509206
1.04803586615298
1.0015116013355239
1.0314800874909522
1.0506578741989987
1.0427442403630454
1.061870315276176
1.0378036195052442
1.0874023080900426
1.0840613549353444
1.020665757034871
1.0675263861338238
1.0293269819483424
1.0782285754311094
1.032513203384243
1.0568560811276064
1.067823026487391
1.0389628009528187
1.0734232726484703
1.0278773794338218
1.0073062259900902
1.038095067187998
1.0286963294091342
1.0375519801430284
1.0645473198333892
1.073889636689908
1.142074496824445
1.0648087359036105
0.9993100389417017
1.0606701551345021
1.1321343476951065
1.0626944450610825
1.0567432318963697
1.0960909579383777
1.040219325184455
1.0947406451782773
1.0454133431402224
1.032033925055881
1.0622850269097237
1.0531076286906678
1.0686691352437632
1.1251653373993347
1.022733352775615
0.9738871642152983
1.01672811909531
1.0285470345396328
1.0652922152902915
1.0559577956748827
1.016012924764121
1.0506294748941225
1.071090566577043
1.0869575163390615
1.0440118353660826
1.0277016531367105
1.008368401434509
1.011681590774622
1.0481737528738417
1.062643539441428
1.0117161245421173
1.002779251216457
1.0466681504593582
1.0685085291993073
1.0838009987621668
1.0328113810096167
1.0497544447358664
1.0296362128435725
1.0542548562299017
1.0544500030433246
1.075912917125211
1.056041342396924
1.0842634811701
1.0404449000840617
1.0690546885621084
1.0127639497301304
1.0180004745375242
1.0872499555101598
1.061127142958916
1.0719260742980345
1.0424867870986205
1.0575461393324808
1.046397357970108
1.0031067141983445
1.0654814148483323
1.0562641355684284
1.0231873267778027
1.0151570409213106
1.1092735565671659
1.007496367078508
1.0491110098981407
1.0827087245114564
1.0834959329063356
1.0422151536426107
1.0181820291752328
1.0907952366086513
1.023537201445107
0.9982696022099086
1.0583961339760772
1.05675224005171
1.0613367961001514
1.0683136183281552
1.0486614406646793
1.0389866043505018
1.0431152093073504
1.0309200103485325
1.0749452835350737
1.0463631345128788
1.052535361873269
1.032600004059252
1.0783083211227436
1.0541957493294436
1.0522279804425931
1.0438060706245536
1.064542530627185
1.0338787736446153
1.0280509143365717
1.034614015495475
1.0593038854982397
1.0391065568189113
1.0977309682817031
1.08861218681705
1.0582811585667666
1.055360128156105
1.0499927129477544
1.0318907429118171
1.0422334775437632
1.0893023693089443
1.0271607068845512
1.0538299012445127
0.997160842071529
1.0295606304762928
1.087797006244488
1.0096334971033254
1.0167271207674387
1.0193183884407377
1.0822713686019825
1.0705301197994597
1.0758212891827144
1.0511839837952484
1.0463342489765484
1.0315129196037036
1.048282648409245
1.0558715920285395
1.0384294620961882
1.0152845955601382
1.1119804842512615
1.036238424545952
1.0258895529248597
1.0507157086502148
1.0661013367443113
1.081192297602794
1.025413333815601
1.0247179684735752
1.040011390267097
1.03830601427898
1.0300542620658308
1.0482251888622782
1.058560045108616
1.0943963032741302
1.0663214418892135
0.97101611306166
1.0571980984794438
1.069202165725758
1.0434629601614378
1.0207163346024912
1.0594245806614546
1.036263197546159
1.0550346454627968
1.0219827467296667
1.095864823536905
1.0350904864938222
1.0261905421757362
1.0585733527929446
1.080035694585355
1.0958311158655065
1.0502977356287453
1.0868590417371968
1.0310749780617052
1.0691327121240548
1.139822895580918
1.0445558162001325
1.1048201379695985
1.0272802936270882
1.0421199583486251
1.059949310254644
1.1133127379905403
1.0802988996683585
1.0795462043673436
1.0682415377869423
1.0141530276026223
1.0622487439274886
1.0224980001053545
1.0931172164097451
1.0564709041388178
1.0208055300176109
1.0532246326093317
1.1197594109726015
0.999784188603918
1.0746210006917136
1.0338753842342165
1.0762506969539154
1.1120000369518506
1.0734879140947688
1.0425733768562209
1.0745280456778117
1.1056381953932575
1.0736724374103108
1.038636772939517
1.0027405259304538
1.056241115306736
1.0312224401316228
1.0709016466426664
1.0639116590454898
1.0426648390331752
1.0634079102577563
1.0793672694799947
1.048859121177369
1.0894303656507747
1.0737169734554042
1.0462749238395752
1.084428674174824
1.0868078806107628
1.0530240224349887
1.0957033760826558
1.0963574256684767
1.0666087443055126
1.1156248436929055
1.0919851310612494
1.089247434643028
1.0742476178317262
0.9789014334952164
0.976810419026248
1.1226651556997513
1.0812006642469612
1.0857650033474364
1.1046176792490427
1.1221945155354298
1.0542395629918122
1.1032854219424792
1.114864107563954
1.1105325145479026
1.0459397432852406
1.1010366625265942
1.0934020008629919
1.069099033621199
1.0558498131301604
1.0834612686523202
1.1035275376867655
1.0701267404576364
1.018340609069802
1.0935019148170824
1.0776715369266712
1.1005668342476924
1.0841250631359165
1.0658940607937684
1.0679472400591743
1.1048225607914137
0.9918642608950997
1.1075161999639145
1.1018537222815679
1.080194085602928
1.0174648642939919
1.0666314898206308
1.0975886333895875
1.0468103820237586
1.1156427343316841
1.1188733290156907
1.077575137154255
1.0473367849202828
1.053947506881258
1.0899473615203792
1.0581149038288862
1.0304487313533333
1.0450280716532863
1.1067520082398055
1.0640132605745787
1.0795955728027353
1.0532164599574891
1.0231024755562208
1.1043068370781874
1.0906524509150468
1.0583019008704573
1.109831282832589
1.0947830331517063
1.111703128962935
0.9749405605315425
1.1014195492690007
1.1117837265023407
1.140700799297068
1.0585019047066875
1.095143198968549
1.0795114001425155
1.1153958056062523
1.1140718403422556
1.1040365544316593
1.0831695654759743
1.0178113528242951
1.0629374820975794
1.0481029411980474
1.0431266806441448
1.066473334697973
1.0882138410827589
1.078858157495785
1.0611406874295792
1.0858552639678487
1.0851831443439932
1.0878298148922971
1.1233950116853155
1.1028921759019459
1.0984074543215874
1.1488756852244824
1.0489077310602946
1.0385234326299544
1.189112664800189
1.111672213851614
1.0112550758859093
1.1022487090416415
1.0547393017428395
1.0046442806231572
1.1086629558627878
1.0817840494901125
1.0914466261321312
1.0609340060442694
0.9830609107489502
1.0856368720608531
1.0263732775791667
1.0564818935544817
1.0070199928259325
1.0980931925775101
1.0649052493167732
1.0988338223674712
1.180546072978534
1.0912114824550259
1.058675447283128
1.09194566376824
1.1628389964649468
1.1013101874877667
1.067743359673115
1.052424616685735
1.0766319278250165
1.1564786052705178
1.065477467395539
1.0312429624994615
1.0672813125001757
1.0411083196012745
1.094515665074031
1.1168444909325386
1.0102681306977708
1.0768801515445068
1.0503448168404321
1.1308764872498291
1.0865035278591073
1.1057771886488281
1.0424660698271944
1.1049799382224073
1.105245260011769
1.0947700320526137
1.0906451816798561
1.068243344754423
1.0745160392808148
1.0597704719380734
1.0595798011930404
1.0441365178516784
1.0254376264235217
1.079121422574133
1.1251412034048032
1.0891388176813435
1.0920125624240908
1.0576394638115738
1.0999401658079087
1.0484961614244401
1.0614541612568256
1.0998552020382586
1.062946365677885
1.046354708037891
1.0984960922151759
1.0116152634370763
1.1074220171842195
1.036949691304452
1.0646075883459
1.0311679065339385
1.0670041672563493
1.034429746812279
1.0833063224757442
1.1048560062696693
1.0799767517102807
1.07271652562928
1.0600269292034976
1.1333780682849215
1.0686677188996903
1.054320999173129
1.048837242892799
1.0590792563898608
1.0269418292447428
1.056008867592366
1.073880385654296
1.041293036414182
1.0606020382693009
1.0662356950133927
1.0249297799589352
1.037503093394214
1.0686913691156028
1.1109762977630666
1.125649515471213
1.039898292658904
1.128588695730868
1.0965140123523163
1.0785469602557838
1.1141201881005707
1.0527973285575762
1.1151194599532135
1.0973384859210595
1.1317546801740388
1.0672399811807625
1.0632314263295246
0.9513669127734836
1.0828056310184195
1.050993594025478
1.0509881695488141
1.1372732807870978
1.0735698625017647
1.0685172085613504
1.1386179836004744
1.0984747122877356
1.0373747481616362
1.0988807799332607
1.1071336254123312
1.0939596979895125
1.0766829304438927
1.1037339394296408
0.9971581687101138
1.1118336523659995
1.0534974348442054
1.0239293630047845
1.0234667594973637
1.0725529791157573
1.0711427785636471
0.9919382159701174
1.0830236502405979
1.0898748327894352
1.0279556898814837
1.056965696907809
1.125151638083351
1.1228437121857093
0.9638709599580745
1.1133644785304462
1.099367941041656
1.056889552493368
1.0755604323084182
1.1206278044913578
1.0729097211685323
1.0091302200539085
1.0878835545915164
1.0790351922168584
1.0875816830812293
1.0902756759966488
1.0646219986212542
1.0908066326364743
1.0530195568777196
1.0776339830565889
1.0389410332690343
1.0876472421105574
1.08048758143493
1.089044602306855
1.0239272619910669
1.1078307333585784
1.022472028615246
1.0802856880780392
1.0456815038453613
1.0930850126889857
1.102239959548986
1.0804958132389872
1.116060104799458
1.0091259261746655
1.1085901676896812
1.027674365276633
1.0819694489171454
1.0865676398021846
1.0734708276848397
1.088513371740518
1.0971083262835315
1.065172917255495
1.0645964947662299
1.090713884363267
1.0689334416894574
1.0606231648518631
1.0891095836918807
0.9532114048310952
1.0686117021517056
1.0429129156420331
1.1142268709032779
1.0960641592209317
1.1110072646981404
1.0457512170194667
1.075535223596151
1.049266562225691
1.055006592159312
1.1367851976296675
1.0932311741042227
1.0663710448282409
1.0677378994202091
1.074859849698697
1.084347235266076
1.0486996398853503
1.0125293275693383
1.0522742834762515
1.060034252179904
1.0346729734919669
1.0948293098763773
1.0806412570987671
1.0433758897468637
1.0379563590950858
1.0525992186251871
1.0495128933033455
1.011141704305134
1.0163787594141773
1.1415274820658428
1.0333481014944674
1.0627450907412188
1.0269754173501466
1.076450184149363
1.1471600775095774
1.0777005220579925
1.1054513280791882
1.0547396802157791
1.0173111056629203
1.0871364261220626
1.007161007130572
1.0915170678622228
1.0675545756635436
1.1118134307149183
1.0787493360975025
1.0779809386920636
1.0288030917191864
1.1130070420219367
1.1004578322819687
1.0996394892951171
0.9791646333142793
1.1074932846170649
1.1201593530837126
1.0661586973642236
1.0844288783447997
1.0631470868035482
0.9916688672004494
1.0730917646753504
1.0641220819784247
1.0888301261574895
1.0997015449026564
1.0895062417387038
1.0335008707538655
0.9577860645403665
1.1088813966796875
1.1062031979428992
1.0497737221297996
1.1023386251788891
1.083320448103326
1.1532824040744565
1.0877484467156047
1.0831574374989377
1.0839838538019653
1.0903160046202462
1.089204204228968
1.0999633194387268
1.0700675832608133
1.0747638509068902
1.0581777165286657
1.1465167255085493
1.063090603447086
1.016642065389591
1.051038578668175
0.9800081301202396
1.122548161489577
1.0750331649765839
1.1092521223922618
1.0758264626568192
1.0843530588300956
1.0346219406463175
1.0595018139029007
1.1066360064797227
1.089368173788687
1.0827620492680408
1.074604776711763
1.08785548186656
1.1244197417641952
1.0417721937937523
1.0927273530005703
1.0355957862123346
1.032457818061651
1.0859911894555425
1.1156720018761292
1.1003724042176388
1.0845479735147616
1.1008851879053618
1.2218344682072837
1.1035749318123913
1.0971839242389485
0.9578510192561105
1.1044201036247914
1.0950119554767175
1.046748495519837
1.073293343767517
1.0215023451428606
1.0851678618588523
1.0178145494082058
1.1411744665601904
1.031878421475947
1.095080625249487
1.0477835648818805
1.072435351659972
1.1027395228639985
1.0421878792998638
1.1251428058464208
1.109138245426747
1.046473324993009
1.1233341724123087
1.0107371855860372
1.0753513604324476
1.035951528042497
1.0751902776235518
1.0408149141643328
1.132593919568364
1.040422902834805
1.090054247518412
1.0888176462776755
1.0291218014667913
1.0735602530076322
1.0941167257769586
1.0953365436214937
1.071802304800616
1.1178629914624083
1.0798762281174366
1.057628218362486
1.0971699621965512
1.1155318308012594
1.072395361211526
1.0262315423688606
1.0105575585201263
1.0433148181642575
1.0830560897933577
1.0747918124344273
1.087366027773479
1.062371089397282
1.119726270307028
1.1199414309222169
1.0891969531669454
1.0958816043247552
1.0897943796259086
1.1163724506234904
1.11063086198368
1.0205154905095652
1.0763134420406564
1.030450299199606
1.0891687866061492
1.0520234306041354
1.0699879449285845
1.0523439713691933
1.047852477487213
1.1522067285721138
1.0648862093523153
1.0357377802041923
1.0506736591764763
1.0983236948206352
1.097397469279557
1.1323613040531522
1.0545443585920815
1.0659437005307422
1.1469675735542275
1.0449592031024508
1.1023441719554044
1.1150680281464673
1.0358238259929082
1.0553736687493886
1.0759517546028539
1.06018272786008
1.0341399697824647
1.0251333902922861
1.1308490561820261
1.1378977998151338
1.0720590684432836
1.1030507365142366
1.0533499309366607
1.105710283530214
0.9884852087078566
1.065066162463485
1.130292719379285
1.1033929184833613
1.1183164543925936
1.1791887616607157
1.0672074826619022
1.072921100472805
1.0856279174167915
1.0208539364732885
1.1248272113206312
1.0900947589274983
1.090679758873079
1.0100631319627946
1.1002818372623775
1.057652813348988
1.105750362024772
1.084332880780649
1.0933111298775915
1.036786651901229
1.066012478592439
1.0584167823928947
1.0302973334929313
1.0696841247825826
1.1168089418796352
1.0871977837118887
1.1428365594327599
1.1010425158102393
1.1589003484361198
1.0651688281899332
1.066473674079973
1.0600410746689244
1.0473395121949698
1.1121555795449396
1.0573152135296975
1.1173924052889421
1.0986867526718413
1.0745999176987346
1.0715632076385058
1.0516924585701013
1.1261334557536449
1.0605727779957974
1.0668442690471578
1.0508537014676644
1.0553870276502675
1.0378959406461967
1.083184473650118
1.1314558033418631
1.09436548133555
1.1021636611669865
0.969931067137579
1.0710852567546505
1.0910471412049494
1.0816949455714355
1.070539447624164
1.0562136308417924
1.0147936918447256
1.0634688618635142
1.0350954853928684
1.0809138272351915
1.0742269825904764
1.1184066999583164
1.0697223736243062
1.082510588459094
1.078431810575867
1.112918357129003
1.052942023492966
1.107605278215906
1.019090965139657
1.0530276568539008
1.0223357877051777
1.126739231597798
1.1372917232584845
1.0572167621417126
1.1163338189965417
1.0747374792834063
1.1078153366487524
1.0850567343200999
1.1470690436967756
1.0036793032058702
1.0464993729694059
1.137873449672029
1.0803877200350092
1.039726742628843
1.0841828933901874
1.1368244154751572
1.065137962032081
1.0691306574200463
1.0449846904836293
1.0385171756757678
1.050687205081835
1.0788796363095579
1.0788576936401646
1.0827545700294767
1.1035784924440517
1.10216553114518
1.0836204151006537
1.1497053816611142
1.04714474045442
1.1712837670249499
1.041129458067115
1.1116790682665745
0.9787088476987925
1.0892965243972865
1.0738986055822566
1.0897171919063013
1.0537297792915503
1.0778552415256584
1.0558044941526437
1.0420177416554157
1.0779898800250471
1.0557375239606785
1.1054594338805412
1.0816904186181302
1.0957628900938041
1.0775668630843984
1.056328146243991
1.0945532422100215
1.0432817122488263
1.0479066891547382
1.0429440614451033
1.0694480049404487
1.1126270882426958
1.0294834096251007
1.0485045209182664
1.0226932434069684
1.027614929115565
1.053758812468393
1.031776560216991
1.0865074040074194
1.0704563551988284
1.055381448233548
1.076415856125346
0.9647397394218532
1.0204249349808374
1.0563310430732755
1.0757059096979045
1.1198409118439556
1.04148671008846
1.0594731014097871
1.121172787581381
1.1173754332173544
1.0343091250136307
1.0294276421176327
1.0843845977806856
1.0825658750648546
1.0523480399214784
1.0639843945803837
1.0404639181349273
1.0036469378834354
1.1115419453616853
1.1005833962231668
1.1195393116773162
1.0368892053819634
1.0855729537394405
1.144504418591313
1.076667761507673
1.0213795605815932
1.0995445771000645
1.1050288001796804
1.0429101132281027
1.1020647919696498
1.018011532980683
1.0959254861485226
1.0988728900971547
1.0882364384969143
1.0472261232330182
1.1144657669846947
1.0595547342729865
1.022153723125031
1.0875763141392891
1.0681271141406876
1.0679500989167972
1.1326212772062476
1.1017039159141335
1.0759876442405214
1.0719608794806217
1.087901051123255
1.116855260721371
1.0694895421185584
1.1386749285807094
1.0924975668852073
1.1348120939710133
1.1176273206502285
1.0633735272416531
1.1475249314663922
1.1056222239726443
1.0867142439971442
1.1595626247900483
1.060583704669269
1.0865000148538257
1.1481596721214633
1.0720023174893734
1.0597558980505992
1.0539136728041019
1.067883754930999
1.0918906654842933
1.0331454720353663
1.0606282544701933
1.0623675075732821
1.0931350458254896
1.0651635143062657
1.0561933113185022
1.0688689242389005
1.0353947141713429
1.0931899623303905
1.0996551580322858
1.0581559182723963
1.0774847027155903
1.143652743812408
1.003506152455361
1.0632102252048077
1.0706165557879541
1.1104847056270921
1.080989368730429
1.0959346274228834
1.0443358157033766
1.1015235417041414
1.0751022057435906
1.0956093544767482
1.004391659824178
1.0700840801151628
1.0387961295637516
1.0955129832209285
1.0650015765525604
1.0719580066934928
1.0275042161145524
1.087366223165877
1.0751968366825937
1.0666472622964307
1.1231282932119415
1.105134428497167
1.0823798331233634
1.0449077303659935
1.0515554845418444
1.0654477949545356
1.1131220939160051
1.0828835287273522
1.0620516366417652
1.0854394700670975
1.0587475668976507
0.9915521374648382
1.0352606976636436
1.0901567865640462
1.1294090205718985
1.101123637493715
1.1554368733102125
1.1034590587380746
1.123855079501428
0.9671880328198362
1.070402374495734
1.0008912312042397
1.0829105804680816
1.0721934284523198
1.072225335834968
1.0569429863582143
1.067311197582983
1.1221452224494397
0.9546157498438894
1.094814422504548
1.1244127446243586
1.084490503083442
1.074029076831521
1.0905038902915896
1.0820921971511122
1.097581420718847
1.134311544703462
1.055444004454663
1.1116023883795327
1.1055342930775458
1.081110770913842
1.054048985737234
1.0595360231794713
1.0472115850789199
1.0610595589362652
1.0692065512413116
1.0129163173587756
1.095995640793473
1.1323027151519078
1.066027054348891
1.0468016369168276
1.0424728537603922
1.105709978312506
1.0786482314068613
1.0857089369098885
1.050756128206126
1.0459290433852946
1.0652095919275637
1.1253375923450601
1.0830485695159715
1.0452233728411053
1.116282470272051
1.0610688367623144
1.0553603884465357
1.0858264904853874
1.0619100097425571
1.0877557819858483
1.061814743147128
1.1152631744887063
1.0723359693293477
1.053310481732867
1.0109774070406279
1.0362728032286854
1.0654862114954873
1.0793273103182417
1.077318787865031
1.0053479082205232
1.0722263111134462
1.0638274128940952
1.1037238856634162
1.0898733895478216
1.057072436155388
1.0703326754365896
1.0794765167784042
1.0586508636035228
1.074228985653008
1.079599553694781
1.1242193030166108
1.082204598671321
1.081257770698137
1.0542825836618843
1.0823138020703187
1.0818870308791257
1.0661906167990831
1.0050794974765167
1.1094707086393911
1.0300818200299815
1.0782195594456099
1.1105414080771683
0.9754726660477114
1.0717036035104617
1.0442147593658462
1.0575728440679995
1.0595031088427744
1.0993482417464049
1.082458720846772
1.0785519985832612
1.0769518061131684
1.058545070879708
1.1182549919722458
1.0933747121690531
1.0850044423669258
1.0250104571138103
1.0676779838222241
1.0475591995202438
1.0533928626041686
1.064696830171562
1.092708176227198
1.0821518419190403
1.1021286358226763
1.0855656612062863
0.994919482540027
1.051150661511676
1.0825272080634107
1.0234822519941627
1.0826598294798697
1.101051438427179
1.048696860824627
1.0430978447019847
1.0466480229078012
1.094812041690341
1.0384579713446658
1.0769826966709644
1.11381695275456
1.0890870119310154
1.0680726095772504
1.11133026589664
1.1158773476680266
1.1386370504044774
1.0391478405507213
1.1036415933559023
1.0494959341210506
1.1366690421544956
1.1025175028005512
1.1114855063763354
1.1225018717501494
1.0779606462951437
1.0567403693735529
1.050124876231611
1.0803938025384228
1.010901199874278
1.0002732210674319
1.1284138979861147
1.0842863223807686
0.9938391619329856
1.0812277378787043
1.0446705299809094
1.1011641475144534
1.1031986945894927
1.072695753624471
1.14088420182854
0.9726037998102304
1.0724705953507243
1.0646119234833997
1.0486022607624255
1.087288781387218
1.0942662560135887
1.1030949543661142
1.0070869364678403
1.054347961069061
1.0679880341938226
1.0666952716049667
1.1079172880785337
1.1114346708284464
1.049646713574904
1.0129842557794713
1.0552950183502556
1.1037677862097488
1.0598808725629911
1.1132619563971438
1.0509891162512652
1.0154556738135878
1.064120939835434
1.0953793850322486
1.0982568067259113
1.1070626342637855
1.0660466297024402
1.1497101854785736
1.0793102167814375
1.068137476034164
1.1050204591646466
1.0612165281558648
1.0501810147041972
1.0018746856574337
1.0671558879023766
1.0478703005048453
1.11277685922281
1.0440755363835574
1.088206497148451
1.0149374885896738
1.0303067396492958
1.0666696098651787
1.0544734833120608
1.0394360482780092
1.0910437733923035
1.1219894222677262
1.0742459606869168
1.1356660231351023
1.0661101434271636
1.0513214872563366
1.082363730819266
1.1812296789135672
1.1066501793026304
1.0700401055121613
1.094919898897689
1.1022110053086815
1.0741493335675625
1.0817311091194581
1.0700069340984557
1.161549824071795
1.011195499642874
1.106311438301107
1.0527052503793102
1.086644270344856
1.1258685452044368
1.085154711860829
1.0650101644495658
1.0755921590842226
1.100043093506869
1.1216748548741124
1.11410610410796
1.0475184693516464
1.0564267249019978
1.0725848265477642
1.0445864482143516
1.071197368398094
1.0691844202232699
1.0841449789107007
1.062166419025877
1.151659781894085
1.0917263554561445
1.0703709375519197
1.097491394565257
1.0646165423231222
1.042172223495823
1.0051636691603343
1.124014453116016
1.030173990625172
1.1220376155171474
1.1227611637541879
1.1101027678904911
1.078906468418418
1.0948452617201954
1.0739242165326466
1.1399312276219722
1.023198326027075
1.0730738839933989
0.9924642242996451
1.1092163175203364
1.0412957809359602
1.095268892722356
1.0790036649635506
1.0838390136554283
1.0213324445101168
1.0914427442615762
1.0778304554361342
1.0993384101693124
1.0533989575260876
1.0767914271756913
1.045215468569418
1.0895945557887148
1.0588657224457685
1.056818980920123
1.0163855210187502
1.0630190562216009
1.06969972378954
1.0859867822249831
0.9914140589594789
1.073761715350542
1.0699047041519953
1.0542593656566754
1.080488586245998
1.0083934929916833
1.0424980539539956
1.089316104312091
1.143394350371223
1.1134159259943346
1.0761183613715992
1.0648758079174168
1.0595738439871014
1.0746739374245813
1.0679284084144764
1.0840052852468172
1.0593890835229505
1.12882576093632
1.056722465457799
1.0427212836868673
1.0103110654503984
1.0251837394369596
1.0681445984144222
1.0001464539738345
1.1253487178168988
0.9830027129948414
1.0991450639799967
1.005846170330582
1.1300674848274659
1.0529742439327412
1.0539603978753955
1.075736482988998
0.9654468608685629
1.0438566099975393
1.1062470629507897
1.0349399737700513
1.0716948935144834
1.1099706221388863
1.1046189403592126
1.1093981808695923
1.0548032104050034
1.0707446800489095
1.068901810173083
1.051879054614277
1.0840284287548538
1.1261930406678626
1.1283734092483402
1.0701870874877986
1.017739823690905
1.0056804082735051
1.0477265958172883
1.035672888959627
1.0858103918040498
1.0682615311153159
1.1710233842702762
1.0803765198891189
1.042290490224105
1.0917925272784297
1.0724598033210708
1.0372146374723417
1.0710371020684426
1.0656501787937875
1.060850377550456
1.0853348195555748
1.077226507704947
1.0759309191660387
0.9481786028575265
1.0838609634241796
1.133588385741088
1.1437256832897156
1.0426181485312018
1.0646290189445933
1.1297616883005757
1.121705789744281
1.1165162872481746
1.1070458804696452
1.1474121968568054
1.0707847887545119
1.0738047614749509
1.0484521430567877
1.120873363228513
1.0473612354804296
0.9371853986691728
1.1413298705750847
1.0594193710645934
1.067104335194368
1.135803404753859
1.038833947120994
1.0826440716941967
1.0323611874403715
1.055820967810016
1.095435062936786
1.0890916269184328
1.0658907077610034
1.0207189164671133
1.041192032924497
1.1260994742590658
1.0495566068589943
1.1267878277798755
1.0711581891779098
1.0497779708225172
1.0850935469358007
1.1089522078911418
1.0999330161744745
1.0748998985450207
1.0409281429659651
1.0833904088900042
1.0567286379297673
1.0549290193702627
1.135370448697846
1.1002487654677144
1.058494864369918
1.034447988308754
1.032002973952691
1.0497046511126533
1.088353982123688
1.0858671046655288
1.062546956284557
1.0654165160006794
1.0875380398887193
1.1393954561068302
1.1003312944102206
1.0906663491575865
1.074466842009128
1.0626826145008679
1.08709271134111
1.1377232183091743
1.1240559646984494
1.0956487509464743
1.038594423880584
1.0581022598190168
1.0481743833559178
1.0847204508924075
1.0582271968586707
1.0895510829091948
1.0971426302275642
1.0660334187322416
1.0552832512850685
1.0105248873946633
1.1003291459239826
1.0924309447202296
1.0959278415966067
1.1066423319970213
1.0634954578231854
1.044737643207101
1.024539528673341
1.0798439280260874
1.0241092526865812
1.0662205100912392
1.0119035244562204
1.1162563184094227
1.0843945766793077
1.0633237329943603
1.0999047990577513
1.0758809263699451
1.073632712465347
1.1283748553745987
1.0831778307972455
1.0950005719911475
1.0259191807025114
1.0566309118418877
1.0549840438077052
1.1448707388139945
1.0585333912633632
1.0853163463783848
1.0528907823402245
1.1126668738034577
1.0371172947543355
1.0611301843560508
1.0874215646676522
1.0370271192241602
1.0463646710334402
1.0395064660374134
1.0529828956744731
1.088785723839675
1.0758909378134125
1.0396437262917078
1.0723696939665877
1.0449934128021143
1.041223477620577
1.132174915742791
1.0787006373827204
1.0369611491580597
1.057567146615206
1.0714726363290812
1.0740683170012078
1.0551405634383682
0.9592745502739207
1.0274372394929416
1.0919476721182069
1.0426024080116856
1.0915671380367846
1.0694976155035305
1.1038516029982524
1.0850017989683747
1.083390202854269
1.0939117399780558
1.0867420230379239
1.0273794911395793
1.025774530573574
1.0411443490114756
1.0753991172799375
1.0655561141159093
1.1368444354903353
1.1015888261138627
1.0747207149470692
1.10582331273042
0.9473743710799811
1.1014715813885303
1.0931230667296865
1.0788694590945656
1.0718242490121224
1.0841829916942194
1.0752820712467845
1.0757692542994075
1.1009815253422568
1.0638650087235015
1.0617149302286983
1.1001375174491241
1.0810448088324613
1.0719621246269844
1.1222123228186285
1.1004397358197435
1.0169572805645772
1.0979532897401376
1.0347003461946729
1.0662647414502315
1.0696348159140723
1.064649798035773
1.0930779004489748
1.0704518917248
1.1436062024586493
1.0345651259177944
1.126122905948335
1.1019905680616955
1.0212827967042066
1.0840296601150778
1.1526816580417376
1.033159539545995
1.1435695129761034
1.087557145345393
1.11044900937582
1.1017731353931428
1.0824289964176295
1.0610502889417337
1.068186272462293
1.0443876259012965
1.0733930124311022
1.0631873559999039
1.1007756693944566
1.0582891262915302
1.0906820723812487
1.0335330559331748
1.0682336183190497
1.1058731880411619
1.162989048533887
1.096981360149567
1.068073358964678
1.0692275089103487
1.0388599825708575
1.0580876782814064
1.0833622078661878
1.0805270651649572
1.091727425412125
1.0931579838646217
1.097965436145503
1.0725666865311019
1.056840531406603
1.1021205607399562
1.0832141784349816
1.1226049216382255
1.100406133501856
1.0988915036145401
1.035771601771467
1.0552397925613368
1.1254078571131099
1.0635840915186079
0.9642996354465981
1.1330235604163306
1.0768550470773004
1.0758273020525044
1.1012162273529673
1.0564419736053443
1.0478451919726135
1.0284778254022064
1.0880620539979782
1.0365370992947698
1.0888923751443915
1.0843250811122829
1.0937700132536337
1.0683766344972152
1.1335736673122603
1.0509753945633613
1.0958359708314127
1.095007389905179
1.08589896184169
1.0569902764824595
1.0655296221555726
1.055814709713636
1.0790455825620169
1.1682506812368718
1.1075617555819757
1.0835793911524463
1.0629298385475139
1.0703587583225227
1.0795274657078957
1.0072648372776682
1.1089577603528389
1.0871168191393779
1.1116098195068675
1.0579705809296431
1.021795726684961
1.1163675873488599
1.094243647939882
1.0290543586429595
1.1010814254172832
1.1237125271832156
1.142072338120054
1.0999338223201096
1.1229615887727031
1.0891088828743205
1.0958075731383548
1.0691793714260973
1.0921086494294032
1.119032387252207
1.0639796191520536
1.0723468493155188
1.0850092645431557
1.0805022951621217
1.0315161802937933
1.085164806313124
1.0982436513000058
1.0381431926439955
1.1194340019248674
1.085068938493671
1.113587136457453
1.041462258143424
1.0475160053033163
1.0647474344458723
1.0961024169581706
1.0724189972489597
1.0625808511528512
1.0476227273177987
1.077703540327949
1.094342703422851
1.0471985286604208
1.0622916281092614
1.013649609984961
1.077775981438249
1.052429378717361
1.0912986666154696
1.0204350207014432
1.1172376890797242
1.086630879857761
1.0200254876852282
1.1110142131745435
1.0634864004956794
1.1027767466286629
1.0688884771225902
1.0535186790369864
1.1085310296670876
1.0462569212400914
1.0785280427481077
1.0844478486354006
1.1020986755972337
1.064732706460964
1.0625575929718545
1.1461525870749423
1.1066936929589541
1.0782749522402573
1.0677143515264835
1.0888197959424963
1.0139119038896547
1.0810428956283265
1.1237892216432146
1.0460749861615113
1.1056946976501567
1.099969504854915
1.0930621152699056
1.0941765115393898
1.0804583027545285
1.0852326724882262
1.0806936567468772
1.029461297979143
1.1070612407440736
1.0923276122048473
1.0599222620481228
1.1193564993538987
1.0258345637010136
1.0693425654144362
1.134995201520563
1.046798793239744
1.0971361244922242
1.1183851360252735
1.1289343912221967
1.0605144648981866
1.0422907902073268
0.9829919608134363
1.0791140776119825
1.0598151493575683
1.0988887185290916
1.0972697959194235
1.0160450179599534
1.1294557315475608
1.0534590358215477
1.055109026160094
1.1096282713619883
1.108837658736232
1.0572597811338815
1.0653066998669032
1.0867241318698224
1.0353785001311322
1.1549420983586898
1.0452816438444534
1.109139369596105
1.098857206796845
1.0429766455852405
1.042095761141589
1.0740091824637603
1.0292731916359255
1.0731178259481682
1.1058685144102394
1.1722908645924959
1.049958781641766
1.0436382633435617
1.0660513064336232
1.075987298525014
1.082331117158182
1.0879820989966567
1.0413007516096147
1.1331487912184557
1.1042751059671774
1.0360695561310151
1.0424920396044914
1.0415074593624403
1.1065942364070838
1.1010971495094977
1.1033266040476626
1.1487397474856331
1.0758867939607732
1.097827680377312
1.0427675436742319
1.0519892940925781
1.0892081392378223
1.1340523520716792
1.0832423136216658
1.0340062224476196
1.0575126491073372
1.11322186163703
1.0412623244871035
1.0945090351570093
1.0322337497976015
1.106692272371312
1.0564618225336038
1.1513464059186647
1.0480078477210282
1.0446262579810175
1.1014251026035475
1.0899948931564971
1.0480831552624865
1.1090314057627861
1.0968994118621598
1.007864996334007
1.0733994017711805
1.1288022510430729
1.1075714547193098
1.076177406970474
1.0870337457593602
1.0918477989911441
1.0670645826137197
1.0672826623909881
1.088943798875937
1.1058898555378847
1.0749973063270382
1.0562850306057925
1.0559331475922555
1.059233600159558
1.0747418025047724
1.1033239663177596
1.0657713709096788
1.062580344054045
1.1088884581598835
1.0717395733349033
1.0956692096708605
1.142468498990926
1.0477040000094529
1.1153120482744603
1.0591830124150472
1.0785523768132625
1.086034292196291
1.0919123366635577
1.0711437531475159
1.0667341350173496
1.0442630826345793
1.0206350392408376
1.0832008561418103
1.0989316275751657
1.0768714221961693
1.067629549292221
1.124463706816641
1.03141871516905
1.1379347038383831
1.0681288213952502
1.0641843278986094
1.0962464479913594
1.0402170341208485
1.0361489216692605
1.0808651165927845
1.0411966897300953
1.0986654670404885
1.0675000800988057
1.0949557384247333
1.0641692650842114
1.070364778427187
1.0776366883377306
1.064197263577264
1.0694852102765526
1.0475502016204774
1.0758906820843415
1.062408855595294
1.0506057063986676
1.1264260039821987
1.052635723866057
1.0801022205840658
1.062236400177819
1.0778447516607308
1.1227647288449747
1.0829307967162205
1.1305621824784777
1.1284923696353932
1.0992801784417283
1.0832424675129546
1.0881990596469977
1.0568224378405329
1.1619005982102335
1.0353518085106936
1.083208159701445
1.0635999664392453
1.0631777475935906
1.0644886142621774
1.0772504979385429
1.0883323917551304
1.1449925753442707
1.1029435897518556
1.082367211947466
1.0613578336397673
1.098586344903828
1.0528424173547575
1.0482020464896298
1.0738222712744536
1.0964602920913895
1.0614155027855379
1.0678825793343636
1.0865230505165504
1.10595241630156
1.068281412597411
1.0345966753287672
1.0421790358695975
1.0876397408812264
1.132182347216387
1.0955936469661332
1.0404504669806505
1.0955847781785004
1.0407538984465794
1.0349968409626598
1.0979923882160167
1.0602248043815978
1.055988391979018
1.056065270672651
1.1294382935740388
1.1106379888553142
1.1367318735909833
1.0507650942522293
1.0162286190123253
1.0822525310651727
1.1343686403122828
1.1041188037141585
1.092923546546685
1.114159570604469
1.0758370249720752
1.067379146343523
0.9780411196931094
1.0831965948742253
1.0632709690114779
1.0221808300951278
1.054782349711451
1.0842947511288181
1.0701655126907867
1.0614199944019556
1.0702960373469412
1.0520937033391655
1.0502125158616524
1.1476491418315762
1.055363735876902
1.1050986556377402
1.1055601650557965
1.0621112432298576
1.077940944932169
1.0779159568058212
1.1107050714280344
1.1122981201163789
