Model: COF
Dataset 12: optdigits.mat
Time taken: 48.898425817489624 seg.
Accuracy: 0.09333333333333334
@scores
1.1914624354959427
1.1311482688129837
1.059239370363999
0.9967180818212846
1.1017535793185416
1.0098260029164234
0.9844019663541554
1.0331757621977065
1.1493673448976551
1.0666656425114747
1.049201993752163
1.0419923172463939
1.0576883442878244
1.0365080052328601
1.089055056282534
1.143453062654329
0.9794130265652322
1.1093995007626969
1.0457648937023303
0.9836995789384879
1.0416912402130634
1.0588450336017772
1.063677466898665
1.00926094222776
1.0959850656398642
1.0839407663273128
1.0103447182236722
1.0849464925839047
1.0160102390594454
1.0587923154587189
1.0003591556454305
1.0259025362159746
1.1408929665971765
1.0378791563643914
1.0173441755879278
1.0082570337466048
0.9499684472420384
0.9793245121956697
1.1398807139835538
0.9824339634804208
1.041864179950477
1.213406810558938
1.0165493714464715
1.0837505452820204
1.0831460907800894
1.104070764351308
1.1305796068619347
1.1041465511883302
1.0323199354507668
1.1310459013639114
1.0029718134062837
1.0012286956105285
1.0127466529992002
1.0677069740024747
0.9952353730373913
1.04672404187005
0.9772345951063357
0.9873966164724503
0.9858144700893033
1.021723352839453
1.0344085937695027
1.1034689304007455
0.9410480168758854
1.0461186258465658
1.0171850100453492
1.025611456618522
1.081492145415023
0.9805508195712835
1.1988752061279864
1.0287880071228945
0.9877213667284147
0.9568118946714986
0.9749674656667655
1.0630676004318775
1.045907007576474
1.132037077780843
1.2089700581036202
1.0269222829341873
0.9829311773464277
1.0414077030440894
0.996021106865521
1.0672534822809898
1.0175718098173163
1.036865238065394
1.048689581468657
1.0746226707047615
0.9773226036572027
0.9950536911337917
0.9830635705711243
1.0313649516717363
0.9455440160369462
1.1030520098220253
1.044906246449148
1.0204123886746175
1.047727108000468
1.0059928067245383
1.1630585803242899
0.9926674934670503
1.0310569040651554
0.9658046500043204
1.0583129675921448
1.1251960308909856
0.9994330765522149
1.0541646206787068
1.0529774619818784
1.0359234410417049
1.0621144818463637
1.0128663062678565
1.005607954190713
1.1278834707014098
1.0908747172297324
1.114215747214517
0.9395020149846999
1.2097654593771971
1.0854528615774586
1.07185899364729
1.1974939903671347
1.1085295357975857
0.9638321735149764
1.1019908098769182
1.1584251897095694
0.978309244602776
1.03932410884278
1.032261877987395
1.0504090049720023
0.9981468585506426
1.058362898044766
1.011180681456884
1.0406332487853875
1.0209155230264024
0.9952466235056692
1.0556993078683639
1.010411322602897
0.9764590619272617
0.9852448738442856
0.9577316371820258
1.0400295253865202
0.9886515419801811
0.9578326417409551
1.0053210161020503
1.013643614705992
1.012570006805783
1.199117309641092
0.9530267227341355
1.1134865299029553
1.06165060597779
1.009910958879932
1.002265801952414
0.9506452348924872
0.9584883558584123
1.0532442966049353
0.9715470404232014
1.1936713108516674
1.0527602545473906
1.0560700976279878
1.0185864247905774
1.0182460960040152
0.9802875895791194
1.054807567554018
1.0358845716135059
1.0570432682050988
0.9973421051495963
1.0246637181386262
0.9823607684679873
1.1222707118522344
1.0062116493852429
1.160776610627295
0.979933825237836
1.019341503286132
1.0365358697099138
1.088525532331766
1.1106334811603973
1.0487630135539725
0.9896234437736393
0.9386370313082297
0.9629524114229989
1.0168574361461435
1.0504422986152668
0.9824599101474311
1.0056520584920627
0.9990957763296415
1.1018824023943654
1.0297747124785182
1.0751301990214812
1.145866003807814
0.9456425190274688
1.0149929649540668
1.1120365772286156
0.9878056176000236
1.0038852938790301
0.9505471203034672
1.0624375696390467
1.0298178801988562
0.9972965957998248
0.9563442794254935
1.025388121821266
1.026566228443541
1.1037499198941836
1.0781916231601931
0.9769671191963328
1.046740728686445
0.9951584592850308
1.0581216896315249
0.9808443552725676
0.9480957560872395
0.982267088955842
1.1004517027765621
1.028892354684744
0.9719712387110884
1.0359550394937267
1.1067319112564862
1.0067374159839069
0.9855967452323128
1.0115836729637102
1.0171926017824358
1.0292912351257661
1.00951336373121
1.0918860176608658
0.9945888594714893
1.088860834081228
0.9755737580245872
0.9796777340374572
1.0469718563759332
1.0422656821470913
1.0174767428897484
0.9805640869141335
1.0211119652989118
1.0046397337578166
1.0669509480158317
1.0146346570694278
1.054889957856022
1.052428997835046
0.9927425043517748
0.9969385326944573
1.029752605083004
1.0008972368617515
1.0040191716717282
1.0246320118392187
1.031835649796714
1.145648802901552
1.0020355233940834
1.012242729056395
0.9540068256478977
1.0504759458787658
0.9538397002246093
0.9867353438633519
0.99738688088043
0.9794598017658621
1.0958396897683567
1.071445319419626
0.99430105447953
0.9979799813043152
1.057895240287805
0.9669051200836944
1.110382141492476
1.0056656435153624
0.9992035726457317
0.936125921750698
0.9871149494761977
1.090596262854796
0.9880085351772785
1.0963219407268991
1.088017421972709
1.0742097897666445
1.0637522836757691
1.0357121197513275
1.0127352719103497
1.0385855239797248
1.0040038019921285
0.9676248826379068
0.9731020979695147
1.0346348094577997
1.0878032045419996
1.0452436737353803
0.9689229583311285
0.9870960881219568
0.9607030392424869
0.9966502159885225
1.0214635940681598
1.0244360652859499
1.1719221370923465
1.0395974980137819
0.9830067881479999
0.9447791607398572
1.0467538627373385
0.9621164419603425
0.9799038347822807
1.0902791898974833
1.0537905759560817
1.002794518691893
1.0564632273239765
0.971911441978611
0.9511493330360836
1.1964988675745798
0.9579667275409051
1.0379123816876
0.9950928637259692
0.9985315402946916
1.029516863953233
1.1700104542916954
1.030970834879623
1.001934316194086
0.9621203526176217
0.995808016804681
1.1992862316767738
0.949836117116101
0.9972495753353655
0.974989394661964
1.010367617291687
1.0809022274696918
0.9844161410924112
0.953476337217762
1.0531451942861938
1.1264126922319213
0.9771759222378372
1.0747008737110966
0.9425680829639737
1.0191897351574932
1.0718669741222233
1.0255607146102181
1.0215220822583149
0.9830431838929958
0.9724910868868786
0.9410083712170885
1.0862155083491163
1.1263447631402825
1.0517460804473422
0.9571791134229822
1.1308661339533452
1.078123077783111
0.9897982798690478
1.0231148525670906
1.009377083181518
1.030419736043142
1.0222420088868296
1.0365009199057376
1.111453269999718
1.0079573700665267
1.0282100970216452
1.0211006082286833
1.091455703021805
1.1116587469628443
0.9511126844236392
0.9450779398977448
1.0562595505140113
0.9668576361184685
0.981290593217473
1.0740239087484331
0.983908652583025
1.1334495255277306
1.0622022553788806
1.0763594763181106
1.0591128998798964
0.983375937097382
1.1122200452454778
1.04339598027321
1.0314036585224866
0.9850223087410134
1.0203413410675797
1.0247737424220806
1.052766596225453
1.1431135182907912
0.9681893806009569
1.0314118484302535
0.9925300991893592
0.9768116623477702
0.9821812355474905
1.1329603445015426
0.9846121664709282
1.0447705471079092
0.9671186724796159
0.9740439619694932
1.16989664254618
0.9898633923561905
1.0203843478846235
1.1242851941714291
1.0120336107511898
1.2274194751109382
1.2646430520074663
1.029409885656318
0.9728463395666401
0.9537223931000626
1.0280870747946649
1.0766597873616925
0.9895145069985513
1.0456942764196078
1.1412849607608275
0.9567045470531885
1.1482819553013166
1.010829315374673
1.0427693699604474
1.002803611113263
0.9654296196312683
1.0598827004815032
1.0864775464446828
0.9778508150656591
0.9666767820243782
1.3626810324819585
1.1099555346940628
1.09253757003254
1.0322941852826255
1.0693866321630572
1.0305394917144681
1.0937086543605863
0.9708934902095621
1.148961106115159
1.0319254687707622
1.0151595305556953
0.9608609193073142
0.9769128732495652
1.106686623989358
1.024797342165763
0.9622484760130738
1.1359964853029703
1.1070018748874544
1.0497458309396421
0.9585792638384525
1.0716588602359698
0.9628814543117227
0.9882415885245616
0.9728058301968208
0.9965770046440532
1.0836397199011873
1.0725488420456455
1.0012421856769707
1.0027313793297998
1.0335410526807398
1.162639582130135
1.0614369548296163
0.9829472121227726
1.119461006210104
1.155041238305136
1.1946552055034803
1.0627217276050402
1.0263116927273068
0.9953238075031134
1.0035057653627815
1.0302354818292558
1.074884969467831
1.0101341837612803
1.0451377489377445
1.243641367579974
0.9664480961458854
1.0100333956024217
1.0309099044907966
1.1235937554309605
1.023577382346662
0.9982410181191694
1.0148675792960944
1.0643470418945156
0.9479699952013358
1.1837413326249573
0.9849224899327138
1.0343964879072436
1.0262682911895409
1.1346820249760727
1.028399188886763
1.0819605050360626
1.017281652165302
0.9931691360957323
1.102757129626615
1.004295212757948
1.0275982564366255
1.0360105610959078
0.9790162982871821
1.0864346899810413
1.0427688752460496
1.0066769839363765
1.0838233068749872
0.9357676014250621
1.110484587582912
1.1027436317100672
1.0347333535032626
0.9986176566951096
1.0997808951259262
1.0945230621995572
1.0288386471220425
1.0944636869792164
1.0495467211695886
1.019351836630777
0.959752238514226
1.0683045025639724
0.9860666758836598
1.1199960372393103
1.1072684615837027
0.9984950389987154
1.0409217821001349
1.0633399386723323
0.9814609454582374
0.9753410496601196
1.0757286237081616
1.1814897515109342
1.0598941192594693
1.0767525418998878
1.0170547721297438
1.0726081063077928
1.105563692074738
1.0346664510258463
1.0480620202633568
0.9387953830473663
1.0942594255880989
1.0804659848553266
1.019424454175191
1.0292079685470938
1.0360958143480068
1.005370903984857
1.145240489970386
1.036897142400977
1.067502652658057
1.0178263986869813
1.0478956930348642
1.1341691425640172
1.047862845304694
1.0510663661934243
1.0602262345705205
1.0542148464616168
1.1200364585357685
0.9780730175508087
1.2066351579224692
1.0046037578519251
1.0374326817571204
1.061283169793767
0.9542939486125475
1.1158789605090258
1.013581226945497
1.0845902801470586
1.071419078966175
0.98079222220795
1.0866295884832933
1.1226057704842534
1.0749977335797039
0.9778151705573477
1.094314744596821
1.0912811291206792
0.9287240085589495
1.0482055138517832
1.0349282839773783
1.108920333443926
1.0777074705779206
0.9819805127057882
1.0311203492039336
1.0371423820378305
1.1058692888864734
1.122750504075009
1.0506597821679182
1.0612780193222187
1.025844925450427
1.0168724032628593
0.9515337384437776
0.9265748724302546
0.975151955887457
1.055462948088243
1.0643522311223697
0.9864326089738938
1.039744371567409
1.0345822434486762
0.9584748850893692
1.0846408428512178
1.0343833083711795
1.0644150199984743
0.9621087126444495
1.00496341042496
1.104589216755529
1.147153385768956
1.134035153538207
1.1316811322947415
1.154183863111876
0.9785204306139743
1.0655516136264245
1.112849210615722
1.0039932437605927
1.0207769538026905
1.0370232044846668
1.0233835327687846
1.0172652363351216
0.9589881988009445
0.9768427944784397
1.0059336694209067
0.9428569472118195
1.0625942666340258
0.9589807025320353
1.1508593962585014
1.0544655196910748
0.9880579558888961
0.9824549933761231
1.0751220867089173
0.9737450665082664
1.020592560222092
0.9579349006294346
0.96316825976226
0.9939835202964385
1.060196460896343
1.0922204600539809
0.981611617022951
1.0104529167136151
1.0244308349886013
1.0188253404704128
1.0318350451868636
0.924537214769185
1.067859084147131
1.05887515325815
1.0514560210711446
1.1568828394628927
1.0406419548861072
1.0274550217154967
1.1518691609458345
0.9916879050562785
0.9675703691059203
0.9556266697424637
1.3006269051660015
1.012708068072665
1.028009678572342
1.0633129214488848
1.1051406285480132
1.0125870320266543
0.9271466892748792
0.967696289309908
1.1116195171581138
1.1193170360947826
1.0744144314065927
1.0622549903093281
0.9803952266656626
0.9456560665135181
1.0954292895758624
0.9770662538565252
1.0594130893790126
1.0302426649703167
0.9921654636404277
0.9920419890626085
1.0291965514147259
0.9537044244491842
1.0332707192850732
0.9786088448774704
1.0351407703734574
1.0720811162630992
1.0105289201759289
0.9452861331795083
1.0965261579770353
0.9681063355551847
1.0514079987810578
1.101685516075128
0.9936849995766336
0.9543734187557487
1.083820628842756
1.0447371720679017
1.1362177225434298
1.0101243400382454
1.0172588131630098
1.0538100632937382
1.0658126943598563
1.1054336037092576
0.9745908581922595
1.033013798060427
0.9974994454291959
1.0236716349340995
1.1248879621397565
1.0888009788954216
0.9935523684001583
1.1191561777433343
1.0572127445260542
1.1008750185419014
1.0727406603982768
1.0917677738215399
1.1477564354126222
1.0024401382280006
0.9433290500879674
1.062528664237994
0.9845504457235678
1.0361237617301582
1.1217306950526122
1.0871490258479832
1.0851206847780444
1.0480066087167283
1.0327532257867225
0.9778632302784666
0.993295514046989
1.1805674394699934
0.974406081048287
1.057139217737528
1.1774799379377596
1.0274554632714716
1.0252872453432604
0.9309369167518865
1.1399970071320669
0.9461855151722296
0.9710632740746772
0.9728515808146232
0.9839157245722545
0.9191015909394739
0.9995460755220991
1.1594050892168655
0.9838436689045948
1.1658610072772873
0.9608069189983042
0.9863867265283615
1.0696190083479697
1.0386183139184613
1.0478976587855429
0.977874621064688
1.0217077641531471
1.1034763003355736
1.1798487311498977
1.0419075346343631
1.142211596545176
0.9669436640522594
1.2310824960251123
1.0078874223851126
1.2644268546603497
1.0114542433478275
0.9957201569989373
1.1342054613610468
1.0297752931667656
1.3610338565580924
1.0366242013452514
1.160404530406412
1.1603287010084569
1.023768692696809
0.9566604374511247
0.957138406636881
1.0300420210107109
0.974599237865473
0.9791624942299357
1.0140238925594731
1.1106632929464846
1.0885227733509137
1.103546081061506
1.139274906970578
0.9922869241400614
1.1329783803565536
1.0525333563819772
1.239512287759842
0.9907430275886098
1.0144262277659717
1.0339127540671738
1.0261092707636759
1.0050461223323235
0.9641870257598144
1.0036455405165092
1.000119775823072
1.0535590911248516
1.0456719720721999
0.9557046642265441
0.9458098335731364
1.0373883260970596
1.080979049667262
0.985180494855961
0.9775525568212434
1.006807675970127
1.0547223874507519
1.0915735967779872
1.0538739026399495
0.9895550773437601
1.1043217010770479
1.0897551298388648
0.952167224751995
1.0212961947259187
1.1928864169038185
1.2145542414953814
0.9851930079415511
1.121312679307935
0.9742930433714322
1.076273763308855
1.010439918734279
1.0355215607682486
0.9389233063695478
1.1232417303979783
0.9765803239000141
1.0872806395080938
1.0471853072971127
1.039520697088705
1.0002531990396193
1.00319714983549
1.0224494056110316
0.989237628463187
1.0317143312927084
1.016510216123727
0.9837029591389588
1.075918395772956
0.9549951077686765
1.0767320207863091
1.0140378511177708
1.0230203415578485
1.0374746659807226
1.138342317671682
1.0541024239574477
1.0763419773513536
1.0065756503787477
1.121629349326302
1.1006908491010146
1.0155526106966528
1.0433881787671864
0.9291235840142495
1.0756985859296604
1.0614586164702935
1.049415278148637
0.9669279396632254
1.0046620464987326
1.0196556035382536
0.9715549079909191
0.9776685890229996
1.0675069783395457
1.2215249777781843
1.036797345446419
1.0515503420582712
1.0893818430825457
1.04386485171689
0.9776226494349088
1.076388504312994
1.0189495450805583
1.186171870541341
1.0408747697155782
1.065236318196668
1.0486348045759986
1.0435992486435641
1.2912620111011588
0.9940284192550077
1.0606881875512133
1.0692265091615623
0.9989887233782214
1.016222544881481
0.9863846315378614
1.1478951530944568
0.9598771930405827
1.011046918594823
0.9514200775134096
1.058404585503702
1.0805807727344559
0.9665350079668167
1.055205600070659
0.984943959454069
1.132050114376992
1.0138969189979106
0.9953919502586499
1.0144528454690742
0.9616310531952441
1.0377937717557233
0.9443174770874606
1.048594674055561
1.0292244925560987
1.0150147185487899
1.0145443989833858
0.9778306114772894
0.989147022695423
1.0147660132840381
0.9296789446133455
0.9659717618201239
1.0244836208063686
1.045313650967554
0.93802082095197
0.9641427483976749
1.0901335960977456
1.1151157334629982
1.0211886726415864
1.037972903700392
1.0481488348227783
1.1693456689652915
1.065327983540006
0.9890114988578785
1.0112231908114768
1.0444226557832172
0.9841619370625387
0.9888265254015072
0.9477977739300388
0.961834849072454
0.9540961511855816
1.0050872912181907
1.0938088964704002
1.0767081400284895
1.1071958044958052
1.132017296874727
1.0311766381793668
0.9779005434491771
1.0424223840416245
0.9606713496705797
0.9555387475241249
1.009251271699897
1.0201384546497132
0.9452701678215447
1.0004748797387732
1.0072537589276944
1.0037393672020143
0.9789870794048194
0.9683108886545707
0.9392359009131989
0.964294892350088
0.979833398155809
1.22671018809841
0.9417755739668459
1.0122375259423293
1.0944273626284984
0.9999224312526541
1.0370998275483025
0.9176195792768312
1.1986078668099562
1.0862698863076634
0.9667478267979875
1.114511007956539
1.1289325191803723
0.998409571003764
1.0503996370861182
1.0186622982206948
1.0251810248212403
1.1038037916237633
0.9966251416085244
1.1543981628550517
0.9330611742998235
1.0260724839783133
1.053352927642447
0.9376159214580166
1.0086719909167834
1.0559945357119795
0.9755425106695512
1.0544458030195953
1.0605505027386055
0.9889325953036145
1.0388661865006346
1.005379094389911
1.0416040495666625
0.964143033464017
1.0682858943829043
1.0609546441972866
1.032696304162603
1.0333075791039577
1.0034066860154347
1.1657738172867367
0.943920399597277
1.0168081968815712
0.9402153454830117
1.034162568458613
1.0264677444679051
1.0264114979781809
0.9101175858243475
0.9497426726649272
1.0217638236832292
1.0556836158582341
1.084144651732079
1.1249803469844866
0.9504845729303606
1.1369021719012165
1.0842728034249025
0.9443265058276958
1.1331079088291036
0.9652546250744458
1.0525637807630792
1.0599591741623822
1.1576390405124897
1.053628245516802
1.0113815042554875
1.0576508563839775
0.996207356249025
1.0473107820434266
1.0880421591016503
1.222619543663002
1.1278680581834055
1.2723681703123881
1.1217977279436497
1.0056157607932117
1.0281244460607122
0.9910819911591727
1.0087606914919678
1.0778415662163623
1.1446420696146271
1.2101581531555412
1.0037446898073552
1.051556820237086
1.0121517222265761
1.2728617662018549
1.0821733464755914
1.0236553481629433
0.9936253501752016
0.9899401447971796
1.191800822894608
1.0868725492724547
0.9858760328810394
1.0595810051995118
0.970079072924054
1.0335071795827953
1.050961769547704
1.0418547774349203
1.184160835652777
1.1127529254822623
1.05368554679673
0.9919572642960279
0.9824022928787679
0.9201520953761394
1.0019069086058388
1.0723853147981073
1.1666405878981951
0.9753843328953904
1.101111690923928
1.1186706945498648
1.047176972656829
0.963955654774666
1.0912253911464507
0.9901604809780428
0.9760546515625053
1.1636311351473942
0.9986399991095456
1.0705172368858977
0.9599115166203781
1.0305461303556742
1.3555311808535204
0.9722110643492295
0.9509704646035045
1.0491557627121217
1.0682906481815866
1.353694247016753
1.0734638020668965
1.0737714026723366
1.0850816275664217
1.0114717260136847
1.053795450343123
1.0542317701507573
1.0718032197816794
1.0514745016497276
1.0057379923618863
0.9671607678643713
1.1445445948411312
0.9986094816027672
1.0501865705774418
0.9946970616282729
0.9336731267542865
1.057894908265431
1.0700908110402507
1.0838122944080095
0.9649919081235846
1.1558127233887892
0.9619863524287658
1.0962313318715784
1.155002246141373
1.0481631711276922
0.9487727697339299
1.2177832246562934
1.2256372903668642
1.1155814417723968
1.0026025787419681
1.3616150907845663
1.1029338867387157
1.0122572036051207
1.3411915613673628
1.1423028112819031
1.253604319242231
1.0835414256441946
0.9760095557360524
1.0179356056466782
1.0074123312556864
0.9792768937398482
1.1102436709564147
1.0470456452594297
1.0013604428321001
1.1544535016188353
1.0109901378173318
0.9653700353836369
1.0340484000911505
1.1307865958960033
1.0045204827673506
1.1173788964093674
1.0737250568699095
1.007972073069432
0.9791087597033374
1.0530900151836844
1.122340821748199
1.1278327012395384
1.0947204287827799
1.1222149795862375
0.9680466664237856
1.006400110601267
1.0303798540623774
0.9682409030851221
1.060510953388952
1.009291522547076
1.019511778535892
1.0811220130789105
1.0400504837863405
1.0854620918916507
1.0732742762446719
1.1582871661790497
1.0116243521358024
1.2060358227227288
0.9798739664322936
1.0158800259333105
0.9973740408855802
0.9724491967455782
0.9977850372908739
1.011870168930865
1.0334883984705738
1.0717287471826173
0.9958161389796557
0.9798213383288464
1.1809022268641287
1.0124165591461516
0.98591253526248
1.0786075017517187
0.9909861411079518
1.1004344229699798
0.9932960611185971
1.078023435211739
1.0328530659741613
1.0509778838877049
1.1098811020587633
0.915929700952771
0.9713668147423251
0.9933235720515874
1.048823583896456
1.0164687215789563
0.9674318012888913
0.9797329722305139
1.0308170157553724
1.0448544674104872
1.0169502670572106
1.0833241764098147
1.0430826018570654
0.9449752403295328
1.0022557518577178
1.0770057896484546
0.9591240698997487
1.1222073987410461
0.9999365406119634
1.1050827094092506
0.9794317684521963
1.0105842507091556
1.0117004847218993
0.9828140933039473
1.1296907087572412
1.0433271651302118
0.941110752661299
1.001375539660373
1.0014770343834962
1.0011372304914534
0.981558465606141
1.015978278171206
1.041574547097477
0.9712331765527258
1.0303403239162972
0.9700451787314862
0.9430214318764323
1.0466732691636842
1.0256004708746664
1.1224219196062712
1.029880620604426
0.9889367428039261
0.9767578080777366
0.9775984954518572
1.0186454183681535
1.0091849413190705
1.2199781167262334
1.021866114526616
1.1564834250888152
1.0262413410140512
1.0609250798282799
1.0027051425380644
1.0637474820068786
1.0746648272675245
1.0152512292925466
1.0388536442982343
1.1177761992082464
0.9878031454127958
1.0327981314360086
1.144259096444614
0.9513395849865203
1.098412881729494
1.1993924255820603
1.065058201062324
0.9432216101116596
1.0223577901566714
1.1138806697371142
1.0184759912585482
0.9478075273777998
1.0945346941405851
0.9849606170393042
1.1003488555777485
1.0374088558938752
1.030001776711812
1.0989872419741213
1.0994714111689377
1.043521038795958
0.9863527331036126
1.0532933381219982
0.9738926309595888
1.037316574189473
1.0508287362765378
1.0287391223257492
1.0232183427851491
1.1147746241429528
1.0950012909919369
0.9658487031078843
1.0273311442042694
1.1124106544085794
1.0488621459931018
0.956940385738969
1.066288313677396
1.0290151146830158
1.0444382753468822
1.0362379170931018
1.0116231442009473
1.0092657465204817
1.0089569073724352
0.9835220711190147
1.0104869583645284
1.1619260462155054
1.0058184729741801
0.9851987927053397
1.0318873909108213
0.9654518785532387
0.989420015418669
1.0905652623965243
1.0042501109381294
1.0472923412092296
1.0263898430778997
0.9618437153935513
0.9814112629478262
1.0744189713064802
1.0507993361001635
1.0613057320161599
1.0390181979527382
1.0289177413056858
0.9443202053979398
0.9584083432993686
0.9607205753141791
0.9913617455775957
0.996355651032041
0.9499370380950788
1.0205738686241586
0.9697198082269257
1.0618946011466865
1.1404013186855553
1.0106028058390257
1.1251040400425394
1.0130346869413829
0.952213753550658
1.005949527715047
1.1469401405619888
1.0271148020576601
1.0369784573140932
1.1541167948837419
1.015041297837888
1.0193441998155468
1.099459138569665
1.0167729355037098
1.0221363945603446
1.0358189773977484
1.0788653867591005
1.0499675959257988
1.0369886107594815
1.0969798567051874
1.005945371219739
0.9437286101804973
1.0025068601060763
1.037924092101983
0.9586777131527618
1.1768560580334984
1.0094939578321378
1.2500484571263977
1.0984784457236514
1.0657819359284124
0.9880428609325904
1.110738549830447
1.0796320566135404
0.9934585088069201
0.9682177710062325
1.0546252346392126
1.0613494930759177
0.9900678989248114
0.9871337136195586
1.0440288965643285
1.0860418106755425
1.048234508423523
1.097573685918814
1.0665757623430474
1.0075756352483238
0.9807813058776892
0.9983465510839721
0.9534542901603633
1.1194203258763369
1.010606583205447
1.0548815220177397
1.0045204204718319
1.05137920123656
1.0288448438074684
1.0407068955389425
0.9906695791704156
0.9556472466510952
0.9820265509166433
0.9626050240947928
0.9743125499295974
1.0658001117952225
0.9557598506340697
0.9172876443023401
1.0099743209924088
0.948600060479243
1.005529530328762
0.950977316545158
0.9755942195965458
0.9963441515955203
1.0020378780883048
0.9595114181963904
0.9362381856552903
1.1637901912302344
1.0164642789428315
0.9462113349615393
0.9689608232667181
0.9535634617777591
1.0594547909497631
0.9867287238302271
0.9783126121165233
1.0417330162961516
1.0272576833238538
0.9684872685003261
0.9652683687094706
1.0691870752864099
1.0740726414222572
0.9986523040667468
1.0434677572371591
0.9649434652815114
1.080874752107331
0.9560013169444181
0.9592527572898072
1.0032641330728262
1.0035911253115466
0.9703197532164571
1.0802773445087286
1.1188426662181876
0.9576189465471272
0.9518897699468309
1.0122631703884544
1.104063859839939
1.0049639877734826
1.059396955788705
0.9228120075900424
1.0197654871482231
1.0415256193967863
0.9488289074136994
0.9952194907550271
1.0354008021828762
1.0348601992049944
0.9229425292438332
0.9488950981820984
0.9463179475917592
1.0458136623329228
1.0507394038327549
0.9957848599778298
0.956152907392355
1.163167311847227
0.9813695708796875
0.9483483936222113
1.0552921153513866
1.0085314331712338
0.9512034463412269
1.0180658206931654
1.0814012408440927
1.0157354837538661
0.9735974934852542
1.0060708688018052
0.9880398830237714
0.9748048621350756
1.000639555694376
0.970932835558873
0.976188497653649
0.9763456135743284
1.0287120227298716
1.0644010309905956
0.9659575962199896
1.0292967946515412
0.9954387381719128
0.9230118928892914
0.9746032682312122
0.982195738258664
0.9985797707030115
0.9410614337650604
1.0359502150714919
0.9801640260607082
1.0336370822167518
1.0688412517731976
0.8834341371867045
1.0609943115451244
1.0141913763611252
1.0473584761603727
1.0558490716891384
1.0603498247023473
1.0113781072692305
1.095373128275123
0.9616971971218459
1.09451901899348
1.0281485971114601
0.8875786505537289
0.9845685586078635
1.0515790524778053
0.9976465929158914
1.0839435503175632
1.0666097481433787
0.9796717627252822
1.018322856285371
1.128242555115165
1.0155143551074792
0.9903579794255063
0.9516517717422553
1.0619155250116172
1.2927579296481548
1.134877233933322
1.2944143836820041
1.0723657392716974
1.089055577695501
0.987609276743945
1.0000690060016508
1.0082543649004012
1.019759821749457
1.1785296088566948
0.9924237960071782
1.1718467087853948
1.0432373471693202
0.996190683962906
0.9985929691559551
0.9462063782280986
1.1628125635509179
1.11780540278559
1.2239818013358754
1.1144681757849353
0.9746312604763093
1.2275804376607307
1.1316732408868346
1.0695475794450942
1.1484537470787717
1.1993541863299304
1.292039105998283
1.244594355240452
1.1161654669618752
0.9678541861153563
0.9708459518035939
1.026566910238463
1.1068842560600056
1.0817843036141315
1.0029725030403478
1.0027848575799996
1.0448953682986841
0.9750071926406595
1.2699825552757662
0.9843265668919287
1.0588935196631581
1.2818781410163225
1.047861167396219
1.0700762678656102
1.1629901948413357
1.0807024451772775
1.1154728398610834
1.257758684851552
1.1189533925268536
1.0457277421884332
1.0967718081367595
1.0946698662655858
1.071396600481595
1.0406813452984853
0.9822781499027234
1.0618173640434379
0.9959193825824281
0.9766828604402993
1.038902173721116
1.0221042157638742
1.0877304671571393
1.001144022839101
1.0477042973047517
1.089105200584052
0.9791932128656579
1.0437975501072276
1.0110149753888662
1.1391547346651676
1.0974288102834244
1.0134849080973383
1.0101361967157296
0.9660063890142081
1.036597052736382
1.0151530185043376
0.9796794739118845
1.0607182840680636
1.1535129460473448
1.109298452988395
1.0449683554060503
1.0237240242288106
0.9790521138112361
0.9729699198244447
1.114179350361522
1.1024868034110515
1.0963006921612781
1.0111251607100697
1.1456492038761785
0.9870074785549074
1.093512726872494
0.922967448246183
1.0622951179719133
1.0901524267698113
1.0952322795028155
1.2111771281062427
1.0320394758217208
1.01414067102042
1.1972490715586865
1.1727152902844145
1.034253658241434
0.9875908872276797
0.9901334055589256
1.2262113608925196
1.171759381714009
1.0727997687720896
1.250750458798507
1.0911378815791741
1.0393167478991938
1.0854007374460704
1.070494260415966
1.0550848603032223
0.9803591863929543
0.9620039954823453
1.2351764887975012
0.9841099601838299
1.0489080113457936
1.03105718438029
1.085672768833296
1.027342935155599
1.0065870012994351
1.0190897991575563
1.05327926138406
1.226705266565383
1.036220337168877
1.017934588499929
1.1084032285820589
1.0576843192753593
0.9771893560028984
1.0095291343923203
1.0577128655861752
0.983603546404221
1.0874062513662386
1.0144542829112115
1.0076233657007045
1.0875588053009728
0.9966164730655026
1.0013722143392767
1.0687011667594566
1.0832761481434168
1.093013386618784
1.0170409128214104
1.1452141596545014
1.107057468025348
1.1005773824590743
1.176898523177153
0.9876263190464859
1.0752721874305602
0.9904079435299049
1.1195704269792814
1.0244152538022058
0.9884252924828181
0.9826165694573631
1.0079464577288406
1.0156191431462505
1.0968924225864098
1.1995305585693556
1.0479015602533783
1.1259698006732117
1.2283592146073603
1.2088954286653462
1.1833061075923725
1.0991241852218854
1.0489420543182124
1.0765404857992449
1.0167651803991922
1.1487998688113015
1.0106813302216666
0.9705870987819625
1.0935476108732274
1.1006436108309121
0.9920698545497016
1.039861837283436
1.1972860251546338
1.0420075333091685
1.09066344110468
1.01399780639795
1.083029717807468
1.017362563382988
1.135656255368294
1.095548394994144
1.044382571187805
1.1165121202742687
1.0110493801156328
1.0459524236080786
0.9771724314689471
1.0416092538127224
1.19180002618918
0.9720637007531827
0.9886910768510908
1.024295742759911
1.087793894358138
1.1785382792311987
0.960678826029975
1.2466580619919445
0.9909322988836907
1.0624694989409882
1.0841107882359258
1.024586621571142
1.056901634621793
1.0478404781513515
1.0426812296800771
0.9760844033087039
1.092120342104179
1.0344886572798946
1.0424930386700828
1.0590535802739538
0.9831578022144285
1.0621440936512385
1.0797286851405694
1.0088597829881658
1.1231489653004942
1.0542306011081755
1.051808054756167
1.0513012795929095
1.0382330922036163
1.0101960438446058
1.1953432824474692
1.0716546634146307
1.0639027841459552
0.9852087612039909
1.174363675447305
1.1007989032866594
1.1094870838639443
0.9859404224958642
1.0535470717652322
1.0656788651295916
1.0337118738262117
1.1270849153061953
0.9416462935346935
1.140027000196581
1.0376677170042226
0.9135187547377426
1.0665314759529654
0.9837819888245226
1.14615929084323
1.097711687452579
1.0579985178156406
1.0456294588820212
1.0828385096936126
1.000562249996296
1.039871352106118
1.0184231880756647
1.0704441429279663
1.0383949829870265
0.9988538801729128
1.0247131497997681
0.9555523372367984
1.0743374969435548
0.9778135846931122
1.1484465233453798
0.9971560326221516
1.1556698652966868
0.9723121491870416
1.1864799069989114
1.1452886579069173
0.9881712148242295
1.0015558865015415
1.0212469855685082
1.0639048810599872
0.965364115571982
0.9954292550595951
0.9280389384420211
1.0151982027553683
1.2053620418558042
1.1381618247858025
1.0084292334513896
1.0955534769917017
0.9585789693591611
1.029907897952356
1.0001135216540207
0.9706299962646322
0.972460500658677
1.0592846853675888
1.0571058352613787
1.0308688888071096
1.1097982040869963
1.0314358548326583
0.9743236430131745
1.0393838144706673
0.9562805984624788
1.0603678607232507
1.0509021377978156
0.9946720888848586
0.9780099927754727
0.9553421081805774
1.0812806371356674
1.0427297193503715
1.0435123195910383
1.1728660854808848
1.0710328638160116
1.0027514149961971
0.9773142729897677
1.0304968266355667
0.9711421373038067
1.0588808605942985
0.9831096790587052
1.0354182071320508
0.9800714372932726
1.0814966666380543
0.9610927009452093
1.2131159518040553
0.9518659503226515
0.9828064705581417
1.0401717897832348
1.032157036721921
0.9900660072561648
0.950002294383965
0.9881747219340987
1.0018038392688282
0.9880045006808433
0.9789698103320117
0.9804467743922937
1.0400336302961406
1.013082437431701
0.9336583608674345
1.0061011831754825
1.0185692109276065
1.0513740759960954
1.0226520822871157
1.0084130902590476
0.9875838892256551
1.0212190135793346
1.0032577303216328
0.9741548479870966
1.082590151934496
1.0513287097675035
1.0873350248371483
1.0197287131581987
1.0665338338530985
0.9987731310801684
1.0032055639942528
0.915289738460243
1.0828583640510547
0.970176717727439
1.0810668971015545
1.0554099774418728
0.953970276018456
1.0334807706680784
0.9860925206187973
1.082449934466352
1.0491602244757714
1.0387993731657772
1.0534771259363986
1.0439353651206327
1.1252355558889608
1.1720447839274812
1.0839961298308514
1.033521620431043
1.0192319829689245
1.050407017484847
1.0392972743780975
1.013640822185801
1.0669130935057531
0.9825661522836637
0.9126544675113211
1.0611815818989578
1.0791509401500716
1.0078401007038735
1.0042847999152638
1.007055483840984
0.980068664721942
1.1026864701305812
1.2989069543930418
1.0314642481374257
0.9497957936332831
1.2434613313236174
0.8961751204569823
1.001721387559959
1.030709571688458
0.9834862165431906
0.9951693952569879
0.9891789325918845
1.0025644657820578
0.9319503848250554
1.0764320339654354
1.1590529025275622
0.9112169721518066
1.0405190748362312
0.9940327175794391
1.02090930455938
1.0197953106436626
1.123478727557013
1.1430707362742434
1.098880881716773
0.953119687972968
1.0478272781816789
1.0644681830218443
1.0286508274642747
0.9613182747927578
1.0071819151922206
1.041394508341112
1.0308501944302957
0.9543604826509127
1.0493145056310937
1.0615900088326193
1.093210198052343
1.0106013791416741
0.9166803899431587
0.9458775562275665
0.9961717358113521
1.0163501835639606
1.0773872055593146
0.9821451586032742
1.1844125231297413
1.0655436156250495
1.0236044424214201
0.965933427422284
0.9727518473392908
1.1622604574176019
1.1766946349677454
1.00459919403976
0.9743276534084169
1.0873553262332858
1.0029530965796636
1.0630464038828136
1.2051011700772924
1.0528777211175824
1.119187900807356
1.0985228532815303
1.1294415211030162
1.0366523575194864
1.1316550594248693
1.1268338233876745
1.0463047765009934
1.043985167222461
1.071492644550512
0.9795380235664486
1.059677837381811
1.02679112582104
1.0192218087317482
0.9560441526096953
1.0074408998911781
1.1996636984845377
1.0275887961619357
1.0297138688466903
1.1557601939761315
1.0245059742535532
1.0335971827255852
1.0167234831339067
1.033523612614304
1.0029265026442769
0.961002435473719
1.003949707122053
1.1306735501200753
1.0363621286214428
1.0397202576944233
1.006545477931886
0.9727733655496462
1.0484012134877918
1.0576746120423928
1.005715691011977
1.4450991606070216
1.029979627541212
1.0368845680113856
0.9588021112076516
1.0924644090356952
0.9485501749469796
1.0837917196832136
1.0901442840257127
1.0010227212962381
0.9820168520501514
1.0441946425410156
0.9814387958007414
1.0216181387468388
1.1258026347645684
1.0608104672488146
1.1147477295999495
1.01834758826662
1.2835058699219442
0.9581344981731008
1.0108608293039605
1.0686632581654252
1.1575455836058044
1.0364737130716697
1.0679371921743785
1.0370372431550672
1.2303845288300626
1.0095397606581333
1.1204052816461465
1.0263688714549581
0.9690825098540281
0.988372328415867
1.0131451856093439
1.0650908304449762
1.2194999749040705
1.0584000313751833
1.0619874455417972
1.1353115933894216
1.1122470388146408
1.0172023413024243
0.9883500710643693
1.086485902662107
1.0336620754093875
1.0599135882266004
1.1590912346401367
1.020801787283672
1.1799375704069794
1.0489621025776739
1.0039906579390259
0.9770411959756624
1.0148545511055616
1.0130549266606406
1.0728581393185286
1.0027680721365675
1.123512869271326
1.021621473510282
0.9949224338592583
1.0398380471806097
1.0337799068727098
0.9906979260602345
1.0525929498698396
0.9771096114925313
1.0323175061572365
1.0414428744907511
1.019641700395215
1.0624761456162868
0.9857355114227034
0.9339608642492847
0.9938804931232786
1.0065977431476518
1.0029125375442238
1.0544156072593722
0.9152484409986106
1.0711658845235688
1.073728092658825
0.9637585188784125
1.0346869089399684
1.1453693175996562
1.0415520111086765
1.0170059733452497
1.2252554213954436
1.0798704467403577
1.0561812094166154
1.2487738163217819
0.979314682154633
0.936279055836574
0.9260531220355825
0.9678639243643559
0.9159227479617883
0.9696064528135556
1.0171186134908152
0.9791636090572488
1.169232684407708
0.8961989877714713
1.055550881808517
1.0615530320564965
1.0959622008935324
0.9935844072733285
1.1729619436549914
0.9886922120036634
1.0851101573169053
1.0235459622373142
1.0057876273720308
0.9145034647482475
1.070436838819194
0.9893854914841261
1.0778130442271712
1.1320937662885961
0.9206502760744278
1.029855973859321
0.9703900777460415
0.9827782116498878
0.9492122151302883
1.0092271422168833
1.0723371498769827
0.9392001034767645
1.117627973250279
0.9657592945008588
1.0679090219965366
1.0917362728339906
0.9752910479255653
0.971418544260336
1.0487258694588255
0.939673997363163
1.0202679284100722
1.0007460676387987
0.987503769082437
1.0336329458444573
0.9925071879707564
1.009625638450686
0.9691873656528905
1.0238950421528425
1.0434741574611495
1.0297968651576277
0.9852103176058374
0.9625025199791348
0.9635931209296091
0.994911505418167
1.0002712146496529
0.9883160841291947
0.9553449317811512
1.0001591221240254
1.1529044866412064
0.9830082171919264
1.1346940614097023
1.0909838584733285
0.9759487194515707
1.0558696471472913
1.028322214252167
0.9965441506990231
0.960952787630613
1.005599944234181
1.040917328519814
0.9916211613322312
0.9718354181935553
1.0343044938112596
1.016706986461452
1.0086295380358126
0.9663472430736192
0.966542332271969
1.0432834323155085
0.9939223742439077
1.0367250852721708
1.0387249658323507
1.0484473897895976
0.9693794588363079
1.0186724025628373
0.9710742002476589
1.0127826657499504
1.043694425264057
1.0597084349854557
1.059080388945301
0.9818959563740672
1.0313752342394569
1.0269674283334689
0.9740982994422344
0.9844158226355062
0.998658341084382
0.9452632102889403
0.9854517855043321
0.9945745681306708
1.0167476379353113
0.981018725930755
1.1152107224424228
1.0978012386572504
1.1524863410908472
1.1371960577773883
1.0524214073907954
1.0510473095876052
1.0734731781385751
1.0511722465571824
1.0367545324405627
1.140239534927888
1.1382634011009227
0.9554150047677988
0.9868290271315192
1.1018724301191367
1.1027267029916625
1.0450842567937961
1.0180300676499252
0.9954320218652252
0.9787197045321733
1.0153324059876248
0.946432970827143
0.9734093731291099
1.0488971030922145
1.041630874469111
1.1337670942412486
1.1697170570167779
1.0395797459486396
1.005094879661024
0.9381072821843983
1.0156842014613274
1.1144416945827256
1.0699675305753584
1.1494899563035776
1.0766945638595717
1.0069458570430991
1.0214625986335675
1.1627896927180845
1.255648250331079
0.9787578449757134
1.101075796875581
1.0854372529219156
1.1048345751888813
1.1433994219798342
1.0978290241406727
1.0472522228643155
1.0581355985322738
1.107260178314547
1.037257990644089
1.108254940934637
1.0861775420065587
1.1936558657608636
0.975154030759244
1.0179083067523356
1.0973738827549688
1.025403777578246
1.0761475161137763
1.051544567660473
1.0886319077110407
1.0318580033451907
1.1098587965540043
1.1775181533937806
0.9551154354835446
1.0110350133447938
0.9464311933409968
0.9406583962125676
1.018128361857784
0.9506345025063423
0.9728578680226531
0.9406576133854611
1.0073049001602328
1.0011176021755743
1.0238336682431328
0.98642629496552
1.0603756135244684
0.9534199727073865
1.0828295344399166
0.9798224199758697
1.009433108559026
0.9660065865084161
1.04672637381969
1.0096045920704515
1.1132375769587797
1.1188331970531975
0.9649805815393058
1.022563039159467
1.028337504384506
1.0373573538692211
1.027231689444745
1.0150096948182208
1.014636698371874
1.042561485751624
1.0321932091217279
0.9628263499734074
1.0284640329980208
1.0082608822322487
0.9698636704136643
1.0621450873325269
0.9729528781568636
0.9441374242867937
0.9993643135389604
1.0486036339690539
1.0254755440064862
1.0287029465718813
1.0300628868766804
0.989724736572095
1.0222275846593978
0.9683239667115309
1.0765150640242909
1.0017417881091477
0.9720555088616623
0.9633072703309558
1.0035944919368844
0.9508784517170799
0.9861375996241182
0.9466000377192535
1.015359438918557
0.987781775477931
1.0058069662960287
0.9457295969900186
0.9467147481170601
0.9307772198432702
1.1594208644176989
0.9886273649840092
1.148018986925944
1.0157240163000212
1.0035531591864586
1.0855876084437484
1.0331248167758313
1.0918347320298454
0.9803573729524148
1.0233276487268503
1.0240387894427296
1.0734616067681682
0.9954701264370022
0.953246889509432
1.0228175376430697
1.0102920695149127
1.0202609980798916
1.0368333849137086
1.0139212354318463
1.1235085734717385
1.2503974164081306
1.1010163083985698
0.9333792267488585
0.9812609101109624
0.9503793576647644
1.1216625998310794
0.9732307310007106
1.022725148138717
1.0382736888712236
1.0241765549767838
0.9925287298963139
0.9543842207187445
0.9495611540113605
1.0299966300664354
1.008696945398379
1.131510241932187
1.0253751995911062
0.9705562379267045
1.04449628639658
1.07409848305158
1.03271682896675
1.0990871135514004
1.0174476754521558
0.974297257877856
1.0579617858092838
0.9773449018924671
1.0611428509214413
1.0057283918254472
1.060864627786336
1.036881563351814
1.0768929947819428
1.0379232316142308
1.03649678045003
1.0557558256191553
1.0711571100995967
0.9737140656047611
1.0768853132965384
1.0310370091047907
1.170183429518664
0.9505520277611441
0.998628703212452
0.9944311969378163
0.9836099214870977
0.970887856980706
0.9799495606613228
1.0230502594251647
1.0618696199542388
0.9622297809982602
0.9824682128989034
1.0321863789365453
1.1361474960117097
1.004988602644828
0.9901519117126527
1.0603187190484673
1.1222273842228168
1.0546817039505088
1.124324027581614
1.0566658866100194
1.019350014235591
1.017834924848296
1.0246534755014598
1.0371074990408853
1.189874718468276
1.0502352075404595
1.0627424809945225
1.0236861639281476
0.979321748334743
1.071547114157658
1.02990042626556
1.0322529735471093
1.0909353118952936
1.0550723545033533
1.0142657797466832
1.0067769793173065
0.9914452273408623
1.0469093351325436
0.9898381340768331
0.9714176513035189
0.9444685443346866
1.0267082573145851
1.0998618906930944
1.0756435657482781
1.0194666579141638
1.1177238602028226
0.9836718278752226
0.9413837932339032
0.9673212623308921
1.0518694628888
1.1381666837813902
0.9896563249928245
0.9597202585260957
1.0000043915559556
1.065727201597817
1.01036567113364
1.0338031545682107
0.9967006524155404
1.003355209971124
1.0564373080492708
1.0847818138938436
1.0985507230194744
0.989707381397423
1.0430871738491958
1.16719914284347
1.0154417657790717
0.9808172958180378
1.0645500787044888
1.0578783990022969
0.9666302298872969
1.1136096158113713
1.1142629433117528
1.0313659748136483
0.9326075822318068
0.9825323105029161
1.0604439665904561
1.0551628445766799
1.041490124992485
1.0226600548048874
0.9498243147640056
1.212620483962846
0.9304390965267604
0.9894061418925116
0.9721995633931183
0.9704263920236831
0.9876748206002726
1.0305391535463446
1.0612675008766543
1.1018668910892602
1.011869329041482
1.0942676645483436
1.004474741082199
0.9568513423259121
1.0485748873838128
1.0050029044794742
1.2322311698857114
0.9640590328978448
1.0603193430007471
1.0364543079574837
0.9792247835387904
1.0393233100115606
1.0157675315245536
1.0081719495731456
1.0165490415283884
1.0923198756413073
1.1250688214320217
1.0078843653153735
1.0901191032288164
1.0529229007580116
1.0062751091670405
1.0476114310990452
1.0259510542910706
1.1383395660393119
0.9771479473887482
0.9222148732711667
1.0207474123304254
1.0310228863156836
0.9606335629404368
1.0009198362635041
1.0078038118028676
0.9899416255238106
1.0443558902812045
0.9424062812083938
1.0171699201045383
1.0696708726275739
1.0452188078915519
1.0530215318163747
0.9449090932697983
1.164585884281789
1.0558051387490524
0.9620576832122147
1.0232884885284654
1.0155769637649805
0.9436468552132897
1.0653234056062226
0.9928981600665759
1.017972265140708
1.0153369103422878
1.1329242924126386
0.9962962728945595
1.020889836785174
0.9104750573458712
0.969827578543831
0.9690683404198065
1.0062315928471255
0.9599864586569866
0.9637908160045493
1.0286567590314095
0.9830116873637249
1.0645900909077133
1.0013267517727527
1.0302395656430148
1.0808407191340452
1.0100933516243917
0.9954239183956771
0.9906374804480096
1.0264771730608249
0.9698035948094396
1.0210122427717385
1.0103036165230923
1.0159053251426649
0.9920512821595404
1.1163789199382965
1.0074337279732393
0.9697013869201988
1.0708455143286435
0.9690231700221928
1.3481584255314338
1.0305538737028848
1.0329210936677133
1.153926275119911
1.0827042753376794
0.9990255239766943
1.070021724225125
0.9715480268505171
0.9854026217021222
1.089454686119717
1.0637956717493062
1.1491267604251063
1.0936177417140656
1.2163512232832963
1.2166559096315346
0.9962893530636364
1.0493226183304694
0.9897216722118878
1.1110628413931405
1.051174096004621
1.0468199135072758
1.0655094198500974
1.2919297154090454
1.004055598437929
1.0726533881218991
1.0753622336589703
1.0628024650149157
0.9897813534220902
1.069860362153628
1.151572414196177
1.0648648087080284
1.0601175612501585
1.174151281208747
1.047034416386409
0.9775916733542276
1.0245740100443124
0.9946156342848372
1.2517393737914244
1.175561988230887
1.1169091296130806
1.0237569694306565
0.9657470010189577
1.0173551706754431
1.0242287841223332
1.1389005516767665
1.0977896842736308
0.970735234644183
1.0075362726153754
1.020623748526789
1.1222887009928426
1.0537066455949324
1.0322187849782662
1.006396420463473
1.0546105989012526
1.1438846237932996
1.1298018503366292
1.0860801834106681
0.9274951171549635
1.0619823442911154
1.079384576792318
1.0690571713123327
1.021946559455013
1.1020671721134432
1.0673567180574135
1.0457937311676446
1.1270888709276878
1.0647591936729237
1.1325540016047426
0.9786367003529418
1.0410218200260646
1.0039633279418179
1.0913202425918505
1.0136483263396103
1.049103108639514
1.0873883548521837
0.9648590427528024
1.029994621852499
0.9774923480059768
1.0292513530254335
1.0156487529033733
0.954619210979624
1.008930623294118
1.090686247191786
0.9484093006600814
1.1809638578255313
1.0540345000891853
1.1136261535428362
1.0113356388948906
1.00643856876401
1.0553760578701494
1.078715366696461
1.0547388578276689
1.0596644696142785
1.0767980482815867
0.9846364201865195
1.038658411748825
1.0350177239656086
1.104272505075695
1.1462143801383777
1.016043107920763
1.170324624244114
1.0087600061966606
1.176708478127258
1.2479096761867625
1.0083005859778185
1.0084638475069707
1.0588151632948322
1.006132840648538
1.1328044190662658
1.041710660441355
1.1416734969635225
1.0734233289757134
1.0897348642438014
1.1199243416897673
1.08884320565438
1.0205274231802053
0.9903170826798238
1.13077776921668
1.0320872708115665
0.9933403782514376
1.025166565395564
1.052165259057865
1.2170792334571057
1.0352310573334158
1.103281460032954
1.0105256458158307
1.0812716345053457
1.040162336668722
0.9812880811557553
1.130458628407343
1.0756888573784935
0.981107242451593
0.9616029677382818
1.0396379363121546
1.1619918972567056
1.1002978232517864
1.1650547060839624
1.0585138016950004
1.092196359366374
1.0093789998067877
0.9397081088834784
1.0865226508142942
1.1467635116477015
1.0059823356908992
1.1236576204067599
1.0800684630401378
0.9935681144397266
1.0510784766231933
0.9562954118745272
1.0642804656362954
1.0506759197395743
0.9423928280725964
0.9783528637074717
1.0358277702547094
1.0886931232336587
1.0108489820117725
1.0499344598155933
1.01579451060446
1.0449216051283368
1.1125651858868302
1.138636865997987
1.0295045447315108
0.9814023191522026
1.0176612903621465
0.9787726305071354
0.9659979579002206
0.9687879027774129
0.989911124348645
0.9437041541101635
0.9434723498274178
1.0251897736457136
0.9879110784099903
1.1259370565255584
0.9748678915783714
0.9530314304788211
1.032306521592474
1.0183804063812871
1.0691627783182622
1.1260451747436047
1.1091942224493787
1.1055007353433006
0.9773986825827898
1.0942658393238407
1.0640091528714002
0.9660195132269584
0.9980610236334772
0.9797529157543727
1.0817145148089615
1.113466700210767
0.9645706969356519
1.042214351118684
1.0567284540075894
0.973176778320775
1.0286637193847796
1.0080794897832674
0.9799297941502281
0.9802350421709582
1.061163494841278
1.0141221718462936
0.9950209711209868
1.0140287244298107
1.0281761060097776
0.9719825570685477
0.9700483266924985
1.0715104465403056
0.9984495507988961
1.056033194816597
0.9829572870176043
1.0666950250085323
0.9476066841211396
1.0946056859939384
1.0967496109611043
1.019912812538654
0.9955243146938002
1.0390871922927245
1.026605563183584
1.0122786633580172
0.9989421614719693
1.0323421715707384
1.1091165654506392
0.9578112280380484
1.0266910647950793
0.9615359971710274
1.0182010121000882
1.1238372170639321
1.0011012208773813
1.00679156586658
0.9890248791384174
0.9563261127962975
1.1288941297272723
0.9767618932866532
1.0079782632353558
0.9901913948495117
1.002822388632242
0.9752662076375924
0.9786633352618809
1.0208454444642958
1.0894507715381698
1.0144085899737476
1.038088321889063
1.0283535697366708
1.0320927458397944
0.9359381256417563
1.1200852288506675
1.0556604935983813
1.0601879342766436
1.1089223938522597
1.0361440097278367
1.0530227428290184
0.9869230576064475
0.9388742674483782
1.0313689427031394
1.2111810531729805
1.2342302014863424
0.9565186220702864
0.9908438826243317
1.1061197479428095
1.026274728708444
1.0605670029666656
1.0493233212270119
1.0036231571928773
0.9883048088280346
1.0794696827677959
1.2716174606650807
0.9895679057327484
0.9829911577449222
1.017685813364037
1.0292495763963547
0.9754334719116895
1.0572887674585152
1.1261765752432686
1.0852772567737663
1.0769544302952017
0.984452909734563
1.0071893680158195
0.9691194686124104
1.09803202461712
0.9815957189181075
0.9616236455640971
1.1338136017201879
1.0219531863610298
1.0082706658871756
0.9226916500032961
1.0015997117974358
1.066810787729252
1.0262147403391821
0.942414829148424
0.9574586311015708
1.1124631213277698
1.0157776340031484
0.988173615852863
1.0726435369838376
1.0026702280299014
1.016910342860936
1.0231694173093964
1.015206888808559
1.0138512863238636
0.9815711062471798
1.1385049036756587
1.0623851734167045
1.021140792046343
0.9797469445365752
1.3805002519114657
1.0123187389328787
0.9855182261375275
1.0288329176599031
1.0124846442828355
0.9921138996551546
0.9587952921806825
1.003862308702705
0.9993814264232478
1.0028941547279946
0.970315178150845
1.0373777222156442
1.0772703898729405
0.9934311071032438
0.9635557054557591
1.1767347896674416
0.9919381083301908
0.9920104049070492
1.0742055685987506
1.1058855776821839
1.0580327500003102
1.088235837752485
1.1159428038574282
1.104699184197822
0.9991555785926507
1.162016899819042
1.0932255157440898
1.225867310414069
1.0007636774530007
1.0562644284997043
1.099541215453998
1.0100725121450018
0.9891800032738542
0.981702198989601
1.0267963768162383
0.9971062456210487
1.025270286710892
0.9868729000654155
0.9641301534278734
1.1403228017104712
0.9831710261150352
1.0274271870133969
1.0276137117134794
1.1170168575304311
1.117810997050702
1.0477982442723426
1.0435796251473695
1.1063564136270858
1.064719036776914
0.9808819532010713
1.0390226185567981
1.0353630920538628
0.9960340913942317
0.9837657385353294
0.9615428824844744
1.0209292467636002
1.0235693995977626
0.9836877159566044
0.9743708310783581
1.064462540982919
1.0964769006854649
1.065652418364125
1.105381246463095
0.9735725435786137
1.0384734760503418
1.0303439744069562
1.1366877136231648
0.9427354105719311
1.0272434108522097
0.9918172130629175
1.0664711780948868
1.007445370877004
1.0792482017798717
1.0002421588772583
1.022523479919362
0.9764529198432897
0.9731680784921807
1.069287476928793
1.0505277800168442
1.018321636948417
1.026316851448231
1.1364870976430455
1.0490371998341914
1.064205771581938
1.1085666102261875
1.0794074977015247
1.0174230207880635
1.0753737767985172
0.9812899372118535
1.0145822717107056
0.9789159792150919
1.0452737368969947
1.09081675635751
1.0573732917320233
0.9954917756392606
1.020862371539661
1.0159048964999444
1.0453440760237829
0.9901249211848244
1.0304043822965172
0.9655951131467115
1.0503833245055447
0.9748650468171132
1.0112405356823408
1.0075430339506577
1.024372337729664
1.1599543552146603
1.03034744352452
1.0134532485778662
1.005916487431049
1.0372504201698567
1.01722169077523
1.0612830372374944
1.0060209430612137
1.0067990747367146
1.175257473127851
0.9819978188918348
1.1361045713697424
0.9403145098869625
0.9464455268534442
1.0459286574267062
1.0693810598946183
1.0615590801838368
1.0168810421424215
1.1194606439560948
1.1197930480989773
1.017176798738808
1.0313250213844969
0.9879216772604742
0.9709400727978235
1.0544364251601541
1.0975338607237235
1.1212147567976642
0.9886054625245757
1.0112428833531062
1.0085330907541468
1.05619392370361
1.0360078637324188
1.0359989079684844
1.0374703934563254
1.0374482993559195
1.0504493084146638
1.2194148085256487
1.0205448443338585
1.0601457558129648
1.0931365092136116
1.0077553759661668
1.0002558985004801
0.9719006520471721
1.0359254925976575
1.0506540864699325
0.9972363765159967
1.0274265202060964
1.0026433521700322
1.076015126985961
0.9672427182104103
1.1042728092297864
1.1036984585847291
0.997407360126524
1.077749589427288
1.0417190239043044
1.0017417015075627
0.9941169562196427
1.0956471446987055
0.9747304897450195
0.9677866817465945
1.036144930322523
0.9689996630822177
1.017995270752015
1.0393127247787561
0.9627966702664783
1.0418066936996981
1.0184154793307065
1.0312626705102614
1.0337769416143334
1.112676402274961
0.9498718350757738
1.0614948158579367
1.025888228034542
1.1302918932555683
0.9651570194804069
1.0499016272992403
0.9863289104326658
0.9896569291929767
0.9886411727205366
1.0256847152463475
1.012785167423186
1.0365924136173807
1.0078951506104135
1.1424779208205145
1.0283313631683046
1.0387132112191044
1.0230368259125855
1.1554152153828934
1.0387844537271353
1.115318706567291
1.0541431015330014
1.079838132273922
1.0635632387381644
1.0098441126895095
1.0269194772566301
1.0555902394954761
0.9824288026524928
1.0348025365015856
1.0898628476597776
1.1294027148189132
0.9564853564502896
1.0196268014532721
0.9769405333671464
1.0616716006150473
1.0349015200985945
1.1483546617911264
1.0336653831663165
1.011623643970597
0.9892907966439347
0.9994903467563465
0.9982201214051387
0.9804470920810444
1.1424212543481957
1.0030923108133052
0.9634321205886778
1.0790319421065457
1.1218052564492813
0.9727283656362964
1.035872880623033
1.244650507047904
1.020450335086423
1.0112068446768272
1.1322008439601106
0.9315605356752042
1.0089713536791862
0.9831544740711052
1.0005727650524263
1.0818759451225999
0.9982789169472479
1.0375388987666203
1.0254201300500274
0.9582085699384987
1.0176354375724648
0.9546886501832453
1.089206932010387
0.9982090542834132
1.1816169847531923
1.0493513389174145
0.9840726435027218
1.1651932459519219
0.9607045962834424
1.0126381481974724
1.1296993407929314
1.0910864980984485
1.0270979182841216
1.055690342468944
1.1048332735901099
1.2421066951405904
0.9983880803480496
1.1421734800061445
1.099805626440404
0.992116977404095
1.124238927319689
1.0559453105627128
1.0614723663889056
1.1337943114915818
1.0165418310409973
1.0543030065041665
1.0743386661178507
1.0213991243654001
1.042035986943286
1.0571130879381048
1.0453286220323743
1.0647804406447237
1.010432917923279
1.034410632145317
0.9884015584714955
1.1221508010115564
0.9942667724750399
1.0843954392904651
1.0186875623769918
1.1628722289519944
1.032487671982673
1.0514589878263327
1.0550114437320983
1.0935273398159238
0.9886535752804848
1.0346695756187554
1.0197942437037903
1.1548618747502797
1.0352322346181837
0.9986753956408088
1.0238784224422015
1.0870700881651831
0.9903735428363437
1.089288673817987
1.0292314420604125
1.0683783968111895
1.0866944140814243
0.9666627108616266
1.006005459410273
0.9531090352125748
1.0421521854978586
0.9964260750546334
1.1497329190639716
0.975317129452107
1.0829814786582357
0.9954895981684323
0.9966940124957053
1.097323222294775
0.9784335116125207
0.9894333531984781
0.9875551071557448
0.9841027165075494
0.9298599288774178
1.022876874509695
1.0330094220705652
1.11473607453856
1.1627698396665476
1.054832769691776
1.1011168645020963
0.9722024666545791
1.0213962987508487
1.0521484735211515
1.0214599432601237
0.9610650026932753
0.9634581715710074
0.9570284957231825
1.034446520086136
0.9712898423193606
1.0556658733140265
1.1231590180466073
0.9684826312629451
1.0185154147542883
1.013520836878462
1.0673360801680458
1.0705359151080243
0.9962412963039743
0.9509590584333435
0.9698309894543115
1.0251414453906385
1.073998054440553
0.978469834233804
1.1235926215291956
0.9625342736089203
1.0464054696009306
1.0201585957694408
1.0410025881785507
1.045180266851997
1.0145395425500034
0.9958149277247272
0.9821755078308846
0.943176967356582
0.9965157103868292
1.055888998603415
0.9854145952306644
1.0438059683132392
1.1241751819961379
1.0468761797318382
1.083047945098682
1.061325764711057
0.9785092490923728
1.0100659060710044
1.0284178030293574
1.0547681572686967
0.9670097086435738
1.0870218788843407
1.070026814893841
1.031647616526887
1.0187339682165821
1.000383042724534
1.0496739316604335
1.0217099505252003
1.0694369672132535
1.0615424481991949
1.011357786870867
0.9414059613348348
1.1015149561354924
1.059074127085883
0.9739622057715502
0.951995415464212
0.9615128031570883
1.0110887717830648
0.9948034648878614
1.0556297513968584
0.989025559710334
1.064427003542171
0.9704877700950646
1.021534278596481
1.0256826379137454
1.0602637218825233
0.9602626124010746
1.0236443040719387
1.0121145632146822
1.124074708384425
0.9976731990048824
0.9890235047092254
1.002721720897656
1.099375003161288
1.0554952941162175
1.0515476580198815
1.0870710293766275
0.9789021478738968
0.9913078703458328
1.0221090139795403
1.0751147169596085
0.9891686808203222
1.0191620341428946
1.0385211971467505
1.0305831633193479
0.9839027111784495
0.9841425041143267
0.9693986811802913
1.1638203279918402
1.0981865769550687
1.0796064838940687
1.114680360651538
1.0249829187662984
1.087631297240171
1.0297127944837625
1.1185471758765768
1.0753401880506597
1.1368094788527014
0.9724599969735992
0.9322244098725475
1.0623305549897195
1.034842894154806
1.1131198778535414
1.0093603196297412
0.9543349433847476
1.03557835671853
1.1066526025277428
1.0964177060373759
1.0302264507650831
1.0334937516400682
0.963278895520846
1.0534099638413341
1.042939782302186
1.1238927881129777
1.0203215185314416
0.9931939928472643
0.9606614492625133
0.9502721025030909
1.0434018323862182
1.0698578633613596
1.2767105719481928
1.041300408539296
1.0066372259704064
1.008397486342547
1.000884226167524
0.9993352850653558
1.0607181124122933
0.9730092097683279
1.044208349994459
1.0496809170140147
1.0074118936972216
0.9306906831353098
1.014279239366185
1.089032519772871
1.0040532711469277
1.139295036537143
1.1931492068523597
1.032738956135652
1.0354748650767385
0.9844524647708468
1.0300572604003009
1.2026362518630698
1.0401449092282098
1.0216208380253313
1.216653564586049
1.0018004186305405
1.0923108405288493
0.9473794763879956
1.0478047020010481
0.9630073939985331
1.0130165979856989
1.1114077327055216
0.9903927774421247
1.0308656632111157
1.0774316267598139
1.0610264632979027
1.1298348008915455
1.3155480748072614
1.2982718903202668
1.0048061864917628
1.1020960850941468
1.0425312359640453
1.194205990663788
1.409326354137091
1.194270229485249
1.0475241858490663
1.0767782673913155
0.9940509240169292
1.009275713881237
1.087443038859138
1.0929455983443468
1.009223839905893
1.115146273793852
1.149995222167121
1.039492180870007
1.1685688241041683
1.1124351957331708
1.14484141604557
1.121952958240861
1.043695619765328
1.1401408550437846
1.080459786518354
1.2495703705180423
1.0126290455249645
1.0445298093403865
1.124969404351485
0.9721757021219731
1.0045065138593272
1.0380638339945887
1.0172264068554229
0.9955847193957778
1.0845063629530756
1.0341326612053263
1.0545380894123115
1.051988100533561
0.9920807835442479
0.965472151613075
1.0007763885584224
0.9889645304261764
1.0695163319739631
1.0583719874683497
0.9521075810993791
1.0447402502407297
0.9897690969748316
1.0626680959763117
0.9843697849283141
1.1774649607139873
1.0965812132994925
0.983373321743721
1.0246516850108938
1.0317968947432303
1.0289503521046022
1.1521256504237587
1.0345184348869019
1.069565649114753
1.0927559373543414
1.0100102670914213
0.9512819803609649
1.0258103253183206
1.0041118848398378
1.0135355446762453
0.9800781420873115
1.0322049740098747
1.1753270520605048
1.10445113364936
1.358956181831737
0.9847675852381346
1.0940306047467618
1.0806318486707394
1.0324081076530076
1.0101663623760175
1.0455612025414645
1.0308509459269322
1.1067228627395247
0.9774428870024784
1.0504906790556188
1.0710888395081155
1.011148561061858
1.018417367400462
0.9958373172204991
1.0872491512057834
1.1015786397806615
1.199351554845819
1.0383568735322872
1.144782814796483
1.046529195914027
1.0041314574529612
1.0367809644275048
1.0671418209230914
1.0915727495174983
1.187465478957929
1.0137561346366384
1.1312615215276796
1.204400215334641
1.1016201951187734
1.079983567166699
1.0551655742811585
1.0265856287885093
1.0176830784771151
1.085266355458395
1.1300446592075781
1.0746915815050482
1.2189150761082657
1.1380636258919918
1.0894316701729336
1.0704417194305929
1.042463606728628
1.1829425879504047
0.9349479239301477
1.1373373883643558
1.169389868322855
1.1282726566257677
0.9837688813290661
1.1130707354696339
1.040001881452951
1.0401382538588393
1.0025628613680273
0.9856126934695616
1.1971385467910032
0.9857667475721775
1.05887954381643
1.0536476446707477
0.9972239579046899
1.1259364317349576
0.9902979275472942
1.0340734922019157
0.9783706630367346
1.1165401270109085
0.9900072330577347
1.0352195515553113
0.9967179922379462
1.0654658114562081
1.0064548701100196
1.0451722447109761
1.0410424103362956
0.9379457168355183
1.003253820216271
1.0985081795189535
1.0682367547369007
1.0599434333743487
0.9926046240631315
0.9907402598829712
1.0253545624233409
1.0232463038133839
0.9667630319801627
1.041767047117454
1.0008910611254025
0.9999712981743254
1.0286929239336609
1.0379257722528417
1.0659855444454343
1.002952136369501
0.9953112768145783
1.1646620216307852
1.006566124919417
1.0373488899329453
1.0351941459427687
1.0606137464892167
1.0303615259726933
1.054628494323207
1.0865583217595194
0.9578247536967532
1.0203892437030158
1.0995394429148526
1.0155813882712672
1.0658243884921588
0.9847631167050032
1.0213791909621468
1.0903771853483029
1.0759715232939677
1.3861997525100365
1.0312736740848314
1.1410546303677431
1.0946769835429422
1.1259840016040912
0.95833701392253
1.0278824193077496
1.2209460900511864
1.1272866614962052
0.9900138208470262
0.995777883255553
1.0232721286664597
1.116321624932128
1.0783568426350707
1.1357938204565483
1.0227772421993593
1.0254472720364722
0.9874979143193915
0.998351116959647
1.0688992012348295
1.0509214787908991
0.9542779667432628
1.2654129852103189
0.9837471747498946
0.969754092232073
1.0116698105428912
1.057145352519277
1.017372460517106
1.0335293930474838
0.9875458954954603
1.0498702751696956
1.0950993753329943
1.0707875603254453
1.0908320541834193
0.9914931990826333
1.1046269895035568
1.0600849982374194
0.9497338756356347
1.029966498888086
1.1368501939957396
0.9851140986669283
1.0066847310156188
1.136741840332303
1.0542106573380765
1.171954057352316
1.0109860528579186
1.0169453064033422
1.1299754057636466
1.054123070908503
1.0704313863817927
1.0431379439216932
1.0414870250031316
1.1146580060907316
1.1189500985782017
1.021090707323758
1.0332104662704003
1.0026580453895295
0.957680979307253
1.052431071551811
1.007437194819245
1.1845846899505907
1.0080918537767434
1.1369530923221223
1.0582486785258178
0.961165221425438
0.9734005327968381
0.9883357848428371
0.9930682365715311
1.0015047901871612
0.9715946645670915
0.9879366744035045
1.0399501347492532
1.0294710230162312
0.988920904719225
1.007072055917547
1.0757078345843305
1.0235804540829994
1.0227317685546724
0.9882929115073315
1.0178490961214137
0.9685037750604419
1.106493586538824
1.022549422990728
1.1118640434437561
1.0460852654325303
0.9759844599534971
1.1107521167279084
0.9625903327475729
1.0211195612241017
1.0011135874762056
1.0086451639480905
0.9985201116802054
1.0998600317646676
1.0062592173582692
0.9505633615008852
0.9727521002582352
1.0923295323880522
0.9398216393160852
1.093228626751561
0.9882020711923419
0.9214851488996834
1.1153712268878098
0.957654327026234
0.9748423613030609
0.9855311801867184
0.9684481234806421
1.0325272335217213
1.0874911370962992
1.0017943051499503
1.085125606531818
0.9735947003408311
1.0141991411427764
1.0791816354588595
1.1203406279816193
1.0333625384165317
1.074481458268946
0.9887921425512182
0.9448462864527695
0.9935463634453268
1.0090564996907252
1.0180046890244856
1.0034766741331325
1.070121246116469
1.006387257859453
1.0771812898491417
0.9901734594674876
1.0015917234712033
0.9739708776840839
1.2328798484887813
1.0756085220006937
1.065204358798932
1.0519072168251484
1.0394272672423897
1.0279956490341546
0.9974555117953625
1.0825091677274923
1.0042179537947187
1.1371831562365762
0.9934597880052406
1.0445961561409571
1.0140918080110235
1.0477093550075376
1.0412047633695451
1.022172721128279
0.9981043929794736
1.0357344489792493
0.9651521646623635
1.0728843228385523
1.0714602566783051
1.0217394118275633
1.0828917580696242
1.101350685661286
1.3305975005135746
1.1791113897094365
1.0290190190364417
1.0370449911139805
1.1791079266362998
1.0558943535197602
1.0096009927418965
1.0523113889094438
1.054402425921982
1.0073056848963056
1.1808430690740723
1.0775193051091587
1.1488168830812204
1.035996272092028
1.0659797436576497
1.0552777148292023
1.0715688979284983
1.0215386290366444
1.056878832647923
1.0614606614622788
1.0523181254071075
1.098968958418833
1.0309581692288505
1.0186800936602873
1.0410694390456134
0.9792162040122558
1.0366197321037482
0.9862748597098895
0.972908676259755
0.9820797491554112
0.9801008014329726
1.1629508106381226
1.0607362242881817
1.151523295178058
1.000814677242068
1.0219056955564654
0.934967894860284
1.0840288765262263
1.0605433838372373
1.0416968801439177
1.1245817581713635
0.9225804682165193
0.9888083784046768
1.0209202795708114
0.9499614952893446
0.9587632584384884
0.952786172228198
0.9888789229815976
1.182086049619379
0.9822510228458741
1.0216609183466328
1.04149618615623
1.035674065190247
1.033432977549985
1.028409097681387
1.0384908545445053
0.9943222767263241
1.0875960983539192
0.9904742927156082
0.9534920363982273
0.9620997924386641
1.0005853570280325
0.9958153507093477
1.1485962355981667
1.0250341526785485
1.026712084205401
0.9228613656221466
0.9502605232524407
1.11861002989774
1.0293119801304746
1.0226261721377488
0.9984780357166183
1.0837375360542574
0.9294527576321028
1.0365918404283279
1.038402371166417
0.9813451662250798
0.9785675378009312
0.9929828244279827
1.0766038827891067
1.188767502419721
1.2836705227890972
1.1542131140107004
1.1238826375687536
1.0940162834091396
0.9819625839304957
0.9880576385065118
1.000178212882939
1.3380182736233033
1.1258470941730991
1.0309836421917327
1.038557818416733
1.031311104751363
1.011714480046529
0.9361696334181642
1.0646301429220688
1.0975565854363845
1.1029978527693112
0.9743879727861112
0.9563802227796901
1.0069718554825038
1.0155292561588147
0.9388398792813031
0.9796368470653192
1.10090151494736
1.2367397267442632
1.1184213897300097
1.1709953756666696
1.1806720809451268
0.9894504587476264
1.0284947602865704
1.0056026006421432
0.9635572355832986
1.0121573436039677
1.0732268792493251
0.9489113907994201
1.0129164413423044
0.9764063156136272
1.0585519358716768
0.9532926731709827
1.035836487400779
1.0102173317786018
1.0280897686341646
1.0718788534006534
0.9532726310381375
1.059506854799262
0.9971066270290382
1.0075114824749665
0.9849592905830886
1.0732600458672599
1.0603743308888274
1.025147936682048
0.9822010563242211
1.0583775690271187
1.0028696358882823
0.9582327625828003
0.9948296857396896
1.0909542173087423
1.2490301782454052
1.023730606640847
1.083485002580593
1.0330961568404675
1.0834350567200004
1.1579156658290262
1.0274013300932572
0.9748441406521979
0.9427990258536464
1.1153208820433058
1.0254479746487482
1.0738293769277825
1.1383612082583545
1.0236365267321
0.9541076631741631
1.0589397940100114
0.9805854421274556
1.047141570517583
0.9727143527454527
0.9925421721725802
1.0980678527790901
1.0615250808094219
1.2063191481345708
0.9474611120704322
1.0491654270559283
1.051939031183644
1.0268227689865956
1.024545330675963
1.028735053227938
1.0780253025697102
0.9690655049332487
1.0037478148636252
1.0673208277385167
1.0318224858422431
1.0509668281084998
0.981023938362124
1.0858125095482591
1.040185993071793
1.003938862616367
1.0346470013394846
0.9745679596102599
1.0554678457191065
1.021306301002263
1.0313056451819382
1.0672776200361012
1.148786680118909
1.0933442140674623
1.1499547180025418
1.1095804432109275
0.9526478103390268
0.9882356226247785
1.076348785503695
0.981443126586579
1.0969940878658757
1.1102047608262033
1.001843948360508
1.0218267211465928
1.3539955936756736
1.0074165616861939
1.0337564008431812
1.042505956186945
1.037872154177569
0.9159805759168148
0.992030926691134
1.0480733601718903
1.1442783629504854
0.9768729829924174
0.9957511023300266
1.016536182836419
1.0368018399887935
1.0345893570941014
1.0887550134018413
1.0220933798896483
1.0304296094987337
0.9842132116592178
1.0078485808223907
1.0168061774667856
1.0033384563544505
0.9259294283852956
0.9950990494685213
0.9788229054919207
0.9996019064344626
1.080180825241333
1.028375200362685
0.9913404932210288
1.0035887541408999
0.9912881584955759
0.9811056146547311
1.0591718718671144
0.9574681235614102
0.9728078217198419
0.9586335213784581
0.9704412964493785
1.013896188443603
0.9790433812584254
1.0752465168712342
0.972088058075234
1.0177944003274324
0.9697091791768284
0.9897031008985931
1.0019692227104817
1.6354024314929405
0.9992458673731083
1.011572962458632
1.0626304716409474
1.0573604534498238
1.0789878536863327
1.069809069508861
1.0664311164026725
0.9878933654724877
1.0001875548421408
1.021123457968728
0.9629339987602815
0.9818068015852288
1.02608147766435
0.9615051451264792
1.0161950402723916
1.0072068052618066
1.0873069314399222
0.9865649185193702
1.0397951160519512
1.1467745050942129
1.0331784649603664
1.1259437074934153
1.1989213233902487
1.1039118832823218
1.117773549770675
1.1031858976851512
1.000554117232379
1.018928002868505
1.1421356036478785
1.1094727907442399
0.9704171870234983
0.9858249404576073
1.0142171096971666
1.0677988671249579
0.9634514381102628
1.0559813326933822
1.2353603727011497
1.0588991039506084
1.140029358121033
1.1337113347025032
0.9871226062952223
1.0269848699021924
1.0347541358354873
1.1668078095907726
0.9819802053744453
0.9908882548483428
1.1980906520707248
1.0700070415100196
1.0850131210374987
1.0147281863047355
1.1163085415901801
0.9871821210157934
1.0997544462716078
1.2381318408639153
1.0262302005117143
1.1256138182530364
1.013491996937412
1.0987102895030503
1.0700267247112507
1.0327144484643846
1.1958855706936422
1.1259744756253172
0.9710255221658678
1.2970430220168614
0.9996557569852065
1.2102483858591262
1.169385129549639
1.0057442533692211
1.0225968847803097
1.0958649426097264
1.1213867279883933
1.0919065864425883
1.024139919965635
1.0142719096657624
0.9947218830412073
1.0861847861249108
1.1551565162591189
1.0739573803433138
1.0244205325296807
1.0370994240845024
1.0445535779392434
1.0566820348271706
1.0056830990129393
0.9651767200706423
1.1882922831319276
0.9710680527854655
0.9904595003591324
0.9826103953603389
1.016165795183187
1.0290433652074167
1.0933310992336787
1.085450152526197
1.0061796374441552
0.9608889429352518
1.0140041967754643
1.1353451009901974
1.053462513605724
1.1485479512442447
1.0125418142308662
0.940668288826182
1.151609798748427
1.022144804013091
0.96387754262493
0.9589006797663528
0.9941097715080882
1.0298729647841829
1.0247744276964603
0.9890728380160627
0.9915042927299029
0.9976609894951852
1.010078182891128
1.016754192047468
1.0382277230825288
1.0345040412471986
0.9565911067059277
0.9673181082362917
1.0107598259310835
0.9356264533562781
0.9748474981162271
1.0114072110565848
1.1782929319913384
0.9449727909145661
1.103653940846227
1.0430356276757742
0.9673551186488657
0.9618481052515543
1.0467213053248863
0.997819400189518
0.9624143234401169
1.0887896655785942
0.9690586716838955
0.9501703487498202
0.9542373918885658
1.0197954525354833
1.0135373642152223
1.1540282350862365
1.029070047979859
1.0780860992945436
1.0094839268728841
1.0950020458125918
1.0235830274033235
1.076093201789048
1.0721129872957538
1.0525120614877463
0.9455155472939585
1.050463942365279
1.0230600901234796
0.9957579926289242
1.0395497029892173
0.9509993649691106
0.9860599569587858
1.0209197364110787
1.0054220679415182
1.0526743498989712
1.07628057783408
1.138801745172698
1.0041530125318723
1.0577596032916918
1.0503876526759848
1.1251598652775332
1.0100505594427494
0.9338051675100092
1.2181688386524356
0.9503701352172572
1.0140806716713766
1.0610689882254036
1.0059390474721137
0.9923932182278877
0.9827045092370688
0.9647245583782289
1.0031050059200792
1.0277322071717634
1.0725349706761902
0.959431252326013
1.1193868645341365
1.0634257734131223
1.0209723761720513
1.035727393876472
1.0768889218949351
0.9988272448144122
1.0513907861247984
1.0227899480309466
1.0314818413222764
0.9865154299562507
0.992724846752383
0.9669241819634893
1.0998309528211765
0.9956504421975175
0.970303282679943
0.9745710473829071
0.9744987957906096
0.966389990131285
0.9997943796453803
1.0878752592111396
1.0573881454786835
1.0112597571247093
1.0152286021474306
0.9974622712472179
1.0290204940724976
1.004645576348231
1.0071951995661
1.025644218230695
0.9987974189620294
0.9781755666038613
1.0914586383067042
1.0134106210405824
1.0676599660654125
1.1509449091299762
1.0395125585674954
1.0454963800112747
1.2002172522479149
0.9686012234858592
1.0079078869840676
1.027811440112863
0.9454645975137627
1.0612269352361672
0.9989070374226551
1.0387822589424751
0.9745971453995267
1.0275968171686072
1.1168135093349374
1.0072322942118164
1.0043908397402537
1.0849813993917135
0.9699917323764091
1.0091301227530554
1.0892720433378893
0.9905184317365046
1.1727905112259989
1.021479616313453
0.9894429435166029
0.9879346320987226
1.0050818617231188
0.9218056903471882
1.1020298872420116
1.082482544810527
1.0950096627049661
0.9892321957784054
0.9526276902778108
1.0298932674659542
1.046364507321294
1.0058948546536457
0.9893047012997619
1.0216871650080483
0.9667884328483034
1.0051024294452893
1.1251573566795645
1.08757596946256
1.0454416873202357
0.9752956249492707
0.9585441117016514
1.0713456740487817
1.021022206419419
0.9914798621223763
0.9597756657458143
1.0331198616554165
0.962148586629323
1.0207490797111984
0.9817781842049846
0.9499274176682958
0.9968544381497533
1.0233937413072007
1.044147558303904
0.9992243166191974
1.078864637355038
1.0464410664330668
1.0350030964104915
1.0021304666388613
1.1334797897968236
0.9471307984121482
1.0067793121684532
0.9563532018170141
0.9797086959150092
0.9565606371190692
1.0311254302871045
1.0540364993924947
1.0772455587129839
1.1249672233735435
1.141195730356743
1.0026739653848002
1.0432690047511346
1.0054297314778808
1.1260457377032493
1.056946425314476
1.0838256269739293
1.089612807384592
1.0520494848109097
1.161138851284745
1.0041195099630396
1.0035840173826915
1.119011572593918
1.0509681140728584
1.03221174157087
1.0525573327201283
1.0552648519933905
1.1167384349259715
0.9706757472263972
1.0224511260396596
1.0264208880803778
1.0030287481293265
1.077893007175443
1.1635909700034102
1.0508483933452923
0.9996441773138751
0.9496309463964441
1.0147046924796352
1.043413018088682
0.9311951510689067
1.0269387870634024
1.01324108388509
0.9774366898916742
0.9946990448004329
1.1385693572574564
0.974247343964383
1.2046940013026062
1.1058357537333496
1.002296928944611
1.0100238174792733
1.0827423439535746
1.0533133913633594
0.9718889624635858
0.9976292659092103
1.003049037293928
1.015278969273416
0.9829037552226273
0.9993565721434077
1.014081410140596
1.0731449513936158
0.9879261761003969
0.9857084485205261
1.049017269813975
1.0119576188539503
0.9985114343019894
1.0572719805803372
0.9815793381357903
0.9652792791699762
1.079460806253589
1.007884234516449
0.9658165990093537
1.021092569308732
1.028990300563271
1.0235753051543997
1.0925208134906077
0.9881578601400038
1.0475964550325156
1.0618243114903791
1.0671246019589538
1.0479187867103805
1.0757368669449237
1.0050806871065818
0.9733462445442184
1.0172702060490277
1.0167434365935366
1.071818175223993
1.0023404619546463
1.0435449729869173
1.0663122327286838
1.0313742099855674
1.058220638576684
0.9653213247778348
0.9774816348684338
1.1002414579187316
0.9746123950405652
0.9895610505850125
1.1862704575448002
0.9869987739367085
1.0492529206736143
0.9926737005708324
1.1222504583111224
0.9660956376194327
1.0853965857356207
0.996911898656611
1.0530518830052262
1.0166407049520347
0.966329247676946
0.9738288312987123
0.9852044992327214
0.9995539424381945
1.1575776343965207
0.9546297126789015
1.054424387770832
1.0429584556085485
0.9774418339286028
1.056040004835212
1.059925747565437
1.0957901240649166
1.087071539745321
1.0224068025194053
1.0509973834407118
0.9829418890487481
1.1502007702539199
1.0464062825504226
1.053217561981775
0.9873599507972322
1.1145098954180137
1.0213788564426995
1.1075095885442505
1.1629163508312579
1.0176433950437849
1.0349781844881474
1.237052100781827
1.1217410112940538
1.0348859712118446
1.015008124606373
1.0775151705631676
1.015311299620646
1.01672460929797
1.0228299149033813
1.0555984907992486
0.984421269587993
1.2309861701752018
1.0345623578518284
1.0163904179268681
1.0236920554382472
1.0235511456928599
1.0395410265217468
1.389697125485817
1.0343063730898046
0.9693255684696259
1.0301950854140225
0.9577891271735555
0.993038306554347
1.1010551752927358
0.9523837770174599
0.9803712727910333
1.138262302047032
1.0338027023544796
1.1836741237277955
1.0253361166176256
1.0537898202091946
1.0229700715006929
1.0602041082218854
0.9908761523490658
1.100090055007431
1.0933262703422948
1.0214856086657513
1.1313598935243137
1.0400780980923408
1.0870528401928319
1.0203535427951484
1.0106114050811925
1.072184511081513
1.0079702542121736
1.0232113848848952
1.049535716429992
1.00774272760871
1.101096994406461
1.1144783036394115
1.0984421887289721
0.9784094776347092
1.0429514801635191
0.9928766643153394
1.0283999923840408
1.0106779348285586
0.9980992616344624
1.115092463073662
1.098457982028958
0.9698348157800408
1.08310496838703
0.9354206991073036
1.07861348245954
1.045060743355546
1.0498764041115092
1.0185311802913046
1.067628408251475
1.1245072826250497
1.1829737811753613
1.1968372643054024
1.1320223296639742
1.125980085838293
1.0197924676858219
1.0019434734910349
1.0453905216526886
0.9348436129970709
1.0866008643647653
1.1044817368546604
1.044394161897587
1.139502504017144
0.9894777046708297
0.9874476881638152
1.032348051036778
1.0859118618677128
1.1859483660785464
1.0326426955067085
0.9686983948773217
1.0924740045081283
1.1491152085131415
1.0102042452647753
1.0435313430344173
1.0835058889271303
1.0754799904160048
1.0700082344522448
1.0203591430928267
1.286867452472996
1.0478150036213427
0.9748832127522198
1.035460040247293
0.9379543652286652
1.0139709682032307
1.1301760676354227
1.2302576044628617
1.1684837122733727
1.00364034104644
0.9947682061260922
1.0950771605297986
1.0054549124280987
1.0211318485180574
1.0783848616693226
1.1366128621299254
1.2097287676803261
1.1305141795980662
1.0846052753368713
0.9612296775548533
1.0347298591787981
1.190928677920707
1.0670909623038853
1.0644383762699026
1.057565254242523
1.0733079162176125
0.9236135751939403
1.0506280252565705
1.12346274784908
1.09500996584296
1.0366212613464951
1.076064302287272
1.030031085561333
1.0585854896626827
1.0562689759640278
1.1064247401124423
1.024574989819588
0.9971092791891739
1.1617344681269424
1.1513993365227886
1.032684150826499
0.956301743362677
1.0547193759470659
0.9914861711630961
1.0411124851680078
1.0445371878654488
1.1318148547936913
0.9179352604268696
0.990099560011387
1.010502753495014
1.0169563329950857
1.0038373387401507
0.9954984179938616
0.943297895031405
1.0023831891533097
0.9991126730420422
1.0202718931870753
0.9670750332892812
1.0174960110270992
1.039492661637625
1.0088836921027444
1.018395276999626
1.0060466252758993
0.9469451769384936
1.0573787998399036
1.0186286779603768
1.0182194925095358
1.0061561836068709
0.9669352488116854
0.9667165025584062
1.1003091510148386
1.0742379439561403
0.9561018959157299
1.0479784348259702
1.0222544732040697
1.0900920295320944
1.018614243608486
1.0019671948650328
1.0947823987171088
1.0468386242017875
1.108152924959263
0.9988266760449368
1.1300783006832409
1.099904383899586
1.028710063854876
0.9713458972235497
1.0370194428113806
1.1240884721695048
0.9480765933890211
1.0393900824111049
0.9920687211891416
0.9958082894597717
1.2589476763670773
1.053724946155752
0.9984312005984779
1.1762717285630904
0.9746194212694478
1.0189696810896658
1.0249007378081127
1.1286922720959507
1.247538722339792
1.0493057947547646
0.9726727843727471
1.086995054212956
1.0403594265694296
1.2414570142178334
0.9696111362746617
1.0833186688999263
1.0422844203415602
1.0842923706149232
1.0018688120361736
0.9941796717920514
1.065806114546369
1.122646664348136
1.0149021380028602
1.0758945126985804
1.457403447340454
1.0305689694073974
1.0935466558595817
1.1544808253280194
1.0003597475910957
1.0826760014833026
1.0812755668277378
1.0665315219422968
0.9688776498064889
1.0517755965538718
1.0807584249184174
1.159080494715
1.211654909097838
1.0750452569439575
1.0142274848143202
1.0268136182761536
1.0949001576875104
1.0387314664984184
1.1049568101464804
1.1083718149197468
1.0544134291256726
1.0365265352984845
1.1419541218789582
1.0263388011867325
0.9784191581404691
1.0966915394274572
1.0080768341145683
1.0086897969870023
1.0258503658958642
1.1533026631126428
1.0680149450376297
1.0621942696316684
1.0593750113769997
1.105212463251935
1.0722396475993712
1.0177384024706593
0.935750637908552
1.002717548314462
0.9939793441774127
0.9952312001876544
0.9897648880735266
1.0115098382991565
1.0002634494470275
1.066786077506353
1.052057874112323
0.9641633323548823
0.9665250289514726
1.0172867999218305
1.0027882723052355
1.0266028548891137
1.135438603016844
1.0053343700418282
1.0699353658108026
1.1178314907713593
0.9908866616356881
0.9805897435021373
1.0503878748484563
0.9728417005598368
0.9749515380660636
0.9398112050163043
1.0939568308133565
1.0304098652839904
1.0719036047207875
0.9772024572329308
1.0657806618194121
1.0069148096079872
1.0220506853675584
1.1304406782284806
1.035739669163249
0.963389817888343
1.0704192507892196
0.9792284780378089
0.9173061407552824
1.0040358204942696
1.014693963179761
0.9590736644032029
1.0619568686793268
0.9865135375428845
0.9694555992837404
0.966287588363153
0.9747917815379388
1.0199256171875313
1.0340039870290094
1.071948587781663
0.97105795241154
1.0797456100681821
1.1457245975146322
1.042476967830989
1.0440102398058173
1.2890458241485085
1.01247592010834
1.0313948769423942
1.0837883184620187
1.0307887487785796
0.9300838812907446
1.122694813519958
1.0941223595145733
1.1178502613078967
1.1163604585897355
1.2177780335820831
0.9449656592570739
0.9624606019484688
1.0070931150407063
0.9448679518871689
1.1717418296262934
0.9803610680414434
1.1071162891819488
1.0357079275671583
1.1559316192335682
1.0761875711951623
1.0458700312208353
1.0535491337357783
1.11758865266842
1.0631259694852193
0.9797839169332547
1.028465621038973
0.9716807111153876
1.0778307337672117
1.0171747239437063
1.1528380105559912
1.0767195988442666
1.0668617559968117
0.9783442822242251
1.1642428651536938
0.9867476776265284
0.9440947413084253
0.9591674497925027
0.9877752370237738
1.0983207914438078
1.031607635180252
0.9589337636739681
0.9766318304374052
1.0479706151668517
1.0144349942017328
1.0293108681724743
0.9487531686188889
0.9788270768099552
0.9140646375964311
0.9649975971555584
0.9577237212917715
0.9436829896207823
1.0219419601147806
0.9463148246958427
1.0960334154985865
0.9528340767414936
0.9589805803696173
1.0881401847736802
0.9893699403579951
1.0052721464903163
1.0090129802052359
1.1764392795387493
1.0326500044683822
1.0785682199572406
1.1654229787489871
1.168425133257156
0.9790718790021348
1.044884015308945
1.1181914727439684
1.0357328020586074
0.9846678476688386
1.133417143206768
1.0287917013698635
1.052501102051645
1.026880878945942
0.9683705092684796
1.065052917631953
1.0245701027465064
1.1409243482374918
1.1219834797750252
1.0692330713752654
0.988736786848943
1.0770290644839573
1.1921608323701345
1.090161924628234
1.1209313229871274
1.0218669949895318
1.0752352368233669
1.0456071445303965
1.0744286525692106
1.084405734446838
1.0126541997857184
0.9923164654355783
1.0714298636787913
1.197001726894007
1.051604297943649
0.989908900212174
1.0959096777189496
1.0539591275844156
1.017828773762918
1.1040936876866738
1.0604457174133763
0.9900263679099627
1.0113685836594362
1.0307242305240443
1.1225635495636939
1.0205124322981773
1.036664716220562
0.9944254505104422
0.9908609446356859
0.9951852203300271
1.1692400949301762
1.056801522369528
0.9731481453454581
1.0048173875921025
0.97733793653617
0.964186626571801
0.984322403067356
1.0778951725485393
0.9747708281978594
1.0070391840376591
0.9808740797190331
1.014149423175037
1.2842650966480538
1.0216200554157613
0.9803883271614448
1.0439746130692722
0.9802911300582289
1.0190369536335644
1.0090274022171646
1.0311771180875382
1.1068285860791518
1.0074120884320612
1.0212434485895356
0.911044046240525
1.0567079103951247
1.0670669437796467
1.1358997540839548
1.0096068791476172
1.054828948884806
1.0455287532097195
1.1203708195736055
1.0828581292782813
1.020490438910547
1.0118357296759004
0.9895205127777528
1.0248619121770226
1.082008213089331
0.9880338088596362
0.9672020478060798
1.0874508162231404
1.0078449564169067
0.9630134837522428
0.9196133318676262
1.0868995493085334
0.9673401456140558
1.1152999439772238
0.9859742825012543
1.0239618336797611
1.03478399131667
0.989620100682277
1.0350639991766482
1.0754020988855706
0.9522971833536744
0.9253275954846715
0.9837557238373759
1.0833182545219069
1.0326566025196484
1.0101705451260807
1.0448488795659552
1.0224489151976317
1.0015449698251058
1.0700022548881918
0.961221327776993
0.9717792324531535
1.0163417868908364
1.0324229987634677
1.0086612334827645
1.0566836360185483
1.1215191509728892
1.163038057499031
1.101582718016001
1.0987030885320572
1.0919007914032777
1.1344912635611564
1.1027098051519741
1.164948052149585
1.0370777815491126
1.0784644046112222
1.1531170123169527
0.9995343757875162
1.0408299837225738
1.0850867121757848
1.0266481368212717
1.193409749874057
0.9867968999486965
0.9745537041616292
1.0465617700826453
1.1672845954804882
1.0652920342736982
1.0399932608289209
1.142406383832438
1.0067693789760996
0.9878690853953953
1.016839820765566
1.007598005039555
1.1575608210067263
0.9908193944336962
1.0850162361523186
1.0039363820272316
1.1948658780939425
1.258572501597661
1.1139614267340472
0.9767452229239608
1.063639763680394
1.172054443595184
1.3315495061380314
1.0471660901620459
1.1096893178400706
1.0721560815595068
1.1310903236756618
1.0655570812200386
1.0265301207435744
0.9971889332739877
1.0637893233408695
1.1342470353319718
1.0713913281681522
1.142573903666638
1.0648958728591253
1.0617298179393495
1.0687311817530583
0.9398705257036171
0.9484304087142986
0.9555104229143736
0.9715419871925434
1.0261548628547619
1.0020991491244824
0.9947550089832908
1.0172671853253603
1.0322469401965286
0.9803426651685011
0.9915210878345981
0.9584831344092073
0.997188803956159
1.0105448540283124
0.9846556867270094
0.9678902659797991
1.0316965113537293
1.0234413899307246
0.9580814270588303
0.9746319739646196
1.1718373444165853
1.144280384885664
1.019179075878496
1.115785967498174
1.0337059191975908
1.06768066030805
1.041887168867829
1.0689329497396525
1.077327258848808
1.1338662743907804
0.9688459689115819
0.9577550648957419
1.011585825207421
1.005829549200121
0.980895040714294
1.107129414911379
1.1238741690286946
0.9794517224274789
1.0171314239400089
0.9904865865688116
1.0152836385261375
1.024742327761283
1.022324637378312
1.02975056723032
1.0420345141021778
0.9968356892700435
1.0224873654671074
0.9769718879748636
1.017132249719623
1.055096727519472
1.0062235710740175
1.0252042600395923
0.9995063252436122
0.976291445793239
0.9948960834998302
1.0148952915543257
1.0766330110857056
1.0014439893823055
1.0532221342057666
0.9936017077340393
1.15131568870289
1.0205928647988678
0.9704402909026164
0.9970510287610517
0.9839294684215344
1.2462811493169432
1.1634494231622068
1.0580909968444154
1.0317978972464548
1.1010833035534022
1.0086268787496424
0.9861509528855124
0.9677386238391718
0.9721847198271933
0.9915552479570162
0.9779339962699755
1.0058344565669832
1.099429594836735
1.0214374836462328
1.0018939110378473
1.017467117028525
0.968760256486863
0.99009393819814
1.086171686528933
1.2082452715197032
1.0133429043198234
1.0825222631268503
1.0779788709958769
1.0417576351201052
1.0486362216959983
0.9674107198514144
1.1056795510725859
1.0603176270925128
1.0174445381866795
1.0648261650027817
0.9383422346712779
1.0550131230858624
1.0221220779944475
1.0015354319923913
0.9744302329456922
1.0256646190491447
1.0266552828058932
1.0365363848190083
0.9758797470623606
0.9642363329204404
1.1726695030575953
0.9671092790734751
1.2242089610121734
1.0446898352659957
0.9713562454046246
1.0195276636817256
1.0997599831294695
1.051352692421566
0.9631332193554479
1.0100057342753919
0.9982110379996153
1.0042933702615724
0.9954433872738456
1.1675338206032417
1.076748093420948
1.0506779451419581
1.0134386648565732
1.0219560473650795
1.0352820532502205
0.9648545151997657
1.1152133397879351
1.1362981106006254
1.0186029317947478
0.9832041657181153
1.1164109853593518
1.0032494568655799
1.0151080195058448
0.9663526986486879
1.0278796687910963
1.0627434052987093
1.0079400447193094
1.002357937912607
0.9509708440241375
0.9800821780629613
0.979766661677787
1.008034692472204
1.048716589236328
1.0560055187905173
1.08418749464094
1.0041891753563783
1.0350013448701911
0.9906878170374079
1.010327495132387
1.0867319916094214
0.9858705834711275
0.9780213862586098
0.9928812701364474
1.0612291754441363
0.9839866764739327
1.0454894559235608
1.0933447039721
1.0384114283629349
1.1596366838848569
1.1229861097006628
1.1090300439964724
0.922089388782977
1.0469637565633383
0.976323018986354
1.043621077646863
1.0699830027998216
1.048581491026775
1.0490580256062796
0.9925177275039719
0.9520623020238191
0.9473394074422082
1.0767129387108985
1.0115253032196256
1.0786610125401674
1.0632939908180303
1.0058805911509674
1.00521463264933
0.998925590794937
0.9565987680640119
1.0132067371693523
1.003580956054352
1.1450333422416037
1.0492551273980362
1.0424739404178969
0.996109159636527
0.9762551820749529
0.9924987628725195
0.9985511110305774
0.98139404590733
1.0844168285543847
0.95364101896026
1.0380834684441644
1.0518752425819133
1.0224897730793523
1.009765834926978
0.9582721620428567
1.0724093627380717
0.9723876855056406
1.143162079266261
1.0073760388415343
1.1062704506254828
0.9384889513513893
1.0015152516362937
1.0338932963805918
0.9938225187367543
1.071707376962798
1.255261850781849
1.3113974225797667
0.9920512767914441
1.0556790432905077
0.9969224954220708
0.9903854834309451
1.0174134477795194
1.1347046484710386
1.0318029427961362
0.970021867216052
1.0829058049151057
1.0036611651748761
1.075620964979179
1.0338007454277047
0.9684243008677296
0.9772887794409633
1.0490030989538033
1.0080673712817358
1.0458683265935433
1.0001935486038749
0.9828001001009143
1.1646337138169538
1.0327373461056364
1.0171498802015675
0.9597730851015561
0.9716848401324076
0.9801015555328417
0.9990188063709816
1.079319130690417
1.0505555782881015
0.9504906505735584
0.9454415589326152
1.0540888463011582
1.0508268331848718
1.0377426456533385
0.9912455612011053
1.038069911572275
0.9506178270213408
1.1062225689762997
0.9924779466158714
0.9738108922490668
0.9920086954383818
0.9743513141165813
1.0324608302560458
1.0104446606504234
1.0469506916844202
0.9798164375581958
1.0387567061858727
1.0046129669327168
1.1199122020948034
0.9817824360216256
1.0139090266448574
1.0700637472183376
1.00684223925931
1.0288148736444898
1.1091125175595558
1.001137225958391
0.9850839991266765
0.9400487762883083
0.9895780298982968
0.9953625240638021
1.0380662952952664
1.0811483735783776
0.97255334246634
1.1164261874797727
1.0434061644867065
1.0436896406026674
1.0456364271039291
0.959963599773394
0.9726832628894503
1.0537311857733729
1.0763889734433554
1.059050024474348
1.109875327421285
1.0330450317353188
0.9900958910405433
1.0742448465107954
1.0816732875359112
1.112374765123455
1.0212526429530853
1.0418817040021722
1.0035785262030936
0.9860388984004498
1.0134886415637074
1.00898825685952
1.0260805958404244
1.1680386942392125
0.9422976765355464
1.0528413037770754
0.9681947256236288
1.0819178372869085
1.1020798229335178
1.0196913897547426
1.0995931841804674
1.178856387770406
1.0903021305783425
0.9687454843280395
1.0358860121297728
1.0400112561595585
0.9757391672104181
1.1228494467472738
1.0475489313400517
1.1163756177571178
1.0361604619624665
1.250144354703687
0.9643213235226289
1.0974539282366427
1.2381131787061705
0.9686414209832722
1.067815513534253
1.1958910381398904
1.2314380338049609
0.997713977914595
1.041090776689837
1.0989009276146895
1.175522954164186
1.1478984063007573
1.038028565716709
1.0096210105343906
1.040758655059078
1.1420615866576158
0.9801961194013242
0.9985934831905598
1.0092541898074128
0.988864921878817
1.0573691778848129
1.1663219330971855
1.1998497072306773
1.1023112022647672
1.0641989452613019
1.002763874146602
0.9773293298059207
1.0651654958089136
1.0625328850797853
1.115818643134126
0.9723288742678541
0.9824223113291002
1.1238811558492339
0.9858795570203763
1.0935881751913616
1.0178979833530715
0.9731697024729088
1.1140299838023355
1.0469121853445353
1.0605048060520157
1.0030702780560137
1.1263997810542306
1.0367402282983087
0.968747720764299
0.9951031613714046
1.0175278839718498
1.0245587549339163
1.0707947721667932
1.073374804661918
1.1271915745875767
1.109301697547438
1.0993825049187955
1.029294911462335
1.0021128418502245
1.096965774493719
0.988957586519352
0.9770488135493064
0.9977583856705319
0.9553895107680758
1.0560375704953315
1.0766873233040535
0.9800426601732678
0.9968553181170384
1.0309527985258475
1.0499664901402948
1.1336561699949508
1.005929624696558
1.0177695420845136
1.1351470053928416
1.0119716926743818
1.1634336444542737
1.0027526572141914
1.030734060694057
1.1263719638862544
1.086257438290043
1.070705212717799
1.0767224606641246
0.9902946966432842
1.0300263491909343
1.0329121282447176
1.1014610270682967
0.9368180778715357
1.0033684902163085
1.063904210313628
1.0376941869527585
1.109167043714434
1.047732283101594
1.0208223926410953
1.0303221202949706
0.9513811361894485
1.0187099495174745
1.0757187831318122
0.9839253219770654
1.0123665252168748
1.11354422228573
1.2741372663148745
0.9704914080362467
1.094155565203334
1.1033109579319125
1.0648025793450993
1.077303335984213
0.9830946455836223
0.9987142226287683
1.062675190373047
0.9630324400829616
1.0473208131224372
1.0492047967231022
1.0543954982194081
1.0212859403706107
1.058411497513321
1.1254090875465061
1.1519017211033842
0.8244885001792133
1.1450328063204385
1.0026303449162897
0.8975543731333098
0.9556028214181556
0.9546491151983515
1.0385887310791184
1.0977225875738965
0.9737801144939467
1.0709227297200758
1.1459904225083064
0.9140549057919153
0.9556028214181556
1.0303119219460446
1.1365414824615165
0.9349409787278846
0.9333705802511093
1.2985354538244256
1.0123599144088893
0.9620209213270045
1.0473615523494808
1.028236588158978
1.0686583057912185
1.0638857008074603
1.0691128751266843
1.0571311935988454
1.0432774203281463
1.2225443438757544
1.0437729802211968
0.9538172810435016
1.0679729253359436
1.1190124233032803
1.2413776890127743
1.043225212370168
1.0619271528029546
1.0957763126764273
1.0235291932217485
1.1062697791694347
1.0282044715563992
1.0123599144088893
0.9225182985579413
1.077230571644264
1.0330576690476114
1.1401401542174068
0.9728739262077788
0.9596224748211891
1.3091762516065943
1.035182264640903
1.0972399763412537
1.0282044715563992
1.0360812280954983
0.974462971381986
1.1027295766365475
1.043225212370168
0.8851438419034356
1.0172765000831463
1.1095694901758262
0.958963616799104
1.137801040088524
1.058411497513321
1.1115099110214202
1.0934253128476747
1.1270780406400427
1.0594336933642932
1.2382488570919428
1.0781820303893945
1.134006760527012
1.1064496917568731
0.9728739262077788
1.0852595834469112
1.0236761257093117
0.9934709494328151
0.9693476676210503
1.1609317510919854
1.0437729802211968
1.0543954982194081
1.010432887215348
1.3537386773915747
0.9538172810435016
1.0862717029067872
1.0638130273390607
1.1931010168682514
1.0950798182833177
0.99492211447539
1.1241888090286303
1.101109975327947
1.0862717029067872
1.250243575338807
1.105014027586997
1.0556154574439296
0.9402616091531384
1.0565335565310887
0.9905703898048305
1.0934253128476747
1.0432774203281463
1.227925169444492
0.9971242102001439
0.9138677744707283
0.9936809443723656
1.0628950628749914
1.1744205344120844
1.453911216948259
0.993509586733872
1.0462308113923255
1.0311703452968843
1.0514647558599683
1.1979956349638672
0.9127295072855577
1.0691809444444031
1.0227103970044096
0.9538172810435016
0.9713127262544742
1.0882475186391525
1.056799872411176
1.13107659879399
1.1880935178734677
0.9682677093042694
1.2749186345641845
0.948109665650323
0.953665152712015
1.1283116647123912
1.0172627752257046
1.3597751059651837
0.9127295072855577
1.0191964282150994
1.000580439757096
1.1108438983546325
0.9576152378028532
1.2058682532459517
1.0172765000831463
1.0738086704065213
1.1639104211119902
1.0543954982194081
1.1369154583650976
1.1140945462190237
1.1571751181331218
1.0176765912658594
1.1616462256313975
0.9343861810024572
1.2233928222776838
0.9994292867865887
1.216280406472297
1.0623415118593322
1.0473615523494808
0.8975543731333098
