Model: COF
Dataset 19: vertebral.mat
Time taken: 0.10631251335144043 seg.
Accuracy: 0.1
@scores
1.1863241527595065
1.0059507691871108
0.994752691724924
1.1186558694283657
1.0680189476959216
1.0894128957604494
0.9065506674189066
1.0903659389213531
1.0458060822381732
1.4399701117674228
0.9739618596851776
1.3367330958809214
0.9618528880124843
0.9258880726084986
1.095005523873401
1.0088701860543194
0.9433929789531252
1.0312374408561056
0.9604218528823402
0.9699155804055577
1.0710172530059827
1.028296704516239
1.1198387100814804
1.004822773979801
1.1309030098641273
1.0160589998351808
1.3683987999797
1.2130084431503159
1.1558655691420554
0.9980683106369547
1.1515174588832637
1.1551642214393343
1.0956124280555821
0.9667983231216466
1.1084624697587078
1.1572041205413075
0.9935776488550995
1.271391643899511
1.073521158724231
0.8573325918937754
1.145107597487684
1.063827430745961
0.863600858380234
0.9966520707397007
1.065351205528067
1.0761050091263973
0.9683046753865499
0.9937551896841508
0.9726034366388262
1.0829367512637977
0.8671032697130386
1.4888420681167327
1.1102518391259395
1.164153104436132
0.9884432937749219
1.2100859625194957
1.00326878275488
0.9727272104229254
0.9912176149395139
0.9091550271824382
1.2727084747402524
1.0804862177797436
1.220512016650471
0.8704584185535418
1.305887584990245
1.2455622400457038
0.8734775348517279
1.2342133352716564
0.9606120908357314
1.0218278944012256
0.9448620529471052
1.265366194945652
1.0763826861336132
0.9860392943239804
1.224079222898175
1.2908712922158811
1.147328651424507
0.9495311030223988
0.9949158299672801
1.1322758570923057
0.9872752159452066
1.0881491736382138
1.2177310603783396
1.1210447634041822
1.303730294422103
1.5251506534320471
1.0239640776514016
1.105478076707522
1.163296937481035
0.9965627728841953
0.965841053749148
0.9123734677254067
0.9955739684296485
1.2703127337099507
1.165718411053219
1.2951886782016617
1.1171257414627123
1.0887057627006609
1.0354822322963921
1.0007743008100511
1.086432566380605
0.9058288631512545
1.041521046979993
1.0537177887483966
1.2204864704053788
0.9875201016739895
0.95059602448364
1.1129479959616995
1.013059877911319
0.952325211190805
0.968731621186287
0.9117912469421005
1.1583739222447764
0.9958612943110752
1.1397223103144059
2.615819899970207
1.0375026564526044
1.1266128632503358
1.4531576335845995
0.9832887807210412
1.0160159112100582
0.9574673392724408
1.2904799570801828
0.9842759648874363
1.1259105798840936
1.128630776458112
1.005737457720607
1.0173475520893185
1.0832648748651907
1.109902083541414
1.082386221173268
1.0180651420620248
1.194351458578791
0.9980414494987011
1.4175311498898007
1.0259964686679208
0.8877104352982665
0.9182535104078483
1.0265542362052182
1.3475999001844134
1.0163752510421438
1.1122085334875922
1.2204414565084576
1.1701220706012374
0.98106872099985
1.0953994187897862
0.889958361853503
1.1149874606768158
1.0173899610130177
1.2958004863692427
1.1636364169094782
1.1317442603926415
0.96989216010461
0.98309416226974
1.1268702808876192
1.012965448618959
0.906463973170079
1.1875724610189107
0.9794321896783406
0.9968205829642814
0.8678600533712583
0.9993822733759261
1.56262919612539
1.5793669322429456
1.0870978452567095
0.9324701370548742
0.9682121868455972
1.3878666182196577
1.2328797308837085
1.111027532803263
1.0439286144462046
1.2950604770033065
1.1428902312665525
1.3181038177482733
1.192798155687429
1.0127873802129126
0.9706952465369457
1.1611679125117678
1.0863514747297456
1.3475761621603521
1.4957393145980855
0.9902160264575095
0.9593972048045013
1.1228868002872678
1.345464794311039
1.1266677227432178
1.2595510542435577
1.030284724552901
0.8966190402781983
0.8671801732341216
1.1647425587683147
1.2889465802871725
1.1864371059395618
1.0879962261213802
0.9168276899395493
1.1624534584730595
1.0094484488707944
1.3637583378516074
0.9097699008293345
0.886395236846441
1.0912906531824837
1.1309732781435842
1.1790118306818183
1.0829108326476329
1.0419800898829499
1.111153709149048
1.2122521584860528
0.977572575513824
1.0356114041447633
1.1133529836308729
1.0190378917006637
1.034202821160999
0.9586454943256046
1.228184303847492
1.3455765912266426
1.1803036030015317
0.9151806655821603
1.1327811980689986
0.9835667841466432
1.0585394193697406
1.0567574582096748
1.3208878995798996
0.940878980415278
1.1256302399370428
0.8944846187689595
1.1049681412324257
1.0445932397559865
1.0311608379480184
1.1322086182428526
0.9820976686924867
1.2006162396276363
0.9340095427279944
1.2336054208980483
1.0461718913335833
1.164262818477383
0.9634058778967849
0.930151834818693
1.3959562791026328
1.1222299656384613
1.0751762583342894
