Model: Feature_Bagging
Dataset 11: musk.mat
Time taken: 10.199959516525269 seg.
Accuracy: 0.030927835051546393
@scores
1.0068021753749277
0.9973817193638199
0.9906783150124225
0.9973208118366484
0.997338506785737
0.9905682187318454
0.9853951651243908
0.9836811363275159
0.9831710544600203
0.9853253606771991
0.9831664019448073
0.9974251116501337
0.9974242449140153
0.9974319596389322
1.0001624900446358
0.9967890274651756
0.9967899796059706
1.000201048854271
1.0002944972964145
0.9988071964361707
0.9961463845824674
0.9927462879838089
0.9923985815324989
0.99616015631437
0.9961886958632162
0.9854490420306862
0.9911470306349861
0.9853440103549284
0.9906842295133542
0.9854017120522702
0.9988272930083152
1.037178006985746
1.0869085076054417
1.0371274654832434
1.0474386181685102
1.0213132671195615
1.047434149945534
1.0504274900247361
1.0504254756355604
1.0351135604804593
1.0353005803038928
1.0349625752186546
1.0352476431900024
1.0342517316410695
1.0353513159823264
1.035116174267306
1.034305667475509
1.0343585795212356
1.0351099451402
1.018181835155422
1.0182447719217596
0.9998941190858017
1.0348989222133562
0.999950899868541
0.9996014430746613
1.010837546717814
1.0016945119327707
1.010929368443318
1.001689507847115
1.0101103310355901
0.9879450764908988
1.0100876123266853
0.9879530983673461
1.0347156910408841
1.0175681776561143
1.045006454696384
1.045020430668806
1.0450080554294736
1.0449673781051114
1.001664971034068
1.001733791378781
1.0017595254126128
0.996687118100632
0.9963241360453571
0.998825837180029
1.0383537436288846
1.0373151725649847
1.0410704491493177
1.040574058057901
1.0371909100945975
1.0016068345380844
1.0119439456338468
1.0016022714194823
1.011893978622163
1.0118978490268766
1.0251420456238132
1.0018126330156236
1.001831919035117
0.9815205018426673
0.9817452985143227
0.9820053475081529
0.9884619811062384
1.155798330465231
1.155927468305546
1.1419076538678508
0.9962053376047322
0.9961767061375015
1.0027131005834695
1.000490247833921
1.0881926204554966
1.0058759636766177
0.9891806855728704
1.0019779779083247
0.9972504117416182
1.015978719216962
0.9999042037977318
0.9917196663111503
1.005922778374305
1.0032316440906208
0.9981514083325911
0.9872212474636844
1.0297016355190571
1.0111085509592503
1.0055384324412586
0.9817932717914151
1.0139387377100284
1.0048632190341957
1.0053041586988263
1.0600856599955615
1.0158962642153553
1.0223261062018185
1.0026614336299873
1.0038863125519288
1.0133353008163044
1.029051891402474
1.0154086168272694
0.9951009085070972
1.0017793961143322
1.017288977833046
0.9982685420279754
1.0179293142469754
0.996529229263605
0.9984732902380422
1.0908208531154875
1.0066359485207266
1.0534624359469813
1.025473371418193
1.0807457259557338
1.0362512955327998
1.0168606706859868
1.0052412745542507
1.0341679002950765
0.9973748543991547
1.024813671574095
1.0147594318010926
1.0026828137311594
1.0132005905743857
1.0189479067008325
1.0695006260793805
1.0278011528126083
1.0605028498300344
1.0306230918583292
1.0144358494104497
1.0215319570355978
1.0134254102706448
1.034212058294797
1.0161196334862443
1.0079011319276832
1.0198438764622955
1.0183068915108986
1.0276026598322516
1.008767700162819
1.032031262630885
1.0302392064332282
1.0096378839914524
1.0431889414317121
0.9985178801115879
0.9879721426382453
1.0077511661428031
1.0067181598629023
1.0050541270031914
1.0227280051910528
1.0155485612152615
1.0027620754511348
1.014559736847744
1.0171821571104374
0.9993964468402649
1.006871326700683
1.0217155819376655
0.9956477785393434
1.0225570343474417
1.0824690037673899
1.124988773832834
1.0140937575191409
1.0695632204884078
1.0619542178123293
1.0026707383362656
1.0206767675065238
1.0431922244113778
1.0213916313518765
1.0077683168239182
1.0166077345397653
1.0481536186245928
1.0399312314227553
1.0815508231058466
1.1042126483793964
1.0980761948004452
1.0389826576161703
1.1229226955701876
1.1193560140330023
1.0364844330520542
1.04010498428968
1.1553016501356366
1.0758406235832685
1.1045121612325346
1.0563929230402227
1.0435718364671338
1.0417812749008708
1.0061526144559234
0.9977614138264996
1.0428288922752023
1.0365410478905903
1.1368038771997946
1.1230294397356988
1.1516169998750585
1.0322345862836533
1.0439802623469525
1.1146832150782977
1.045712671878509
1.091129154113281
0.9940546197430719
1.1023308367166853
1.0336967418322591
1.090788923869421
1.0363009610437857
1.1035357038888418
1.0456548601333284
1.038168884235266
1.0064353833036654
1.0492347783933966
1.0367487221963552
0.9976206789854898
1.0024255606438193
1.0007929370911162
0.9930253218483666
1.005323652435432
0.9896671497965347
0.9990253797612649
0.9932677564116222
0.994891734151062
1.0126230875426239
1.0005494094709737
0.9925446964861937
1.0096403823988993
1.0097542020224106
0.9928623288518234
1.024007299966016
1.014378978427671
1.0154893599549866
1.003519566384515
1.0035936519161752
0.9954577135931213
1.0282606108381338
1.0144943902276347
1.0099275279588351
1.012459300872532
1.0132172925343728
0.992335397260991
1.0045065143162504
1.017253922208212
1.0093817090079003
1.001085918740284
1.0217406001354727
0.9997257882906772
1.029848750234042
1.0298422344611637
1.0096330682884243
1.007422889743401
1.0134735595534976
1.0022858664196521
1.0132393562868274
1.01060466899137
1.0053247191058547
1.0113915300763634
1.0158746227022413
1.0156821590972664
0.9881753291401386
1.0030091567811412
1.0398832014277708
1.0269091757823219
1.012568809478489
0.9984546386967003
1.0250112088174061
1.0006220615663575
1.0184315340297638
1.0303601954834363
1.049691834821894
1.0839062738666194
1.0196911307487793
1.0245635721923443
1.0126319424517802
0.9963803085965621
1.0018950203288435
1.011576645296048
0.999215548413907
1.0388424238340952
1.020648134931169
1.080850661722429
1.0298100654912052
1.0066681379586586
1.0540787369260411
1.0493975635038622
1.1227609315291163
1.0443804285136844
1.0618912425541986
1.011146205657976
1.0621453945573553
1.0143114277972614
1.0233143108803475
1.0272402243386007
1.0448262870701068
1.0175683684551537
1.0272712598517302
1.0159255456677931
1.0199661868660932
1.0373852070474663
0.9962093570452918
0.9935782216480401
1.1159151611028766
1.0553972441948538
1.1322953452193683
1.0294804613427437
1.0368825619723077
1.0682141895590322
1.0930721546862399
1.0745721960712955
1.0815229400834716
1.0797170154804756
1.0108842426202123
1.0706830343707368
1.0692869490225718
1.0934533479360826
1.065328053803653
1.0507747372567922
1.1633534367712532
1.051639876291563
1.0571363287648614
1.09917326434286
1.0918715538170058
0.9972470924816805
1.0783652549979474
1.0497867782254846
1.0850495275688126
1.049665163484669
1.0997405598840935
1.0595043106062276
1.091334531680184
1.0604865177830887
1.0859053932831055
1.0651705481475449
0.9970729079446563
1.077679625629857
1.0675015693823942
1.0889106949461216
1.0652427235646074
1.1642924684194103
1.101977559543395
1.0868327457065499
1.048826680352514
1.071306431617188
1.0559187378773565
0.9955932714282184
1.0513321682368637
1.0605096814844752
1.0579044414330256
1.065149663106154
1.087682550633421
1.0279314321792916
1.0850650994825446
1.0566654560160595
1.0704829635702802
1.0474542452548568
1.0029901665557246
1.0354192274251488
1.0392177267109044
1.056023942072955
1.0279341380199627
1.0412409955209998
1.0560646379876013
1.1620494921737505
1.046426214667631
1.046239295553404
1.076168587586984
0.9965693274979938
1.0539761928173266
1.039290712750641
1.0144459323581887
1.0693718609950649
1.0751469113346377
1.060802276524643
1.0498254137746843
1.0269720570752399
1.0594004729115227
1.0489508810756565
0.9961035088564467
1.1312150303411939
1.1505778237166555
1.0201812926998965
1.1077916877732454
1.0467644639192897
1.022265525924026
1.0467968967025851
1.0231113348452125
1.0616067249759487
1.0355842889043152
1.0174915396474773
1.1019237377743036
1.1063261771208983
1.1209369424929467
1.152722551300675
1.0039469835271757
1.0308080545417266
1.1190527719174952
1.0076400562294971
1.079517786521642
1.058415829603081
0.9975167107467484
1.064736549295599
1.0229637202049402
1.0317777539354918
1.0176099683428277
1.0214125090073207
1.0830453162580438
1.0165590484204903
1.034759594227914
1.0988847245661058
1.0264847982268832
1.0033486448093476
1.002025676065788
1.0197194773932963
1.0379610370959056
1.019620545367735
1.0045149097222454
1.123045466349017
1.0043514527932618
1.0252566574373272
1.0188708026774225
1.0457316594118848
1.024610687437542
0.9998520539454662
0.9887943755344099
1.045180043060846
0.9960982060948866
1.0017316856940268
0.9977258722170648
0.9900976391851618
1.013008285335433
0.9957291146367314
1.0357605278337743
1.0638549558739157
1.0294783609699352
1.062839372854563
1.047500700442178
1.1390775431653708
1.0511929475438613
1.0582836677318181
1.051589886141118
0.9848401864140574
1.0405033551854384
0.9927833917403142
1.0123992823713197
1.0038235614662643
0.9997042607720701
1.0342976436163671
1.0595366235969752
1.047439488871957
0.9914278485962411
1.0029129291886896
1.0242785518495812
1.0411793087963974
1.0036599162893107
1.017056693781648
0.9969538229444905
1.0495388113989845
1.001922797604188
1.0005875429569033
1.0086210539909068
1.0041388003408678
1.0279360601123932
1.0451023033394338
1.1072361159737962
1.037271742515785
1.0019608368896968
1.0444693142331805
1.044861859050625
1.037543473025832
1.048981600890023
1.0605610852949598
1.084806068669245
1.0131846578692556
1.0480440377400817
1.0085863322012627
1.004374397832887
1.000675632485137
0.9942193579843632
1.1067711943310587
1.0331269944378711
1.043989364946542
1.0170004129402892
1.0419703600043766
1.031481854251112
0.9954517461777252
0.9945277451101375
1.0014640655237717
1.0117534614456247
1.0051679844459709
1.011293935992096
1.0063693069050625
1.0094564066493115
0.9922635937329873
0.9964723869377581
1.016864843543924
1.0043203898100956
1.0024311969258668
0.9973460856251322
1.0000007578038108
0.9962156618128519
0.991052688915137
0.9931270004411987
1.005289543210951
1.0082165350747534
1.0167922242477272
1.0040097536662245
0.9960690746168213
0.9994842490099526
1.0032275716922527
0.9955451222761443
1.001825407370283
0.9921258781435064
1.0038709733037152
1.0069744011474904
0.9992772929809606
1.0099440821843564
1.007688145992953
1.0002285437665477
1.0162718206454295
1.000499260581089
1.0214902630141267
1.028296852040897
0.9946375897379239
1.0019587742814493
0.9871793151643524
1.0084617432738645
0.9984519351954557
1.0340355020902083
1.0046851535660835
0.9994739031554308
0.9903822461049991
0.995493437001936
1.0038223608313541
0.9844300695492529
0.9797437497733593
0.997717984563063
0.9944684821459775
0.9957070109185058
1.0044092976485057
1.0031640541262437
0.999993290414357
0.9898052102384687
0.9953567891863127
1.0058597331986046
1.002169449393288
1.003791143361362
0.9872281734188914
0.9932910789644991
0.9993088451023878
1.000546459148882
0.9989931653681404
0.9955883749294305
0.9948077013526561
0.9983760439532648
0.9882432296569785
1.01020992743977
0.9963680334021763
1.000901835381273
0.9988252203231889
0.9889456851013595
1.0061631819204802
0.995273406450994
0.9900701808733319
0.9878534991164498
1.0003244497627208
1.0086921294168156
0.9985729144386715
0.9968046883303799
0.9867993432201227
1.0029357018166685
0.9872018042105678
0.9904339649681745
1.0033178340401085
1.011837155904067
0.994084197471231
0.9846552880714302
0.9943675277790852
1.0001489155314292
1.121762652133229
1.1296203826279192
0.9985075258913442
0.9947168178153012
1.000022934571272
1.0042639310878958
0.9891294915537552
1.0092017479239748
1.0703040348655217
0.9868263185627756
0.9999074036938305
1.1056702569738284
1.1202789069852568
1.0644870600773886
1.1054832509715171
1.0963781845332423
0.9930564934550674
0.9990009856028994
0.9905293840752026
1.043788370912156
1.0062379010818971
1.000258465894752
1.0003596894831022
1.0060183573554466
1.0064185533028454
1.0021806455441193
1.0226636175413928
1.1026253645315003
1.0079346707186116
0.9840625126680893
1.01214463760096
1.0354955125040572
0.9980576581297227
0.9940688780543638
1.0565846196003148
0.9952091816063984
0.9784731798357841
0.994173461405461
1.003701807677251
1.0043573696027641
1.0000202082362046
1.021543736262983
1.0315806105894978
0.9898804912843266
1.016470061190171
1.0317876112405415
0.9988712751339701
1.0565762619612744
1.0269057274343232
1.1155864581132944
1.033260528921406
1.0138403743050566
0.9861690955528774
1.074025407936092
1.058921953381828
1.0171288724993488
1.0601314856118635
1.0158861732334241
1.0491177788736528
1.055612619724442
1.0029902917831612
1.0072210070634335
1.0047732375484428
1.0246888706728894
1.0348704196451501
1.005735295051702
1.0317690241355897
1.0218630899640648
1.0467020876642876
0.9957931588390283
1.029872704166711
1.0097927939452975
1.0059534888810386
1.0254864479905752
1.0139939494595542
1.0026869863815362
0.999074068988364
1.0042603565227048
1.0171063973459649
1.01049387843298
1.0247149659294141
1.0409303586188874
1.0368593274657802
1.0075337646736346
1.027089165297821
1.0012371930652413
1.0063114471340613
1.0030602087301046
1.0302790958300767
0.9936747996505894
1.0773911699373044
1.0316291606402588
1.0141931357834122
0.9985309632503462
1.03805300155427
1.1495186823817876
1.120705353603409
1.040854913097205
1.0304591264130831
1.040829149311858
1.0145708330780185
1.0387597759681342
1.0605509162101703
1.0776905038957802
1.0230528738428617
1.0251004650481943
1.03811337920174
1.0650302522538597
1.206459294228989
1.023365769731461
1.1076939513842023
1.0919842649771723
1.086640379505384
1.0741022998010918
1.1707092028991861
1.137971120185751
1.0306319345648585
1.073692249303773
1.072666022746877
1.2536058231414293
1.0576426071902858
1.2035426607077213
1.1149407044969464
1.0942502869719772
1.008353964159252
1.1464858324565088
1.0770790255913465
0.999550905884429
1.0038922538719652
1.1313650075695305
1.0617513404743455
1.0754482792991993
1.0729692696701463
1.0918877644956608
1.1416824251587752
1.1354069972257728
1.0915358160452058
1.0625500433133896
1.1358529296185158
0.9955315759376522
1.0983571525409401
1.0052168043258827
1.0200574721460813
1.0237813427947458
0.9881467417775103
0.9985793216262948
0.9904086207318578
0.9991718823455857
0.9904392150791133
0.9814302163728188
1.0101796439401747
1.0141749856628446
0.99469434448004
1.0304300311687329
1.0143279342735494
0.9925054052562772
1.0053476488275463
1.01683477795485
0.9851172040640129
1.0225342014018683
1.0185110727852975
1.010877636432412
1.0013625856260888
0.9918814819710124
1.010853161555084
1.0096874400567748
1.0412812768346131
1.0077318064520293
1.0222112835668826
1.0086821172610974
1.0181316052492486
1.007381982317955
0.9974490733034079
1.0226535799190892
1.0287628021396806
1.0258819480387618
0.998913419916334
1.0320410690861723
1.0060866471642627
1.0346002658026838
1.0309451528587654
1.0299742808646475
1.0351908927250442
1.0184041680373714
1.026355492655672
1.0089777290537696
0.9935795680213338
1.0297332982446465
1.0218190333334403
1.003131099947111
1.0032075342150848
0.9886527880939067
1.0423944428948728
1.0031600130800622
1.0135295822468797
1.0127478674666752
0.998908175370236
1.0269987631769646
1.028006303817866
1.1640199255775274
1.1492099723509552
1.0094106536843226
1.0275541075198233
0.9980688000147193
1.000374858936009
0.9972670716213493
1.0758139185851694
0.9970707565554925
1.0565097083470616
0.9958991520184226
1.115894033492484
1.0904520869137626
1.050133837797504
1.1154905715452155
1.1455858714642213
1.1005043882672045
1.0980651836098525
1.0447281719218264
1.0041508566943411
1.0121934571982907
1.0845499391737283
1.030881600728049
1.029819819114468
1.0228757909794037
1.1071279098826792
1.0378465298508581
1.0848062037394333
0.996849975650141
1.1077115175535595
0.991018292638542
0.9932468768707569
0.9825570400022661
1.1132285403243851
1.0889329203889795
1.0646235408462215
1.1717068257185075
1.092433330751759
1.1066214149816798
1.0897597724835992
1.0936534954460952
1.0731461329319347
0.995941895010264
1.0841081073922616
1.0816400388862362
1.1079423432910542
1.1693238684072342
1.0522388315555284
1.0849950940977955
1.069773215815161
1.1012879704689391
1.1022201269269671
1.1295764633051228
1.0155836933147935
1.0948538976652094
1.067745823878072
1.0945870727125533
1.0557370375204091
1.0909096979862742
1.1246499705628916
1.08787794818355
1.192243622423243
1.1041157577212033
1.083560010956812
0.9962275432957866
1.1394043993081726
1.1559801738589721
1.091765932261511
1.0685106318962634
1.0793409471715967
1.1292867550379873
1.0763865428940038
1.1301421263725273
1.1167210300083
1.0570284862726296
0.9951679470776116
1.057322664611945
1.0749529085604785
1.0352278266262984
1.0558398629844266
1.0691109867037416
1.1130082578103313
1.1141242631284731
1.0328658367889316
1.0905867521951689
1.1272955835213105
0.987732347452867
1.0407388596282523
1.0647610061623385
1.1090024928678441
1.0410510504386639
1.0354532875605185
1.039664240643463
0.9827994620189241
1.110241194496886
1.0749222683025343
1.0666461813845383
1.0177904073582085
1.1510394169593927
1.0497957674215095
1.1221760515079215
1.1196573448809526
1.0385106052067479
1.1558215703895476
1.002292028399784
0.9979002753940884
1.0888077335736281
1.0455739443477339
1.0188401504666516
1.000104698493038
1.070322426588633
1.0929563128226327
1.0292070003485438
1.133263674535935
1.1494339909630615
1.1356974840407346
0.9902659259423462
1.093339474223569
1.1247603401723563
0.9942206485650218
1.0231000980031981
1.1021299784030383
0.9913502270284255
1.1348248453326228
1.1900931517508022
1.0212683557535713
1.1329006948957767
1.0288168998862348
0.9930505820096869
1.0061067439283207
1.011508602764993
1.0639515277350502
0.9968677977636741
1.0215525462294566
1.1599053434754236
1.0095596526127881
1.0269696600515341
0.9927190598247428
1.028940374705475
1.0041176520821837
1.0238911552988768
0.9922783162695946
1.0039202166647365
0.9971326889680452
0.9927228844735929
1.1410092843303055
1.0189624830225419
1.0207003687416885
1.0236236921179351
0.9984817867792767
1.0264082633167368
0.9934173932457343
0.9982739589171883
1.0078608519624166
0.9886121911319463
0.98183863560835
0.9926261460698477
1.0441693433552468
1.0575427698440851
1.0533973626259348
1.0840481827280513
1.0670208970510646
1.0104796138979322
0.9971971682281447
0.9976136827208288
1.0090646149439702
1.0300611568287492
0.9961795021731179
0.9990632206104616
0.9926074591590333
0.996156244863245
1.0586534260584692
0.9849507858471686
1.0787787978726626
1.0053506788581026
1.0136405030424556
0.9922941969474832
0.9966225141005169
0.9939660917850421
1.0645902628409467
1.076030533858724
1.0155262048909104
0.9958462553301908
1.0422335002204133
1.002012138943313
0.9930221159050753
1.0292875516019098
1.11846652334436
0.9921380642083368
1.048899797843076
1.1130041068558136
1.1259264720775577
1.0717495980681429
1.0447792290520428
1.0455283813696192
1.0700602587033448
1.0452357398643435
0.9896246134009068
1.0462064686558263
1.036600441650921
1.0766470928200875
0.9915611630815876
1.0663135535130521
0.9956265841979425
1.0495364322581615
0.9930946410528156
1.0819473582982249
1.0068845079674724
0.9930994369880686
0.9895437323108084
1.0179562190729043
0.9938210622829405
0.9908843331568207
0.9909058436772888
0.9929490229704617
1.0002141083771863
0.9958891183025645
0.9992457884196364
1.0019018470941214
1.0120149151404367
0.987990576672461
0.9933910901659617
0.9899435627622865
1.0124708797378204
1.003155729672565
0.9972962147766575
0.9987803217380382
0.9889159257737112
0.9988576211491054
0.9956092041168608
0.9929974637295897
1.002138978072783
1.0002544441030063
0.9927496554062291
1.0225725706226267
1.007667688675809
1.0016889836665759
0.9951454778024971
0.9916681157330995
1.0120773251081858
0.9930274373138916
1.0258848001087049
0.9866454984007429
1.0005146824985325
0.9996913983724024
0.9873774785431202
0.9764892710972173
0.9979854932020953
1.0006975358659447
0.9806268259924973
0.9931423453302297
0.9947006353570114
0.9909958635958998
0.9846881460081359
0.9890709273536965
1.0039303804299293
0.9902293555441712
0.9977373009880459
1.0008927397611624
0.9787015505432286
0.9899695798121517
1.0007037301035733
0.9946369597783231
0.9892608560320794
1.009987038007654
0.9885893260903262
0.9921274749606829
0.9844308609947321
0.9897957808333324
1.0020852659660011
0.9950530959769732
0.9881578304794811
0.9926820542501119
1.0080437692033253
0.9895731767551282
1.005123095797541
0.9947664800509497
0.9925263537686927
0.9870286031919436
0.9821572190565687
0.9883935674917328
1.015623312009343
0.9984484200285134
0.9841390816295055
0.9990564685754784
0.9896335657334218
0.991677654397775
0.9790600859381628
1.0109646717636946
0.9942421550697423
1.0011385658137923
0.9945364274168824
0.9868837552504331
1.1622736567279768
1.0775398999019747
0.9930023142201794
0.986082774942979
0.9922020535971015
1.00327559526577
0.9900361802615241
1.0796434902477912
1.0010423944006495
0.9985805368044476
0.9877141345034944
1.0862898526017297
1.1192017862670574
1.1202601242977748
1.0661160504969525
1.0700166679659733
1.0943601564316283
1.0730897686888496
1.0620968543356795
1.1240667796693269
1.018184501828938
1.0264466059442519
1.0201221951673736
1.017448039113157
1.0577915200303978
1.0316630358810526
1.0183714797137324
1.0016598137757033
1.0189946361745204
1.005044499575956
1.0145651384185628
1.0098887592210757
1.0306955660865245
1.0067603875542999
0.9841593144777221
1.0050520227334714
1.0296018938761837
1.0040842143045388
0.9856129909439597
1.0166145048409168
1.0180782172323308
0.9891520411283328
1.035570854574619
1.0305168516533485
1.0188141646902058
1.018412772315995
1.0127657481079206
1.0320461201072624
1.0230039644705702
1.022268840535111
1.009935678713091
1.0113251053615113
1.0181841790606194
1.0132228619038255
0.9944077186455311
1.0050417405945686
1.0282359443853522
1.0001207952539553
1.032511344981856
1.027072033509204
1.0233849675448563
1.041012013200626
1.0192570226892588
1.0132567064287787
1.0170850707957144
1.0221948692158762
1.0236910452961172
1.0209362585822446
1.0307087368968566
1.01273944906132
1.0196160677108461
1.0339155322931513
0.9925218650241838
0.9952002297773183
0.994875412567468
1.0192921051319055
1.011927710269657
1.0018510240855147
1.0212673882450187
1.0134640177025922
1.038275581974663
1.025991414697009
1.0224679521515059
1.085816711114498
1.0128407449203198
0.9918666603917977
1.0235993043519165
1.0214264438101333
0.9947785318136132
1.1133085408690795
1.0132821876249158
1.0280438337795696
1.028082975024812
1.0160274540535725
1.0151720980758174
1.0250594891538802
1.0442215966488395
1.0506658287762989
1.0137482665880972
1.034959458449889
1.0532522422650294
1.0438590092971818
1.0365774050573233
1.0258061117154147
1.0197831295983537
0.9917565824884814
1.0318298201956329
0.9925497106661284
1.0239263467185398
1.0226160208909605
0.990788734082449
1.0294839614829088
0.998707571253379
1.021270175074692
0.9910265819681243
0.9934114340381497
1.068373824765382
1.0580982769302572
1.0720328629223308
1.040964663501253
1.0133134952675118
1.0592035798158181
1.0365195073448663
1.0194990607127823
1.0779603146802843
1.0372987470567998
1.016713613594805
1.053034034373122
1.0514500696258058
1.034996648651904
1.021368956336783
1.0243197726509627
0.9982687587142408
1.042137669688481
1.0605234342477154
1.0249260480900175
1.03199341325254
1.0308042635343984
1.0351373365135716
1.0425441737727037
1.0241685872032114
1.023346334328745
1.0333174749039125
0.9963351206153807
0.997578661040742
1.0515070686189296
0.9989821907501186
1.0416708700372426
0.994048322652182
1.0324778762298736
1.0345150528686848
1.0297029436083258
1.0243263761963264
0.9993542622587726
0.9995231564012075
1.0353864289542507
1.0522665292215088
1.0193272262804605
1.0435456114985628
0.9992215868852133
1.1235856327453602
0.9979161633709129
1.0443264954912366
1.088004015399126
1.042019036684348
1.0092163662055382
1.0239657398207058
1.1043959691865068
1.036874768920425
1.0837677973816375
1.0715245386216863
1.0244273537760973
1.028718726005743
1.0781864463161384
1.037365911647647
1.0581145568536159
1.0000280389313287
1.1047405788778786
1.116562516895049
1.0386762635635205
1.0693917252271912
1.0409778853595515
1.027048668935336
1.1290911893583953
1.1244652725668027
1.0708723459000276
1.127064570160363
1.0066423883014974
1.0530681000041284
1.0370166765475561
1.0621288460928182
1.061303645625383
1.0324683355230826
1.1220081833727111
1.0437176946838334
1.123557532073965
1.1094160474441581
1.0610213446115457
0.9887794682297993
1.054531790538014
1.1295120822576048
1.0351833413396587
1.0542706089319616
1.0608814783154343
1.045632482838707
1.0626461198862216
1.057791227355454
1.0258054820141276
1.0634265554125961
0.9939052579986184
1.0688701425025267
1.0445385389920154
1.0627031854544116
1.0284952522911448
1.0409812633087072
1.0188740352395897
1.0510030311162408
1.084397382066778
1.0441611586151036
0.9981062962465552
1.0121808188807488
1.021791511512127
0.9962040927797708
1.0141678905217633
1.0035859772269629
0.98943302222439
0.9940371196520925
0.9897607330590686
0.9883314734083802
0.9953508123340971
0.9958729900284709
1.0066934359092192
1.0176094916810372
1.007052168286896
1.0233900536885083
1.006988601687882
1.0261824212228263
0.9977512106339643
1.0100848250089889
0.9965486387269495
1.010379028102659
1.0211701572975151
1.032596263118283
1.005089191259465
0.9885429909782678
0.9975316057159974
0.9985981872464501
1.0083329501005658
0.9892388642510757
1.0228971236470232
1.02067864465026
1.0184541228428419
1.0079224543474166
0.992981786069873
0.9990543393630518
1.0148398028742798
1.0365554566900745
1.0237068315043867
1.0047168059269551
1.0350182928151952
1.0035475415009356
0.9884776381159146
1.002077146700738
1.0181984870646055
0.9987881010434648
1.0037804775595078
1.0361621219063821
0.9813074249099343
0.9940497711100911
1.0154199843615936
1.0255793604532273
1.0348179267236661
1.0257552352755748
0.9879666098430817
1.0110953380812664
1.0238742632126243
1.0204205307271483
0.984894092176653
0.9829968003024894
1.0016847989120585
1.0099986888182237
1.0181916696716622
1.0290931728184698
0.989100413809707
1.0239443238523909
1.0338969148120958
1.013043719023949
1.0308216898562237
0.987509192054213
0.9863860954554793
1.0186334372356414
1.0183273598761278
1.0206836784976814
1.0893771398473968
1.031624055431604
1.0211636706233875
1.0245023874395804
1.0180771439240972
0.9842989051369265
0.98656326679832
0.9961981623952202
1.0184654361481351
1.0197052140342882
1.01931233001507
1.010741625106885
1.0020678637748488
0.99671122496264
0.9961176154656199
0.9826001854407886
1.0074052888749672
0.9888077273355986
0.9846334732858708
1.0193503531939183
0.9856592169709588
0.9861998109729797
1.004608827439864
0.9910383432507684
1.0004325625250083
1.0227022340520768
0.9998406450235329
1.0026443071194824
1.0173707959523917
1.0123810596696878
0.9948508552951317
0.9912519653643204
0.9990615979664345
1.0188110063738887
0.9973646443601052
0.9918845547046816
0.9952729265678034
0.9912552944393541
1.000362156394206
0.9874623067926438
0.9899158726926345
1.0011997172427887
0.9874392523284803
0.9864163060437641
0.996234910341445
0.9857090418006287
1.0030259792790166
0.9942708921973523
1.004226834757802
0.9928550906239666
0.9873366936243327
0.9947146192002485
1.0180812169937832
0.9897457502020319
1.0038695482987126
0.9897191864190924
0.9878805821455032
0.9934245788739698
0.9868956357515799
0.9883558528732326
0.997463278262342
0.9865951955128287
1.0279726019856326
0.9888304418338724
1.0068178899218372
1.0401548363336772
0.9934211022479869
0.986165847788025
1.0295113037482662
1.00520821415934
1.104827419187559
0.9991377116108933
1.0216367995202877
1.034673149837143
0.9991612905174728
1.014175793416992
0.9805704274648074
1.0054959887361927
0.980709420694898
1.0210468926002672
0.9977233038525741
1.0033727140626045
1.0213537221927682
0.9890484227535759
1.0678718634876405
1.0131782495601152
1.0167836367460148
0.9956500527076736
1.1158434434582736
1.0185772376506235
0.9794638594725031
0.98263544451924
0.9834721460954594
1.0015359660806895
1.0233366190242923
0.9790917415080533
1.023216251415652
0.9871125932680757
0.9804901703960824
0.9863558949941881
0.9891786200330952
0.9811815508568561
0.9787830524337426
0.9840810722896496
0.9792990288795922
0.9883997681811634
0.9836059523828119
1.0087507285416397
1.0058660372757833
0.9858158425168997
0.9790136802229394
1.0271585731542163
0.9878153453593749
1.0284166529219656
0.9899825571863362
1.0196992082317473
0.988481335322683
1.0091007545375552
1.0287305367907913
0.9946072489544366
0.9919778375658043
0.987039625614565
0.9879690017697715
0.9810843191181615
1.0089929585708766
1.1181176410943872
0.9888675104341379
1.024943425801549
0.9877596490564537
0.9829003317271525
1.1378942605401008
0.9782532064853859
0.9878943013947508
1.0242951752706317
1.0202625281807707
1.1113901230201528
1.0418729477101958
1.0381347436429815
1.0201795883309048
0.9879701694780418
1.026417702518681
1.0361128719855213
0.9803743966226632
1.0191167325303168
0.9817796819679849
0.9830967035642877
0.983706691544149
1.0321054896538058
0.9825154166487311
1.0687102500826449
1.0271428727908802
1.0262145236698905
1.049337894433512
1.0315498903126792
1.0283620382142589
0.9914258226874464
1.0468694369087839
1.020034605803057
0.9845986367788422
0.9882023354737737
1.030857769731849
0.991717404440954
1.0304569059566249
1.0247466632059954
1.0031196459907306
0.9938711367891397
0.9913877052824807
1.0001746874270763
1.0442439345849857
0.9977817432862551
1.0422822711987434
1.0327469168562582
0.9916733407972792
0.9997771670287452
0.9944981809139468
1.0293634901888336
1.0064256750188554
0.9855640117518197
0.9954803452947578
0.991985901226603
1.0298593711197088
0.9843562365589387
0.9953176155297039
0.9872841480313509
0.993068602063507
1.0003644783844874
1.0177644697179207
0.9915009497525553
0.9992709559640336
1.022018906800465
0.9901926749058457
0.9952713470344096
0.9849880399462474
0.9851192096223175
0.9855137135239269
0.985558823677672
0.9831689499968211
1.0090922281243853
0.983920752419811
0.989101888148509
1.0110831866149887
1.0270917986706194
1.0219294033472919
0.9862125227190482
1.0044460916582223
1.010682148159813
1.0082891364716493
0.9870131591133668
1.010330058076324
1.0248582866575184
1.004517251994562
1.0278198792476525
1.0031615018186852
1.0102473120660442
0.9820888390182511
0.9924902094775433
0.9919983624910003
0.9895050834620198
1.0053437610496734
1.0108375836289152
0.9923247227111751
1.0122526530930882
0.9833993424308183
0.9881124155017809
0.9918886954309489
0.9872080054261199
1.0251150097221342
0.9869323649256188
0.986331529438738
0.986521142624097
1.0064345721316132
0.9855001934361003
0.9933906492887381
1.0225886340171364
1.024104821974744
0.9873678527820507
0.9824994076424212
0.9859836967729041
0.9863778801940903
0.9857100146719148
0.98653641999213
0.985478795459936
1.0060974212048552
0.9864671315241837
0.982464675364999
0.9862131216366039
0.9964639920944791
0.993384562869338
1.012485234225883
0.9892492346701873
0.9843656770290552
0.9910999195585835
0.9869903468357079
1.00075759389121
0.9884204993606595
0.9871158549215536
1.002172125239792
0.9933914744425506
0.9897546155450152
0.9864487881992385
1.0060718013246215
1.0024447362768019
0.9999596854003265
1.0261878553481367
1.0286349694907786
0.9976262031543028
0.9796462744568203
1.0334545354080489
1.0005373637188133
1.0243580152225027
0.9939042438207031
0.986011839469783
1.024088109703851
1.0163402890293756
1.033605482376386
1.0458471389029418
1.0005049199914189
1.027787194656483
0.979497890911572
1.0294998913630489
1.023869594343388
0.9896651356769499
0.9990873428106788
1.0242577072418637
1.0399840989944227
1.0187396840093486
1.0317235892256726
1.0266348889495864
1.036776635330663
1.0184536641648227
1.0343959811261496
0.9903762972251464
1.0359497701138676
0.9754001998738723
0.9970862580889323
0.9966622994469123
1.0602093387470015
0.9848552528744504
0.9847997381740295
0.9770521332307898
0.999393499770524
0.97910415585383
1.0209986042637358
0.9907442953635563
1.0027735567359444
1.032028802798258
1.0353341569638825
1.0234046045668117
1.0151792090079315
1.0259623660167536
1.0167669084119557
1.0022913612468678
1.0228195389843517
1.067913367509358
0.9890770312620655
1.0312122788543596
1.0059182065727432
1.018865279590949
0.9802485035037695
0.9855457006099313
0.9956064711603532
1.0481228849278603
1.0369214567132747
0.9844962559599748
1.0036556314796214
0.9892782683405507
1.0103009310894033
0.9901234945850661
1.0152962914599768
1.003044640062293
0.994761094773691
1.013789691578184
0.9833155439298518
1.0184490796637706
1.017732846505866
1.0370977636813363
0.9953321971279306
0.9949849854562227
1.0398209258769697
1.0146959665337623
1.0288535064352198
1.0006744526241078
1.025613950809979
1.0114006925232097
1.0479076526448696
1.0307936497862953
1.041224274625432
0.9898975037654226
1.0146353565846336
1.0267904464144335
1.0366818835375848
1.0005361649766777
0.9949966461528852
1.0340275303006663
1.042760640093349
1.033091693364663
1.0027825732820999
1.0177009101480254
1.0266202603982226
0.9986885514251271
1.0401636274042088
1.0469086642646699
1.0188657762976259
1.0385189641063868
1.0451463357847144
1.0485246020723864
1.0301360565056803
0.9963565084074087
1.0288219420524594
0.9839580095435201
1.031616547507045
1.036515083415034
0.9860835878635974
1.025388406609702
1.0723294883063903
1.0292857529115282
1.017517557635064
1.0415648906273007
1.0437835889969322
1.0247092793913453
1.046373201516074
1.030987527965993
1.037131731768372
1.025441258465858
1.0680865735184226
1.076517213700933
1.0182272473690417
1.0666116502175285
1.024973447462624
1.0367073327949394
1.1196238814009472
1.0166586600092942
0.9900919008143998
1.1083139625883176
1.0860800162034359
1.113942621450629
1.0963937283705232
1.0152879540217123
1.1077859634927758
1.0660799711442515
1.034593016346087
1.0493998678698868
1.1161517162739751
1.0231091034842348
1.1335830490548024
1.0569766183652176
1.1347155462494964
1.139270368936837
1.0157063527718526
1.0761108267199684
1.0312151672868468
1.0489775584051124
1.0558992563875642
1.1148196435824393
0.9942649088984714
1.1223275154661034
1.066659535018807
1.0412679362987853
1.1441767046505842
1.05900679618798
1.0721258577357704
1.0569165518806198
1.0470160886905902
1.053068057608416
1.0508473479285563
0.9927469367521796
1.051702858491119
1.0391013241990428
1.0634056708012485
1.0860268816412209
0.9917417580497266
1.0153664782649163
1.010028177955164
1.028557860474499
1.0026210562904423
0.9878396062705133
0.9898425413564447
1.0180232564183682
1.0198219950968586
0.9944521979804506
1.0232776014636835
1.0042157817321673
1.012190471418664
1.0078081741870073
1.00519230411148
0.9765771267510234
0.9873952228654639
0.9878857991183126
1.025189402544481
0.9920258042691916
0.9863036493768405
0.9826630298717467
1.0388148374123858
1.0278436789033625
1.0145337608989258
0.9885545963313405
0.9972815448827494
0.9882537482494655
1.0128172191775622
1.0043956391193214
1.0181304728478353
0.9905609618060452
1.0124065705314178
0.9995334969278689
0.9888714437627234
0.9969143168700519
0.9859421866380643
0.9791167767738196
0.9889200610070741
0.9891192729641819
0.9969354488962818
0.9912163257478408
0.9803896781852327
0.9892732084819273
0.980407229507896
1.0032841798272385
0.9940245825188724
0.9938596138498597
0.9933394731218655
0.9821114015711491
0.9839977209836782
0.9858756930490046
0.9883703006282758
0.9937928180812554
0.9966018052476484
1.0000240477983016
0.9949464897040595
0.9988494306592747
1.0105148303706972
0.9972966574464834
0.9942228187700529
1.032659971217603
1.0277927038102606
1.0340325516788247
1.0375049019673637
0.9997996696125151
0.9941116967332324
0.9996382116838234
1.0259076465701509
1.004567367060386
0.9979026521750871
0.9858817321852079
1.0319439528169077
1.0334891635360797
1.029422590329868
0.9935594870747467
0.9978379208676493
1.0014739981111949
1.0005298726055032
1.0280997939964893
1.0326910966103393
0.9902940821397086
0.9981891338744224
1.0089353571708923
1.0262502026981877
1.0221815466156676
1.0265618487018187
1.0209708671216875
1.0169555539573054
1.0248150379319356
1.0144764794813412
1.038265531596886
1.0126800043419095
1.0248537677966876
1.0057586275076973
1.0070964112972594
1.0242032889983048
1.0169564077634392
1.0107560979468218
1.023010064729374
1.0336396283019469
1.0226748320465233
1.024180153788416
1.0313275131263238
1.0236241154814167
1.0025875182770476
1.0140371405213895
1.034341927554287
1.024248761542822
1.037925326203844
1.029107601929462
1.0226214404107394
1.0200994330085629
1.036786807945813
1.0305761412527064
1.0306944520855417
1.019950837901027
1.0248128103755343
1.0343401883343508
1.0184935673557007
1.029265016440716
1.0267415895090561
1.0193677787274154
1.0237152761109902
1.0843189043445487
1.0283864322762206
1.02371545088207
1.0146986701693534
1.0238798972743348
1.0239825683412824
1.0284791449128312
1.0315720055907547
1.0282783375835196
1.0263291545728437
1.1036246312059101
1.028717838462233
1.0290972909818858
1.0335407324685713
1.005900494306006
1.0105784944046718
1.0289298379758374
1.0037108345409274
1.0002872089680146
1.0267663309167303
1.0158816835732645
1.0606472757843257
1.0155031599119568
1.0211735451611177
1.0238604491627972
1.009772155998226
0.9974320828658231
1.0143593968410518
1.067546846202271
1.039153235221187
1.0590824272485533
1.0564807393962157
1.0322327135616487
1.0313560590290825
1.1191146157542409
1.0801244123910678
1.0149706478380587
1.0291981222955258
1.0344243763514365
1.048597094142393
1.0685400431704692
1.0442569617951925
0.9970491556331618
0.997934882396651
0.9976511278403629
1.03511055174111
0.990567256889681
1.0021333532625163
1.043694265351442
1.0593535142341655
0.9956988573189639
1.0463484026363756
1.045872152424408
0.9996369297243355
1.000195815892321
1.0292802041553428
1.0027056545825392
0.9987043310813833
1.0348403634919723
1.0385562891961353
1.0520316360234983
1.0297797163150828
1.0006059033621795
1.0567381188233562
1.067123420572119
1.0525874870698575
1.037842841223221
1.0539573788205583
1.0228669503478796
1.001842458527943
1.0093167513431145
1.0618139956243051
1.0777982716955286
1.0485793757356459
0.9998624665296088
1.001244335535981
1.0516408723667736
1.1201129339983897
1.0717857187761406
1.0605879646529313
1.0008234241628375
1.0151014313048272
1.118052347784677
0.9880858119158704
1.0425731857011455
1.0920671647682663
1.0659806692792384
1.0424986144676978
1.0404231625586378
1.1100264973000766
0.9893706506994169
1.0803803767844067
1.0302777852912208
1.0351068611551086
1.0515973761115154
1.0470882498354774
1.0722050982692708
0.9972011855811708
1.044398956136529
1.1070386601639082
1.0084727971558454
1.004144370559093
1.0052394831297993
1.014132380178336
1.053268131236352
1.0841927458695295
1.005752588692412
1.1077546738713981
1.0695945957245103
1.0398409737526175
1.0989819970685484
1.083326326300407
1.1028852277813193
1.0764534125162815
1.0180506645591572
1.0053627757131278
1.0484523844877842
1.0707547011333536
1.004404744906268
1.0532552554980403
0.994884387238919
1.021988852853942
1.0343169227690796
1.0885597794850828
1.0645893027960613
1.038943879304092
1.057166910937723
1.0595621153080947
1.0546499655602692
1.0459476618776153
1.0587555403906044
1.077690339573584
1.043930870348021
1.0740624645505945
1.080967139012389
1.0664958201503383
1.0224919885456398
1.0117451080698818
1.03045659099734
1.0117798231171413
0.9986855105043542
1.0371878380143185
1.027645210235786
1.0220013782803097
1.0951125189413087
1.031636892735948
1.0162852912402967
1.033460883772205
1.0526626852160765
1.0258848610815858
1.0220021589553627
1.0152582864053605
1.0275258965632388
0.9979223796554508
0.9977387967402483
1.000633344816205
0.9999030461647831
1.0042943985044377
1.0205009219890377
1.023870846134139
1.0066024218624263
1.0285306683170297
1.0074272014490524
1.0152282041235545
1.0240005787783026
1.0278116445704233
1.0691332071480106
1.021007512869127
1.0411694196835781
1.0360892779016142
1.0310392699020645
1.0305329905093557
1.015313218947334
1.0044644831234026
1.0111987115199441
1.0300021794255432
1.0332939456440728
1.0351932300412385
1.018368072300794
1.015939624972709
1.030490623718258
0.9952862060047764
0.9965116654671528
1.009872688027324
1.0084289691894976
1.0076259650675117
1.0126953623004207
1.0065344594530532
1.0170193250036625
1.0518162442324486
1.0154437332944717
1.0021693917689747
0.9981671446286903
1.0004362901365227
1.0010440668778453
1.0121606330803399
1.0129147879994156
1.0089025595994427
1.0149803918886164
1.0168865264878426
1.014834942757242
1.0300370440851103
1.0145451384996815
1.0105441026844422
1.0115830432644524
1.0213509998023906
1.0003547479088297
1.0117311575232253
1.032036349496868
1.002424113622321
1.038053705939643
1.00775669647854
1.02268207654974
1.0328913560430584
1.007774875617558
1.016323352339407
1.034907199024531
1.0202329363964455
1.0100199752692662
0.9876221642002143
1.0146228388357295
1.0311993577557221
1.0147023218801272
1.0356675342087196
1.0397202339184928
1.015460389027928
0.9908227881398199
0.9972176700634396
1.0189168471996328
1.008802610445358
1.0073916334871635
0.9902054523951079
1.0087864735340866
0.9872251137485554
1.0207654464630105
1.0047099415013678
1.0527996515983982
1.0505493492526
1.006359572945986
1.0141507209333835
0.9955467347827021
0.9964086949522797
1.0188407304313696
1.0300196939398076
1.0042215505388163
1.0153373151174705
1.0394442940368536
0.99548806493213
1.0351761178378958
0.9969272046329201
0.9913288281676769
0.9842929453883056
1.0055295800681052
1.0147669307115856
1.0182168664020326
1.0275497197331571
1.009421711491279
0.990679689128323
1.032892940525582
1.029421936864708
0.997147692926497
1.0189123590806393
0.9914919448018222
0.9984892752184373
0.9921565856532244
1.0146223477266991
1.024365353396847
1.048096166465832
0.9950645869418124
0.9896269495559045
1.0237643345933078
1.0238627055134948
1.0090134846499816
0.9978904489045732
0.9956096561196478
1.033639911383666
1.0021298978388207
1.044072765625178
1.031347960261522
0.9969928058978148
1.0243359665462763
1.0238097289434678
0.9973153434422961
1.0349400031377183
0.9881697433236095
1.0405423743579587
1.0461806132609088
1.021539222167342
1.053609729791239
1.063138040120717
1.0334963090091125
1.0421784861755041
1.016112581557124
0.999055333941185
1.0240303848939178
0.9976657162689614
0.9913930431100209
0.9907467550448661
1.0644244048589109
1.0391164229602183
0.9968848928436292
1.062570580279997
0.997589213646766
1.0047807135620659
1.001234443367484
1.0159101156568484
1.011685751461324
1.0020987181371672
1.027625295648959
0.985340298524522
1.0264977498658845
0.9900460256417623
1.0059220266516906
1.0287616235313304
1.034537288193577
1.0221264938158543
1.0122681634475754
1.0196124170958079
0.9857335616042981
1.0126903837554067
1.0274477902268553
1.0281896738617298
1.0256134015962795
1.0110166838568404
1.0378822568352315
1.0013083884600307
1.0308100378387812
1.0305891993250176
1.0286269512087016
0.9975844652398665
1.0084064945978184
1.0361077956734
0.9992546582099854
1.0343476592767369
1.007541928067429
1.037983504499989
1.0526284887695527
1.0231137619758512
1.0750267192182292
1.040953394424799
1.022127054502667
1.049724604372237
1.0309345722917942
1.064150431750165
1.029802198078865
1.0494685810052595
1.0686541105799017
1.0633265529105143
1.0337269994139344
1.0449366709289998
1.0080328595926664
1.0237611155367397
1.0170268716166073
0.9990240270277899
1.0258258953524209
1.0081780852273554
1.016344320787097
0.9996207578740279
0.9939516578109687
1.0335040168407972
1.0561546952809084
1.0706042334401438
0.9888893302636976
0.9978539801629959
1.0394269034266232
1.0683783770878768
1.0608304286035861
1.0625679831264803
1.0603078871847287
1.0472138145963912
1.0341935696026607
1.0338216174786232
1.0517709821237538
0.9951714141345933
1.090967573302405
1.0652265434352828
1.0385093103494136
1.0391600904409433
1.0240242004755966
0.9927729574983089
0.9892307221680594
1.0280504712248524
1.000814410243348
1.0276703857326521
1.0069102381995851
1.00646157567954
0.9960520518331493
1.0061423479798222
1.0102247262097734
1.001999776899923
0.9840563587310042
1.0255764954596516
1.0024933704543555
1.0320736138869457
1.0117704506966307
0.9853261289893978
0.9841695428696353
1.0333914104651432
1.0259660895278095
1.0139236097580393
1.0163220517431522
0.9867255024274119
1.0235624979674505
1.0079839868636231
1.022674469078364
1.0028916977308997
1.0180774272920328
1.0268473492484502
1.0239579015013964
1.0166381202406982
1.004002582116832
1.0103423559560916
1.0192345051867555
0.9889795445323879
0.9868676086911646
0.9832035188109153
1.0041717742782381
0.9872545335664787
1.0093702676297824
1.0122813763019467
1.0298025162132143
0.9981061153534163
1.0029155375193515
1.014588424105692
1.030669506770135
1.0248613180054842
1.009719135415705
1.022185561262262
1.0328087397782781
1.029364268751848
1.036069854194229
1.0273346407586896
1.0182086412909148
1.003991468916149
1.0096274273396646
1.0093755005290175
1.0315929696030683
1.0214574890280037
0.9956718018035771
1.018109191028882
1.0310224082957185
1.0184961096497438
1.0311586909965487
1.0350064307264637
1.016278069821955
0.9996911896685216
0.9940576071656103
1.0187845515914093
0.9989694804456913
1.004821905385238
1.0316170059204701
0.9957158539222022
1.0209059064979036
1.0233810776121854
1.0014283189890183
1.0103347428401948
0.9955409846342433
1.0112240353957893
1.017573523598823
0.9973830668717337
0.9846229201024663
1.0200491307077417
1.0013757586698706
1.0066903776202056
0.9866775274334947
1.006498980125882
0.9931649251571152
0.9877197317163938
0.9854166176218868
0.9875935007674075
0.9938086142711411
1.0118245463264222
0.9915930394527391
0.9884911759633376
0.986845449012705
0.9857927570152902
0.9812420530862228
0.9819105327412592
1.0362941246776765
0.983302925586117
0.9875213226797115
0.9940008454298361
1.002547556562808
1.0025347032621936
0.9893534533870832
1.0104178732702835
1.0242342376707128
1.009480681327047
1.0782536720117988
0.9912699807965929
1.0306846249793362
0.9973719473987852
1.0005147769358966
0.9863350291112575
0.9851542091469941
1.0237640964568666
1.0384894141864387
1.054487473346761
0.9813524442369099
1.0336658763544135
0.9864472040467408
0.9926491824404066
0.9804150961589355
0.9893849976376947
0.9969709884064487
1.0303155827214638
0.9905838479008343
0.9924269469922246
0.9853719897347517
1.0002148545825063
0.9951405486511545
0.9973312854283906
1.0155286324760084
1.0196406932531206
0.9772440794606607
1.0005896350985592
1.0024057837731983
0.9842072562089701
1.0025578879499082
0.9865046351257665
0.9910272359492188
1.0102360664235501
0.9832044153690118
1.0134697364435752
1.0155489866609806
1.031396383454944
1.0101446983417879
0.9866448645708381
1.038862116109992
1.0016236455855103
0.9952010355706198
0.9942299350693666
0.9933335406169608
1.014656558621655
1.0153800859455164
1.0067574813407283
0.9993665635765747
1.0378718161196936
0.9877646900728202
1.0469131897834598
1.0112395634088351
1.0397265771839177
1.0061722140583853
1.0266512383033106
1.0455075090091024
0.9818546059197313
0.9819587242427612
1.098242260465459
0.9865209496913974
0.9965674507689615
1.1304991942326132
1.0018282797301399
0.9835848686173844
0.9893622203300625
1.022350468106025
1.0295385123916334
1.0142617674318006
1.1267276766499106
1.046858597486237
1.034719492552059
0.9960482015513623
0.985355572790432
1.0013398101737716
0.9983344787044638
1.0215802161737293
0.988382800572686
0.9929757004471418
0.9893433076672163
0.9945526070500869
0.9866834943232672
0.9862429022519205
0.9825447279749046
0.988323736702357
0.9907557353798836
1.000580889317272
1.0418995166799454
1.0279280298183635
1.0360989187330132
0.9940555611713993
0.9874696811626235
1.0272000706675037
1.0014599596211315
1.0323263660439328
1.0220107573882122
0.9891341378364187
0.9932196439225629
1.148248436565933
1.033935324430299
1.016359147428394
1.0275016179770384
1.0085517995067241
1.0077739585327596
0.9873046022981284
0.9840131949376344
0.9860837115583809
0.9827209015379582
0.9886943970227966
0.9900080501931765
1.0264253673392931
0.9886848523759646
0.988910194717476
1.0173331480502172
0.983866489196297
0.9848794175585264
0.9832952012532109
0.9843852949922258
0.9963403171393947
0.9945493460726411
0.9907669608690242
0.9979138633602196
0.9923109791220834
1.0204394993037451
1.0114475324054357
0.9919363331780818
0.9844148172947396
1.0036131809444153
1.004410232324887
0.9921113573668011
0.9915254574329853
1.0117650514598766
0.9965408937741138
1.0044686539369612
1.0232522331122176
1.012196654639026
0.9873464359416373
0.9832532595878263
0.9981863711143231
0.9955666457436523
0.9885898294027362
1.0232856272729325
1.03083397645294
0.9969499145724858
0.9843645287036485
0.9888629703736352
0.986891041979918
0.9898414570300911
0.9835177053881882
0.9837998032362636
0.9876512848288422
0.9875670448159187
0.9945227986970583
0.9932397700955293
0.989155652372283
0.99512291727116
0.994580848719562
1.0195361741221216
0.9886587352591946
0.9933518048839819
0.9919313049608747
0.9868219097562536
0.9920375262245367
1.0153363013279313
1.0030010307318535
1.0003302880028329
1.017707702848707
1.0140271990427008
0.9877511550315525
0.9890491814540526
0.9926131185880698
0.991601551736357
0.9954066920789962
0.9872560281376919
0.9894756600545398
0.9989851650147836
0.995774374427844
1.0150544527865488
1.0203216643604143
1.0034685882027714
0.9962133992374961
0.9856299053567288
1.00367601697804
1.0263967727413656
1.0156289054082124
1.0082150164105772
1.0151954227701157
1.0048219844800907
0.9830386199870391
0.9922319099421353
0.9824307390465853
0.9951267718860217
0.9785928785407316
1.0134053710284034
0.9897910977429566
1.0119632577032787
1.0353532750454721
1.037712146659071
1.0189753997386657
1.0006133754300055
0.9998658120452083
0.9982282204542647
0.9938108604285378
1.0219807374681236
1.027892110719192
0.9949516181999455
1.0033336275222378
1.0251545867373713
0.999784284739647
1.005510418212864
0.9930678815354466
1.0171459088189119
1.0187965083251442
0.9944059597117734
1.006791447117259
1.00143846520207
1.039740155076154
0.9936030515641946
1.0186597715233898
0.9947643141330775
0.9981961103050512
0.9956123284039122
1.0070676346773446
1.045765695162565
1.0194178743229703
1.013075412688576
1.0018152855047289
1.002840341893009
0.9959310090695445
0.9923464134493818
1.024285091478625
0.9937166013903178
1.0048964322714116
1.0032510433415145
0.9995433492548269
1.015509359431698
1.0302932265183082
1.0034989174341788
1.011255229658725
1.0390210236247164
0.9992008284801939
1.0082129041000125
1.0176446741169356
1.0261215458986144
1.0184856150139483
1.0281728628353406
0.9909777315263284
1.022245380795567
1.004958767920987
1.0025967689178774
0.9851829784484272
1.0280814852612559
0.9901691091070699
1.0163977844924728
1.0311788219396762
1.0440787388143005
1.0180889428509392
1.0029200048260918
1.0370900847653914
1.0228072383465954
1.0424754872426547
1.0083643743497412
1.0001035336011554
1.011402773174104
0.9998328077869123
0.9871093270235093
1.0113889585741949
1.0173776420791243
1.0346549465917196
1.032994330098492
1.025876620407926
0.9880220641169724
0.9944274800369716
0.9991479997203392
0.9933543627140613
1.0252434796138103
1.0232280229498922
0.9942804147464024
1.021963455094268
0.9877798815541823
0.9941792313119565
1.0079907132501287
1.0036998074445307
1.0182335730350862
1.0261179485993883
0.9994561845051801
0.9953128152046548
0.9953582949471557
1.0193207566484674
0.9981199799543876
1.023885981605739
1.0382529739164856
0.9898837806830578
1.0334483070001064
0.9995157265068906
1.0063644231153404
1.0205741459516964
1.026541984723669
0.9998169088198843
1.0262004154244484
1.0069700956746617
1.0168096845303647
1.0028744666339524
1.0366582958055732
0.9902130804411774
1.0518952987361025
1.085513164221073
1.0146482520772986
1.071998183629288
1.0209147126323415
1.0384186963140072
1.05424869700084
1.0517125219409247
1.0541527155831432
1.0456785794302221
0.9843104392803379
1.0746427547402488
1.0537819580418175
1.0455406404011336
0.9914716405122579
1.0124864351516538
1.0020194757476621
1.0102249102397973
0.993265908774936
1.0073163538889855
1.0016340756743376
1.0072811502184957
0.9986335448095405
1.0090776078235713
1.0748705039561353
1.0523472012029567
0.989887599556168
1.022741152048806
1.0982401135107818
1.0623994477453862
1.0788059823588463
1.0536156278056725
0.9985987131435283
1.0602091371758253
1.07139292438465
1.0576473008437923
1.0210257880975742
1.121282291139138
0.9925601224159
1.0299028638635594
1.0617766343242523
1.0781784637630252
1.028548326754524
0.9951013647814285
1.0149339120300571
1.0457079550027095
1.0055076441925543
1.0113104032200624
1.0164511498771551
0.9949519943249653
0.9845930906061936
0.9932664990043497
0.9944074563694439
0.9887378086701567
0.9758176171846877
1.0003324371123035
0.993304235558685
1.1578474951218927
0.98772314415148
1.0008839726727516
0.9955370539939784
1.018512500065338
0.9811072216986879
0.9921640165527357
0.9975943515037308
0.9985204153899705
0.9979190221352485
0.9976705277300134
1.0245329501641545
1.033925053303474
0.9997045332745433
0.9918756046212724
0.9878129736896494
1.030390698997763
1.0244172417833723
1.0039710167132134
1.0008708795787635
0.9966096921639119
1.0174618963368423
1.0262648996495507
1.019450054298797
1.0256233598604658
0.9995624373662709
0.9890867580192276
1.002770702669182
0.9979548304870874
0.9976483468354717
0.9881890299672795
1.0271014397482998
1.024712622533979
0.9835828033060331
0.9841359515456551
1.030019252031814
0.9945980555814973
0.9990666400854693
1.0221281194062972
0.9997917425239653
0.9910924319342798
0.9945461327465333
0.9945364002382189
1.1611894308864965
1.0225506703924891
0.9796875728464371
1.0288612561870556
1.0235209647711183
1.032544391328113
1.0130411089987692
0.9858408044636352
1.0042052446476926
0.9935995836373832
0.994796484487957
0.9831429061175958
0.9973654433601628
0.9999234134085018
1.0070698720040097
1.1590467814516145
0.9862898348616109
1.0263679726766983
1.0230494515510977
1.0128690887205167
0.9947077784820498
1.0125429169748734
0.996752717469094
1.0044859248871845
1.009768211299186
0.9985480701466496
1.0002337769660488
0.9979017535137114
1.002011018392203
1.0358459958017563
0.9948392412575547
1.013953399483154
1.0201859374380509
0.9936576249893235
1.0130563990891313
1.0193728890974099
1.0501317656479259
1.0424675577948057
1.0416049149318396
1.0136585052635256
0.9990310964550673
1.0328170236686707
0.9939965370240568
1.0017395023217985
1.0333961512975571
1.0407093223787633
0.9994323080731569
1.0257747739471959
1.0663259029497798
1.0182457302747392
1.023724350464601
1.0107867056442865
1.020202484001589
1.0121238862295336
1.1166709622471402
1.009610256556043
1.010129909713507
1.0185962601122234
1.0115792229872838
1.0853952597577272
1.045588985666685
1.0225456461162996
1.0221300322476732
1.0169063815947608
0.9924183931570989
1.0077284190116182
1.049303665597178
1.0049092842099463
1.015513518745703
1.006593193900878
1.009863252111937
1.0083725873051916
1.0125026256501595
1.0324863110442515
1.0633767021641654
1.0020018701410256
1.0080069759978387
1.019492653623038
1.0150498371551868
1.0292274395674688
1.0344727784142351
0.9992767901503645
1.0183474702460373
1.0244726672595281
0.9981406692431338
1.0350484428385989
0.9950476216795247
1.0575853101939319
1.0317763649876752
0.9953574732715456
1.044659705592431
1.0191759031527607
1.0510360871981672
1.0195704770948906
1.024495779467747
1.0476972692063051
1.0268711015353749
1.0516644092195016
1.045878267237419
1.030167331202706
1.0349065609728778
1.043883369837172
1.0599873786535257
1.0723240231719138
1.0410444522758833
1.0284414995568159
1.0412252889990685
1.0744858511011142
1.0456802107806813
1.00454207362274
1.0864040511176176
1.0070610858673172
1.0089671130701197
1.0829074720354275
1.0715390796370454
0.9925375876763823
1.0344644303277373
0.9974143127824782
1.1425444132716813
1.0170217983351917
1.0221021110472706
1.0236441812154333
1.0994292486015609
1.0449811253700974
1.068643752505398
1.0029806066901195
1.0510790639441976
1.0182942979815486
1.066756653697767
1.0650691747802328
1.0142300584797015
1.0059131512002653
1.0133690393592905
1.0119642002185716
1.0013057847289144
1.0130986189143485
1.0252619069103601
1.040214734850728
1.0028425731347725
1.0152635951024929
1.0274230224594632
1.010298162315801
1.019294516969748
1.0520276918151177
1.0152992401384704
1.0226743280058432
1.0644047780595147
1.0304320032708343
1.0229173313653124
1.0067066431191294
1.0173033069093358
1.0168104552977915
1.0118653925106917
1.0286074312049536
1.0317882566559802
1.0228742492295542
1.0307650971492746
0.9964859299123218
1.0030633433022538
1.0017542181180186
1.0016653521163934
1.0053736290576452
1.0247181213917727
1.006948220306673
1.006649281356204
1.0285780368914976
1.0044536936816526
1.0052093353164893
0.9993758007756888
1.0030950674939099
1.002635270401095
1.0160717689960381
1.032995888619547
1.0435842416631789
1.0161681731346812
1.0167107311010484
1.0294777948957021
1.0280748619058595
1.0316113089062768
1.0220565023511399
1.0115726256219517
1.0046155212711072
1.0405881438603042
1.0252325498574364
1.0300213140607268
1.015766738101645
1.0272394592449468
1.0211414199492022
1.0202042913342888
1.020034725084848
1.0177157720319516
1.0046274989308612
1.0202307224362348
1.0190094669966596
1.0310725102135385
1.018110057452185
1.0175677717921512
1.0300628683961346
1.0120368118180532
1.008929961089121
1.0058109987447676
1.00766000021939
1.0014028046581844
1.001470207047114
1.01783121873166
1.0351882829567018
1.030580322063535
1.0170318718014923
1.011218896064143
1.0084150996274421
1.0041123005406656
1.0081050319643894
1.0170803959563914
1.005464110961954
1.0187618885805654
1.0058924897346944
1.0218433882106592
1.022606762431156
1.0197373884683922
1.0211904476679226
1.0217202458056875
1.027210208610856
1.025285592274875
1.0240733972598979
1.0234836088811334
1.0259789732550486
1.0245713633936435
1.1434733208270358
1.010189803131128
1.0305890983363373
1.0184677244078668
1.0192722731840218
1.0348456407455047
1.0244388270675495
1.0169364297469305
