Model: Feature_Bagging
Dataset 8: lympho.mat
Time taken: 0.02057957649230957 seg.
Accuracy: 0.8333333333333334
@scores
1.315822542328005
1.2239207596496426
1.369974475275595
1.2830628384694296
1.1175857674395595
1.2782739040093427
0.9890743280035166
1.0289716286267896
1.027672455369326
1.0031113815524717
1.0996720788694363
1.1034441940906514
0.9966387483454063
1.036636477933241
0.980176564723196
1.0251809454684726
0.9907366110534104
1.0145427211130664
1.0163125198163443
1.0212147905550926
1.0249007108829833
1.0073451175291934
1.049322902225438
1.01886334302865
1.0054509232626674
0.9948080353797746
0.9895918748828272
1.046718673412427
1.0112201280403539
1.1386445666972267
0.9938542783990642
0.9865636581920271
1.0645405343351275
1.0291357519770223
1.021878671712519
0.9940686637838612
1.1186587645219042
0.99146607704843
1.0413504455507523
1.0382509532408342
0.9843428992529553
1.0137015206247955
0.9816903184377223
1.0555901075854104
1.0280944341816587
1.020943276934027
1.0187377376167484
1.03181058928712
1.000320179567991
0.9903063428296267
0.9810516246096921
1.0569834003299703
1.0140522521695228
1.0635275108407147
1.0224550978984408
1.0031849598669331
1.003337133776147
1.0112600034520085
1.016770358227149
1.0120511772492558
1.023548784313573
1.0789564477283307
1.0245197748438628
0.9950128202265154
1.0440350217049201
0.9854767350114967
0.9903241236886302
1.0471850625084393
1.0069019330377909
0.99603094483751
0.9949060850415176
1.0290554798169746
0.9893968518592174
1.0104056235494263
0.9800045470865848
0.9842624664688927
0.9872022868096757
1.0833798358119888
0.9940713826521504
1.0114277989678446
1.0550433003107202
0.9796026503356053
1.0035699509631146
0.9819580977848925
1.1521339999295432
1.0701683797504749
1.034419606626053
1.0921139252398535
1.1699672278862123
1.0512186077273595
1.073658173227748
0.9984661904854807
1.0610962042192724
1.0243031498104591
1.0438468788028996
1.1874389368160043
0.983092566960211
1.0363363980896487
1.0344650222561704
1.011202086127186
1.0203696289008546
0.9913590537641248
1.0416024717547752
0.9906905772652035
1.0911460850039119
0.9876800141989776
1.11574391629306
1.0030224555042104
1.0209853394491684
1.0184472857186022
1.0401973630433237
1.1778147287833516
1.1162714205920676
1.0898539133528247
1.0727102599571856
1.0518095540058563
0.9950627622660841
1.0418078405415232
1.023170820631659
1.03584873317486
1.0305064141156348
1.022871132945402
0.9942601014131744
1.0658948011571545
1.0581400589283723
1.0521175560449068
0.9842720095108671
1.1933975147851728
1.0450996824376098
1.006589349986934
1.0067087135629502
1.0563613024251142
1.121826723286648
1.0489549728361682
1.0016832718422206
1.0748048152445857
0.983490149463672
1.048230412570914
1.051116932577878
1.0402685077135083
1.0653332050259117
1.0628799966090257
1.108536194073763
1.1214166698883985
1.041486698596359
1.014439814730311
1.0285166323617196
1.0156741196539687
