Model: Feature_Bagging
Dataset 17: speech.mat
Time taken: 65.53519749641418 seg.
Accuracy: 0.03278688524590164
@scores
1.1957789177839422
1.0891673834935465
1.1609648313262837
1.0933690946504877
1.0072743263578952
1.1829311471956026
1.006617615816258
1.1790645373738222
1.115912010902481
1.0523535889638036
1.2274958921679588
1.1904132381697918
1.163335053953094
1.084317469359224
1.2435772354914472
1.005326404965637
1.1797018614192893
1.0046118836807088
1.2092764958759301
1.2731023494364178
1.098529640651957
1.0536018241398353
1.0266015477398556
0.983801925194717
1.3317522889561926
1.207747564567684
1.0889162555074978
1.1112450189246004
1.0146016211060647
1.1661192234411186
1.2071241283159782
1.0376019244144474
1.2154198590193968
1.3550036489059791
1.3010412007350667
1.1550247080785745
1.0877343231400676
1.0796008488409004
1.2755644763482872
1.190141603368264
1.1338077579500492
1.1332516004685749
1.284670502838941
1.2767113751439632
1.316933121172382
1.0323822835764531
1.2101887646998422
1.4323047707773777
1.1852926299789006
1.3484092289005276
1.370550261913292
1.2505172214691818
1.3599886489454436
1.2000133933593848
1.1558033399588679
1.1709908576109185
1.0293141253555185
1.1588994355623972
1.2439266818044856
1.3180501973232517
1.266604825012371
1.0365464438201952
1.1369237259041118
1.1969469643949355
1.1017252456328743
1.1387805831425841
1.1346712273227417
1.0279044163799906
1.0096325143001361
1.1814188397822019
1.0396008110272494
1.0953660759542783
1.1097929698010724
1.0580668213367908
1.1467564769841727
1.1479850693581801
1.0645477807907961
1.14105945771673
1.0832318436367028
1.234947275556102
1.0650193425471726
1.3442616245249281
1.1363390904605775
1.0851567052050275
1.2322745893608817
1.1741079633619882
1.1789458254986003
1.1018326846323132
1.3060414115730175
1.032019192642442
1.0192412554932924
1.0379476270817887
1.0445226875598457
1.0360485359365896
1.069603280706495
1.0349887963867856
1.1138317534150228
1.1422723194009763
1.1016239768786815
1.076947649550573
1.0410045975804914
1.2305389245401765
1.0286968431911083
1.19971070704653
1.1102921913927986
1.0253704917367394
1.2449871447836256
0.9931156037403241
1.203488136506793
0.9898899568209755
1.022061710597964
1.0537331728341695
1.242232351422469
1.2411730857393148
1.1815044716978411
1.1534004332375656
1.13133018750971
1.0293912191843235
1.1658216847618572
1.1748629754656925
1.2033301093533835
1.0250387840436788
1.1147567929109152
1.1328013852294538
1.1183218189455437
0.997696304701916
1.1132866935398913
1.2161923017691934
1.250206022110135
1.096290585440641
1.2134401943792874
1.3653363501503641
1.2304594921378096
1.0309993498665109
1.280366424901968
1.2624643729979912
1.1570559434091714
1.137607789777261
1.1601997782537354
1.2408696629774976
1.206133894026214
1.099133192413154
1.1828527835644227
1.2682046841252286
1.165068907401123
1.151351345068376
1.0374810281608275
1.0450274545522142
1.0885774319401442
1.00542392022495
1.126213888226199
1.0577164311743403
1.0105584453516354
1.2042125840756366
1.2061405797876812
1.022787493696497
1.0677180872969971
1.1737851448316619
1.1655522643308038
1.227036438716507
1.106808088688476
1.0327901823940777
1.30283897729073
1.0329713883002878
1.0458036239926067
1.1745349453465603
1.0588617874381174
0.9889868770301311
1.0906318330403386
1.168893786707344
1.1258430676203184
1.1893810181344904
1.0307457814276408
1.0970984929699494
1.237007965718823
1.0094521080779213
1.0906731148848452
1.283183564164592
1.1295976342255876
1.0698321630539538
1.0689005929634052
1.063299716384802
1.030651475163003
1.1557049634173793
1.066808645006645
1.2046267444384304
1.147314243923081
1.2233087354280143
1.1159600302250854
1.0456710716275357
1.2436881226278131
1.237317847833669
1.246524516309158
1.1605406726267034
1.0165144415868081
1.2418515960699743
1.2551114753062735
1.226633267317084
1.2196375751249313
1.1671872184323044
1.1622912020322642
1.218760291783186
1.224794421778584
1.1441649621160372
1.22748516014795
1.240454397260583
1.1939968313078704
1.1199288078701968
1.0044447433690398
1.3181045837691852
1.2316629918952942
1.2101107169995076
1.2214235784412477
1.2241590958503321
1.1353923566726376
1.1882244480075994
1.2213185804549616
1.023591635997264
1.0012073474224015
1.111434263805787
1.2056229279421886
1.0850619263226753
1.3044010861592086
1.1600735707388126
1.0091495485891846
1.1814584234828547
1.016237378197038
1.2356818446377797
1.1338810862950213
1.2179961505400698
1.1818790709191362
0.9840451005434694
1.0235502740026696
1.1201696451174865
1.2495882801887546
1.1600796629413215
1.1502352863141536
1.3533033455972727
1.1707771117262271
1.1757058413282295
1.2463025399393737
1.1642548521484606
1.0695217767221923
1.006118238859442
1.0576835980238761
1.1849556076187666
1.1799675876604176
1.1586652642459392
1.183669792462514
1.1825886485612866
1.1948497739587274
1.1715328865747918
1.3192214303432197
1.2559433422180586
1.1546549013242937
1.2086814198020404
1.0980340630195178
1.0178582989109626
1.1242346814173818
1.0214743366043324
1.132971100335713
1.2276100399211687
1.2464467728335755
1.1610024373165102
1.0532795542866102
1.176799581616201
1.1644615223033228
1.140713427163885
1.157569570397618
1.14036048936944
1.0990833213330045
1.233082870448881
1.2402534093052582
1.0751080607121908
1.0523872857173056
1.3399395424630134
1.1722321245945548
1.0526335970723804
1.171795323467921
1.1557361577691494
1.0223685056422585
1.047596484739529
1.1238203284436155
1.1697615660361405
1.0908487989763613
0.988977805363066
1.0662155440631367
1.212615892200921
1.2761937950196856
1.338212773281334
1.0312859855413843
1.057036467441304
1.07182895431184
1.0360821513749006
1.2194215972755964
1.0563680599704528
1.293671257681391
1.2409934788916623
1.1906392889809108
1.030399742727451
1.1667903620501145
1.1486847480790394
1.2178946914148332
1.0047459143948845
1.1053378111013739
1.0872577612401315
1.2504997282728416
1.0129176326850302
1.0161235839683098
1.0267145669487214
1.2113395957893083
1.1687593718583194
1.182779216562934
1.2374143757034155
1.2442773638745321
1.1540269078793337
1.2423314488105808
1.1989205683022324
1.2628237025141282
1.280496523504738
1.2512197252458994
1.0156822682528832
1.1499788571427483
1.2536197316967757
1.0490706793404696
1.2279538346675039
1.383604340871408
1.159708469601548
1.0026165606512951
1.1254360105454693
1.1174760934770815
1.0012489939760139
1.222614891772157
1.3612360093852216
1.0228500394697884
1.2496502798551863
1.1025359283787708
1.1481422641885748
1.0880539251768808
1.0883061237707132
1.1367665193478733
1.0914312288499017
1.304918199177799
1.0233131821747083
1.181409488587859
1.004335713632433
1.191041642908235
0.996835746293856
1.235596115925674
1.1161111728384525
1.158618327769912
1.1330785187260919
1.2256143829030444
1.287243096473059
1.2524625419437414
1.1681356804419214
1.2132723184233407
1.1839623343024601
1.2108537955046366
1.2276030985902433
1.0081430329772483
1.2427259060327291
1.1360891150546517
1.0390727453597237
1.2390376865060502
1.0762745734939385
1.0481278328812746
1.0612284608215448
1.1335817688277785
1.3628115858103302
1.1118187245118136
1.196950671008504
1.2466002171676942
1.1605441493151627
1.1100017089445735
1.1199805931370486
1.092661580798103
1.2134215590031896
1.1901266861298594
1.1214668475360379
1.0900229060489115
1.1411266731344278
1.1728532807115557
1.2001922149807533
1.1903821462146489
1.238438914536317
1.2217165612174405
1.0716016151174297
1.00324399190291
1.1540365660548548
1.0110502000966608
1.013833573225835
0.9923225449615721
1.0246464138085172
1.0324511665051948
1.2956709312087515
1.17712676585038
1.1284828849299047
1.0465433774541457
1.052216800451908
1.2130112313866794
1.1413462059432091
1.3225398652702713
1.002616261866274
1.0131427924896284
1.1006523558905819
1.1331574592942963
1.0481544187035285
1.0599238610798598
1.2888389815080843
1.0349269822013576
1.1136554996587897
1.2624077265796956
1.2865425535702262
1.0504953309234168
1.3169183077238842
1.3532250978740876
1.1041354552943625
1.2513902859541963
1.037982942502825
1.1769234779670747
1.0386451058234685
1.2030195953660823
1.0143163523063232
1.12050489606778
1.1362908534122167
1.295727222773721
1.017616754762362
1.084451093768047
1.2282896951129028
1.1070118813881797
1.14528113608317
1.0153365530304306
1.1616883244704188
1.1521354801858443
1.0318034683675894
1.2257146759002309
1.0497988179981879
1.2606088403926514
1.0294649782699785
1.1668203494811036
1.229532070853931
1.0057840853415514
1.2118346720929618
1.1928684337124613
1.0529390403857994
1.1532764099231954
1.3016638726824705
1.045220339074846
1.1825876206924262
1.2521630726894153
1.1315346327328848
1.2560301555290025
1.0042997860653438
1.1778516092862863
1.0470306439211954
1.1749201171879409
1.2630615370688631
1.144868846390159
1.0092148365604527
1.2056001904050853
1.0145776214667068
1.217446545364893
1.181496408672405
1.1145093507110864
1.2514890854298295
1.0397722402077982
1.1297511957659059
1.1611931958406578
1.2483916800932906
1.193613032477732
1.202669694236068
0.9899473284879663
1.144769649154053
1.2366166963230278
1.0257552860908603
1.0984230826301304
1.0649230729940105
1.0732432939186536
1.0340412624382007
1.173836113017741
1.2470496756946399
1.067669483524856
1.164226724311763
1.0516578305612065
1.0375696466285125
1.1408990911166792
1.2768299026041219
1.012320453941427
1.1873438849379885
1.0715180674677367
1.0033570210251799
1.116694422864494
1.0614723088735798
1.0375575730312812
1.198026222197505
1.1572174785878195
1.0513571638546122
1.1355418750816177
1.0045103431458564
1.118273308833079
1.0045085187927691
1.1182617474567667
1.23618529777927
1.0318197545754682
1.305929195438742
1.0416025543514007
1.0630271639930078
1.271176249902116
1.1558582617464326
1.1955926937289996
1.142435583279443
1.1590539772729236
1.051433804682167
1.1677400860824978
1.2621499750778367
1.2340703368058807
1.1439173118737531
1.1268848073559412
1.1142195235213683
1.163141201478672
1.0434785258964758
1.0886598833911165
1.1447897294610416
1.124940361347411
1.2022364775887515
1.1737620613486592
1.2391332878988788
1.1374188469831679
1.1513771084164255
1.2562631761534042
1.2020747617297802
1.0090380234379999
1.3187089928552296
1.283162700112518
1.0889804276257626
1.1463439464673755
1.2242257163344537
1.2162800113839336
1.133818809293619
1.1672784126907056
1.214810384955335
1.0438929087509177
1.1264641980826
1.025215717512839
1.1014855186859296
1.3050434809136147
1.2716144352145036
1.0638752471604018
1.2570076853143404
1.0572993425428494
1.1848355187834734
1.1828694019021386
1.058156635198527
1.0147860434949871
1.0998027368698753
1.169418672189447
1.2515018114233818
1.107468211127244
1.1723119953682328
1.25589779589749
1.3271039369545794
1.0751014355253496
1.2639268302411009
1.0970783113905171
1.1506859181888844
1.2591234679220382
1.1639838419817436
1.1264239815118933
1.0356395483378888
1.0270039365767207
1.2831541523041685
1.0226288892515059
1.0387161554065256
1.1763768994840231
0.9838393153445502
1.0368744513020034
1.1511220110620288
1.0464902873201642
0.9953787272418049
1.1242839130648836
1.0940236706616757
1.1580214974760943
1.1806773273932152
1.236451207847213
1.1419405968984038
1.0114376501380964
1.217242028252136
1.08583545872159
1.222140319665963
1.2772795667363124
1.1309118350064107
1.276196607652629
1.1033114657482215
1.3166974778038192
1.1931864089765403
0.9934740076906241
1.2348850174901886
0.9926999904203783
1.309730991940984
1.1868753332217696
1.099341280154056
1.2775290694251107
1.1475543238274337
1.3636404264022528
1.2006211593494358
1.0229833774555317
1.0556684144472666
1.0579155303022154
1.15427542981484
1.1479925238447835
1.0830029227360611
1.002002669066534
1.0393108646910176
1.32668288441171
1.2702580287312093
1.0552764478632157
1.0256608299662116
1.0322966505515532
1.1945399292251213
1.1256643686217902
1.0786722776616648
1.1976358468416632
1.15366933452768
1.24314072612105
0.9998640616851333
1.3695118477567247
1.1288040368641676
1.1887262044147304
1.2716415092855495
1.032635642056801
1.2076580372072763
1.1420517408770112
1.2399297291649574
1.1292854203766405
1.2950851667306122
1.2816799834274872
1.1938986365600988
1.062734583903459
1.0514624812757756
1.2223995419879587
1.0972718811319706
1.1826889592719452
1.2691298216068336
1.2108230706835061
1.2275831575144207
1.2540712105398975
1.006179954244807
1.129331159925097
1.0435398765987487
1.3065905452991986
1.1522514941214863
1.246316416089619
1.0258972480920618
1.1789771109276763
1.0738742514334316
1.2372580786794927
1.2360748493437999
1.2212630696934874
1.2527980450600589
1.1637188420492617
1.0875125005347588
1.1113275965427862
1.1011734332458343
1.111695441855523
1.1533409685118654
1.0216969205906448
1.0888693797365463
1.0667379881823056
1.1402171857050187
1.0505808736755333
1.1853079233971306
1.2525650409056608
1.0675478763426773
1.0461416145748808
1.0059278738101514
0.9875009660895901
1.226266279016701
1.2044464212081496
1.1442489511643297
1.290571924116438
0.995485633481114
1.1877032729765598
1.1819727360935235
1.2557714084607583
1.1842185458870347
1.0541257708005796
1.2245872989747943
1.2428862611679103
1.165731305234631
1.1765945712792427
1.160745741310462
1.033435894523203
1.1132626851516223
1.1725962599306645
1.1745871736685556
1.2612303888958962
1.0603892198148712
1.316896256585263
1.1054289052501913
1.307217297762541
1.0352567423679382
1.352886382260099
1.1503175183342265
1.1336831662769709
1.021845669900006
1.1700666249950706
1.1167479763476331
1.2282114645232112
1.0162919675042579
1.1403019152126492
1.0269802282113882
1.187226498670567
1.2553031510802148
1.048101410630872
1.256018078644534
1.1650464461006398
1.0385916515969529
1.1722381402472781
0.9905398046495749
1.2030086980066854
1.0389744710229674
0.9960171775250247
1.216036923254394
1.166462005456118
1.258570908031112
1.204113348708805
1.2525396258977057
1.033382958155566
1.1432681921400798
1.0540499745219738
1.0625691570350626
1.2241501879103134
1.152632456208424
1.1091048295527641
1.3299649360760069
1.2036062388770286
1.0278260511579174
1.1155553378895031
1.28467418879308
1.0271123529141204
1.0455797045258615
1.1066497811854399
1.0784979971629118
1.2282355371261886
1.1430490953545465
1.2290278391381175
1.2662661259910701
1.152020386613421
1.0462504760734288
1.2231787468317916
1.115368944979526
1.109847063843198
1.2154236576374087
1.0065504940214116
1.2416940771951492
1.0011633714956294
1.0298601247296402
1.2205327020567724
1.3196007935830811
1.0446111143130083
1.003859448732755
1.0789481588312182
1.1003526705603959
1.2228715432013364
1.1662388205174805
1.1873788758581614
1.2014097221862268
1.2445434729532228
1.285497715935755
1.0021858229147473
1.1285743342738788
1.1385108722562138
1.3217278675432529
1.2702971660994016
1.1675096904146307
1.29028205778823
1.1480146733442838
1.1709913457503534
1.1749462816158727
1.127812706589403
1.2259212176015404
1.1282692958379636
1.0140290966055236
1.2015012656225115
0.9962383379841437
1.1411081542318906
1.123142095334416
1.0285142857893361
1.023384547115397
1.3935332364742792
1.2310050795796563
1.2618757316145888
1.282926331828564
1.0107107601689964
1.2721696623035184
1.0431429023779075
1.1937186521936314
1.160063315322199
1.1251367587145509
1.0973859367560561
1.2920862656265224
1.0401545838410926
1.115692593455638
1.2141627990066994
1.1571525366764985
1.047078854947553
1.218243660076103
1.133044448775561
1.1581843413709698
1.2304416012589303
1.2721682315472358
1.171582971330698
1.0856943201539013
1.0964289539964467
1.0322300385421583
1.157424343295375
1.1516607350931942
1.22156630761078
1.2733004970506716
1.0032035067494365
1.0429519048570786
1.1627914841605178
1.1118364505878873
1.2465457288292596
1.1390188630402045
1.0708664499619325
1.2399431191624604
1.041097040049898
1.0329482299321904
1.0140157485745815
1.2929117516286284
1.3303866911068953
1.2100355763181252
1.1499268584072497
1.1701073967913258
0.9999345173220879
1.2119364948915785
1.0086392689920822
1.21975238885944
1.2396686840734588
1.1734543360202891
1.1124466941841935
1.2523138307872128
1.017935263143972
1.0174579550950775
1.1046648577402993
1.1848591406957165
1.3018509553195183
1.2767436164523238
1.1786011962737395
1.243233066006836
1.1091819695625555
1.282009626935756
1.1154931387314557
1.203028483297865
1.0771268556892557
1.1653528182162112
1.2126285759931097
1.0332580518036385
1.3933825146830987
1.2230096451326788
1.0873788762481242
1.1763577665461162
1.0615682282994172
1.1950703421125946
1.1249166691363397
0.99964036218551
1.2166394717369269
1.1948201676225731
1.1568178222752203
1.053994217463844
1.1067124175323564
1.1523459002034753
1.1271753019719788
1.199701035748966
1.2975401504194817
1.2063436165004706
1.0427157967582903
1.1600344949614674
1.024724048642387
1.0498607173367356
1.1083334825375664
1.0018502161770988
1.2377645456869117
1.033034245216211
1.005289233701228
1.1496155836148265
1.17041618388235
1.2189550145180827
1.1445081291588708
1.2554194901639726
1.1746478342138995
1.285187775739805
1.220432559758442
1.00849463631268
1.140788664766543
1.013046433522268
1.2173302464354532
1.0750011596081404
1.307832295418114
1.184245510920138
1.1973074451408858
1.0334431014091208
1.2485076100946704
1.3160165930924497
1.209269462103181
1.2554656704627758
1.1592325255237168
1.17989860205461
1.0588065999503473
1.1306942049530904
1.121376769862673
1.0021302480911707
1.1962554419053855
1.1030952869734425
1.1810610603343275
1.020536086897711
1.0548946432735662
1.2031090532249458
1.145437581696064
1.0450634746899683
1.3453867505025001
1.1442941281192052
1.2458633862776114
1.2095798482762108
1.0195801617058275
0.9976659369012888
1.3447424046511773
1.0630959785977
1.070328056166518
1.0395130449865608
1.2716037714149617
1.0635510660727818
1.0345786523003242
1.0633813902468918
1.199956954664084
1.0718085204868435
1.1764335134531232
1.220857777445633
1.3187201921194698
1.2385409357429107
1.1729618611843509
1.1004746721705352
0.9907552298669675
1.021976475727992
1.2527901061190867
1.1627274414415791
1.0916169107705815
1.1613126325245626
1.1434723945206406
1.0324706600502842
1.2343905072935404
1.2908419867499024
1.0088087137967805
1.1668276311688803
0.997381169653275
1.1798755892966157
1.1227163164746548
1.0911290006572316
1.190366014834142
1.154637741410797
1.238082532874119
1.096801520555807
1.2149448308244724
1.1521260118480905
1.2278615873853185
1.1626622205346258
1.3447348945270043
1.0376758069009144
1.1487172277274535
1.0865052697482116
1.0960120127932615
1.20259732422358
1.1079506152129008
1.219454189626398
1.0683818590666345
1.2396560763300863
1.1799160461596774
1.1428867281258754
1.0346310536741483
1.3033161269984017
1.0514186829095062
1.150901684539205
1.1678281800648573
1.138623827486319
1.2394249042956869
1.2946660533807743
1.1955193203323753
1.0953184304073453
1.0295810440994886
1.0981553375485817
1.0677708123511924
1.2363088139501641
1.070800149019104
1.0872737398442698
1.0171327082736668
1.0905294392498632
1.0071202667933625
0.9864503370888285
1.0805569636799914
1.0273485569836218
1.039186425594165
1.0032490621891224
1.1893378706625424
1.1527960018007088
1.002809339807293
1.0434612930170966
1.2251992398102427
1.1659237510713876
1.0281645347845563
1.2831391091908808
1.044194131170587
1.1776528806388278
1.1971944684511215
1.0150151422625002
1.3165668590516915
1.1588665988991873
1.0104369341973982
1.1639060022616032
1.252986421020386
0.9873446536865172
1.1890497034926466
1.3001883636279765
1.087477633187608
1.078948260124877
1.183146225079666
1.170906916861572
1.047016813518908
1.2227108534731477
1.1608148717904043
1.187654663462173
1.0487500009476094
0.9943668715141569
1.1142029311421813
1.0471231677245825
1.1320653900730342
1.063910282768085
1.1165214529148737
1.200285734600784
1.0494176519058247
1.0439371293979804
1.0058173169343763
1.0985992328929592
1.1449760475219075
1.1867933231417045
1.0175410815880228
1.0775709960545732
1.283189924964468
1.1857946149981795
1.2641358347052543
1.062681305899893
1.1515935016400756
1.199417232759916
1.0078719789606652
1.1563806303274737
1.1866456816340023
1.0217286317396401
1.2015263903976123
1.2091212588630154
1.1756686060687398
1.1162389159201442
1.2213860451125178
1.000875448285838
1.1314032420764053
1.2377680851263295
1.2472525969844646
1.1978784614271056
1.1693056195296074
1.0720451554616797
1.0913838313029607
1.13417379703952
1.2012857011913904
1.0793443675819006
1.1052098347175232
1.1860515871743558
1.2415885878041368
1.127425322487451
1.1211897454255133
1.164386535675376
1.0101699843721368
1.024907784141479
1.1285274370232339
1.1686213711484217
1.0312541918432425
1.0403879537226728
1.025467318074302
1.021046569226645
1.0050887924854432
1.3342613348189194
1.2676918271645854
1.0971819183904366
1.0809445286764021
1.1139777902815304
1.0849700200287022
1.2944285641193702
1.287624149690456
1.030798809525383
1.269861275354617
1.0148187400408346
1.0647155560349946
1.1088092749435547
1.1138168812419285
1.1239271194066218
1.1160098020352305
1.2714836823170628
1.230101223156805
1.174483582756588
1.2143304890503637
1.130217436773144
1.0569626968080665
1.0309464402374775
1.0445413859126158
1.2703780590623883
1.0553499650470908
1.1940719121814025
1.0052795102309173
1.0769328834069534
1.016881538773108
1.0241469080035706
1.0749842670041339
1.0433891973069902
1.0926914438065625
1.2337357086656873
1.1905202464694473
1.126910032378976
1.13331990783777
1.1815507531002971
1.1937679072737686
1.0007678929071167
1.154005460749959
0.9883543751018637
1.0947379023932693
1.1056469430825149
1.1546798599019321
1.0855940722500985
1.1683141619035378
1.1358100370474031
1.1736391231698948
1.1594407086978413
1.0500328706776818
1.1683031095466523
1.0068957962645144
1.168485760667383
1.1489898333264654
1.206509512726594
1.1404600798357594
1.1495109386305347
1.1437514340025186
1.1597649153445613
0.9987238364562183
1.2404284221495223
1.0419052473769739
1.1580501671074408
1.2361938555813714
1.0417527516320675
1.3554482822413827
1.2935305155333081
1.051584531100707
1.1603125807524453
1.3196380106074117
1.0846062642397813
1.183525147713646
1.1454658719167696
1.1765941029984677
1.1004890036239636
1.090754361078031
1.130755514088389
1.0234584888199723
1.0155803141002393
1.0379908624075076
1.0350089285373427
1.0092815828283692
1.0418333226168432
1.0235337770128536
1.0045072681098914
1.0152157981821823
1.0803222755015396
1.0608043091990105
1.084022315299012
1.1100452627633988
1.1634250038105594
1.080534472500911
1.0976356853021918
1.0251042827621817
1.2102716486746516
1.0957808604192247
1.2184754430887594
1.0266450645338918
0.9889194214436168
1.1099376842163888
1.0701571045256375
1.0587580097006029
1.1809920648576757
1.2828112190246495
1.231393466437994
1.3094792588045114
1.0231303155545768
1.1298849522650118
1.215199590039189
1.3230303440218119
1.177585446521657
1.2901165512664545
1.3549805176164853
1.1331211839161264
0.9951232932216584
0.9941199140933504
1.2547405820790423
1.1994821305911068
1.2860485108229824
1.0325432787668167
1.2050590028338204
1.0571944053479023
1.1723847841619424
1.2940744199400884
1.180579845801325
1.1672556630147708
1.187336073507232
1.0372603156171682
1.0785906353383437
1.0038582262182238
1.1437765553178505
1.0419465496109266
1.1759025328304382
1.1061546974554766
1.1860029351504502
1.041962694020146
1.2976096180777064
1.1650047143001219
1.2276102676326461
1.0312270048247334
1.0183654283514527
1.0328549767574178
1.0806717374238093
1.1158575418196013
1.2701331369774307
1.081845084961558
1.2538421322167326
1.1448442895704123
0.9851663904290884
1.1423660753463645
1.1276784978027679
1.0499010904132797
1.2563984548156584
1.0211878208988714
0.9841965857756275
1.018583043944241
1.124406634778974
1.1113596353702009
1.1443150813451957
1.168187029072359
1.0458022268664886
1.148541514913398
1.1334692008436742
1.103341256769587
1.2653484436570794
1.1569842180240082
1.0461379935805575
1.1388810645036913
1.261973340095647
1.0632240596798643
0.9999494920571307
1.2603440881906383
1.0848537390771171
1.2473676423390074
1.2915950863934909
1.213159836045764
1.1042165599202096
0.989097882360926
1.0875628970822249
1.2239363958437903
1.1827052003437084
1.0727552423173614
1.1291002746707008
1.1513399894850616
1.2967725927424332
1.1857191525957682
1.1134422686172276
1.2230993036514424
1.2634897389508655
1.0361094220241645
1.0472785344568574
1.1542916477581158
1.2680281393352626
1.2581983613420935
1.358790901998402
1.1410603536053388
1.1620898650961886
1.2558666670604903
1.2332066487504043
1.2955995175538164
1.2101378206858882
1.0008749515847815
1.1360770301149121
1.0757526632412984
1.2232221603755016
1.1633331804237141
1.0386395094519179
1.0192303864954915
1.0184022246314932
1.0526564365611404
1.157038487964242
1.238151484072122
1.1239766949187715
1.3090044088349297
1.2028628039950318
1.2592495313528755
1.0316070306590104
1.0186848443786036
1.1089787657250976
1.1523170926454278
1.3225620561487081
1.0331845617837847
1.2167749212406893
1.3031157462975613
1.0775745273391233
1.2443716548703228
1.1826078322975953
1.039938533427926
1.1084923260689892
1.2254966078510174
1.2711017263805398
1.1643866437555246
1.247707760865185
1.177330331850992
1.1423946602991393
1.0765557360411542
1.145148155067602
1.1144998577417689
1.1200632229378535
1.0613551436313318
1.2432685807010757
1.154677178626237
1.2406926045873734
1.1504986526592695
1.1621253613405698
1.229627625944035
1.0725949779833834
1.1722029197526898
1.1625509966925514
1.2198497806291784
1.0239634819195804
1.062027439457566
1.1351249384805675
1.1547881829289104
1.012517723880545
1.3811852354823748
1.0763850403069393
1.2812209400627377
1.293644376108438
1.0626709831199188
1.0117181233611523
1.2526235713750984
1.0234658002125818
1.045761055610919
0.9999283357387159
1.0603319790744774
1.229280074964947
1.0769591358198585
1.1152535656054492
1.291461699840605
1.2391331178780363
1.038908838083191
1.0043665754966533
1.1316835465750406
1.2253998755364488
1.1865688586211642
1.1504673676235393
1.0025267879987205
1.21865725480083
1.0182906090436001
1.0545924499921624
1.0880291311862722
1.2650532704296693
1.1626277929637996
1.015356023209375
1.0267958119558114
1.0017111870968445
1.1412191399684388
1.0789264122659483
1.232148400426376
1.055924938580085
1.1391119581962401
1.0769670252621388
1.0660607048650514
1.0487658924689707
1.0139462485351662
1.0931562873870377
1.212559025950261
1.2513675821710895
1.235991319309337
0.9980556576315548
0.9999724824460957
1.003564436752806
1.339026343839096
1.0862171134103498
1.3039236241672605
1.2062276409831347
1.2077591915771784
1.1925416952771777
1.0988852319613556
1.1535862476107899
1.013121046214787
1.1967901334114959
1.2689505209081136
1.0324789587175398
1.205778928782603
1.2049687864074077
1.1172639395116801
1.2317564791339373
1.0405086552300364
1.2167659690258374
1.2171862626255077
1.152577062079046
1.1589540215934873
1.152974757556716
1.3488064146968703
1.04313963971722
1.2337705858280181
1.1845671398937427
1.1595055523087918
1.1983686965153768
1.1779989980715455
1.181172397753891
1.1506573488008036
1.0155515086746225
1.2672299068195931
1.18528483781003
1.0577808370717068
1.007438247882913
1.0594809581862523
1.160680972873593
1.1149800507052565
1.302482457305601
1.156728099042301
1.191238669163682
1.1855241854057061
1.1375088805871392
1.1381352937075238
1.2422614811050834
1.0470921633648185
1.012233834402662
1.2747231560078967
1.018858013008781
1.1014131143130634
1.1455009671736556
1.2435696996843086
1.1803878089481172
1.2064214453611448
1.1678419312119277
1.2216403533624056
0.997224168553949
1.1519196994195067
1.2300418476136872
1.0294774270044236
1.0534494974360933
1.0305186606256298
0.9985601455084685
0.9971283016011908
1.1499355469204409
1.1421818591347734
1.2886871487797995
1.0097596966254085
1.2132842608171768
1.1836942180072194
1.0309119514563128
1.0531934759544694
1.0971604902879177
1.0439525979731463
1.124971366501309
1.0357250744989206
1.093176720026951
1.0431558604422726
1.0325152295803157
1.0644101908060937
1.1199007354013557
1.0235689876445668
1.0687742508472566
1.167902437999453
1.0043889120259701
1.0448293997104514
1.0744751233290646
1.0944338636898112
1.1044996942856948
1.202451535983318
1.0640243911581995
0.9929400207830495
1.0970236039235954
1.0634613825392232
1.0348536013885314
0.9992889840544781
1.0511096747041058
1.042444041492734
1.0006003662776064
1.039234807797887
1.0136104326049034
1.1022944798493266
1.011235652764832
1.0038057779581675
1.0148142368530788
0.9990250442338431
1.1159086061531571
0.996583553384889
1.030128731692432
1.0283582436377132
1.0316907327328355
1.030248558171631
1.0392796554371533
1.0909791661102575
0.9923701500280897
1.0855320761867653
1.0741491998218478
1.002769697388503
1.0596646312814588
1.0615709206798125
1.0506106792167071
1.028047540347176
1.0800216235861095
1.0066908324506103
1.0404778752075534
1.0667683773702907
1.1363285527550882
1.1232717571855062
1.0908898991791052
1.04299661156185
1.0175122875764762
0.9876648677479597
1.0117621495735165
0.9876793416991404
1.0757215154263595
1.0471408365882653
1.0535498850060978
1.0491918533301836
1.0810563737666201
1.0273331657958336
1.0449199224727317
1.0362167258490318
1.04864204713571
1.0131512874695165
1.0839797014838075
1.1353059694148078
1.0841049082001155
1.0835388621634985
1.0630728044871576
1.1204888159873643
1.0416071637066602
1.105276138013012
1.0526401557945877
1.12026918133741
1.1301112608671802
1.0281488221478214
1.0058854183924923
1.0743608724355838
1.034584334987105
1.0732541878065749
1.0697732427747837
1.0655452217809867
1.1480263699777888
1.0754124083608763
1.1045342874008781
1.1061388141197346
1.0028533604629346
1.0311513337548663
1.0804575755788692
1.0447679367154419
1.1958481531909417
1.1454215567497779
1.0388717416264677
0.99202789945075
1.0495780266786123
1.1013070528589302
1.1228785077731203
1.0425012041215438
1.1322360905111555
1.0704283312335348
1.0504615255021608
1.0567948337609931
1.0925276393076442
1.0946465489736066
1.0819258327934984
1.117942270410925
1.04514587855487
1.0658232648876376
1.0631355912486744
1.0941697279153006
1.131971336870331
1.056180359821342
0.9885274534096904
1.0782059252622638
1.0290808425146076
1.118195352251316
1.0112399417322322
1.0274253411235208
1.1100884837060296
1.0183952771585643
1.0458091340876543
1.0181675123446
1.0425048601787126
1.0819223263899407
1.053920602924157
1.1140709054229998
1.0658841145140245
1.076058334406847
1.0751559276941314
1.0765620872511656
1.032197760178836
1.0270420507137912
1.0820118270446102
1.1124241485179835
1.0605433675722171
1.130914268422331
1.027246879894488
1.0138886331730443
1.0490448554207707
1.026449419947542
1.0180712692502154
1.0788800800167828
0.9836415320180775
0.9988514949871847
1.0269138135152938
1.0178203455902852
1.1147483806934115
0.9957993044570241
1.0293639977460454
1.1312658697828668
1.066927117051406
1.0622503106127055
1.0097269607210484
1.2169263344291097
1.052852190237727
1.109163655482705
1.0845078485816055
1.045550589106575
1.03902341466368
1.1068538760253297
1.0703904443786911
1.0503815267593637
1.1578180489109133
1.1463484694642403
0.9934378105102303
1.1204451510125424
1.0628856708676966
1.069066355497974
1.0764472176221935
1.0208800924037038
1.0705705623978958
1.084161922839094
1.0732120210052742
1.0474265548448582
1.2671876266310051
1.0513257982932953
1.0086622910030623
1.0689898219919756
1.1577171576570173
1.006246675881247
1.0913501000153523
1.2922605974649548
1.136285043397662
1.0814112385521353
0.9937491030148371
1.0331233612247785
1.1095549857491445
1.0533057157433263
1.0732114310044987
1.0607122288245034
1.0817986373229744
1.0541963317913747
1.1447614640165222
1.074865194067511
1.0546861552285867
1.0082141785035126
1.0171388807037895
1.0809333619420234
1.1185504951293144
1.1442149758124045
1.076075542708835
1.056900433430308
1.061200066137638
1.005045012769882
1.0262404111595627
1.0389252089528724
1.024968775317113
1.0705016312747988
1.1019055543348644
0.9852656067107566
1.222678230884665
1.1663069293450454
0.995893463058118
1.109163472046356
1.1228047391148333
1.0139301869325372
1.1243436888281542
1.1048031412998927
1.0540497626012852
1.0618340849672803
1.0449128071176748
1.0807756502538188
1.4038380508183963
1.1272340139564165
1.081088828070102
1.042985969385202
0.9969785504966902
1.1008382712064766
1.0761501624088154
1.053378230942163
1.03847024646966
1.081937927816122
1.0641789777512913
1.1118059227690624
1.170543457702953
1.0756021095211428
1.0527602611157696
1.0839358554561078
1.0754663236035562
1.1761724168362433
1.084431989905473
1.1031915797396312
1.0277945761450427
1.060000791592659
1.1431970104463651
1.1494859911603135
1.0621353203682609
1.1621826403168962
0.9872289979946706
1.0746498141594865
1.108754991908209
1.097574026098626
1.0152527567687666
1.0041100146046618
1.0079781632845237
1.09274589801584
1.0842889345823499
1.0676774291128965
1.0375197864810595
1.058578480672311
1.0892565951167301
1.0553272505995739
1.0498731204080356
1.0598915623396645
1.0867209904336592
1.0407548624553122
0.999739741053477
1.0431667730446184
1.1483856975968254
1.089119447615884
1.0490118840302223
1.0844906592973165
1.0726754623406047
1.082546038716272
1.0118726527427628
1.093938048728575
1.0478517548390642
1.0605433809331557
0.9840802283593654
1.0241189577436112
1.1304559950323332
1.0593035565909132
1.0495653775612142
1.0916589644677643
1.0410857041276773
1.0833002998463932
1.0323883973659975
1.087040016705298
1.0435244517231443
1.0834644906616293
1.1696193092311902
1.070721326094009
1.0112726156947562
1.037013280966047
1.0410626964174017
1.0674494734831117
1.0024348872226072
1.0852748269170749
0.9998617879068362
1.0584665586101722
1.0101963593511858
1.0835095725079713
1.056558880338816
1.1108576999070572
1.084671629538263
1.0667586968575553
1.025613298766468
1.2329937384805336
1.0635957090815245
1.0793970216101458
1.1314127066409487
1.0206749282433103
1.014874437798928
1.168666004828658
1.0478722521763144
1.0720218899597351
1.1687551871518278
1.0139850257082408
1.0463478065578191
1.0561258513378975
1.038779717766044
1.2061076966936553
1.1751206228415316
1.0708522526452136
0.9913746884723738
1.0111130223192606
1.0878909281769888
1.0158504979961565
1.1364940916903703
1.0885335793358693
1.1000956138005387
1.060587954384437
0.9878492048425302
1.026703778382328
1.0005231846980331
1.054440175603991
1.0530431307218173
1.1212975828672664
1.190249122817266
1.0648250969394923
1.0411613165032196
1.0091294642292512
1.0614616818412768
1.0662086510463804
1.1353482519584859
0.9966260104942339
1.0571545701292837
1.0786403297805938
1.1492077118312425
1.0536945651867895
1.117565362561068
1.0744578712301454
1.0362102453750128
0.9911059437330181
1.0295493705244037
1.0505958815343388
1.046737741308757
1.1373339870418362
1.1835147202616432
1.0579355928923309
1.0092949662584245
1.1163128274473595
1.120830816648186
1.012001865833848
1.0755811656325727
1.056061723024572
1.0678081264931212
1.1246530318193342
1.0138299010385958
1.0614519538768799
1.0060066979918103
1.137027525196156
1.0367742839318081
1.0342974535992222
1.106477623021585
0.9983705411178848
1.0613163789983606
1.0787715858930365
1.0694083959025724
1.0592837353065572
1.0729013169077528
1.0601000887166154
1.0600614707812792
1.0556291004466292
1.0808173823327951
1.0592224904595358
1.005961451911349
1.099980675932969
1.048601911794668
1.09613097379193
1.0899148922877493
1.0569575469876813
1.0432423527153785
1.0003395801374437
1.1049356110327753
1.0204867927311887
1.1208353855982136
1.0396869997287654
1.0815709493473145
1.0702461323521546
1.0053058170442957
1.023081937256869
1.0451181708466724
1.0608218819210198
1.060105183810374
1.0803365556516604
1.1266751303410634
1.0722424644242685
1.0476434056484156
1.0071501732840462
1.0697719229662108
1.0404066536407188
1.1516921597021788
1.019782415611625
1.082729331768783
1.1264667016593073
1.0498701737380016
1.0321235104374396
1.0740557215696631
1.0391725657823696
1.1354981602572782
1.02951651647029
1.108101379278839
1.0298386127267078
1.0370781564894376
1.1203155588008145
1.0588895617070464
1.0994567766205372
1.0479225315864125
1.039719655002538
1.2083277028703425
1.10952220681546
1.0597344739038026
1.088100094845569
1.0865366198740591
1.0964298036311935
1.0356717791385146
1.0782479893638368
1.033191633264177
1.0429430503508859
1.1305770111655176
1.0347612589849615
1.0343784757292305
1.0541941118818277
1.031118523654221
1.040241158182874
1.0469215615681506
1.0928318611025536
1.1228241024835497
1.055825756990266
1.0353359706275604
1.077544678279128
1.1354499374091642
1.0911664718135825
1.1377344516050578
1.1687869176586776
1.0348250145492082
1.2022217081942383
1.064600808568154
1.03816696429151
1.0804004013629305
1.0410731746458526
1.0597309177927579
1.1166885589458952
1.0763911054048068
1.002557301453422
1.0348464859321258
1.0724899032344195
1.0161955974613064
1.1226147226323795
1.0794477251736598
1.1155407525566938
1.1001775835821643
1.1142693561316466
1.0158333304889529
1.080799692843208
1.0083604026981188
1.0127457924781327
1.082800167558437
1.1210598489586752
0.9941750375488919
1.042150642516188
1.1497387803364623
1.0524248816382484
1.1295968006158197
1.056960968929404
1.070615581878718
1.048529583643719
1.08774705782687
1.0617624014164835
1.0548701563560603
1.0716296816254212
1.171504560333953
1.077950648751856
1.0889265231981469
1.0619562224867614
0.986364406311434
1.128111324137462
1.0364102272794233
1.0331549156370476
1.0827286065790795
1.0207766836886303
1.034774595626923
1.0121666276937267
1.1234741250382645
1.0443277013421703
1.004122567974147
1.0512177696202654
1.1527812724791981
1.0741369592058887
1.0656131224625678
1.125672564208796
1.0902920862730276
1.02918378292464
1.0578219881561017
1.08668650065974
1.055394339532036
1.041272963328224
1.040838841330747
1.0861152984865563
1.1150570275555511
1.1585263813602893
1.158379169004057
1.0510170341833125
1.026196351742002
1.0715158316925562
1.1440694028697513
1.0289693605715637
1.0519676346571534
1.0523133059463445
1.0800529143188302
1.0631321020621063
1.0697577889008323
1.051710451482981
1.0423288442647958
1.030141000175112
1.0216118782797534
1.043030572283868
1.1344092094086373
1.0237726213744982
1.1432898538119882
1.062368153106157
1.1111655800737885
1.0832680589789834
1.0977064995925205
1.0116301055164016
1.0097988644545823
1.1353067599814348
1.0257366541170616
1.040009339099317
0.9964587522657931
1.0415079224587747
1.0733829166408233
1.0154454453823984
1.0079278997496772
1.0188068036937925
1.1348849883097871
1.1142168330532567
1.1108377027955256
1.0707393514079466
1.0363492162461552
1.0114108289910404
1.0200809859334696
1.0099817414920533
1.028235212041443
1.0521596548042091
1.1113248020745519
1.0251431923369485
1.122594846806055
1.0339483072593016
1.0746723555991875
1.1023163380143448
1.066563072874975
1.0236621217619626
1.0502341853464654
1.0559386199672371
1.034291037271935
1.1022141453259533
1.1207935017853268
1.1046593472227906
1.066611588454835
0.9877276494178853
1.0336652571607057
1.1527545185775172
1.05973819874059
1.0117270075348679
1.0779288880504578
1.0444310183515255
1.1385673790051425
1.0551748207205711
1.1138116336794535
1.1294001734706964
1.0358579960618732
1.059843465812113
1.1451209019287267
1.2441099091716068
1.1411851993487752
1.153714675697196
1.2233134903337426
1.1981943060724667
1.2781987444791865
1.1059393399410193
1.2375382688451606
1.147507105952327
1.1563626533483462
1.1957771323490545
1.2186157493976908
1.288448248181759
1.2281867655493577
1.2627739954062442
1.0561753134893503
1.2038302272697259
1.2670487117913722
1.2095241812924509
1.182018367536206
1.0822969642288285
1.2339017676254822
1.3145595890088884
1.053760975300222
1.2058232860593485
1.2280054689045905
1.1522951072883056
1.3533195358297008
1.1941728297172693
1.2799659971127535
1.2378616939804186
1.2680880541560164
1.1294201776373363
1.113396357049187
1.102219394529296
1.1556514032170064
1.2319873057785995
1.1403321782290057
1.165896823797053
1.1110806716777772
1.208380514698025
1.1663817036214736
1.1211567710087078
1.2713981261184093
1.1734999516462938
1.2202371770218559
1.1498675654627495
1.1872081519791662
1.1895477624505753
1.1977872374351217
1.2236786569703122
1.2202010206784364
1.2525592028454977
1.2589873553699835
1.256205867950433
1.1290621200340238
1.0258653496396017
0.9917392600029329
1.2707036901778896
1.1780071981081677
1.244863480530133
1.316244295046451
1.2923888701200825
1.2048531114349839
1.2585226006308796
1.2824920702021114
1.181421395914459
1.1749225587065781
1.214878969404602
1.2573155110429655
1.1846038900844227
1.1585603370075312
1.2517756572500884
1.2823758215666077
1.200955823029409
1.124823520873229
1.3020796524431961
1.192945296826469
1.2901225452225134
1.2262485794648423
1.120597579342998
1.1850243469918695
1.1831460341197633
1.2066999082312033
1.2581483229133175
1.2516301530961624
1.2328469081825297
1.2599950244702274
1.1531442641281786
1.276465536641867
1.1419675316668365
1.265892256662409
1.20566508219809
1.1786158137964775
1.1218829393237453
1.1705200439011345
1.1289502557216857
1.1545687969900045
1.1260074028015907
1.1509991605288996
1.2789080322362054
1.1811756533721967
1.2611313468893162
1.256444601887841
1.1451257806115671
1.1953630414472536
1.2836581653522137
1.1996430326445264
1.2171378739901215
1.2371766998448945
1.190829355438686
1.1215106456938755
1.2296172623583361
1.2119349745767058
1.2392744673303386
1.163305234182102
1.2179912831176487
1.225913459530564
1.3095253347482871
1.2290138570155336
1.2537127531355308
1.1853869949676894
1.126424351121688
1.2407740131631484
1.1913378824770415
1.1271372767381316
1.2694450290117978
1.2082811280965762
1.1422044442742645
1.1580239159906092
1.1786321244371252
1.2614325158306865
1.260791853326384
1.266439654269811
1.2015622554963086
1.194283321626585
1.2623375562175454
1.239253212247289
1.095242190591295
1.3229548321981262
1.2557650929991835
1.0771484750724227
1.2359071035673561
1.1877887979326838
1.3126095964758222
1.2216913423440583
1.1971597458645113
1.1899205504219244
1.1927550431492617
1.1415428526281741
1.1844600487170764
1.1293383153276007
1.203823349471866
1.0009506024611736
1.2504105445740268
1.2162575558016566
1.1195566063393245
1.269067672610884
1.1274172425687388
1.113988979238545
1.2678469510343882
1.3132167344022763
1.2915829402740426
1.228164890528939
1.1400433119961784
1.3093380870161782
1.210924077641101
1.3862137316126415
1.1206319484439946
1.1894278519574033
1.168106057057567
1.2236571400813196
1.2697248102208512
1.150765047967044
1.2183161493459025
1.2390206592502184
1.2520849936106675
1.2137239358885474
1.270410512438326
1.248996181658654
1.2363540065627165
1.2530334931100524
1.2677840153475173
1.2010374938682584
1.1110578927530717
1.214274095474816
1.1847930481429843
1.2261356018384262
1.07188583649702
1.0673378933791118
1.2239581272081932
1.2890010264603378
1.2441939092256389
1.1811417450070727
1.1708386124427324
1.2398948804435244
1.2097216797912267
1.1794309684961086
1.2715946126322601
1.232708844958283
1.1775477120012643
1.2799281293242155
1.1551945707983857
1.2352377320533532
1.1409586045574278
1.2332198279436213
1.1611890635687492
1.2010159279457127
1.147933949246894
1.2012986001568602
1.1615512406492279
1.2307957258425486
1.1406847136613727
1.1982058834203198
1.3266583581476472
1.1864809197337967
1.1263332786964875
1.116505201936594
1.182601531762154
1.0898297032781266
1.1068897984534798
1.2461091903970822
1.090343847334567
1.181310522985777
1.1951407525864228
1.1324409895790912
1.1222864800680397
1.2085745973406234
1.25134273958827
1.299264355621722
1.035330695238235
1.2611681055659945
1.2233991209819062
1.2504774233893803
1.3244813689098456
1.1815359411208506
1.2272324198251114
1.1861231657731548
1.2769129274168372
1.20786630829218
1.1912009866897235
1.1992370706847848
1.1604471284716595
1.204365850913851
1.1635109279908145
1.286775133247811
1.2076460772774986
1.2011168207402112
1.3158381302385351
1.2424565212912322
1.1803336653009198
1.2756713774025692
1.2502059469229532
1.2283935949531504
1.240558993564329
1.1720985105576762
1.1597150256674271
1.2139239918295524
1.149400636396213
1.1337260104538176
1.110240887443243
1.2766953092927689
1.1850827355851377
1.0978181927778543
1.3329852302683953
1.2160069852937343
1.1299486724889558
1.1252121546198621
1.2678463507776692
1.322347595569818
1.0966203797101277
1.2309560132967445
1.2038728555927662
1.215836979390904
1.2038768276846301
1.2684998128361598
1.2694809619313674
1.1736360883979846
1.1687095079917131
1.202710028239386
1.2381613660083353
1.1831136502322654
1.1672496048381569
1.2539879477133447
1.2212747469080263
1.1747051734725777
1.1562825582467366
1.221909836529146
1.1646179137841792
1.2433981165802324
1.1388374899081524
1.2382132691448515
1.2119650979259418
1.190187440542934
1.155188840727162
1.2151600470789732
1.2306965586986522
1.1917083026425102
1.256460894059945
1.0701896990250097
1.202980653301753
1.143192953919821
1.2270665900306963
1.3114021024923723
1.165570039479817
1.3200588119044208
1.2831943442208007
1.196840067534367
1.2576318300970288
1.3607106315557014
1.249658318868495
1.1876291854649466
1.1780549210076803
1.202460838193351
1.2406937545933006
1.1765471026837555
1.2476288494515282
1.1891483546950323
1.3423468509126173
1.2365392598598326
1.1972387068834742
1.1650725005125464
1.1800657736599303
1.2921553891508286
1.1677560909831937
1.1944715857891708
1.2113795171012316
1.190916328047636
1.1350181457541497
1.1420757665615084
1.2756173706808975
1.1760096074494082
1.2235840597880427
1.1171707706324263
1.2005358750063135
1.235327466019395
1.1102000745399339
1.205624419258821
1.1427297899299544
1.221087538490029
1.210106979323839
1.0746341627534035
1.2365134983889834
1.095486233625759
1.1753924269935823
1.133808099450859
1.2544148019800159
1.2881933452517338
1.2250909990528742
1.2578539647384075
1.0871470472037326
1.0956137846745269
1.1564526912951993
1.1154314714408846
1.2308554332969615
1.2124624823303836
1.272666039082859
1.2473224582981317
1.141026821233646
1.1058273965438616
1.3117827586973143
1.2257115006006725
1.1706210106193702
1.0276131331647016
1.2623757965083862
1.2343520191255704
1.1872722093326127
1.331626461892808
1.1249164082903325
1.1042041753822622
1.207860807444133
1.155464819224865
1.2582099920473087
1.2920756353125913
1.1718049834369717
1.2220593350539162
1.022916459474187
1.2262045289206782
1.2394636260949845
1.249285322455588
1.2669729392390403
1.2836331714298372
1.2758004237695268
1.2633502317778769
1.2700531997003952
1.242704393385849
1.2598786788501788
1.2374529670806247
1.2400297312701494
1.221172666205264
1.299203158984342
1.1898567124636603
1.2514075398714553
1.2200102295888462
1.1286010028152331
1.3169208812117452
1.0459293624380022
1.2107868065514595
1.2297414056401517
1.265201981055988
1.2390100267068043
1.2143782051743983
1.208301636478112
1.2490023599315403
1.1681788431098583
1.2000170110760133
1.1981079858583017
1.1693899043906781
1.2940567474238789
1.1992809109733313
1.1544001080535367
1.2158952555669995
1.153840137924435
1.1906604631724034
1.3457847156079288
1.2445934946239519
1.1881555748423642
1.1945901281628966
1.224788837349041
1.326973280520372
1.2276161658918636
1.2782910435005712
1.1426325503183217
1.2787051541444263
1.2825017733899453
1.169223614552096
1.1242239778484957
1.1454973539573376
1.2915780211658148
1.066722561576118
1.2352075983363553
1.1383160664507026
1.1879989579331725
1.1322877814673906
1.2372717842432264
1.2517380227084098
1.222434345605241
1.334843515872676
1.2294410882617295
1.1410803546242256
1.2795698234763457
1.1653772075843023
1.2460664255896492
1.175928636432087
1.1887118292065644
1.1333145233562
1.2586177265705087
1.1543800020485562
1.247688421845889
1.1784882962863108
1.1050836566297044
1.1763385592247042
1.2512476806035324
1.2094852524209232
1.1862860450548232
1.2816547842152326
1.2842780666638292
1.1508488073128085
1.2277809844527183
1.3057874563143037
1.196729547784671
1.170182970852221
1.0627210198887533
1.1663189716016649
1.2015445438581962
1.2636884992526602
1.1823429133308432
1.2190133647746972
1.1751945636517
1.2402089814951005
1.2222473531220415
1.1860202382157932
1.2346883256768464
1.2820613323352523
1.1983821374789938
1.1725510538729274
1.2492006506176407
1.121793210733558
1.2531333839959893
1.1341998102426145
1.1355016694977484
1.1921603390886744
1.2914867154411818
1.283605538298997
1.227155723758048
1.265278357002194
1.1461818236788175
1.227522666866574
1.2530985024009051
1.2341575610424804
1.1792531480573223
1.2291270534090972
1.2946362578358137
1.2072583798887024
1.246990003821761
1.2184539516291242
1.060428769300268
1.1582275273437053
1.2004613092914689
1.1795756085173774
1.1680757689080346
1.1445644754971882
1.3464907764041054
1.278404642973298
1.1965490347594643
1.267554666262642
1.1918888039362674
1.3125323881454505
1.2427204383921395
1.1769951811663257
1.3217028592745281
1.2928706951861115
1.2016145924920019
1.3820661372099843
1.235166724756021
1.2317496591186035
1.24547462064215
1.0623211942616002
1.2980370963842622
1.208096222736989
1.2609397071889528
1.1123920121149162
1.1959427441896933
1.133780815944224
1.206761607814364
1.2470026895063602
1.2862310975672326
1.128379149106901
1.2804705229396232
1.280811803694971
1.0866044071920795
1.209956712184263
1.2840778292965884
1.2934828263343676
1.3397666952914997
1.3249876366336146
1.2753435525782644
1.2308688955674272
1.1625451363042933
1.1994925928011546
1.263549331141092
1.268103208848533
1.270202930023877
1.2767569910653351
1.2025580555023831
1.2554555626748363
1.2341200496538764
1.154945068877883
1.299900184392657
1.1682824139269123
1.2094798293630844
1.163800862244112
1.1552005180577292
1.1408586292562055
1.2312394095220633
1.2690378821083363
1.24171206939546
1.1647146139020461
1.0359150316633396
1.1744969721690044
1.2709626809647443
1.278924121372397
1.2794018475979694
1.297012436870687
1.1333684247501592
1.200258942298491
1.2057481363202822
1.2092878642041396
1.260154118709207
1.22973497226895
1.1509282539184291
1.2268312867111588
1.2312683863795406
1.2212989944106138
1.1657863534792337
1.2225676298013821
1.1275608489693707
1.1783148886457127
1.1819260755802463
1.2373047413878855
1.296350299960753
1.2034815072255105
1.2445998495391364
1.1650866881894855
1.254200090429322
1.1969758368770598
1.271149787532681
1.1327525802939964
1.0838910938725497
1.2616507006098887
1.2190643010476978
1.2630177067699393
1.2158590644221772
1.252732744915757
1.1492313423356586
1.2001879043947583
1.107226849519905
1.1182050194112532
1.204451022919405
1.212975211640524
1.1535273821328151
1.215317952256997
1.3074895554742247
1.3074501121951791
1.2795150151330292
1.3115465203535512
1.1657804003465373
1.296044163622557
1.1044393799565462
1.2409763124863096
1.1162863690807299
1.2070184821132552
1.2326815931411457
1.282524627339462
1.2182752380765205
1.1143825431075745
1.1891736346725952
1.0836530610869854
1.2069684948925263
1.2237581717463324
1.2106942599810568
1.2622947778254068
1.1699076191006264
1.1699402204346168
1.2088825697618601
1.2172858448570987
1.139884464809342
1.2283745301989855
1.144898378132053
1.1598397317975098
1.3092234930887776
1.1223585696111822
1.2011281361769148
1.1424319678705765
1.1498275461075294
1.1714435402641685
1.152653217836812
1.262040929011179
1.2191677882322651
1.1815533154719198
1.2312438858340562
1.0569580414500832
1.0769794978927016
1.23302130834362
1.1558751742992392
1.234153375574015
1.212015907131879
1.1884951651529974
1.2733582140242334
1.184052230899891
1.1657509662101782
1.1902570402833006
1.1713692240216713
1.2386790943618486
1.1699310061190975
1.2651628126359045
1.195164120819078
1.1821956145460533
1.284618504244588
1.1940961598290916
1.254470911711391
1.1599903012197614
1.2033363120362721
1.2603867780563456
1.2495257796022994
1.1312058577576631
1.2618836416495298
1.3224602046547178
1.2313297009206896
1.2934307500363167
1.1668906855566856
1.3019943429223226
1.262832046051767
1.144354313313691
1.1834069458850471
1.2241956127203344
1.1902922534955445
1.0383781305003137
1.2385101731007082
1.1496889233762282
1.2003011445282357
1.3159982610825798
1.2760987070510685
1.2099536790722039
1.1938989097990946
1.2710665970195796
1.2872227215161287
1.1970138522157812
1.2186517588322543
1.1463078835103102
1.2716161141867466
1.3526846463922144
1.2085895208298827
1.256631161232526
1.2466162799901785
1.2594785428190542
1.2615959441209725
1.1751117398166155
1.2202666580366037
1.246316671031939
1.1277278913940922
1.185150615576164
1.2177520860298814
1.1770672831562738
1.1890100386217775
1.1637669227997387
1.163139286326949
1.1473892280582003
1.1718709598195105
1.2135924337491986
1.1419807423384456
1.1885013422924309
1.1559514368550046
1.2789375761865005
1.2211813115542258
1.1747680577731867
1.2115674479685858
1.2700201643632163
1.1600563995125441
1.2341701841832058
1.1993417900941494
1.2322017167174955
1.2290552057885986
1.2591390794142223
1.2318810998255756
1.2960914252263067
1.2006037765816817
1.1753994967633548
1.0687806308632903
1.2099493950873943
1.1246716276422557
1.2856539495695887
1.2555203514844218
1.1838563994385845
1.1825522293803141
1.1496499689804616
1.0803265733718639
1.179029953628096
1.2367546806489123
1.2439705879817633
1.308888144040892
1.1887209576716553
1.1509076658561475
1.2083706357011663
1.3196731290010975
1.2712300987370184
1.05943327224004
1.2024498502221543
1.16030500979375
1.0973750647234628
1.407168174371303
1.2267255268788406
1.3384244155339757
1.280895865606047
1.247753275644526
1.2570465379238782
1.2104220526078373
1.0415303109141705
1.2212896555752617
1.2320373549982921
1.2405390362301403
1.1407647121139988
1.124364615042278
1.176903271440151
1.1906715379186805
1.2652185896666654
0.9912362712480401
1.1934318779458928
1.303571882338947
1.2183205208522898
1.1940854317907328
1.2282864155283992
1.2700259154635074
1.1564468887727366
1.312572177529034
1.1625389930402572
1.2921830659076425
1.2452477477417743
1.255230622293959
1.2000787028674051
1.2589131898206198
1.1335555828464496
1.2048117749336356
1.196871433122697
1.0555154034197969
1.2463874240638213
1.227110605900963
1.2106387510869834
1.14527072304103
1.1980280035037738
1.2779794447921664
1.199443347601925
1.2821639252354424
1.1799944526096637
1.1615454253986432
1.2331088956770937
1.2309173961093836
1.2511190553633629
1.2271663345327515
1.2517151736138572
1.1630779700242413
1.1674698203783653
1.1983059706197379
1.2014769180426734
1.2831907091640555
1.1953608508027196
1.2367828908823069
1.2096830394764737
1.2349132662640863
1.1731998708373257
1.2178279872687705
1.2465788715771668
1.1750730867442565
1.2363549998882917
1.0661803945595776
1.2200002063434565
1.231270892409507
1.2694211815476324
1.2945493100787628
1.200192096275266
1.2956254507243328
1.2530417134630047
1.3336588001070913
1.2193653638370126
1.2423039910682514
1.4012872149504565
1.2397228418139672
1.2823251431898512
1.2603300529762778
1.2408397629728687
1.3504040459472502
1.1721122025356903
1.1475244339388642
1.2854661631645745
1.1721974962748245
1.2233723820728266
1.3140197286269761
1.1211834080055798
1.2215822389060498
1.2006852311009302
1.1647559120024942
1.311273899668002
1.2803851900612426
1.2268304228836933
1.2873383719817477
1.313271112303454
1.2634388625088577
1.3041695365020232
1.211674239472154
1.2558093497167153
1.1144730368217082
1.1896750759072252
1.151878260522814
1.03005997303725
1.1632828024166706
1.3424218712987124
1.2324693314497102
1.2005551329866235
1.2449916039158828
1.0499165657880467
1.2173902714633964
1.2723756571830795
1.2091179567652233
1.2048108647362628
1.32470448076509
1.2416644832844386
1.2087948898460832
1.1369413032272064
1.2160959893032641
1.1753741916152198
1.2361688545479994
1.2303280473869043
1.2784616598832188
1.135669640993615
1.2673643076269534
1.3434159275929984
1.3286774821307197
1.073575027295469
1.3258800273796234
1.1039964149300496
1.3340338465534036
1.30030634882197
1.3712698786713309
1.2561945165608537
1.1638862624996986
1.3163073672234087
1.2065348415256905
1.3726752682792893
1.1121626826138973
1.0812200566578638
1.2412600887358518
1.262680767673022
1.1920909927958392
1.2511522472060919
1.2583502750054065
1.2638354472122635
1.2084381906681234
1.2668225058283735
1.346484139256111
1.1557324753373714
1.254652091236091
1.215120721465839
1.141176414283428
1.1843942957662958
1.2297956467250872
1.201569320165723
1.1908815119426293
1.2566446490190575
1.2358664216080064
1.2134687657224084
1.4218249126805964
1.2783235394916272
1.2318379578846894
1.2110426530612857
1.1879228995751685
1.2448710582280085
1.1539220444270213
1.2192717277493492
1.1805958976032462
1.183651473564557
1.1811702433694797
1.2729174438184985
1.1632809102452397
1.2627880186674827
1.2517950725771463
1.2427853138028373
1.069162560714314
1.2642072827055424
1.2659593007280923
1.2356510544403614
1.1007396690661273
1.071614488464614
1.1802094053001249
1.282642074309162
1.3271614291825404
1.198200591913821
1.13825380967041
1.0723767468566456
1.1240852209202934
1.296566975427464
1.1333651177428195
1.2240684444006584
1.3233489391835453
1.3227535477197783
1.359885864494104
1.3239423805733321
1.148207590715802
1.2506188660234852
1.3463230798620773
1.369635768919841
1.2454189122701647
1.2520982005171004
1.2631615586790148
1.2371764845126179
1.258649614783816
1.1911907972876805
1.2607464920435505
1.3199828770071638
1.1831731399463503
1.2709611578408007
1.2171768750711893
1.239320476486078
1.2851117348769443
1.2324495466357728
1.2535814791135276
1.2631707269584358
1.349976107159957
1.2737889545314016
1.2874358564449553
1.258056040917047
1.1370228251320484
1.2575461734838302
1.2157921965191916
1.1965484594928868
1.1778922588119998
1.234371358541951
1.2440192001122055
1.3483281791215092
1.2782505168884204
1.31446537010555
1.2361196216385522
1.3696611762606754
1.2422986984520838
1.171277449013234
1.3741754232716281
1.187482764323665
1.3255578768146592
1.282782683963332
1.2653940405608752
1.2538698972918234
1.2674679939208486
1.1823883730418623
1.2691132250026933
1.0726176102845693
1.1941312104390138
1.2010135240099489
1.2536355622914956
1.2944421736637177
1.278147622578826
1.3740029061453107
1.1172447404926886
1.1717716858516096
1.2702420410867445
1.3137824872837283
1.1830721645154214
1.1809823488442572
1.1509373481571745
1.2012917159577126
1.213977014383001
1.262440960367933
1.1698447196952524
1.211427960824491
1.2659374444692642
1.3028273207545047
1.235458467597622
1.0942734884134588
1.2717925992011865
1.339340464723059
1.2012043500076115
1.2325069870326635
1.225741656576529
1.1516315914559234
1.2274293274785677
1.4100248707527363
1.2819271803873136
1.2105760105040888
1.2454068471966162
1.2554545144717097
1.1825677733827404
1.2222382747892229
1.202021720536918
1.1585711259764
1.2460486990508084
1.2563557806452086
1.191796439850524
1.1097579533978965
1.17987615677464
1.286499988872442
1.206360940232623
1.3684794876062365
1.1337756477449603
1.1823225880872799
1.1253679943235186
1.3084142697191044
1.2363914471714905
1.217687877530389
1.2788912164482809
1.0663168706235997
1.2368852379273136
1.268036404880179
1.2738971551909315
1.1828084673362202
1.3079266741058002
1.3532716067756654
1.260112986829865
1.2561666594125978
1.3309313729327084
1.2137367347505255
1.2699637509432375
1.254474424034745
1.1888908096474087
1.3163018824905626
1.3300165212994712
1.2587914758397998
1.1607561790853516
1.191633212095087
1.2578480095063198
1.3299728878045485
1.2674249003076603
1.3532240558842439
1.3094843341918112
1.2289504691321478
1.3174532291282015
1.3037852322666172
1.1950265348982807
1.2310940273606303
1.097442675211661
1.2231256221532716
1.209540672970187
1.1866573113741923
1.1875575660630056
1.160980160538006
1.3035920041836784
1.3440252583193106
1.3854450923904869
1.1618722458306041
1.225265206834393
1.2661572765639335
1.3846604315856168
1.3658254667163447
1.3353892092774167
1.2423751191730668
1.2285240594758668
1.1625440456646083
1.2567778471247073
1.4065623978028816
1.2557110177736637
1.201495567628895
1.3028634671583608
1.1642225004055633
1.2649360435249155
1.2932926938784044
1.2086916116162885
1.2908264308669057
1.0744473063069346
1.1736175180505695
1.232860916315373
1.2754982547264178
1.270622985955026
1.1282615858488554
1.2643562326732094
1.286086281138317
1.0937656232109354
1.3045490123854855
1.2943336893428818
1.2808478733882738
1.2753888834944784
1.3070386661971911
1.189801544845427
1.1567708141057944
1.2978538441611398
1.200699945895893
1.1495202547205323
1.3296413693233822
1.427831374637878
1.250562764912214
1.2684334156216412
1.241533151530351
1.1496427732397314
1.117234909100017
1.239149590206418
1.2314649601782852
1.2834369745784577
1.2897782886770215
1.1820307413377846
1.2858517979594715
1.2756319207170757
1.241941396644302
1.2364012467907926
1.2491236458445267
1.276409469952624
1.449050522648292
1.3368021558444794
1.3624285081296583
1.192399644301689
1.217573550679293
1.1894248434982446
1.4365443162472558
1.1696939501009387
1.259467365623093
1.2834595134790638
1.1991848168285226
1.2918622158166015
1.21013664875927
1.302333065851627
1.2358044000891584
1.1590000170724433
1.2399006405380688
1.1885766743228139
1.2727375560963743
1.0495417168505004
1.1227933433166235
1.045392422294492
1.2399808358331368
1.1787790766563129
1.2966558366457774
1.3057415906177798
1.2867635065403495
1.3125714117767648
1.2555061793271152
1.204076830849497
1.3003241977468203
1.147270609930745
1.3044105325902322
1.2565395800971058
1.2314573337046268
1.2635952567696056
1.3519732185671454
1.2475969540901783
1.2847565876887308
1.371045715432777
1.2968301190630784
1.120470493374355
1.1792087379730223
1.2459077051535696
1.1072135367629246
1.2385952061833199
1.2609328851045292
1.250233543260768
1.3562828013839083
1.3207387408850235
1.2697050817862965
1.2937989342931906
1.1422943824481815
1.0879285956596603
1.3152498077172594
1.3152006098623459
1.1878868575175927
1.1860310495065147
1.217888233476701
1.243679488173906
1.1144993922047886
1.2537757669096934
1.2382798965351611
1.313395346764882
1.2173675116379747
1.3094866427835299
1.2653558923789645
1.3402696456576346
1.1750524644775173
1.17979073905521
1.321603458694489
1.2562102939512454
1.1008943673991973
1.2394241642722854
1.3140324427538945
1.2154306496028182
1.2920916231173256
1.2957113400049278
1.3217063849494535
1.2951680347565624
1.379912675497676
1.1579848862502609
1.4075872140335641
1.2973648333173924
1.3698097569320855
1.2651921911326314
1.2584226295861707
1.3032343557753099
1.3484667739290601
1.219586280915639
1.1708117667244315
1.2927678303345134
1.2434838835982562
1.2890268906067621
1.3043695551669439
1.369016076834567
1.2596058431430301
1.3086249654864772
1.2926779631280665
1.240004205874545
1.2830824169126271
1.3329949083640038
1.145139424325584
1.2689453892045048
1.1940140049987682
1.3214503626162073
1.2113516658676842
1.3293889490088417
1.2553300949534658
1.1509116847736571
1.340520883436286
1.3370325033322943
1.0306705864669006
1.2847791175624586
1.21765780957942
1.2971057288741161
1.2679781666749645
1.2557800547467708
1.2300182675894629
1.2427674022358246
1.2127041551653481
1.3252037631043814
1.190251784242255
1.3483548356664676
1.1815369268589206
1.223339801567499
1.2522594042769601
1.2385130600818641
1.301100761245051
1.3713923533644128
1.325319480346214
1.2729791333414293
1.2472104656342509
1.1734593610868314
1.2275801043134877
1.3079976518003873
1.3229767495057005
1.2481901785729295
1.223952414043283
1.2703270701521825
1.2660342356998873
1.2962696988652402
1.2684636125120061
1.295286605863494
1.4669672776114666
1.2347631765503109
1.2669619959283183
1.248317151245091
1.2165670066472685
1.3014395062262056
1.3807598370625616
1.1457545088159051
1.3609491302518422
1.286088280574189
1.251979521918301
1.3546632169035848
1.2766953648370185
1.2851449341366143
1.242131727300383
1.1894151069639043
1.2507787732933626
1.3330287027894443
1.3267196671624042
1.3379601293777523
1.271863076373006
1.2792884190681302
1.2540724735029691
1.1948033478015627
1.3374642987193852
1.2641453914404062
1.258358744631062
1.077619044416778
1.215236351508084
1.1561945634418807
1.4402589606165812
1.2795736708219103
1.2442187648389336
1.0618372939577554
1.2031642681541896
1.3334910024470026
1.1987110964283205
1.2468775990672454
1.2644673187187667
1.2911156639669736
1.2296297197724424
1.1591586879728706
1.298166205497348
1.362930076483434
1.151881421945286
1.2538325153719585
1.3834858794661602
1.2869361937220993
1.2608879920502716
1.3274964061026324
1.2395019032238657
1.2361352276126831
1.2094834154789884
1.3588846318169303
1.3604977622459375
1.2758810567272258
1.2082065084958562
1.2791682519422372
1.3830925262462712
1.051913207100584
1.271630389841286
1.253931758213615
1.19692109818638
1.2662783606874424
1.2368357101688525
1.2649782925673798
1.1846960856989173
1.1748435289747474
1.308655972351358
1.3038428883777977
1.1937034628740661
1.244975275542426
1.1451857423897054
1.254219206906304
1.3001543034208565
1.219748600639171
1.222844140131037
1.1584964036961378
1.228890089324713
1.2391671230147323
1.301303102143659
1.274959877171872
1.26301242902205
1.222274644331359
1.1178181719311804
1.3289033560641967
1.2997013802688862
1.258710442019496
1.2061458235629554
1.3240594364529001
1.3288757099340223
1.2103417398960308
1.3098857699944344
1.4140088814269647
1.2418746406295127
1.3652818194586929
1.2496735532503431
1.3333045706626332
1.33077715930493
1.2192280163727047
1.1837331662854553
1.3331032106883642
1.3211187068217405
1.2620366383056758
1.3207686371112684
1.1311352478914203
1.283581364078476
1.2893034945950537
1.2745295340230673
1.2285055621882575
1.2779231739759138
1.3544138492978441
1.3077152637882956
1.1845432079915024
1.369343294658434
1.3786933673090735
1.2040798627380513
1.30144939811186
1.1910458007933522
1.2674439685491818
1.375474588850352
1.1794015893461454
1.2338487837615066
1.2986560588589493
1.294873246868908
1.2859911204967884
1.1259798046637
1.1926876363802124
1.240401695892491
1.1086163084236795
1.3138093705950076
1.2783416370730563
1.1276663125242092
1.3940470613656173
1.2824939339398262
1.1372664186255552
1.378191392963429
1.2078363430133643
1.21867252939113
1.1660398859546084
1.3300549153951553
1.2261116897117907
1.3271567436380867
1.1514154271899504
1.2904238897559135
1.2424537367134598
1.2400435748803091
1.299182900226931
1.2106892582659532
1.207487081556295
1.2652792448566028
1.2591207544450282
1.4651610047172896
1.2388060374943977
1.2567625988461315
1.2539943240016516
1.3234258654167512
1.2413108087422213
1.2509144540330819
1.2945521107151834
1.3213494813282178
1.300037207782148
1.2105448708076143
1.2320322145694595
1.033379535696558
1.3024610979292297
1.2791653387707433
1.2836458390023155
1.3513997474947277
1.300348747857117
1.317130582240582
1.2122108454897587
1.3317648619691411
1.357274754492297
1.308452375373329
1.16236906901365
1.218961837434211
1.3119681486886758
1.359558717964818
1.2408586690599495
1.1652282421915854
1.1538841999332
1.227387290364752
1.3039364205686095
1.348961551725628
1.1675763070909018
1.2288504601312158
1.326639828697444
1.283051121791366
1.2520208064916012
1.3229847273144402
1.2442910431454766
1.1822329405658514
1.1962012005043434
1.3719040783337564
1.2909138012422792
1.2159305170850403
1.266757566489376
1.2466021489691932
1.2929539088253512
1.2911447214048068
1.3692042981108254
1.3367369455684759
1.1565632198560736
1.2477899483315074
1.335390358723918
1.151089686660505
1.2108149876356933
1.2811534729065996
1.1214483599581802
1.18521590996833
1.3501760233660003
1.2000493762155013
1.3189680764197322
1.2540318057463329
1.1610416542134114
1.3799138291140984
1.2658581198119143
1.2789682411450958
1.227777574304216
1.2838380791885302
1.381645412728517
1.3128176753707124
1.2098739179126836
1.1542789359872958
1.2787235342165055
1.3430565397999439
1.2231844523349655
1.2203493593362231
1.2665775435577094
1.1914145595521715
1.371677558965394
1.2104726531490069
1.1981527513313701
1.293313380898389
1.3054248430363686
1.2359122566505891
1.256282398736519
1.2127718620528691
1.2131284576989085
1.133952034968402
1.2747358658443972
1.2038982499235897
1.2767613576760355
1.328583796707727
1.2813197325291963
1.2729698397210434
1.078709424037553
1.2195960080841854
1.2075594806781473
1.102492979953113
1.3325920534424835
1.199460088063913
1.2530074298758913
1.3123771664842576
1.2646855917930453
1.3165214428824998
1.2594789979299001
1.2154630865429918
1.2864271158393619
1.2004073165418379
1.3269726650338454
1.2170139199807333
1.2876082618150342
1.3115856293251462
1.2724506629242833
1.1735365957908634
1.2397446994595884
1.3056384813210895
1.2657826691569947
1.2412850591001727
1.2428508051711868
1.3793907135585532
1.3323892182265893
1.288791448106092
1.2746319058759448
1.3571536966518272
1.2583276324464623
1.2480221047607496
1.2542206077722384
1.2000094907121581
1.23275259351089
1.2017642996223192
1.2239520983934031
1.252513834487878
1.3196447606466606
1.0526179214147608
1.2983658684690498
1.2199935813766944
1.2374688898618458
1.1894423323390229
1.298471458900642
1.3158618307759073
1.2477320597679094
1.0637148837439163
1.274423308348545
1.2105963189669915
1.150076608911882
1.2119294891019599
1.3013453198175369
1.3155233462999185
1.2084456870984437
1.1603260333343566
1.1722129725641353
1.2421844493007836
1.3170333383728887
1.2953447787288894
1.275605837539129
1.3554592158877616
1.227997327056626
1.1616857563713763
1.0634386200169375
1.278094057484434
1.3090698007832564
1.272907076937286
1.2796127503000108
1.27870764540579
1.2721871085691234
1.1893428110580797
1.317767403048556
1.3244007874796
1.2030435415174277
1.3846471208147269
1.3232744131285226
1.3881586670663055
1.2295792627161242
1.3244897545508367
1.2974827909321385
1.2546493139105075
1.251351324218328
1.2549908879326748
