Model: Feature_Bagging
Dataset 18: thyroid.mat
Time taken: 0.4124786853790283 seg.
Accuracy: 0.07526881720430108
@scores
1.0574754826928394
1.031259801343651
1.1769673747126572
1.0375934644913574
1.1086731412237534
1.0884515472270029
1.0462277891861231
1.0323957624231428
1.0978185734102852
1.1334893891609492
1.066951940656209
1.073063401794084
1.0238601280688475
1.0554271909323087
1.1268527255511482
1.0900327677408856
1.017861711071899
1.0176486908461837
1.4362481199675174
1.0482977662709108
1.0331164353069122
0.9912650888208105
0.9899757533359581
1.060534035618526
0.9800731481181388
1.1466743833803164
1.1028901728929892
1.2438584046278582
1.1700552216864335
0.9759803630024715
1.0032754677664186
1.2151608505755334
1.0235275869794616
1.1764263751440358
1.0051881170997934
1.039478415808833
1.0973718832964536
1.0513243371725054
2.8638459400195884
2.5287819638700904
0.9819416554959798
1.2348290522708472
1.707217367438707
1.1655783952115661
1.0913035419082935
1.0103359362463173
1.026247870376215
1.2052512168924248
1.058353784728737
1.0907750343066505
1.0387948752626184
1.0116180006012734
1.17937119685671
1.1271040266200782
1.0078668844328063
1.0006870158756418
1.1276152608725298
1.0319272312245917
1.2147337478381646
1.1830279797523204
0.9967318201972807
1.0569288105716903
1.2916892533469078
1.0502414180389814
1.2719627969895497
1.0073978198724831
0.9970065506299136
1.0433358300940518
1.1643156297058754
1.0674260256836139
1.0028166619813652
1.3327943836979284
1.0988660767173755
1.1435559417394952
1.173375773284257
1.0244503162660583
1.1345861431929904
1.10425858905598
1.0139582227222992
1.0142351579234699
1.2503243823557935
1.2086976044242013
1.527011858765787
1.0676630192998786
1.1038690894764671
1.1506999972482355
1.0144968371014524
1.1112775699589723
1.076620694098867
0.9764565527504688
0.9993262446178118
0.9853631941972829
1.6451069835477035
1.1259931135198384
1.039708579769251
1.150830945047454
1.0464647815635106
1.0490076472915468
1.0715766601953214
1.0266305150863344
1.061161626168324
1.2136937940689347
1.4183525367401082
1.0567545450729101
1.1512590197593318
1.2255551001625702
1.1268490236842308
1.1703188290642639
1.0681180157944088
0.9934546205707214
0.9932998264874368
1.052051052580905
1.155288036496772
1.1302549036523124
1.0438965468170656
1.057297997044591
1.10494811964042
1.0897037709335002
1.091347367486545
1.0021337856895154
1.152250470490945
1.6250086777074633
1.0541038239553013
1.0108556246224367
1.076422980878065
1.0598150511484659
1.0400948859168662
1.128792345875519
1.0399235293502882
1.2316067726339437
1.0401954146351482
1.1043415798642038
1.0793153523667625
1.080180313858055
1.1026573972397824
1.2576804987453076
1.2339086225603626
1.0366039007739978
1.176634983426513
1.2733421388653414
1.2276742142605692
1.146117287211091
1.1476126199624217
1.026705785666206
1.0349884242652065
1.1503836669891512
1.0390491924480865
1.2514972856152646
1.0357774719249684
1.4156723722065538
1.1144689535613945
1.1287849531524183
1.0459312926001192
1.1623801964199976
1.0901750095555096
1.1033620078583264
1.1320029387830837
0.9989321475296169
1.1140455282395307
1.0300599315804138
1.0807647943000647
1.3338885684095814
1.0909480507711113
0.97869890177359
0.9982915589712616
1.0737936160875903
1.0233168692914796
1.0517555784565653
1.318867947439989
1.386705549508775
1.0052154946340748
1.0818357090894648
1.0539532047534128
1.0430663986703723
1.030811373738457
0.9963617598158848
1.0309675880833171
1.0575248116454568
0.9903058033678637
1.0804987051365613
1.100673085576339
1.0391892201246988
1.2305651176417591
1.0179248745315344
1.0184260332299526
1.144080966490424
1.0638374399175436
1.044115518076697
1.025937978531661
1.0662780805854295
1.098815815988202
1.1274375343989065
1.0132900897375707
1.0537927185998912
1.155404232710561
1.0138875314628883
1.0411351996105396
1.1654924142411363
1.059828404838764
1.1132808585554315
1.0767038299812954
1.0189721636733222
1.041300098941187
1.1956325809389323
1.0240110922095647
1.0655959442239773
1.1315829337965584
1.0154995145057575
1.1482778378729996
1.0549734411271918
1.0701872219414237
1.3708793558647896
1.180475996495779
1.0424183995062937
1.0080787019472772
1.1762134426548152
1.035654990971157
1.0457578851047482
1.0796985295941663
1.0923400298728991
1.116107317637843
1.0436784692424514
1.0646390046329173
1.0113493375670681
1.0288185027805639
1.0053086359563634
1.2803801017168612
0.9948689395250456
1.0132170336185695
2264072.0699066445
1.0548416949164305
1.0063873723943704
1.0548628332153045
1.1042545778717614
1.0844514147442053
0.9969781844609324
1.0893673897041176
1.104981628694636
1.1251088021239877
1.0097079534398188
1.0187177032342027
1.0873128436639832
1.009508429789851
1.0824853228796085
1.1602935371838181
1.1223592054741902
1.1914612131871245
1.0381029497807652
1.1183346469860527
1.071674281442618
1.0325849605469393
0.9990383972684101
1.0924982947879067
1.2573936896286317
1.1852799703111458
2.290186103098843
1.033478032876072
1.1239830356096023
1.1975743781529538
1.0287694233131737
1.1161100597952334
1.0650481407254948
1.0967846678026005
1.1002645608689634
1.0590421468275821
1.062860965235694
0.9759803630024715
1.0288185027805639
0.9969551052806823
1.0091079544844979
0.9866330324275598
1.0030584464174725
1.0232712391397791
1.0647926939715329
1.0934451562900198
1.1728956432876598
1.0102582100068749
1.0710545450415647
1.018550480307813
1.0642002262562922
1.0690234087133708
1.091576428337734
1.0157212075646833
1.1048983987478769
1.1292821386127305
1.0605333848664096
1.0101851096195786
1.059212377521149
1.0198657218068718
1.3152846901992876
1.1798946977736167
1.0313355518996585
1.0146155682311977
1.0155255757622401
1.066197526428638
1.0006184686626294
0.9858343866839936
1.1253138854854037
1.0593088310974332
1.0021661806664817
0.9881036341186501
1.0483228005603782
1.0433427168196183
1.0189587549753112
1.1145706602951388
1.051756188078447
1.242383352323365
1.0159542198379414
1.0041528996458369
1.159592987401155
1.1947462095783774
1.1959662431511624
1.0715232099505194
1.0386804868609623
1.1230728424355338
1.0367485410517168
1.1806542665515063
1.0660578713590172
1.0556671318742998
1.0034355321342492
1.0240731597405501
1.0230821823996332
0.9987651704956069
0.9881036341186501
0.9860645032846331
1.0216381152782368
1.0788874547981657
1.1220276372992461
0.9854783213726218
1.0847045366262074
1.0100850388320706
1.0606075471919532
1.1825866317744003
1.0045267299976046
0.9862230196353619
1.068361984489119
0.9764565527504688
1.1879283005479517
0.9974969989410887
1.030706730177185
1.0516698214097338
1.185962556027527
1.0641653139817133
1.2867784530637714
1.0284045399293054
1.352397284438486
1.0535329216513893
1.1489206119156359
1.359543624322471
1.2391846223056286
0.9856502892901551
1.1102717717211654
1.077511566247915
1.0446964555676401
1.0590649820224765
1.1330521249894843
1.025971521581384
1.244945946217403
1.1789806085730816
1.1751302980371006
1.0307606034390036
1.0590662598787717
1.0960235563109584
1.0573892334239323
1.0723947203450899
1.1724385650076106
1.041290584862327
1.2735287931089518
1.4334226659101674
1.0822001302949702
1.1633397648306745
1.0406537942306326
1.03362546363697
1.054669009024177
0.9890728408833077
0.9911996153065227
1.1836860717398838
1.0110966133776038
1.0582838680795892
1.0718400307690494
0.9562020245873677
1.0987089423030019
1.0727595605410585
1.0235712450422958
1.0694924486146515
1.0326785370255886
1.0526469033701684
1.181814978159809
0.9881036341186501
1.0195661203398898
1.0597208525653348
1.1761975510288472
1.0333201067417348
1.0525821385410121
1.0212538850344497
1.0455930534011453
1.1989161031088078
1.1942026571537891
1.0054867125579299
1.310543358139582
1.1100288729257062
1.164269896357168
1.006496278670443
2375795.4529931387
1.1321162322706442
1.1459458531021567
1.1297527078908258
1.0354872350881161
1.267682215337608
1.0652104064922212
1.0823625645736588
1.1106402199093224
0.9954872021279539
1.014022204534029
1.0475240684344693
1.0327667885705076
0.9891202282206869
1.085798654355719
1.0292861578381816
0.9881036341186501
1.026250106285501
1.005806961952545
1.2357485680004516
1.0848535180035361
1.2346105329257837
1.0682647794874305
1.0048208276504558
1.1474522129412437
1.0914680228931652
1.2407809444811206
1.0441099028036303
1.0254689415288003
1.0754136392837377
1.0366763544761075
1.0356211085207379
1.0303187596991306
1.0733001571206984
1.0532867810953528
1.151418752980594
0.9759803630024715
0.9562020245873677
1.2009010906006323
1.0575129745105116
1.3662930019222586
1.045569498384126
1.1811975359234088
0.9854544871860881
0.9854544871860881
0.9759803630024715
1.059972417661531
1.0232843703075798
1.0199229815492472
1.0580186715547695
1.0045435774546927
1.0420352043363572
1.0722929037150828
1.401764455609763
1.2983136690052244
1.0283720502275027
1.054349933713792
1.196938916874471
1.0204457806791858
1.1550911561741317
1.0463225312170956
1.0355499378875348
1.1085749069506607
1.1373332988086937
1.0772705171738535
1.0655446135208864
1.0187958823750236
1.0183305551008954
1.0397063484990725
1.0229734679726095
1.2264043416594996
1.0474670416191132
1.2143976939789352
1.0142446907853109
1.0836015298304176
1.023361075711373
1.0470391794726226
0.9961445432719962
0.9832966648090089
0.9764565527504688
0.9764565527504688
1.1641653781053456
1.0025677625929628
0.9932372511090446
1.035709045310741
0.9562020245873677
1.0602463300482368
1.0523935479063715
1.0108569725505119
1.0281526287357943
1926109.1193395641
1.1139083340241533
1.0266583980911936
1.0390743934425797
1.1798217319139288
1.0666749391314299
1.0728439597686106
1.024649348656177
1.1580611672248313
0.9919267165971144
1.1998777781920815
1.0367579309131623
1.227713235674152
1.0016286287737575
1.0168231457271735
1.366681885709162
1.011615305466006
1.1587659598622067
1.0394467429558305
1.0732386891345524
1.0807208828736927
1.1789137509297933
1.5195912161678657
1.39190000711789
1.3163947274083143
1.0724639680562118
1.237594969237754
1.0334308641252172
1.1227583931240264
1.0623912711777908
1.1234036505511678
1.0323672037857476
1807664.6306780106
1.2099797805736954
1.007298039288261
1.230642199076971
1.0742054838932098
1.0599381229246185
1.0290813657350164
1.0011778242289124
1.0052022487535874
1.0989009450366392
1.0818998211818271
1.039836120404869
1.03601198894057
1.0860705499620267
1.0247039653855827
0.9932611532257566
1.075467453109297
0.9891898475534244
1.327822664329814
1.4107161473651255
1.0506422256589703
0.9854544871860881
1.0026084591120827
1.0091079544844979
0.9759803630024715
1.018306457089358
1.275764167059865
1.2668479142368438
1142953.6061563885
1.0783660943340072
1.4135661852334678
1.1595629590403522
1.0150318290664417
1.1530525751332488
1.1208519794694842
1.060105684021147
1139278.0792236929
1.0357411462178951
1.063684012574323
1.0410669471628773
1.0123306250294883
1.3703236824714833
1.1536905822131005
1.304642865712698
1.2377955914870282
1.5101504929047187
1.031232037180723
0.9961445432719962
0.9832966648090089
1.1550743269623198
1.0552425934850664
0.9858831336780127
0.9982915589712616
1.0552425934850664
1.0347939722278392
1.1703637161875104
1.190452624562695
1.1832403879168636
1.2181697634382993
1.1081391757278778
1.0751337072494622
1.142551646166897
1.1126214187584638
1.0095750797073533
1.024633007028509
1.0106671155218536
1.0356610656333776
1.2600026011243592
0.9940490719939212
1.1305588237089965
1.008844127552892
2264071.9116057814
1.0298613290544971
1.0606189411403792
1.0347376564686632
1.3364202632753945
1.152525442313871
1.0670889283282792
1.25795068603493
1.1477456762955358
1.1009243737786514
1.0113751297662912
1.097642152401226
1.1346755733930796
1.1230697578810016
1.040637741109733
0.9830676058870088
0.9830676058870088
1.055852171060984
1.0629257186822918
1.1679990935669733
1.040056018489968
1.013706851908191
1.018750629528017
1.0461154615605985
1.484990198750911
1.134541950490912
1.0191113804793415
0.9846547137594994
1.0803323483857115
1.0352222742262105
1.3370151743114236
0.9947920806922147
1.157770772227582
1.1336499133736118
1.1727879324754324
1.272894489105797
1.0291520808861492
1.023719184316814
1.0145773489791772
1.0863559660351454
1.1354869681447937
1.016220291270133
1.08948412495396
1.537171339719841
1.033633143919955
1.1122258781623855
1.0709809508193062
1.0519528309248587
1.0487922477418756
1.1252218567776415
1.0794460274383169
1.1879232130402395
1.011181908668541
0.9981671429171082
1.0838017571589527
1.142640942343493
1.1371307411682128
1.1969607521847991
1.0309210388499763
1.0532873630114143
0.9916385938180456
0.9862230196353619
0.9752391661655169
0.9752391661655169
1.0011533590829207
1.0044397540340992
1.2195086105498474
1.0594989934474834
1.0283487726771987
0.9969551052806823
1.0451885394945626
1.1667531477544786
1.0690146223820962
1.0399666656623427
1.043475518670752
1.0237353728465954
1.0534156349066262
1.032323715590662
1.4773674170174755
1.1537745112791427
1.3099087073308442
0.9882775546406848
1.080627227342721
1.0253801782433567
1.0886232674704845
1.036524958794334
1.059641441573816
1.0281496023374497
1.0174443323990683
0.9827866020163821
1.0949133004773826
0.9978658379994856
1.0720691323239961
1.0086446405220704
1.2499271341695466
1.0114697017568548
1.3845842822291177
1.0858709852361668
1.0890916735871514
1.115078630066311
1.032127822917174
0.9975916101803511
1.012759426378104
0.998527359898614
1.0426988495004408
1.072843925331621
1.0112217490125412
1.0246299312981098
2.948643335100915
1.137142601715815
1.0845902416940763
1.2844171566626843
1.0155024907431012
1.0050255454631494
1.04193373502466
1.029495613286172
1.040365711877542
0.9994360922107604
1.1568427614992953
1.0951082278620308
0.9942261045457874
0.982443549252984
1.00867912033588
1.0013486385987327
1.1506811874204028
1.6465927122569592
1.2598481619574593
1.0936983859613367
1.0364977823776107
1.0123927841327578
1.0562642228249497
1.1183728110161715
1.1849288676852467
1.1121747866974705
1.0402521686609316
1.0286573769222573
1.1425308460627657
1.009154516913047
1.062987588805354
1.0670038449911312
0.9969284659985995
0.9999724746774395
1.0241712297960692
1.02611363466108
1.131244446661222
1.0767289243109468
2.486385317770986
1.0244802779971522
1.0791007569236393
1.4191517222929702
1.0993518436233267
1.0318598809578052
1.0772263599107958
1.1375063185350587
1.0944643640548666
1.083621175048092
1.0293317138581444
1.007834355965001
1.1269238059057438
1.0433569189519267
1.0270461439151595
1.2952457774598254
1.0925912132580229
1.2701584228890475
1.17792307207328
1.0028737955955989
1.3324075303744556
1.304785243763463
1.0118389279065714
1.523367491045701
1.019218627966657
1.0358889015617758
1.099336256309393
1.02997565017206
1.0274771848377864
1.0393150487539222
1.1754216371795887
1.0711028547889019
1.1546691759414134
1.0529404816789567
1.0480869991390795
1.3860381581305745
1.0484440841450837
0.9798308615911517
1.0442819347136503
1.132866515278005
1.0131933621910927
1.1420019736312523
1.1776753256405235
1.2758345164753448
1.0303620123843933
1.093843134679918
1.1019970956688616
1.0127702060650798
0.9994360922107604
0.9969551052806823
1.016568801709634
1.1135803561956776
1.3347913826659537
1.0345315529417372
1.0044396208412727
1.0351874878739378
1.1689263919382848
1.069797511902037
1.3298927911651468
1.1245808342941417
1.1278818165885593
1.2925818471755997
1.0120090859104633
1.0414057283418012
1.1076745310147817
1.2258145510848137
1.0849263196789967
1.005399047150118
1.0789819245856092
1.264198063212102
1.135249000610324
1.0407431540057146
1.0531161780377514
1.0706518198297503
0.982443549252984
0.9773382415820869
2.033251488141679
1.0826235943358258
1.0774370665650337
1.1375368883282326
1.2790714462779245
0.9866330324275598
1.1436731662235893
1.1601948252249632
1.0486160049472015
1.184779411544963
1.4559907521922484
1.0904130880345133
1.038619602088231
1.0108218706333552
1.2042881471482858
1.0383779057194782
1.1376122742965409
1.0204757787122243
1.0552425934850664
0.9752391661655169
1.4206250966933545
1.0789546679694362
1.1085119716937213
1.0262266740095862
1.0407408828602305
1.2467329065348665
1.0027263259314196
1.0585168703027596
1.074582613047879
1.0245645670270827
1.1607033328002108
1.2187820478457132
1.1125599441329226
0.9980622123194127
1.0077712339077258
1.0724630809034268
1.0502791759616876
1.0821279463359694
1.1220189266187508
1.0279689759051167
1.278470069472554
1.0811865773200977
1.172324049978518
0.9910499334954121
1.2058367306906406
1.007202303700526
1.0422111555638298
1.0501020970141228
1.1344389108058115
1.058835041739236
1.0964682200153504
1.1019386040902979
1.0567343533928861
1.0260391821592731
1.124372910427728
1.1921033876558138
1.0734060601259765
1.1103986827064203
1.0155955760144137
1.1195927591898427
0.98820771318049
1.1227532533189417
1.0242479624310443
1.1445104732881777
1.1072212230182665
1.0639344380159552
1.0824056354918667
1.0453602193565998
1.1175122819434657
1.807377220471944
1.060699874043879
1.020404087355672
1.2356041093540224
1.1399869580919566
1.1752607127299126
1.0574209367986298
1.004392551120842
1.0297891295354742
1.0567083808715858
1.160603500620811
0.9938393387198502
1.028218329733042
1.0060618492316957
1.0130257115756567
1.0546053543246392
1.1375404569228866
1.1437986453770164
1.1352480239173086
1.070140220546126
1.1075722416839129
1.0407235342217835
1.045561544378513
1.073576295356473
1.2379500258733567
1.1144689534588514
0.9982915589712616
1.5254570673521373
1.2465709304058814
1.0266711937368487
1.0565963752205572
1.0445057739241308
1.0411996162916732
1.2285973727939103
1.1694865670437058
0.9846053877492906
1.03353097353799
1.0445516890163717
1.0667144001455422
1.056299179735549
1.2658022322392628
1.03054835890334
1.1191720774776588
1.137041179812551
1.2161688072200572
1.0583567486027317
1.0564974229706634
1.3868331321130614
1.17632382299538
1.0438307060549044
1.0145620012986492
1.2907478809074742
0.9788807182468705
1.5916869458607996
1.0496964591450362
1.020056206205316
1.088702955075314
0.9764565527504688
1.070587564063152
1.264977833288137
1.1986849764354774
0.9994360922107604
1.0143415091165418
1.0579658614141652
1.0474809159095457
1.0093807841171023
1.4636453847901287
1.0608166033199184
1.1418704575274992
1.398346874242872
1.1567649510594888
1.091004184551837
1.0882811554378957
1.0490950231269562
1.0826308074824469
1.4124026369261125
1.1010670987472553
1.2926372658611913
1.0390343646661964
1.0393411084243513
1.009562939625147
1.3298019147182398
1.0414752454145084
1.2948877432573123
1.0928279551746094
1.0046700355922134
1.0124102599840494
1.3106134835067016
1.025028695527329
1.10691849591633
1.0120202835193228
1.0340237769601546
1.0636087363732316
1.2477960757628952
1.0404714501519414
1.054348108051425
1.1220037998244312
0.9759803630024715
1.0428555534517916
1.080071659382069
1.1243422329291808
1.009870235292795
1.2431355333255911
1.051737085033324
1.080902152902476
1.1661410101463328
1.1111171759226859
1.000657217346309
1.0971324515025629
1.3342448733670624
1.0582084660241062
1.0388586129509303
1.1389881186186375
1.0588996299327857
1.1657338689983805
1.1214986313189967
1.1301109240863192
1.0979709778728663
0.9798308615911517
1.0658152685364828
1.4529811281377243
1.1084305013301052
1.104093084215536
1.0362535640136747
1.1074904872804339
1.0533731617919473
1.0485539921221203
1.0673390425047207
1.0485976669380164
1.0325319319094088
1.0907404420656046
1.606490687388808
1.205235786234202
1.2133374965201789
1.4686955133207025
1.680791804421687
1.0874075388714544
1.1806430693964667
1.1502420527729524
1.1917839025418413
1.1021273679409611
1.1341541059766693
1.0761174718901922
1.0324810843075112
1.0381472563646064
1.1694969595942664
1.0658037609392994
0.9919647765893498
1.1019384137848325
1.0301531018107701
1.0067065774982171
1.0528744483128467
1.0324701505935296
1.2111805988845028
0.9972233417499516
1.1219754710614418
1.0394706650465202
1.153059573735191
1.1773223271812487
1.1942225195157472
1.6410319817478989
1.0899012599227806
1.037227277331215
1.0526115040317359
1.067002089647727
1.1249584153229986
1.0633260288695603
1.1052458751974101
1.0506710984456178
1.06093970954776
1.2690824953758004
1.1477879030621088
1.0231351457978246
1.0127702060650798
1.0461775578089187
1.032408394872185
1632618.8241639878
1.0026327033438185
1.019895857295764
1.1467499157752006
1.0560393093588472
1.0295834982812373
1.096773607123761
1.0337925774768781
0.9932330227708632
1.0256625080490926
1.080164767100335
0.994351593871387
1.0796171216820174
1.1094039931205097
1.476628178273412
1.0409117488124022
0.9865025091807708
1.0066544595731715
1.258371159754192
1.0170287259445328
1.0493427622623261
1.0648637262707639
1.1070681649505885
1.222187344535039
0.9846547137594994
1.0822131494582057
1.0750000799035697
1.1694341054444952
1.1237013475597533
1.046764108840006
1.093379985986846
0.9912257086050047
1.248755854580689
1.052412808239691
1.0600307931850779
1.2444973213572437
1.0804514354535837
1.0959856776548835
1.1146742047071068
1.0135220728131857
1.228892783185446
1.184450547079204
1.030727649630046
1.0901975393353898
1.17554497713255
1.2243630363257036
1.2101876190593788
1.01652674588624
1.0321775779468385
1.9193674528921072
1.0958607668065654
1.2545629639673417
1.060566687238625
1.0774872467673053
1.0437253085320042
1.131725310005796
1.0026084591120827
0.9897812690169318
0.9961445432719962
1.2083315530030432
1.058443164500885
0.9985537636695894
1.0715156416844211
1.0215222577125496
1.666345915276478
1.2191884564327204
1.0214794260232518
1.1808118522355742
1.031232037180723
1.0552425934850664
1.3008897491151923
1.0600326491735774
1.028991462289369
1.1831821649066387
1.0411012240455124
1.0220686859831487
0.999991122791392
1.031232037180723
1.0114817668573612
1.1585744160842055
1.139508138829538
1.0764101212517727
1.366081771360711
1.0562865039743856
1.0672051352854448
1.1431739777987695
1.0550531030814914
0.9917714849015121
1.0279786847775998
0.9878845815015168
1.0194471227646895
1.042924037710034
1.295773806550899
1.0887564595081314
1.0189323000219122
1.2444937824009952
1.1242034960489025
1.045703403220748
1.0626328856288834
1.1630367578140126
1.0275179973406043
1.1384381348609607
1.1833517748034657
1.0109492491339345
1.0884422626541475
1.1930813292163676
1.0180330092659826
1.0893334645084127
1.2832701158836444
1.002009991599835
1.2054007409092717
1.0220349085530493
1.011126337479137
1.0033298110110649
1.0625313591680887
1.0748195869504709
0.9902082559993934
1.1481014725275827
1.3848499777189383
1.1890637110230693
1.0322080188308793
3372954.435733774
1.0130091504755452
1.0245135640711518
1.0688382289618694
1.0653764932795986
1.1295684921047797
1.0669024699069367
0.9866330324275598
1.0113493375670681
1.031232037180723
0.9759803630024715
1.0690925122550445
1.0739478573670105
1.0885439591741244
1.0571829317748418
1.0404383677713698
1.0082173848695366
1.118712213092055
1.284957175105649
1.08677255664399
1.0301748598148746
1.0128202364649777
1.1284709423265542
1.0364950607698429
1.3969516190357631
1.6643677267563668
1.0332674984060972
1.1574803853392592
1.092855228986936
1.0775050044395316
1.0326102550154872
0.9939636337115052
1.2314999860907545
1.1421525782619422
1.0257179218437247
1.2172042130805292
1.0683757268841583
1.0556992113426777
0.9899757533359581
0.9899757533359581
1.2903072213146949
1.0934337494866306
1.112988896099504
1.1770995196267913
1.0236176769673127
1.1270089835038526
1.1537367276158768
1.0102277876378172
1.0525208803970196
1.095379113296056
1.7628195251617416
1.6707959785543642
1.1141627432129502
1.055073693723733
1.1125399474001332
1.081600510964405
1.0275802825602516
1.0300580280225922
1.053960779778604
1.0234804316777866
1.0414372307806672
1.4656868773610776
1.007208147096358
1.0746506883294145
1.0507686194549233
1.0850526227657717
1.044858896220412
1.0600316792298456
1.0974092326551976
1.067963249499527
1.063103437286422
0.9934259329151078
1.1075463108380872
1.1211388506052982
1.6938404957039535
1.0460356108254165
1.0051091634011526
1.109346618193244
1.0243193229194818
1.0132418098028748
1.1102953016579828
1.052464650899893
1.2121078822809066
1.035038047147526
1.2256676647786586
1.2914891800675632
1.387736723213831
1607312.9841603874
1.1910452494543289
1.0723206053891814
0.9880437910901495
1.3831028409546602
1.1071081261525366
1.0944846276218876
0.9896654768221114
1.045887337416121
1.0590084587958186
1.6829629057110522
1.063634649529809
1.0098912047697997
1.0367269868287163
1.0798822285711727
1.000751437845072
1.181636765525801
0.9990439820698127
1.0734218122292483
1.0672105968284447
1.0213345496409498
1.013939521238577
1.0700529072108644
1.00449217269377
1.4220243835505808
1.0371810635851983
1.081797422194916
1.065308468350071
1.2918703483783434
1.0022220866071359
1.0446973432722413
1.0048004590209874
1.0310540549173184
1.111433907073511
1.0039690486308086
1.08230983092862
1.2129432190821476
1.0788554145592226
1.0086173839723829
1.030826032009437
1.6176429085473205
1.0642348525148795
1.0258883488023454
1.1046018347659645
1.0069462142030585
1.15868707496044
1.0619054145193016
1.0573656246756442
1.0289242636028804
1.0856124782982577
1.0543059379876527
1506455.5250841498
1.2568209862951858
1.0222776601829973
1.122671441976269
1.0895941261684883
1.0185956788536166
1.0402056300103362
1.124452165183521
1.013513447923135
1.8218517719295224
1.1624177617010045
1.0293226398226873
1.110936854802068
1.1456015794154628
1.227390729354115
1.0734876309276522
1.1254329371923557
1.0248913322262334
1.103570039635459
1.123063609614437
1.0688112840180173
1.0581297177669815
2.8268518774723663
1002719.5968670521
1.0157356057013613
1.2260112877905498
1.0087671287404891
1.3084655151260274
1.0182065693242222
1.2433818828856549
1.0619237411313318
1.0625096441404824
1.051722446546796
1.0659713899527503
1.0818958457875874
1.1117751554755515
1.068164896324808
1.1111283034942063
1.0558673458505534
1.0310462587183595
1.010732738038275
1.0582314729237097
1.0475374608580688
1.1155336718514333
0.9834234249214351
1.0425666548728425
1.0257058299290267
1.047112159496677
1.0734456467491467
1.2156252707745159
1.1106961725401612
1.0462846594053707
1.0529165418889868
1.1113703834650055
2.6853375017197054
1.2032798114537577
1.1464903052405737
1.0036721718447676
1.040712466503904
1.02827403713541
1.097918283212115
1.0647273320811106
1.081271820177322
1.0181223784337194
1.0214044626735221
1.1088858014270353
1.340749533898542
1.096650931644285
0.9874890009927402
1.250245947732981
1.0530388463033598
1.0091519351830143
1.0987268321041024
1.0392287410899628
1.0502773230364122
1.0403128055744975
1.0506711195153353
1.0298713190241453
1.0109452834978812
1.1475189067064324
1.0412172983410055
1.1478541530143003
1.0325564108089833
1.1917467088001685
1.40868339317517
1.092918288049683
1.0935761929175114
1.066798875139369
1.04170310648593
1.082035291943456
1.0478588394119899
1.0770792175532642
1.123672352781097
1.2562004862980973
1.1056317796394892
1.0537057336785614
1.0430975543460488
1.0758720750956707
1.0676156355588016
1.0344571813263364
1.2122854342620057
1.0726642024266004
2035435.8833855982
1.0514765464129059
1.039282607214867
0.9872976935250394
1.0806405709430627
1.0015957378582503
1.2559678760217323
1.9251323764695791
1.07113088039766
0.992366022487724
1.1341033479282359
1.1738342240210016
1.0026808412890564
0.9940003299947175
1.2123703084140736
1.0814148389343825
1.1331107169443617
1.0794630336831208
1.0379530902644987
1.009747487267147
1.1978996549581007
1.0909466077876369
1.1160502257211569
1.050684572949074
0.9832966648090089
1.0270002488858592
1.1047585758908403
1.0576211114931449
0.9977090543998186
1.0386649434941693
1.0421918547436195
1.531930996516118
1.0372180733877623
1.0107479685261256
1.0322700741477968
1.0751954558457062
1.0170426515580293
1.0760085323498525
1.1661284942853405
1.1979871898061216
1.0034889975809203
1.2054823071358143
0.9993742301122746
1.0359782487300941
1.3649894898840764
1.0895309543599336
1.3498174399502758
0.9979739035810749
1.209886619558096
1.060932679151527
1.0771841420669428
1.0109114906574848
1.031717785724266
1.006515318952081
1.1783021392440123
1.0601059045260643
1.008479857561836
0.9978961363954204
1.0199759598910199
1.0366699094103422
1.0793473121401882
1.037797294890232
1.0233731107402282
1.400658040216221
1.0608825164838815
1.0160545919484918
1.0941450724098403
1.110707473551207
1.1741438097935613
0.9788807182468705
1.0482736081906037
1.0856911575528105
1.1686617268909316
1.0873872133135605
1.0857732835806433
1.0561594907486427
1.2704619153338752
2375812.38134935
1.0451883281882468
1.1661739473170107
0.9944045592345454
1.1292360019057115
1.004857506491111
1.1821510951333936
1.1327837597837038
1.0632878591784496
1.101606586901784
1.4101537892986733
1.0433615304527606
1.269023675911669
1.3175670467256184
1.0684371626698073
1.1708913516758388
1.2699848333131236
1.198459800124224
1.214892417497763
1.0061021224687026
1.0225712781195324
1.1656102660187577
1.2128121820862823
2.2984343783158763
1.1424467050327833
1.049123804834372
1.0137947497538649
1.2772172423250308
1.045345621664625
1.1042986416227154
1.0235665809166405
1.039147140181085
1.12428303215668
1.0413192129829898
1.0045480890290663
1.115642672050996
1.1598398204078706
1.0815114825893672
1.0426517018435537
1.0891390660481266
1.0872568447361093
1.1357693749248425
1.1202827642305386
1.0816180789163696
1.009384024330902
1.1499995421327893
1.422139145545168
1.040806522856202
1.0475554746419318
1.1547838920099707
1.026439515865126
1.0691228022530983
1.0722630918741782
1.0296744094851644
1.0875747238014246
1.0118487719061777
1.3826816197477538
1.0567457224754606
1.0602255353729437
1.0866141201465545
1.2269223886631235
0.9939451318257511
1.1341798221691852
1.0103984107617237
938590.1136069242
1.0363254339865047
1.0458394308212906
1.068200563435327
1.1757502683349599
1.063183585519531
1.2703591336053413
1.0131244800395909
1.1156506684838925
1.1276011811046893
1.067760415525785
1.1321042861817836
1.1821859847746796
1.031232037180723
1.0750317225401684
0.999577011548373
1.115034621890929
1.1741901143879614
0.9964833226433847
1.1052432261243292
1.0389540382806621
1.046099659422324
1.0152593369903444
1.1227335469277702
1.0774818544323708
636679.2765587434
1.0806790260482897
1.4580916194811748
1.0485463582756407
1.0558184179588892
0.9914427666330441
1.0194098980190507
1.0137505758249399
1.005537579254331
1.154703772990449
1.114572213945103
1.4331324221097446
1.0291613047094714
0.9803135758923542
1.0304576034835522
1.0058946890335403
1.1152103260952708
1.1251107589307738
1.0339235048416306
1.018750756383612
1.0107120074298732
1.0504541164380152
1.3289140975034914
1.129127962249481
1.0294878090186843
0.9834234249214351
1.0342463957330885
519175.41365678114
1.120563337462431
1.0873456458245467
1.4885685110804863
0.9848379942465251
1.5720620390754676
1.0694785768498463
1.0543389137849482
0.9998510862846871
1.1160921097981928
1.150100204190376
1.0586422991194566
1.0464117709352836
1.0109002831449403
1.0140782549974197
1.2009339709681195
1.1866189144345496
1.110359668741757
1.1706958086553074
0.982443549252984
1.0375192066234082
1.06747220510872
1.0959776220638258
1.1043514272143529
1.105113705696762
1.0693876358122498
1.2377592913783129
1.2907926562774328
1.0142379999801243
1.0523522841755453
1.2955924902101803
1.1173404481477718
1.0604594521772726
1.250990882254604
1.0547093542470494
1.0908184365557894
1.2269366528688699
1.1851673987342113
1.1412411915247687
1.0834015133563533
1.0901992707032222
1.0725962157853988
1.5839215711027144
1.0432190726258268
0.9996227353114285
1.2650173794234334
1.0027534858151115
1.044902391148495
1.057434878870917
1.0661627973163632
1.0462874949817391
778506.8307933208
0.9827307350028075
1188244.9024541308
1.0083415254212447
1.0124402365899932
1.1408377704023738
1.244472161836064
1.0773525167905196
1.5430921635488037
1.1116482523502207
1.0001092306784534
1.1066489598920435
1.3146623788705747
1.1101420391909342
1.0798473269853934
1.035447293568627
1.0408669208404298
1.0880926454717512
1.0731321764196737
1.1284321787374245
1.0644447509123363
1.084453093563957
1.0217008119823758
1.119358676193742
1.029293925939271
1.080042702602179
1.0659458582774888
1.0129494974236988
1.0406650659958618
1.0062762276374957
1.0478389083976136
1.0246026725932946
1.0553053317972463
1.027813553508157
0.9981824380296234
1688212.546478084
1.0621470515582552
1.042154291129827
1.3158267916493989
1.2050483412569257
1.086014197996905
1.0266064293353794
1.0063535877779748
1.0850011203709633
0.9860645032846331
1.0219865021296723
1.0376862665289015
1.0357975485827506
1.006290057864385
1.0110754404195272
1.0715090125139046
1.1245499971223878
1.0249981345206813
1.0599455806634082
1.089070627702814
1.0052713359703227
1.0426126964617182
1.2350625016939891
1.0997195754282856
1.1437616920721851
1.419751188186257
1.0253767683274366
1.247738373878442
1.163852459847253
1.1728317507157064
1.3464141616276861
1.031232037180723
1.031232037180723
1.033936866056911
1.1056626913144132
1.062219277944958
1.2125955611769836
1.045848894212001
1.0236175061205037
1.125181205010893
1363357.1734707847
1.0813472246145923
1.0511784591470028
1.6740544363115675
1.2919694560754578
1.0746068244986513
1.0028180517538168
1.0798178660690076
1.0483910371338998
1.264686484879879
1607312.9989949635
1.067705802305969
1.127886694283837
1.1668180143988136
1.001310133746951
1.1019105248646883
1.175488844943436
1.0160933165986403
1.1140415617790151
1.7204487426491397
1.0422191040144368
1.0465397933555023
1482950.0166941243
1.0875566406656811
1.2081088227997145
1.3801885935209526
1.0205781946102346
1.061114603380026
1.2282156550179724
1.287104985234496
1.0126779080595707
1.0626904167667628
1.1275842680434067
1.2180411956335617
1.2756341376235147
1.1107870609631512
1.0718779437082468
1.1198040138763576
1.0683894173862891
1.1033617373347506
1.195261424197137
1505979.8041772125
1.0399616394826066
1.091352162173213
1.177429960486495
1.0229683190111019
1.100525725764422
1.1050096523912916
967177.1253393565
1.2331933767899068
1.0651064470283012
1.1309342057580962
1.091961317373864
1.0908746315069409
1.1236595840554022
0.9986712939279379
0.9995853415788616
1.0876045283118265
1.5650599583027776
1.359192863816094
1.0625128266865032
1.0898689051176946
1.0340191702723005
1.1233983882574732
1.0948711851922686
1.3305717042779963
0.9855548911157556
0.9984787964524546
1.1191954530372157
1.0349683397512996
1.0457339796359109
1.0591808069254312
1.1907796504136305
1.055301749983509
1.0057763024785116
1.134125218762151
1.0886312234431608
1.0350806312517837
1.290904748199846
0.996524885159026
0.9858831336780127
1.2705654513154152
1.0027139262764355
1.0470505938113837
0.995266488956943
1.0904966001450525
1.0609075025567412
1.018903020555918
1.020214009911489
1.057742050244206
1.1697370095641646
1.5056985534893594
1.289254510466376
1.3813357390945886
1.0709971012814787
1.1913124019992527
1.0663562254358534
1.0191481715824227
1.0480891243776607
1.0788719199567791
1.0811820497745235
1620934.3818796654
0.9859289984243901
1.021990867787999
1.0943890087454657
1.003355010652877
1.1111963181190294
1.2294654387902755
1.0508334650494757
1.1808006909161235
1.2910324497974695
1.0273310466655787
1.0469131991137437
1.0207365974880096
1.1631415584224292
0.9828269558738615
1.1197644014776587
1.0523704931392914
1.0447181910055818
0.9876794956568882
1.2666750431779288
1.155376649441107
1.027845610626477
1.024954463098768
1.4574250661131527
1.073517171880317
1.0301347361820414
1.2985794968188107
1.0588110485570381
1.2355167882662497
0.9898301228527068
1.2767003882958314
1.0766306496556495
1.0073585960960334
1.0256575747162295
1.0277166204171837
1.0460383193840577
1.1288445879351454
2.713980534950765
1.867155097968445
1.0420122496762416
1.1222927027374097
1.056042974059555
1.0326317529050342
1.1338628456564452
1.0942997404606147
1.076903902260669
1.0112820800744051
1.120486472420874
1.0589615818269995
1.0563724439267266
1.0271837692349537
1.0356100069898038
0.9794892910781415
1.0233646904737856
1.0318100398875276
1.2074899100031047
1.0955638893480324
1.118433932370173
1.4480935744744434
1.0825619207114041
1.293194525866712
1.1586236341310534
1.0426070579583835
1.26651753464078
1.049377248011123
1.0087407618516753
1.034730487826155
1.1835295899261524
1.2127152974282676
1.897138136238142
1.1011029055448167
1.0463535642907917
1.4698985033681118
1.0093254119286201
1.019219438276647
1.0458313522885476
1.0440893618796445
1.2418941934784216
0.9956412372408574
1.089101229088397
0.9877605693753461
1.2890880882895015
1.1286879209653864
1.016519220590367
1.1031024957710673
1.033741462281498
1.1589643706612043
1.100427995014837
1363357.180432971
1.0999391936012963
1.1528050076015481
1.1870816803757767
1.0216691418550894
1.0630819393025421
1.296534164278756
1.081552948971449
1.2957713610106003
1.0785032879067136
1.1986784392444614
1.0437003870781651
1.0495135568044223
1.058265763127107
1.0997085614914355
1.059156899178999
1.0096745414936126
1.1199726926885063
1.0483271538173853
1.047787018762925
1.0209418845554696
1.0950867377800255
1.2124483037716542
1.1493743494711774
1417923.3938704967
0.9863332544918914
1.030012769092181
1.0031383382275318
1.0936762137130698
1.0394946679856836
1.0777912974419859
1.129880487748466
1.103977646517247
1.0761115657409643
1079861.3699759522
1.110399733386655
1.0020576217443873
1.0387041804550814
1.009654966257635
1.0205726144770797
1.0773242778527057
1.0691643857543425
1.1548229872461833
1.0327632745834017
1.0336017170686953
0.9902184551362894
1.0036179538738939
1.2528410462086026
1.0458602747999417
1.0738652911447195
1.0295025058642202
0.9830676058870088
1.4455456792239194
1.16505140372171
1.127301741850561
1.0785387228155583
1.2325033598103254
1.1165772980605235
1.0781048901891443
1.1262085736331549
1.021096625087593
524853.4029776757
0.9999541541908694
1.5076643029564774
1.0463659382173538
1.0707318547030915
1.0050651909791248
1.1376316336522017
1.0770849301667744
1.3137209707565716
1114988.6759270518
1.1670852296491503
1.1339232233948615
1.0030745149318185
0.9951156913190026
1.2044927545242545
0.9906741758911517
1.0128835866950188
1.2213800828761159
1.1014286191853262
1.0272354826903536
1.1265068025349758
1.0172441548336852
1.138487460528853
1.0278765930216036
1.0886709877498657
1.2533014198072698
1.045293276600992
1.0436378470113215
1.0662347590590624
1.0956699300644224
1.1639029605622562
1.1074439312036932
1.119921745765049
1.0313484533393102
1.0585193710477165
1.2216834401528716
1.0652250612627445
1.1394694352153834
1.064627008731079
1.5638140000110616
1.0260235073099144
1.0040688438927976
1.0405142455066443
1.0846071620872524
1.014153211043419
0.9862808724730383
1.3614748001730042
1.0528764634189853
1.0970011019896801
1.1762627837421784
1.0035793045763883
1.0371978245898494
1.3352414619852018
0.9886284321162744
2582261.2005470903
1.1690556421260883
1.032492215180336
1.0773885281946036
1.1944639366561396
1.1065652250507134
1.1872287388869458
2440326.0556928883
1.0209511829995663
1.049871370329469
1.1293203525173114
1.0618504147131764
1.0187873257782514
1.1665796717369747
1.3193732608813828
1.1583090005800263
1.1123808825961916
1.0263024868926718
1.1214384097599808
1.0051976110995853
1.9262322732689117
1.1196791287407362
1.3696937933048652
1.016568801709634
1.0931914365629092
1.076543137862833
1.19992716949891
1.1058187400332817
1.104724452273585
1.0335437757341586
1.1444849916734319
1.0078339962637919
1.039829539127395
1.0497481950917331
1.0076970575253577
1.0169307600248092
1.3143270337322297
1.184058922284396
0.9983694919695066
1.0740205347887604
0.9957440860539173
1.0627472598610521
1.0445066105241398
1.1601834716806885
1.0590171393124905
0.9989008829985586
1.2653300647326664
1.1063914908818115
1.109687904749265
1.1317617694999196
1.1951560027166743
1.2620768071965354
1.6675421585206482
1.175114587006143
1.1945813371280727
738110.9622473441
1.0687583963688216
1.1890110091683002
1.0402772878365607
1.043574074561254
1.082608404368473
1.169904934866256
1.079935734089547
1.0655697350775992
1.0995907982127053
1.0757933424265234
1.1026004152727196
1.1360246009593065
1.0296231379932324
1.1175979701182306
1.114092387733185
1.1110839822726546
1.1929655649625972
1.0645415986297293
1.0902224343963456
1.0465110486909996
1.0491556383317386
1.0028239946708637
1.1054755973387609
1.0156142373194144
1.102901968538125
1.0407751987982636
0.9942215037950757
1.109767258094504
1.2244307016304008
1.1760614716918825
1.0227331036619276
1.0395332948173652
1.0660899357432556
1.380087469014823
1.245551698793482
321793.6140087588
1.1828008727292976
1.724288446181356
1.0396210508910282
0.9985583267403069
1.044140154319826
1.0164115797410724
1.170851676189723
1.1997971754823404
1.054144397299637
1.425696661430083
1.0261094621604303
1.1477642991004164
1.0846735501013605
1.044673391408691
1.2848132456919223
1.019156878092027
1.0060774945202482
1.036124288595425
1.049232183954263
1.1800779201492546
1.055263798648983
1.3965434336918556
1.0721255516175703
1.0843285850564273
1.1157997343059982
1.0762010680307683
1.018560829713169
1.056068838644194
1.310877754290442
1.1226459088387588
1.1896336529469007
1.1889240899056963
1.4482526362592638
1.0398146306112237
1.061528130215208
1.0378218715898504
1.153483179188413
1.1693326763185294
1.0136458876415386
1.0192321003817058
1.1472937111877142
0.9981856663290346
4017682.9582639732
1.0575026264149208
1.0147236058129754
1.05224263423313
1.3931621357022224
1.0273079331271409
1.0035435340023813
1.2535258283318984
1.050496034745744
1.2115798693461335
1.0833615687619955
1.1331145657072403
1.016568801709634
1.0625699096730579
1.0559528452980174
0.9913878754132022
1.312781940631808
1.2403792210412434
1.025593412111296
1.1638474839913726
1.2472120165133962
1.026705864191384
1.0565735542866599
1.0368655107640017
1.047490478879258
1.2016278328154422
1.136663773138044
1.0318807000516343
2.1369899846583733
1.1656701116305954
1.0142099264337288
1.161789532324039
1.1262567075232472
1.0376043580854992
1.0445933233577223
1.0959951717287293
1.068709769917087
1.0241906075301561
1.1283431890663083
1.1028411225350558
1.128361538091362
1.0794333606588187
1.036417489723123
1.1217064350286223
1.0655104786205285
1.2091471161211256
1.0404206183724072
1.1915243701631464
1.0370630255913562
1.0855901292189614
1.1426134217422181
1.047411479514293
1.0222848004845422
1.0075189483513338
1.2898061390232842
1.2766816349295236
1.152598403938977
1.0934724781505532
1.023799445646549
1.0603951748858735
1.0486256767830242
1.0273524429214966
1.0901854006712548
1.0034713356317515
1.0181010512324664
1.0535430870889386
1.007386778751613
1.2229758285510643
1.030953311750356
1.1212303981956238
2.1504625023379926
1.283505904105907
1.075690956637793
1.0646870166684739
1.0836604530474216
1.09811662449966
1.1460087561660548
1.059036371308137
1.0142926734400446
1.1654986049233171
1.0498271659232297
288956.08327369194
1.1250597322447695
1.0286519914062096
1.0750296908340322
1.482816094772859
1.2519876549495217
1.1674137926812858
1.5808377338834494
1.0846295758471418
1.306482098910248
1.0087090929862002
1.0117557393082062
1.031324883726475
1.1010694518166741
1.076836517456686
1.2256841088439465
1.0552538538538332
1.205635006805504
1.074128208253064
1.0452936670380706
1.0288391093540257
1.0865820112984388
1.1482925339320487
1.071064067908216
0.9975334707941886
1.044686363286243
1.0716553705711038
1.002908873938128
1.0069328078866975
1.0615285755486488
2.034797114334096
1.0063912507564978
1.1633616915229772
1.446280002868327
1.1081846489887734
0.9993304944095464
1.2742398819852336
1.1708077662561627
1.0456473658249836
1.1792951752775944
1.1038996803737868
1.074692871962111
1.0684166385356317
1.0352856972166318
1.0552357273323867
1.062260890176621
1.0025468703546971
1.092856853158738
1.0356211085207379
1.0989217860964844
1.264394312638625
1.0420275039713895
1.0424931217141542
1.027009233388185
716982.1282510388
1.0042531271875792
1.042059745455849
1.0995150881018634
1.5501264951382605
1.10180650014034
1.0193069797484446
1.3292716059075074
0.9957547455869372
1.1446756232437174
1.060444992346359
1.0627009029041168
1.1892343572374853
1.166707814703694
1.0445026921403224
1.551550133762231
1.0248671882224385
1.057957635806078
1.1249777809736308
1.0948711851922686
1.0357720720331696
1.0365117382255544
1.1304723079356689
1.3947591976782658
1.112690376278047
1.0408866768568203
1.0547456535209865
1.1312208141976716
1.0977867481215269
1.1581748465402115
1.0480368448737913
1.1155125433308204
0.9856886390096854
1.0358080198177135
0.9986034658453402
1.0468413283375875
0.9916214678483856
1.031232037180723
1.071562908330541
1.0819486850750557
1.459988844404841
1.072670521488472
1.3366417927519876
1.0318205671214558
1.0210939767197997
661463.3998391634
1.1152473088118948
1.0989156503237127
1.197289367667715
1.0326481313859013
1.2168526470079184
1.593646793024669
1.0948648337596694
1.162716033906929
1.0354834350621682
1.4026910664928627
1.1116422355451292
1.001847166251385
1.3697735056589306
1.0288185027805639
1.072255905353634
1.0683174196193004
1.1173245103050902
1.0088467450745184
1.1130499012102075
0.9943351441098164
1.5411768877555692
1.0850546376055261
1.02735275208913
1.032952672948308
1.1302994601060232
1.2661039415500404
1.6323721430567193
1.0684168977153563
1.0150911894694896
0.9830676058870088
1.007197238502246
1.118554258622184
1.5838907701889626
1.188689021141403
1.1931384497904594
1.5040823075919239
1536078.345558547
1.0846543973923422
1.0914656756836587
1.0591077142035172
1.27282748755716
1.067444961342101
1.0667195466571866
1.0386214495170243
1.0933209018686996
1.0156613119849325
1.1213732418741789
1.1095171238240655
1.0631856504927186
1.074940570500502
1.0214189974307912
1.1998321219655728
1.134208474572819
1.0243457215992247
1.0371106620922272
1.0864262067207386
1.1624953045921473
1.1566041211553688
1.1042389259382
1.039369226534503
1.1542605887842092
1.0943874695663502
1.279867214877854
1.0164807290166908
1.06203689104523
1.2281106093440823
1.05830414131572
1.0686784040234756
1.0282378614112395
1.061048871208091
1.026039546999607
1.228766715060182
1.0806944147859734
1.0514924906934051
1.059766398077455
1.0328381255163612
1.0320870105804223
1.0346182960067372
1.0821948617688357
1.109165903523815
1.1287246698702034
1.0725957122767649
1.2277154837829793
1.0445714184985238
2377344.204019205
1.0603151138408442
1.1670937550417506
1.052993356462479
398404.06663969054
1.0058535593947642
1.1502714736733524
1.1056101220736254
1.3005720852201732
1.1709115872753684
1.0761314361163914
1.2173421696974027
1.2985183981679786
1.0509204648253574
1.0654404275424256
1.193033804151343
1.0439228662812232
1.06980951012991
1.0104191774512217
1.1349859775317148
1.0190590364393697
1.033525298398868
1.0457250016501969
1.020362592592807
1.0228206053539468
1.1615854418936107
1.0274117495324544
1.0200831247043554
1.1187761870241628
0.9832966648090089
1.0032754677664186
0.9982915589712616
1.105238938778146
1.0090099045875958
1.1399611818996067
1.1569520662606296
1.5116338545290842
1.047427800529242
1.1115688853832637
1.0883894291414644
1.1315046331893002
1.0702431840132722
1.0516578400655345
1.0844633975446265
1.0614030798632712
1.0064442004629985
1.3056171192251973
1.0151766105344453
0.9830676058870088
0.9798308615911517
0.9773382415820869
0.9858831336780127
1.1223845771411594
1.0814554244933787
1.0726916327957636
1.4476927707446685
1.1420630935684133
2.3394112471856268
1.1087458519302964
1.3424734602116597
1.059712147069744
1.1133141326750584
1.0519926994576951
1.0739148190087024
1.1684008753388908
1.8100415399502512
1.0904133516768058
1.1172415658662191
1.2411181946276453
1.2242911678007309
1.0605704019236861
1.059343912277506
1.0191723340406036
1.0697786535391063
1.1826328059369438
1.0434460768164566
1.0273666618871302
1.0867916190896243
1.0538125007549382
1.2544079839503302
1.0187531043972622
2.166255256477357
1.0775299615906735
1.0423425501197134
1.0365224141187022
1.0320397817731317
1.0900838808209108
1.251450579408837
1.0269194635284005
1.063056907509385
1.0726896117549987
1.1314224033288078
0.9995370536786344
1.0845456937312616
1.0224118992118187
1.0708932598481224
1.1374486181839236
1.0149971909332378
1.0954154105302512
1.4096457301584924
1.0983739436169313
1.3102333953345915
2.112646858503831
1.0236770418584444
1.082183865031586
1.0742222067468008
1.061388380519406
1.1897977790836434
1.0841565854724033
1.0365464038984835
1.1429276274736364
1.0484294396998441
1.1632001064815132
1.1317437564063253
1.2564295539169175
1.095704947530649
1.036559014906486
1.021103712928498
0.9764565527504688
1.1952814193387264
1.1890496302669418
1.031232037180723
1.199461849872558
1.0985991182993202
1.0507179891499692
1.0969958081992748
1.0866147755902247
1.0301852984329778
1.0795342003401758
1.017567678932466
1.1077785406831515
1.0187487501083603
1.503262721395576
752358.2767936708
1.1516690570617873
1.01165415374247
1.1874262306641268
1.1517961525920426
1.015806667397103
1.0699645905205792
1.1389091479284634
1.3075795323869708
1.8593048832702195
1.262125417573929
0.9959823340285177
1.0304425583203858
1.027932225139783
1.0866709185391032
1.0771722058117572
1.0564542405777582
1.0230580561477938
1.1292722463021438
1.029467560540009
1.0407671584713498
1.0852850939984326
1.1953179090441348
1.1146592482085342
1.0813990749651063
0.9854544871860881
1.0030584464174725
1.1358055867562673
1807664.5435463893
1.000722300448543
1.0361250841615364
1.0683534837840316
1.135240089091984
1.0401354041047908
0.9958189144894662
1.0433253761483312
1.0281843473105217
1.066999483959237
1.060954221779313
1.0523257279277414
0.9819416554959798
1.064232564925694
0.982443549252984
0.9858831336780127
1.1718239462431506
1.1743978489341496
1.0276037435803231
2.4276169436670223
1.0290717257650095
1.080450426467283
1.092839557953225
1.3924433107244811
1.5335490881732623
1.36537516520039
1.1142344667423176
1.065620580403053
1.043456750677532
1.8403490072022826
1.0041930073322782
1.0465139128337622
1.0790622617789658
1139759.084334183
1.161419551960756
1.0082205092412297
1.0140280695690438
1.0574768552818021
1.7285190264930237
1.0122105529857184
1.1133241891938126
1.0174093914650642
1.029132793776197
1.0890404547030015
1.1096563507440398
1.0709326229675329
1.241938265116684
1.2103560677970642
1.0296270000788428
1.3149231764929397
1.1012860878061308
1.1320424970992238
1.215794407924243
1.0423797881081884
1.2601812157354348
1.0528877071225475
1.016845956823401
0.999234530054555
1.099525621049991
1.099081216849061
1.074225467080989
1.0773399970940507
1.0549231200769538
1.0843111791659208
1.0494277343817995
1.1217301995761624
1.0384763686392628
1.049659475102469
1.0122552132634974
1.1517205671032313
1.0897200532022984
1.0558859230828779
1.0357154134128592
0.9834234249214351
1.0030584464174725
0.9830676058870088
0.9862230196353619
0.981759301564239
1.1239532816112079
1.0645239037392282
2.171657470489472
1.0489526917447727
0.9834234249214351
1.1832350960207045
1.1148043521756177
1.201065090365728
1.1718938994180148
1.037747415569779
1.297124235578246
1.004155926132553
1.0688228117988445
1.1179497241372311
1.0448051969893029
1.068192847777465
1.2269034415982596
1.1503153938367725
1.1468350846017201
1.2500043834945478
1.0279342540919985
1.0893200649691377
1.1481460018575882
1.0345238104511416
1.068890813644608
1.1433447252114086
1.1424463899685198
1.0521538301174131
1.0388327852770403
1.0205202360820658
1.0638630905143165
1.142230674564407
0.9866330324275598
1.0579250071204649
515998.40872798173
0.999492062019292
1.0136831412527587
1.1167687324163926
0.9868794414785096
1.0772036039951796
1.0540629436118873
1.152467441642126
1.2326046986851031
1.902573391676129
1.5105060326500883
1.204778405633977
1.0586441082943394
1.0690214465785906
1.0716653480400853
1.0246571282056938
1.0538018995770408
1.0418241283786063
1.0123179886562177
1.2020028804145446
1.0154018964163725
1.0003404862185135
1.0111483268622945
1.1648695009105468
1.0610693368084325
1.0832320828626485
1.0280785379956514
1.017285647466466
1.0933362318125832
1.1829452708775914
1.4141964485598486
1.118525372095947
0.9915229986388866
1.037391526590702
1.0979507656845338
1.1364238612110957
1.0446729378383555
1.0207154885291545
1.0894999010182516
1.0926434876353972
1.014972064642906
1.0228914025839233
1.0774923452192167
0.9912257086050047
0.9977829219202642
1.1010984289799666
1.0870350752174043
1.0369363715665931
1.3019081670569286
1.1003036708001956
1.0375566773696074
1.1408434921765616
1.0248502249156162
1.181169103644002
1.0545358075368383
2.0308326319002727
1.023563462882588
1.0158879069679554
1.0080075461010227
1.0250372238818606
2288302.7014616253
1.064780554330077
1.0254540748524845
0.9998142059952757
0.9986688660195577
1.0334659470710648
1.0692821250354938
1.0984715769168676
1.0637192451591166
1.038627768522073
1.0375553963199757
1.131754076018546
1.1535218056141343
1.2255270354589292
0.9942261045457874
1.028801871083639
1.0315884932194592
1.0856421758786523
1.0052205296601975
1.1280586093004972
1.1246891137288817
1.09776567276974
1.1082110036200656
1.0016364489052099
1.0148018095224747
1.0721100472330947
1.1277874492438253
1.109074927262366
1.2038766503371803
1.036636767190781
1.224673248652334
1.1811277720490239
1.0362121848287067
1.1106675372037034
1.0263884988817809
0.9906132149035176
1.0404494974705096
1.2899430927505695
1.0621283315431467
1.185294748158571
1.1253359081341174
1.377445978655143
1.0253678642557675
1.0874108861751692
1.080994152344773
1.0450723683113488
1.0192231572293
1.0093712286285357
1.022980495198469
1.0906449656186474
1.0681680438612537
1.070408524632716
1.3957409251053794
0.9981979123196535
0.9831120152717805
1.0410930656860717
1.1289932374112914
1.1676838410619368
1.1844279294050397
0.982443549252984
0.982443549252984
1.1624683750668399
0.9855548911157556
1.0401568222694546
1.0979269119810369
1.3058059087058214
1.0017934478754058
1.0817403397493233
1.1381249129503752
1.16800660701385
1.007391305190982
1.1843763973294648
1.0145902089109697
1.195356803408062
1.1321220975565394
1.1276251045707815
1.0631380362537908
1.0456480700498867
1.0855297027052218
1.0480807984876443
1.1910190629248443
1.9079715167576012
1.2808336767369681
1.3442313752544552
0.9901727050031767
1.2656937018718488
1.0239498387120083
1.0781561136002875
1.0251538228389543
1.0666231991601665
1.0089510817213547
1.128836856871491
1.0152415653491107
1.0164577200445934
1.0496778815331802
1.067247040787803
1.0538576609862662
1.0634038869349047
1.29039870385648
1.049822429991093
1.1345687020760864
0.9926726671908845
1.2541793125166238
1.0246723725948488
1.078309145075011
1.2971508826661862
1.0522949218864721
1.1971092991778325
1.047076541489555
1.1270932109646528
1.0226360650865032
1.0174370805523396
1.1211616844763868
1.2251698376641937
1.101579053542755
1.0511250232130787
1.1181570172962765
1.0569094082772446
1.0785641419696221
1.2606855525262965
1.0124067347811372
1.1295177752381385
1.1283966944305317
1.1975824231819505
1.0100565091373734
1.037609515780738
1.1077110297162887
2.248346820279109
1.0008186348986665
1.038203195424781
1.0185834842877335
2310723.870124751
1.1641125799685934
0.9759803630024715
0.9858831336780127
0.9897812690169318
0.9961445432719962
1.0817206028820423
1.0524481756460362
1.304025429094544
1.7118455681530709
1.1073165413928554
1.311440130844488
1.029754591052631
1.2790963729029234
1.0771794658007718
1.0859126528636844
1.1781351222898941
1.0729595822299944
1.0311345468825213
1.0130198213797548
1.0469508267114944
1.6777737505619519
0.9900204047691787
1.1390740806148458
1.0356211085207379
0.9899757533359581
1.1112683014711446
1.629958335903646
1.1449293841038015
1.0923427741358471
1.492809734727895
1.161850641820272
1.012151730116811
1.0148682033167706
1.0553175222283064
1.2336370667181575
0.9961445432719962
1.076248516478186
1.0454052047047908
0.9912020576488674
1.0811319571810176
1.15815785038864
0.9944142933338707
1.128006535197483
1.139982949322418
1.0049344693877587
1.0823357163682448
0.9994360922107604
1.0241579192924326
1.1325579941404553
1.1958562040118106
1.094651317947142
1.312081758513616
1.0406546274620232
1.292465586187301
1.0996941915104121
1.027427306132682
1.0176189257243866
1.1965608411365787
1.0530425458189494
1.0187570053507193
1.1475971024691725
1.2363351129446083
1.1781939772561905
1.0538326580470558
1.0783402040829568
1.2098237361904374
1.0048204670869334
1.022268929738414
1.0170697272923346
1.0311081440369223
1.0265041305878462
1.0068884635894666
1.1014001715412935
1.001310133746951
1.0044397540340992
0.9961445432719962
1.0535705815043344
1.0315682762695773
1.1365988909632798
1.0310154654951238
1.184132708220187
1.1139193597394033
1.1577325736282789
1.0831379563426125
0.9977598528657048
1.166792734681421
1.1400681877566494
1.0279603114729998
1.0301447636858698
1.0745232394342572
0.9923750439887831
1.0212981503913234
1.0033808961425819
1.0849266966260498
1.0250669139482407
1.2441578720281696
1.1142548564103143
1.065769768740559
1.0792141608231351
1.1570799641788638
1.058781545961794
1.122923307187483
1.2128808058623668
1.0377698490431708
1.095297328787749
1.0184435135458243
1.0680185240775528
1.1394652535748457
1.0284327967299824
1.0534302187778046
1.0366226221059442
1.013417542344222
1.1248420285029066
1.3223712508168766
1.0106174049966126
1.0139544573846266
1.0099775484875053
1.0622707110692176
316269.40727001603
1.3728689165225723
1.0340651239937526
1.0598831856415027
1.1163918813216627
1.21546602966626
1.0964739379825759
0.9995370536786344
1.2568541542275136
1.019894072981582
1.0395573340859103
1.0386761618772875
1.0057835461917757
1.0213999630522737
1.0267167258043952
1.2482132595326683
1.1591780458055068
1.1235036479681377
1.1490784126629126
0.9933327219379497
1.0517203543609015
1.0510960887193899
1.223028813468169
1.0560383257619819
1.041525828282936
1.0154850532870296
1.0418727168818993
0.9989387260430664
1.0175275437130238
1.063629713470728
1.1191822659126003
1.0280248857501237
1.0276477152540733
1.065279578148541
1.152788317273704
37736.83081899503
1.0532667221693144
1.2629088088146097
1.4503065305027532
1.0570752465365556
1.0454787658043339
1.2284039612564768
1.39239929989102
1.0673146274111822
1.1297701250880419
1.0810076520233252
1.2372044856818847
1.0798972728156169
1.0713808493869748
1.1248734794241662
1.3247200151299239
1.1330235439604823
1.0595802916082033
1.3390867883051105
1.2386681303816969
1.0638342165614008
1.233647667715929
1.1509476782994723
1.2345100513552862
1.0557326313502222
1.1313620343761177
1.0825749835119514
1.0421928901566462
1.0291914868325356
1.1140394660865667
1.0569725784883062
1.2382065116252419
1.0186161152796418
1.1200792497731313
1.9267160460846995
1.219602773362626
1.0786311205243833
1.078019731902188
1.0293552218955542
1.0457211024206328
1.375700939467398
1.0147510985969408
903232.1555205563
1.0217549297531163
1.0494310539349372
1.067338347390771
1.064037726951957
1.0051974118591445
1.0922734653624426
1.0184016184958495
1.1500875356004934
1.0334724243131017
2192254.9155290425
1.0111602760660825
1.0598476516278006
1.0660879644545682
1.1297214339313593
1.0168475533383317
1.9920092573613601
1.0117771752865838
1.2671574813893152
1.1359180887492482
1.0214362881402563
1.2250682058523534
1.208781936876615
1.0044541481710731
1.0337494506659364
1.0320327075588478
1.0713846732216445
1.0248363440630646
1.0878190439572655
1.0308846617723142
1.0083309625653634
1.0301354725226433
1.0213179507994075
1.1251062804029854
1.0156565928294345
1.0998547472365465
1.0195865735667033
1.01373896422627
1.2283068752528086
1.0360293685415205
1.0049901726915729
1.134512841853161
1.104517861398054
1.0655147106763763
1.5797901423257474
1.5399861785738556
1.4936388792357531
1.1176109870587196
1.0852447167461874
1.1204665188350345
1.0180556848273725
1.2963319826009747
1.0521233599231765
1.167096986679064
1.0225046685045276
1.0770120230462914
1.0680975959966035
1.0249256067819392
1.080294154223313
0.9919310411113574
1.1346520812453318
1.1339129105996386
1.0314356516619116
1.0097164592820482
1.1208031078104468
1.1044361319609484
1.1712849101950313
1.1095793103493778
1.2477633196679807
1.0490113144829931
1.134013665611833
1.0232675289855273
1.1371699092968757
0.9890152042299786
1.2093179541601597
1.056798008809859
1.2583697013166333
1.2399911360031632
1.1036191812079044
885495.7964849174
0.9794892910781415
1.1682593691304919
1.010995591047531
1.0523084853535671
1.0444552085649748
1.228111818223129
1.0224090269441788
1.1170568237255003
0.99949447898519
1.0730717531107592
1.094837391991271
1.0226957599290263
1.1000453109645068
1.0655229246002533
1.0405657081774702
1.0474781195998808
1.2127585145218631
1.0685579712432383
1.012727122097422
1.211389203054266
1.225982081802969
1.1472337974531246
1.0226758243373277
1.0262619406930087
1.2118755864207666
1.0580194792927051
1.1647648839844689
1.0255099390320583
1.0229839374888836
1.0534678554887902
1.2965989003572578
1.1034597203511398
0.9759803630024715
1.0860508897872347
1.0418297266375398
1.0438784260372231
1.4196160693744713
1.1595105258231453
1.1392580479117171
1.0538347832177322
1.0492047183631763
1.079020257530901
0.9810326518169117
1.0850908892269926
1.1631027726415337
1.0258269155016904
1.1340263190423288
1.024852710476576
1.0057895290177494
1.002217583811519
1.0745044859665647
1.0987684422448507
0.9788807182468705
1.0134753920864832
1.0628512488776138
1.0735072574282072
1.1585922551026868
1.012359728903848
1.0380861629376632
1.1803412987214266
1.069215302047653
1.0710213414832264
1.0535783299314212
1.0238972208853259
1.1641561562679175
0.9901365039878354
1.179166467494441
1.039509344119891
1.483051553305236
1.0194671472862296
1.0353138975579594
1.0320786365956864
1.1355606703908454
1.0047313948349519
1.089174322287993
1.2251772573338673
1.0260797586584016
1.241202909705729
1.172617055291911
1.045854872754277
1.1121936511704131
1.1029029324452244
1.0194885913353122
0.9759803630024715
1.0705348946765063
1.0803639752275207
1.0148283799354048
1.569546149370755
1.6328358019103089
1.6798833735151664
1.0879236500830411
1.2484198899919048
1.0440452060548389
1.086637975219913
1.5781895741477614
1.1125823660963898
1.006510367712733
1.056344784205067
1.0229184359985726
1.1613932525530948
1.0357463808554346
1.1850127419201786
1.080749391967323
1.1936763845198457
1.047440600820556
1.0335294289812067
1.0287706184957288
1.1570216354612834
1.1080078068999422
1.0775579657628869
1.13422728592988
1.0228722748670032
1.0358144275393237
1.063429677854074
1.005418728474457
2.3486558057061266
1.1667158713371957
1.0048021617979834
1.0936525675898108
1.5006658451527903
2.0153194851935616
1.0900676674514405
1.0594053663319547
1.0305503535624028
1.0377345560290747
1.036702143673076
1.0409521385436211
1.002222014185974
1.4025311588757412
1.0388809164036474
1.2976206164252333
1.099489326154322
1.066419562515896
1.0347778453435055
1.0379008344642313
1.265626799488039
1.0017134093631899
1.0332148919999855
1.0524249258059024
1.1754364684064071
0.9912257086050047
1.378628816508068
1.1327984328894884
1.0235092368586556
1.0589899249578838
1.2483709360659367
1.0488094702747848
1.0052878671637033
1.0391184165235767
1.1242393660458423
1.1510495024715437
1.1213406093883314
1.0761066445795306
1.1649835834486175
1.0625976213276112
1.037373195325025
1.1474329417491578
1.0654502367992724
1.0034309271825188
1.0725709465910473
1.006774512575054
1.012709352902787
1.0342116895907154
1.0182246891251991
1.0690931012675016
1.0709093671501597
1.1543459719719864
1.0175186670331482
1.0425192240437662
1.0480285698980445
1.1072545744115254
1.1552067604122678
1.0175677619554315
1.0160177414826803
1.0525657747311574
1.0226007252331286
1.0303360238581756
1.0786199180349376
1.0300047733602078
1.0165485455768015
1.2601298422835228
1.0560546366544776
1.0701142888937953
0.9862230196353619
1.1152162650221487
1.1758221881702369
1.0705012316683997
1.0031854464510295
1.0858499887238404
1.0912542435148211
1.188796318919237
1.2324801369775131
1.0383427764917832
1.310599071325344
1.0277320045261196
1.0376256853735284
1.0282775934822543
1.210955316770247
1.147242233055475
1.0236960210431376
1.103577436684846
1.099699191403435
1.25950926951418
1.0191930164810852
698707.1555229186
1.1392200325270168
1.0167856025474016
1.0652915425759464
1.0581531666676454
1.095189773280015
1.016273430961333
1.301368537747588
1.032478871316631
1.0653756575585596
1.1788207482603605
1.053837922989733
1.1033319594984428
1.0180717369993784
1.0899694925178192
1.0312108116980414
1.119177586954423
1.1609028391948064
1.1806430693964667
1.0931992099878047
1.1500120159765816
1.0579609598734785
0.9832966648090089
1.0933258770738177
1.0127702060650798
1.0757943470036058
1.0597335435076887
1.0003681623709881
1.098910541663837
1.092262531444094
1.5340092912663075
1.0175028808500541
0.9995077180376134
1.2465038758997844
1.3163160432006058
0.9773382415820869
1.0061885857795474
1.0459543144257624
1.028525376197154
1.3048966015519468
1.008142563007861
1.0327247354353768
1.2522593610697952
1.141306386217728
0.9898590329543074
1.1979691091174973
1.0715931509995047
1.0291311994413248
1.3321205083761176
1.0972154933833915
1.4038618946502444
1.0491938210315066
1.2047641709967931
1.0332837027520647
1.2723739269809748
1.0230969631373186
1.0615795046241332
1.1526042237298106
1.051133941672785
1.016536589238438
1.1957475910363304
1.03768638350548
1.01968465779272
1.0210635653250235
1.188419253868206
1.0404421514963709
1.0686366872332766
1.052936170152337
0.9967241691274985
0.984111818783669
1.1162836344325335
1.0609198125921897
1.1491922463064264
1.068415212277082
1.1301746030272364
1.1093239351163229
1.0421156191215568
1.7586672052943613
1.0871398174673323
1.205080289063517
1.059539776411726
1.3309680664540857
1.2856982969807702
1.6286885683829346
1.1655412873908668
1.1641798185583616
1.2549929356605483
1.038485622976723
1.0902907716722612
1.0361465658663522
0.9888064244641317
1.0461937677510353
1.2213027207804596
1.1913973821342245
1.0142885927277792
1.0126402030120052
1.2665324548506873
1.033106820576394
1.1109402240170616
1.0289740153754514
1.0944309166174297
1.1213582102017656
1.3362271458368795
1.002943433322513
1.0272241770535018
1.1443545997065003
1.1395488017899982
1.0583143053366342
1.0615767522543873
1.0314436917645733
1.0965977554433197
1.082560437334801
1.3023328891877828
1.115960880318496
1.0444148752077203
1.180912375028612
1.2047735787764666
1.0887564375981644
1.0391733674994375
1.025027189015163
1.137729062166528
1.143678342252126
1.1982423117376786
1.035810833758039
1.078539231326385
1.0743246159769397
1.2013890093386277
1.2343411068912142
1.2864897194528893
1.09899177684724
1.006496278670443
1.0276103119147655
1.0425263794222304
1.0148819457905847
1.0156311502411421
1.106795691532745
1.0195413703478886
1.0225345234736776
1.0947810032496468
1.1762092465820753
1.0441198326634256
1.1799958909335082
1.1957046433370722
1.0724848114516572
1.0984931267181355
1.0519890954730147
1.037311827934613
709819.0045821874
1.175715426868374
1.2174538516013955
1.1412926966183072
2.095169802729445
1.120639331294235
1.1675832937052733
1.5848282442294415
1.0320937412830276
1.052913750923686
1.0091647703455928
1.1581048442741027
1.848297705364542
1.0509962868576985
1.2730615508721237
1.0287257062727648
1.0421154331613394
1.0470081245224971
1.0397716855534433
1.0685507450659997
1.4622897628234677
1.1579598498048518
1.1545208437497283
1.0304148460976343
1.1190609871363442
1.044789435753301
1.1325320185089724
1.104582547280658
1.3122382031993411
1.4285647714444347
1.011150908966202
1.1756729395343106
1.0398321223365445
1.2553343312079237
1.126898767280737
0.9952986918773752
1.0616368992533638
1.0725017402200678
1.1834014482863715
1.0269896199650401
1.0518881277898955
1.0111533592540414
1.1446788796049476
853506.536956476
1.0481204546735945
1.0920644917761686
1.14540091111013
1.1550785701617814
1.099941476535713
1.0229599533901894
1.0839536456887968
1.1420669623670716
1.4297694224705852
1.0674980977538848
1.20110281805792
1.0754234755652203
1.2113584540781277
1.3246287152093665
1.1125139883445023
1.1042544987814558
1.10219165479174
1.0907624748993423
1.0806903762499362
1.0167882066879093
1.0714272224036523
1.0494118372772268
1.1290843300299864
1.1563579503460306
1.259829756102526
1.3768967571597246
1.1578136051105425
1.4565667065550327
1.021434349764806
1.0465652881739906
1.0215156988804814
1.2193953657458112
0.9918880562562565
1.0880391292530263
1.1029170964240669
1.023149522450303
1.0592150916170513
1.4854434750976615
1.2315124422111579
1.3269170096449467
1.230141677694726
1.0996743972685425
1.0479650336172497
1.211484421760796
1.063918993578726
1.225947991241884
1.0299230671592885
1.0157790348256253
1.00777342202696
1.148798316796617
1.118046173834168
1.0643675676828481
1.2086733906727745
1206460.2415314177
1.2022572128895928
1.0091079544844979
1.0193346039910127
1.0148922784179961
0.9919998523943663
1.157259688775873
1.0267609680673775
1.4040219490396768
1.0782549467766551
1.0433378634742192
1.022353584204149
0.974911528853266
1.4326658887450807
1.0664047941002877
1.1823947450572567
1.0492312591970019
1.2469058368640777
1.1683499374388966
1.0254860187706345
1.0213873076356463
1.0817204684000568
1.1532774963259527
1.0067563308872636
1.0939145649032849
1.0942306635687824
1.099822778152953
1.0535705815043344
1.387603756283032
1.1270242914360704
1.0105429966582158
1.0895038560473753
1.1208307490558291
1.2636042179272435
0.9867210607202921
1.097833687066534
1.0464003302042315
1.053484306485894
1.0149044258715594
0.9956678147583157
1.069818502361782
1.237779919492216
1.1075477113788261
1.0782726063329082
1.3497579785013742
1.3294469759066474
1.0624332041148912
1.0064634689699465
1.0608053546260616
1.0482891342660123
1.0551251938049209
1.1343309108375803
1.0642626188760467
1.0974114230131768
1.0216787869608066
1.323723056130682
1.0065875245112443
1.0861793308457162
1.0431568057340188
1.1589458023024843
1.0120558402670459
1.1824513211746042
1.0260790273165807
1.0192944828814539
0.9939445706257688
1.0958067645520564
1.0333187957921353
1.0125635279575913
1.0102699090311404
1.0927658943193648
0.9969551052806823
1.001237149064352
1.1217102588974444
1.0190265724158314
0.9823812947120201
1.030063079141274
1.0526880626618265
1.0837793069602246
1.0176480449946927
1.1563525727831554
1.0375425939316627
1.0416336049640313
1.024029918734183
1.2625171295223712
1.069571716734896
1.13152740181815
1.2095690881172567
0.9980853725081126
1.0496932941055905
1.0425647372360838
1.028490238312099
1.347932758368066
1.0433202564251058
1.0406035327042713
1.1424037447680404
1.0672361291491161
1.0172869153905455
1.3038662238478642
1.0918981589843724
1.2687071949254514
1.2374947715363798
1.1020790599661663
2091052.3592367761
1632618.8521072909
1.029864083614528
1.059142929482855
1.0196949562537359
1.0485012966004548
1.012771900254402
1.1819852652661822
1.0118013016709102
1.109952811265294
1.0528662943373845
0.9947150669782887
1.1073757004079252
1.0525140325900901
1.1971877038398362
1.0553493622012784
1.0337444940840848
1.1992874477802349
1.3567357103897308
1.2237745249781644
1.0820969506598235
1.0517370313460281
1.3397973548342987
1.1646432699906797
1.0989515526101068
1.167045579685754
1.1010024259979312
1.029879187819255
1.1132859063927405
1.0846686037759166
1.5404866462019093
1.1267506212680023
1.0363647702524714
1.220068493989028
1.0254424401956368
0.995047130175494
