Model: HBOS
Dataset 3: breastw.mat
Time taken: 0.7055478096008301 seg.
Accuracy: 0.9372384937238494
@scores
5.8859719675386275
18.59820098843731
8.4224771265786
18.293951663721415
8.245216028070784
20.796394797250315
7.064921129056405
8.42133136888958
9.934757903475724
8.352988452348388
7.856906437262241
6.657785429628819
17.736504768141344
8.17755508294175
25.487646635061083
19.124519696423523
6.324178869685106
6.317679354070474
20.574864578589093
6.890013239553929
23.047810253035045
20.34021676243792
6.087871240865764
5.804555046926579
17.314409404677786
10.169032213864705
5.89247148315326
6.657785429628819
7.709437132637569
8.140222631201423
6.651285914014187
23.79529441065701
8.578822588014498
7.857916695741157
6.657785429628819
18.45826958695656
11.719119340079848
17.81626968541886
20.868962248206614
21.44883833049812
21.739428357670338
15.043446025080796
17.962090687777902
8.505534556371357
21.34502635140705
5.811054562541212
8.245216028070784
23.144185642538776
17.255099596820603
17.081331957996742
22.388200233318212
23.533797545671163
18.90419413742085
19.755314033528304
17.496064306543047
19.788319380846353
14.335494198685996
17.075104289160507
19.640437064773106
8.152159963868682
17.72824801969812
17.94408532349882
5.811054562541212
20.835068688714017
6.317679354070474
17.29097422188564
24.687369754864214
8.14448727761505
7.724195777815913
23.738083053744
14.588639018675229
20.491028977131016
20.03092115302739
13.402484154223922
7.7746596952779985
9.756953802023808
8.4543717612663
8.381303840764422
13.250437469415496
8.251715543685416
7.9147815502019085
9.170422254105576
23.920990706588626
20.800924744113864
20.85003683877015
23.356253508461865
6.317679354070474
10.308840514764734
5.804555046926579
8.082066190299779
6.317679354070474
5.811054562541212
6.651285914014187
5.804555046926579
8.651980379062833
5.8859719675386275
24.854487861497304
23.342857788207333
19.785361997457827
17.78213795152094
8.087724808945866
15.820718582010711
21.187203828056855
22.802239948919848
14.753219373866978
19.860553326822817
8.064804408098315
23.827775182671775
18.178864044364467
17.791049624863035
19.143885051323746
17.926426793616788
12.16136286101193
8.218818239302387
15.18081627885248
22.44548001690265
10.249361403126956
10.451286709241883
9.502137175802284
10.687594338061226
21.581068735597004
17.08888629688195
21.653079923440615
5.811054562541212
23.574207928906787
6.081371725251131
21.772485673669905
8.119839630112994
7.724195777815913
6.651285914014187
20.76740297068803
8.427803471554236
7.811389652001367
10.480827214423199
6.324178869685106
6.154529516299467
8.0942243245605
6.154529516299467
6.724443705062523
24.317281575037033
8.218818239302387
6.657785429628819
18.00546162519083
9.875678375004286
14.183094034361968
23.376910109877514
7.856906437262241
20.992017748646333
20.523976857303534
8.76383718113398
5.877712837974915
15.704104764439991
9.609909600079886
6.651285914014187
23.013223599963123
23.247546655695075
8.657611584758946
6.081371725251131
15.378152084504878
10.998716986086416
21.178868982798893
17.59506397068007
6.081371725251131
9.857600902310887
6.154529516299467
5.804555046926579
5.811054562541212
22.668902741327972
18.092883298451238
20.32476674625815
6.651285914014187
19.716179799635253
6.317679354070474
14.950675497040638
7.856906437262241
5.877712837974915
6.890013239553929
19.44028163265206
18.080787750268534
8.703637304349849
20.10137982906739
22.643870294359505
20.347055691003202
9.665088924252514
19.71498020886287
22.429993902677847
5.89247148315326
5.804555046926579
6.081371725251131
6.317679354070474
23.974850158535027
8.152228868112498
5.877712837974915
6.087871240865764
23.631583284722513
17.990322201782526
5.804555046926579
5.8859719675386275
5.804555046926579
21.558240234269217
20.23400807837075
7.856906437262241
7.856906437262241
7.938323357874289
22.218420862277775
20.994661888948926
5.804555046926579
21.628127381242635
18.91310765458028
24.37758821850082
5.811054562541212
5.804555046926579
24.0776764476138
8.721737534216583
7.732091720926889
19.787360271903545
12.645172335348548
20.99451390975252
22.37477780747951
5.811054562541212
20.356835577141364
21.90269291359838
7.856906437262241
19.02264068432231
21.373044014916303
25.05006823155138
18.08086530772934
17.632570529386705
14.075513940306443
23.244537605986295
24.830704261747123
22.549437779957195
21.46301320853853
14.246587698700795
10.061259789587103
6.651285914014187
9.366151886106675
5.804555046926579
10.154614042866408
19.33007462813046
15.792781705067556
8.881312058244553
9.676567875513589
19.938289735998286
21.411385324532443
21.739428357670338
17.72824801969812
18.136323393644016
6.154529516299467
6.087871240865764
6.081371725251131
17.721462960690502
19.768849610932108
22.601795998209568
20.52747811421402
19.684406064608318
24.480272955318735
10.189509330963885
21.35972784222873
15.801802210639211
24.238003530102816
5.804555046926579
19.381716265114587
5.8859719675386275
15.801802210639211
17.54706643851668
8.421303955939603
6.087871240865764
5.811054562541212
5.804555046926579
22.638421732191723
6.081371725251131
8.578822588014498
18.7705679423237
15.45693630309149
19.76799633989656
22.73604156901704
21.636678780217107
7.811389652001367
16.304345233875047
22.405163227013972
5.877712837974915
5.804555046926579
16.497610796604945
19.434016906439524
19.871912105420375
10.955495385029902
20.818947897640086
20.35066045877323
5.804555046926579
22.4259155682818
5.804555046926579
18.66457300357512
21.302647991173338
5.804555046926579
5.804555046926579
25.268418083513275
9.642968564431227
8.381303840764422
5.877712837974915
17.846491709340967
5.877712837974915
7.863405952876873
18.96889444608612
22.321827599448092
7.926974350941217
20.125395776776664
23.180819404949485
6.081371725251131
14.5555163856972
5.804555046926579
12.140476123961541
11.539560938856054
5.811054562541212
18.904640919612905
17.119316351797245
16.78307075986999
8.580451961368771
13.958795425380716
19.305931845291433
21.455798256105112
5.877712837974915
19.549426003376254
5.804555046926579
7.863405952876873
18.191749315577024
14.764837141589041
5.804555046926579
6.724443705062523
5.877712837974915
24.199725438964396
5.877712837974915
15.662789726818653
10.183814073867678
16.512295855000726
20.13151822679816
7.886666432587274
6.651285914014187
20.937157173174597
23.596633735892077
5.811054562541212
10.387629511509182
18.729614301835003
22.54079113243103
23.367697232506412
22.55422029003475
22.269757591930436
19.311541184421124
14.25837484355648
14.715243893582372
6.651285914014187
6.657785429628819
21.967577879873705
21.777399592091747
7.709437132637569
9.695130247539526
11.754688380566341
7.709437132637569
8.0942243245605
7.82000815715357
7.857916695741157
5.877712837974915
5.811054562541212
7.863405952876873
12.41757878326371
11.785171274282524
5.877712837974915
22.687992551037098
14.147695667478589
6.724443705062523
6.724443705062523
18.577212033925093
15.4874457670423
13.305696992207432
8.997717660317292
12.297027526304806
7.738591236541522
19.54741034056409
6.087871240865764
7.930064228310577
9.671588439867147
6.087871240865764
6.081371725251131
6.390837145118811
10.456613054217518
9.738246715300852
24.517684985244014
6.154529516299467
9.661141422686152
8.680482536002485
12.173991325326979
5.811054562541212
10.123033907223782
5.811054562541212
14.626919089087597
7.857916695741157
5.811054562541212
21.278107669145633
7.656017422414021
20.283760736740142
18.963564465727618
20.38532028914048
5.811054562541212
18.987881304923697
10.783808653947398
14.180763472805285
19.71810758882865
12.340099139160467
7.724195777815913
6.154529516299467
19.680188598065392
10.067257871638871
20.877420322575077
5.811054562541212
6.657785429628819
10.087932438099921
12.15208940136428
8.232403713841732
11.880921227838451
22.259681331749167
14.678425315620895
14.613175575366578
6.390837145118811
10.150098113781775
5.959129758586964
17.055382030576933
14.550194716402528
10.178249547990395
8.218818239302387
10.07823364548519
6.724443705062523
5.877712837974915
5.959129758586964
7.930064228310577
19.990763117410708
10.304066934021078
5.959129758586964
8.082066190299779
20.572617016331883
10.384907761068364
15.814286184112284
20.53179324300994
21.999046217292435
7.729175213462358
7.790854053249617
7.886666432587274
8.495634917626939
8.890707704602578
8.730769375807283
6.390837145118811
24.053144616378535
20.40034974840978
23.082927220756957
6.390837145118811
7.581100017416605
8.140222631201423
8.890707704602578
9.015522420937927
6.390837145118811
5.959129758586964
6.154529516299467
8.160882599994205
6.390837145118811
7.987939341250245
19.340409131520765
8.011481148922625
11.932377758906467
23.809585003305205
20.81825277699223
7.729175213462358
12.230600938326056
8.140222631201423
19.809266463332214
19.069187070565725
15.993321790544192
5.877712837974915
16.736989057520464
8.376530260020767
21.71601518275612
13.966497534789065
8.140222631201423
7.930064228310577
8.419646727782093
6.324178869685106
6.324178869685106
6.890013239553929
6.324178869685106
8.251715543685416
6.317679354070474
5.877712837974915
8.091475161169704
23.998888165657476
8.403665857677934
5.959129758586964
6.724443705062523
5.877712837974915
5.89247148315326
5.959129758586964
8.140222631201423
22.353409862134995
19.272965174244263
7.930064228310577
7.863405952876873
9.852111645175171
17.758552883799275
7.601231249110519
8.114355556254413
20.007840701216423
20.16798148258953
6.087871240865764
8.082066190299779
6.390837145118811
6.317679354070474
10.72243199926523
8.376530260020767
20.67703632996596
10.123033907223782
7.856906437262241
6.087871240865764
6.657785429628819
9.563816015589543
5.8859719675386275
7.656017422414021
6.324178869685106
6.896512755168562
8.23357688448073
6.154529516299467
7.896075403457202
6.324178869685106
10.417046398291783
5.89247148315326
18.41143248962336
8.776795095398183
8.20688090663513
24.10101965987483
6.087871240865764
5.804555046926579
15.294541687884598
15.256732900863112
6.154529516299467
11.947922443396225
13.671214585027904
7.886666432587274
6.657785429628819
5.89247148315326
5.8859719675386275
5.8859719675386275
5.804555046926579
6.087871240865764
8.657611584758946
18.90739542026732
7.851417180126524
8.697178905700277
19.507552888982772
20.50196469951156
20.04047176619447
22.897016799105952
6.087871240865764
5.811054562541212
20.952973540141983
7.656017422414021
5.89247148315326
5.811054562541212
5.811054562541212
5.804555046926579
7.662516938028654
19.298164754755568
20.139537577491406
6.154529516299467
10.144891920918894
5.877712837974915
19.063335123529455
8.232403713841732
20.12043655156738
5.959129758586964
16.15453065521484
20.08733140346736
16.883178687244563
7.729175213462358
16.703138876448307
5.89247148315326
8.0942243245605
7.71769626220128
6.087871240865764
12.003895864322692
6.087871240865764
7.863405952876873
6.324178869685106
17.913136827602028
19.378276797517227
23.001746026286444
8.31837381911912
5.877712837974915
16.32983201072203
5.959129758586964
18.77340704495154
19.77216817598942
22.111992209571625
8.594731074499057
8.71013681996448
8.15590316434776
6.087871240865764
6.324178869685106
5.89247148315326
6.087871240865764
18.309373348650734
10.755512091211225
5.877712837974915
9.87235954748923
12.235725241800742
24.80672122338987
9.065549106389993
6.724443705062523
6.390837145118811
10.823704907928201
5.89247148315326
5.877712837974915
21.131977474928263
6.154529516299467
8.118134649036254
21.521349813866482
14.585235660412955
6.390837145118811
7.886666432587274
8.318373819119122
6.087871240865764
6.087871240865764
5.877712837974915
6.724443705062523
6.087871240865764
9.676567875513589
7.805249511975226
22.481590747303343
6.087871240865764
12.331537621138398
9.767400819204804
8.232403713841732
6.324178869685106
6.081371725251131
6.087871240865764
5.89247148315326
15.107889171791234
22.940564459400317
5.877712837974915
5.811054562541212
6.317679354070474
7.642778857203865
7.642778857203865
8.015407914866074
5.877712837974915
14.380001463956091
6.081371725251131
17.885453120128506
19.04158811485508
20.383812749070437
10.037717981914723
6.651285914014187
11.389639269468198
5.811054562541212
8.354442277855595
7.581100017416605
5.959129758586964
5.877712837974915
6.724443705062523
21.918289320805552
21.14591200282189
8.2259041982271
5.877712837974915
5.877712837974915
5.877712837974915
5.877712837974915
8.341621086422867
6.390837145118811
9.045883100893988
7.805249511975226
19.962596670436326
6.154529516299467
8.782351234695907
10.21915332876254
6.724443705062523
22.33908468361238
21.29727348822214
21.652071769830023
