Model: HBOS
Dataset 18: thyroid.mat
Time taken: 0.002283334732055664 seg.
Accuracy: 0.4838709677419355
@scores
-10.872519770630594
-7.383477826986277
-9.359018017350316
-13.669653783520097
-9.417848941597107
-11.210196406879831
-10.852456633486698
-11.032363939791434
-10.565626712997007
-8.881841077083426
-8.739535129329468
-11.794914107416805
-13.824717318336216
-13.386351093628615
-13.231287558812497
-10.408104898858808
-14.31340807486395
-13.669653783520097
-12.03979985653493
3.8691067459735824
-13.836231134597057
-13.669653783520097
-15.038356704254937
-9.91301666275773
-13.669653783520097
-10.42366812965727
-12.206377207611894
-5.7162970281665615
-10.276045212380488
-15.038356704254937
-14.18134838838563
-12.046627911466171
-12.812645467650789
-12.967709002466908
-13.393901589078425
-14.31340807486395
-3.396432415274216
-11.764047662093262
4.077496711705665
2.234016207819946
-14.18134838838563
-5.142986798477349
-8.029953621708572
-7.033155572345389
-10.702237798992007
-11.637307515575994
-14.59999047954734
-11.133053528249796
-12.970136552562174
-10.694687303542198
-11.032363939791434
-14.59999047954734
-9.844041528208628
-13.231287558812497
-14.59999047954734
-13.824717318336216
-13.231287558812497
-10.613721848629725
-5.095261476808485
-12.622591748678335
-14.18134838838563
-10.93845874835053
-11.085965151769912
-13.409120025900894
-6.792089922665435
-12.578899327614675
-12.467528213862217
-11.93432963373185
-13.564183560717012
-14.18134838838563
-13.669653783520097
-11.085965151769912
-10.274857257466415
-12.025198668343585
-12.622591748678335
-13.071443389651659
-11.133053528249796
-10.25709077858031
-14.31340807486395
-13.824717318336216
-15.038356704254937
-5.541413946287642
2.1975375483867676
-4.676619385646776
-13.231287558812497
-13.393901589078425
-13.231287558812497
-13.393901589078425
-12.607028517879872
-14.18134838838563
-14.777822946635737
-13.393901589078425
1.8577979669158269
-10.500092523642934
-13.393901589078425
-11.687522032094346
-14.31340807486395
-10.708013957514746
-14.59999047954734
-14.777822946635737
-8.479001371710266
-15.038356704254937
-0.7437062918012174
-13.393901589078425
-12.967709002466908
-6.65788884020524
-12.206377207611894
-5.972229675545432
-13.071443389651659
-14.777822946635737
-14.59999047954734
-11.93432963373185
-10.631488327515832
-9.82627504932252
-11.05768091412735
2.5258352236718067
-1.7258943637026545
-13.409120025900894
-11.210196406879831
-13.238838054262306
-14.18134838838563
-4.163016703394014
-11.48849664338514
-14.31340807486395
-8.40185849308023
-9.858642716399974
-15.038356704254937
-4.094191041692395
-10.872519770630594
-7.124594272087665
-10.76354801399415
-12.893610922563262
-7.676909863689242
-8.301168904621868
-12.017648172893775
0.12884293585351303
-12.901161418013071
-12.944705154129107
-14.18134838838563
-2.018298116539744
-7.555176038557693
-13.669653783520097
-10.600782112101296
-14.777822946635737
-13.564183560717012
-9.736333178692652
-12.066096019405421
-2.696137773092199
-14.59999047954734
-11.340967790390543
-3.946967034001794
-10.274857257466415
-12.401066860526278
-11.378699566350363
-10.992737821693169
-12.195480639982172
-9.645600422033706
-14.31340807486395
-10.35138288746533
-11.48849664338514
-12.025198668343585
-9.649617632994007
-9.836491032758817
-14.777822946635737
-15.038356704254937
-11.93432963373185
-14.777822946635737
-12.456014397601372
-8.308719400071679
-8.308719400071679
-12.467528213862217
-12.118337761352137
-15.038356704254937
-12.025198668343585
-12.944705154129107
-11.764047662093262
-12.893610922563262
-11.764047662093262
-13.836231134597057
-13.408502777269774
-8.206637105773652
-11.210196406879831
-12.812645467650789
-15.038356704254937
-13.564183560717012
-15.038356704254937
-13.408502777269774
-13.669653783520097
-10.274857257466415
-11.470730164499034
-11.26132944548283
-12.967709002466908
-7.809670413597796
-10.702237798992007
-7.589009143859452
-11.756497166643452
-13.071443389651659
-1.3554388751260924
-6.399030037628018
-12.195480639982172
-13.564183560717012
-13.231287558812497
-6.399030037628018
-10.702237798992007
-11.210196406879831
-11.227962885765937
-6.356626184396071
-12.025198668343585
-3.6423306953712085
-9.598108958780772
-12.812645467650789
-8.272608981457207
-11.05768091412735
-12.967709002466908
-13.238838054262306
-13.238838054262306
-11.470730164499034
-12.622591748678335
-12.19486339135105
-11.210196406879831
-11.032363939791434
-9.420276491692375
-10.826160470616209
-13.00855349333553
-14.60754097499715
-14.60754097499715
-14.59999047954734
-9.494374571596023
-14.777822946635737
-12.066096019405421
-12.622591748678335
-12.578899327614675
-8.924669003603016
-9.072731687808535
-9.14925731780745
-13.669653783520097
-10.872519770630594
-14.59999047954734
-13.099768688945225
-14.777822946635737
-13.409120025900894
-13.564183560717012
-14.777822946635737
-10.274857257466415
-11.393389131961147
-12.551494461400466
-12.47496883140155
-14.777822946635737
-11.764047662093262
-9.658880384711871
-14.777822946635737
-15.038356704254937
-7.637567413737752
-6.197537290852331
-10.85923980795243
-7.186807582891689
-9.549908628075428
-15.038356704254937
-13.669653783520097
-13.409120025900894
-14.59999047954734
-12.967709002466908
-10.613721848629725
-12.967709002466908
-14.777822946635737
-13.669653783520097
-15.038356704254937
-14.60754097499715
-15.038356704254937
-14.59999047954734
-14.59999047954734
-14.59999047954734
-11.764047662093262
-12.893610922563262
-13.408502777269774
-8.087447454706194
-13.393901589078425
-14.777822946635737
-13.836231134597057
-13.386351093628615
-14.31340807486395
-9.072731687808535
-12.967709002466908
-11.756497166643452
-12.622591748678335
-8.384469572862049
-12.683554147878784
-11.05013041867754
-14.31340807486395
-1.6212395434385427
-13.331977147270859
-13.238838054262306
-14.18134838838563
-11.48849664338514
-13.386351093628615
-14.777822946635737
-13.669653783520097
-14.59999047954734
-13.564183560717012
-14.31340807486395
-14.60754097499715
-12.017648172893775
-10.76354801399415
-13.238838054262306
-10.014323499847215
-13.331977147270859
-13.238838054262306
-12.977687048011983
-14.60754097499715
-10.507643019092743
-12.206377207611894
-6.873808068787471
-13.408502777269774
-11.032363939791434
-10.274857257466415
-12.967709002466908
-1.212107743687883
-13.231287558812497
-13.14796901965057
-14.59999047954734
-12.683554147878784
-7.111911787179616
-14.18134838838563
-14.60754097499715
-14.59999047954734
-14.59999047954734
-13.231287558812497
-6.166802380296328
-14.18134838838563
-9.91301666275773
-14.60754097499715
-13.14796901965057
-11.794914107416805
-15.038356704254937
-14.18134838838563
-14.31340807486395
-14.18134838838563
-13.408502777269774
-12.944705154129107
-10.745781535108044
-11.227962885765937
-15.038356704254937
-10.745781535108044
-14.60754097499715
-13.824717318336216
1.323898377433892
-12.977687048011983
-0.9292462885145736
-7.349782383866424
-10.014323499847215
-14.60754097499715
-12.195480639982172
-7.89935858648682
-13.564183560717012
-12.893610922563262
-7.4111766767710545
-11.210196406879831
-13.824717318336216
-12.467528213862217
-13.393901589078425
-11.48849664338514
-11.565022273384052
-12.456014397601372
-13.231287558812497
-10.992737821693169
-10.28637107372726
-13.836231134597057
-13.099768688945225
-5.015036318909078
-6.615200119561842
-9.736333178692652
-14.777822946635737
-13.564183560717012
-12.893610922563262
-13.409120025900894
-14.777822946635737
-10.600782112101296
-14.60754097499715
-10.359716462421343
-12.944705154129107
-14.31340807486395
-13.386351093628615
-15.038356704254937
-14.31340807486395
-13.099768688945225
-14.777822946635737
-14.60754097499715
-3.3557482906878193
-14.60754097499715
-10.268604594841152
-8.206637105773652
-2.6647683895302485
-9.420276491692375
-13.099768688945225
-9.867172400384357
-7.199732923422349
-10.992737821693169
-8.321579676545921
-11.210196406879831
-8.141324735461028
-13.393901589078425
-10.694687303542198
-14.60754097499715
-14.777822946635737
-10.28637107372726
-7.787995014611943
-9.649617632994007
-12.839433085233875
-9.400082462711001
-4.644725660419974
-13.393901589078425
-12.19486339135105
-13.393901589078425
-13.393901589078425
-11.48849664338514
-13.331977147270859
-15.038356704254937
-11.93432963373185
-11.227962885765937
-14.60754097499715
-12.839433085233875
-13.409120025900894
-6.866913923611208
-10.090849129846129
-6.186344212757485
-9.836491032758817
-12.578899327614675
-12.970136552562174
-11.565022273384052
-6.65788884020524
-10.67792499073133
-15.038356704254937
-7.849542901478654
-13.14796901965057
-14.31340807486395
-9.920567158207541
-13.386351093628615
-12.195480639982172
-8.251999959116429
-15.038356704254937
-14.31340807486395
-8.64500333048125
-11.210196406879831
-5.429597808230712
-12.066096019405421
-3.1022995151410164
-14.777822946635737
-14.777822946635737
-15.038356704254937
-13.099768688945225
-14.777822946635737
-14.777822946635737
-12.017648172893775
-13.099768688945225
-10.10121184122522
-12.970136552562174
-3.373717345177141
-3.373717345177141
-13.669653783520097
-13.669653783520097
-11.26132944548283
-8.739535129329468
-15.038356704254937
-13.14796901965057
-14.777822946635737
-8.01458649993848
-12.683554147878784
-8.214187601223461
-12.967709002466908
-11.599006081732064
-11.337855075481741
-13.386351093628615
-13.231287558812497
-11.133053528249796
-11.470730164499034
-12.467528213862217
-14.777822946635737
-14.59999047954734
-10.613721848629725
-12.967709002466908
-14.60754097499715
-14.60754097499715
-14.18134838838563
-14.18134838838563
-10.39534474135842
-11.794914107416805
-13.00855349333553
-9.494374571596023
-14.31340807486395
-11.756497166643452
-11.032363939791434
-13.408502777269774
-8.739535129329468
-14.777822946635737
-10.340248354482092
-9.494374571596023
-11.337855075481741
-12.467528213862217
-13.564183560717012
-11.469914761960062
-10.408104898858808
-8.924669003603016
-14.31340807486395
-13.386351093628615
-12.19486339135105
-12.901161418013071
-14.60754097499715
-12.944705154129107
-7.0846807225558015
-11.032363939791434
-13.386351093628615
-11.210196406879831
-11.794914107416805
-9.417848941597107
-9.9691521547469
-3.098599987240524
-0.633687535213999
1.1379117108040175
-11.469914761960062
-6.65788884020524
-13.071443389651659
-6.488206164305694
-13.393901589078425
-9.736333178692652
-12.467528213862217
-12.622591748678335
-14.60754097499715
-13.669653783520097
-4.074344630136428
-7.515537513464596
-11.48849664338514
-11.470730164499034
-13.669653783520097
-14.59999047954734
-12.683554147878784
-12.017648172893775
-12.025198668343585
-14.59999047954734
-11.133053528249796
-15.038356704254937
-15.038356704254937
-12.118337761352137
-13.393901589078425
-4.130297699160801
-8.447492063336126
-13.386351093628615
-14.777822946635737
-14.59999047954734
-14.59999047954734
-15.038356704254937
-11.639850572600686
-13.00855349333553
-9.103250317330385
-14.60754097499715
-6.210682931936175
-13.14796901965057
-10.86679030340224
-13.231287558812497
-5.910954886168942
-11.731065768210385
-14.60754097499715
-14.18134838838563
-9.598108958780772
-11.756497166643452
-13.824717318336216
-11.470730164499034
-13.099768688945225
-11.470730164499034
-0.679647731399863
-1.9323784281419174
-3.8338636352406
-14.31340807486395
-14.60754097499715
-14.60754097499715
-10.694687303542198
-13.00855349333553
-15.038356704254937
-15.038356704254937
-13.00855349333553
-13.393901589078425
-7.588947976751051
-9.823432889122103
-1.501010991131652
-6.083444445057749
-8.384469572862049
-12.622591748678335
-8.160792843400277
-2.150357803018064
-11.470730164499034
-11.764047662093262
-15.038356704254937
-11.756497166643452
-9.9691521547469
-14.31340807486395
-12.456014397601372
-14.777822946635737
-14.31340807486395
-10.745781535108044
-10.694687303542198
-12.944705154129107
2.657894910150127
-9.062405826461763
-10.768785383445843
-9.549908628075428
-13.231287558812497
-9.481047917623473
-11.599006081732064
-11.599006081732064
-12.944705154129107
-3.667998455080876
-3.6602778710617154
-14.60754097499715
-14.60754097499715
-13.386351093628615
-13.824717318336216
-14.31340807486395
-11.210196406879831
-12.944705154129107
-9.920567158207541
-10.10823805006431
-3.4387639073445326
-9.836491032758817
-14.59999047954734
-15.038356704254937
-3.351314704028738
-12.19486339135105
-13.386351093628615
-10.708013957514746
-11.639850572600686
-10.852456633486698
-13.099768688945225
-5.6539990720870765
-14.31340807486395
-12.066096019405421
-14.60754097499715
-9.025295495526958
-12.195480639982172
-12.046627911466171
-11.470730164499034
-4.695227575480372
-10.67792499073133
-11.134206544126265
-8.479001371710266
-10.090849129846129
-12.307161669085374
-13.408502777269774
-11.337855075481741
-10.694687303542198
-14.18134838838563
-13.669653783520097
-12.03979985653493
-11.48849664338514
-11.133053528249796
-4.678571926705562
-12.19486339135105
-11.337855075481741
-15.038356704254937
-14.18134838838563
-13.00855349333553
-13.00855349333553
-15.038356704254937
-14.777822946635737
-13.669653783520097
-12.683554147878784
-12.970136552562174
-15.038356704254937
-13.00855349333553
-9.549908628075428
-13.14796901965057
-13.408502777269774
-11.05013041867754
-13.238838054262306
-11.032363939791434
-12.456014397601372
3.014004869864614
-8.087447454706194
-2.020027263835853
-13.393901589078425
-11.05768091412735
-15.038356704254937
-12.025198668343585
-11.756497166643452
-11.599006081732064
-13.231287558812497
-15.038356704254937
-14.777822946635737
1.800886594280818
-14.59999047954734
-13.238838054262306
-14.60754097499715
-13.238838054262306
-14.31340807486395
-10.85923980795243
-11.05013041867754
-12.944705154129107
-12.467528213862217
-11.470730164499034
-11.470730164499034
-12.195480639982172
-14.777822946635737
-14.777822946635737
-13.408502777269774
-14.777822946635737
-15.038356704254937
-0.773769376483739
-12.944705154129107
-11.05768091412735
-11.039914435241243
-11.756497166643452
-14.59999047954734
-14.777822946635737
-12.129851577612978
-7.383477826986277
-15.038356704254937
-13.00855349333553
-13.00855349333553
-14.18134838838563
-14.60754097499715
-15.038356704254937
-14.60754097499715
-14.60754097499715
-2.323150282037
-5.603998750432238
-13.408502777269774
-12.551494461400466
-12.551494461400466
-14.777822946635737
-10.745781535108044
-13.231287558812497
-12.967709002466908
-7.809670413597796
-9.920567158207541
-13.669653783520097
-15.038356704254937
-13.564183560717012
-10.25709077858031
-14.777822946635737
-13.386351093628615
-8.739535129329468
-13.393901589078425
-15.038356704254937
-10.28637107372726
4.97366814662362
-12.967709002466908
-12.944705154129107
-13.00855349333553
-12.893610922563262
-13.824717318336216
-11.731065768210385
-7.979952385236383
-13.00855349333553
-8.51623595853562
-12.066096019405421
-14.18134838838563
-12.467528213862217
-8.479001371710266
-14.59999047954734
-0.9960230609312386
-13.669653783520097
-8.240486142855584
-13.393901589078425
-12.944705154129107
-9.211251408286406
0.8537915652445016
-7.111911787179616
-3.885964906845709
-12.944705154129107
-12.970136552562174
-13.393901589078425
-12.19486339135105
-13.669653783520097
-15.038356704254937
-13.408502777269774
-9.91301666275773
-11.93432963373185
-13.408502777269774
-12.970136552562174
-10.507643019092743
-12.967709002466908
-14.18134838838563
-11.469914761960062
-13.669653783520097
-12.970136552562174
-11.039914435241243
-11.05768091412735
-6.598437757657053
-14.777822946635737
-12.03979985653493
-13.824717318336216
-14.59999047954734
-15.038356704254937
-15.038356704254937
-14.59999047954734
-11.039914435241243
-1.8817733010577444
-9.81872455387271
-11.637307515575994
-13.824717318336216
-13.386351093628615
-11.133053528249796
-10.69739309867058
-10.600782112101296
-11.470730164499034
-13.386351093628615
-14.777822946635737
-11.039914435241243
-13.408502777269774
-10.631488327515832
-9.072731687808535
-11.470730164499034
-10.408104898858808
-5.645717406295748
-13.386351093628615
-13.231287558812497
-7.5374095596715875
-13.409120025900894
-14.60754097499715
-14.777822946635737
-1.0413380727340527
-13.409120025900894
-11.227962885765937
-13.669653783520097
-6.178793717307674
-14.59999047954734
-12.901161418013071
-10.359716462421343
-14.60754097499715
-10.702237798992007
0.2345111098840229
-14.60754097499715
-11.469914761960062
-14.777822946635737
-11.639850572600686
-13.099768688945225
-15.038356704254937
-13.231287558812497
-13.00855349333553
-13.00855349333553
-2.9171381686103293
-11.794914107416805
-12.129851577612978
-14.777822946635737
-7.5374095596715875
-7.96349226837263
-14.59999047954734
-13.409120025900894
-10.694687303542198
-14.59999047954734
-6.811156461509126
-13.331977147270859
-12.129851577612978
-14.31340807486395
-12.967709002466908
-12.967709002466908
-12.456014397601372
-7.89935858648682
-1.0631389768622255
-12.967709002466908
-8.64500333048125
-3.396432415274216
2.6189344571575845
-13.231287558812497
-6.333979521242233
-13.836231134597057
-11.857804003732934
-10.76354801399415
-13.824717318336216
-4.373159620613313
-9.549908628075428
-11.93432963373185
-13.393901589078425
-11.48849664338514
-12.622591748678335
-13.099768688945225
-13.564183560717012
-9.420276491692375
-11.470730164499034
-10.44059771679072
-12.812645467650789
-5.070918247031493
-13.393901589078425
-11.05768091412735
-10.274857257466415
-11.608984127277143
-9.549908628075428
-15.038356704254937
-14.31340807486395
-9.717262231035072
-12.066096019405421
-14.777822946635737
-12.901161418013071
-5.785040923366056
-10.916212191694257
-4.373159620613313
-15.038356704254937
-12.408617355976087
-13.393901589078425
-14.60754097499715
-14.31340807486395
-14.59999047954734
-13.669653783520097
-14.31340807486395
-11.794914107416805
-10.702237798992007
-13.824717318336216
-7.442877760823371
-7.5374095596715875
-12.683554147878784
-12.467528213862217
-12.622591748678335
-13.836231134597057
-7.555176038557693
-9.844041528208628
-15.038356704254937
-5.7023875085245415
-11.182791540665622
-9.494374571596023
-11.48849664338514
-14.60754097499715
-3.946967034001794
-11.756497166643452
-4.264473013330982
-13.409120025900894
-12.195480639982172
-14.60754097499715
-11.469914761960062
-10.76354801399415
-11.085965151769912
-14.31340807486395
-8.71728857267319
-11.93432963373185
-11.126656048676455
-10.090849129846129
-12.401066860526278
-4.695227575480372
-12.467528213862217
-10.76354801399415
-9.82627504932252
-9.211251408286406
-14.777822946635737
-8.034317024265928
-13.14796901965057
-12.812645467650789
-11.337855075481741
-14.18134838838563
-11.639850572600686
-10.436242092420256
-15.038356704254937
-15.038356704254937
-9.858642716399974
-13.564183560717012
-13.071443389651659
-14.777822946635737
-2.6622923544466754
-10.38779424590861
-12.017648172893775
-10.416773984481008
-13.409120025900894
-13.564183560717012
-8.206637105773652
-4.389930222706697
-7.181814991641239
-9.488598413073284
-10.67792499073133
1.086777619715395
-10.35138288746533
-15.038356704254937
-13.836231134597057
-9.389083875374803
-11.05013041867754
-5.898283301560993
-13.393901589078425
-14.31340807486395
-14.777822946635737
-3.782130433286528
-12.578899327614675
-10.565626712997007
-13.386351093628615
-12.970136552562174
-11.756497166643452
-8.301168904621868
-14.59999047954734
-13.231287558812497
-12.456014397601372
-15.038356704254937
-11.469914761960062
-11.764047662093262
-2.6384329544771403
-12.944705154129107
-8.01458649993848
-11.764047662093262
-11.599006081732064
-11.210196406879831
-12.195480639982172
-11.794914107416805
-12.046627911466171
-4.0806969200788075
-12.19486339135105
-13.408502777269774
-13.564183560717012
-9.653150917483515
-9.194465512940084
-11.182791540665622
-11.133053528249796
-3.946967034001794
-14.18134838838563
-10.426211186681964
-5.819739690559245
-5.6035696086254205
-10.169031676984059
-13.238838054262306
-13.408502777269774
-12.456014397601372
-13.099768688945225
-8.214187601223461
-11.05013041867754
-10.992737821693169
-11.227962885765937
0.49731609941901334
-14.60754097499715
-11.756497166643452
-6.8061243200901185
-5.758722310920353
-9.653150917483515
-13.00855349333553
-14.60754097499715
2.2408038158268564
-11.26132944548283
-13.386351093628615
-11.93432963373185
-3.0618184321101722
-12.812645467650789
-11.032363939791434
-11.032363939791434
-13.836231134597057
-13.824717318336216
-13.409120025900894
-15.038356704254937
-13.14796901965057
-11.470730164499034
-3.820163162459606
-12.967709002466908
2.2317023235386073
-14.31340807486395
-13.393901589078425
-10.228956835900604
-9.919414142331073
-10.507643019092743
-11.982424769364567
-10.745781535108044
-13.824717318336216
-11.599006081732064
-11.039914435241243
-13.393901589078425
-10.090849129846129
-12.839433085233875
-11.601433631827334
-1.1568246716667554
-15.038356704254937
-14.59999047954734
-14.59999047954734
-12.967709002466908
-11.304488515764852
-14.777822946635737
-11.105036099427494
-15.038356704254937
-11.302173936351451
-13.836231134597057
-12.19486339135105
-8.141324735461028
-11.470730164499034
-13.836231134597057
-12.456014397601372
-11.032363939791434
-15.038356704254937
-13.824717318336216
-11.93432963373185
-7.162755390139532
-12.017648172893775
-14.31340807486395
-15.038356704254937
-4.803975349871103
-13.836231134597057
-12.307161669085374
-13.836231134597057
-15.038356704254937
-9.456111224784749
-15.038356704254937
-12.967709002466908
-12.118337761352137
-12.456014397601372
-11.393389131961147
-14.31340807486395
-10.408104898858808
-14.18134838838563
-8.245054046547006
-13.099768688945225
-13.836231134597057
-3.782130433286528
-12.456014397601372
-15.038356704254937
-10.613721848629725
-12.967709002466908
-6.356626184396071
-12.03979985653493
-7.383477826986277
-13.564183560717012
-9.45869343246573
-11.601433631827334
-11.393389131961147
-9.858642716399974
-13.836231134597057
-9.11570473275027
-11.105036099427494
-4.704125594257068
-9.836491032758817
-8.141324735461028
-13.386351093628615
-8.479001371710266
-14.59999047954734
-13.00855349333553
-14.60754097499715
-9.193591771155106
-8.32555117309834
-14.777822946635737
-13.071443389651659
-11.032363939791434
-5.415034372357393
-14.31340807486395
-13.393901589078425
-8.301168904621868
-14.31340807486395
-13.00855349333553
-13.00855349333553
-11.93432963373185
-9.930927958591916
-11.032363939791434
-11.93432963373185
-11.227962885765937
-14.31340807486395
-14.31340807486395
-7.111911787179616
2.7106231868494395
-11.05768091412735
-12.025198668343585
-9.823432889122103
-13.836231134597057
-12.622591748678335
-8.64500333048125
-9.218863070844616
-14.59999047954734
-11.227962885765937
-14.777822946635737
-10.67792499073133
-10.10823805006431
-5.972229675545432
-13.071443389651659
-10.872519770630594
-10.507643019092743
-13.824717318336216
-13.409120025900894
-13.824717318336216
-14.60754097499715
-13.071443389651659
-12.025198668343585
-12.017648172893775
-13.231287558812497
-9.930927958591916
-8.245054046547006
-11.639850572600686
-13.331977147270859
-12.017648172893775
-14.59999047954734
-2.2339526602724584
-13.393901589078425
-8.597117212905001
-14.777822946635737
-10.76354801399415
-13.564183560717012
-13.836231134597057
-10.76354801399415
-9.919414142331073
-11.639850572600686
-13.00855349333553
-13.386351093628615
-12.578899327614675
-13.824717318336216
-11.227962885765937
-13.386351093628615
-11.756497166643452
-9.598108958780772
-14.59999047954734
-13.00855349333553
-14.31340807486395
-15.038356704254937
-11.039914435241243
-13.00855349333553
-13.408502777269774
-5.070918247031493
-10.408104898858808
-13.836231134597057
-8.739535129329468
-11.297606032660028
-7.5374095596715875
-13.386351093628615
-13.386351093628615
-11.868795444377774
-13.836231134597057
-11.340967790390543
-8.005162517817494
-11.039914435241243
-9.844041528208628
4.25633887959256
-10.694687303542198
-12.622591748678335
-13.836231134597057
-12.03979985653493
-9.456111224784749
-9.858642716399974
-14.31340807486395
-8.51623595853562
-15.038356704254937
-15.038356704254937
-15.038356704254937
-10.083966646741306
-12.19486339135105
-9.836491032758817
3.999810213301882
-14.60754097499715
-11.378699566350363
-10.76354801399415
-13.836231134597057
-11.756497166643452
-11.304488515764852
-1.4613651764755282
-6.381076225990585
-6.197537290852331
-11.48849664338514
-8.384469572862049
-10.631488327515832
-11.469914761960062
-12.19486339135105
-14.777822946635737
-11.227962885765937
-12.578899327614675
-10.426211186681964
-15.038356704254937
-11.857804003732934
-11.982424769364567
-12.977687048011983
-15.038356704254937
-15.038356704254937
-12.812645467650789
-14.31340807486395
-9.133694087008985
-14.31340807486395
-7.920054701090263
-5.194795207914457
5.915703489250028
-9.858642716399974
-13.071443389651659
-11.731065768210385
-15.038356704254937
-14.777822946635737
-12.206377207611894
-11.337855075481741
-5.71169591792623
-13.071443389651659
-0.0794124908646956
-4.45708939887222
-5.33718147187905
-14.60754097499715
1.2495859903831867
-11.227962885765937
-14.59999047954734
3.0451270437691034
-11.982424769364567
-10.408104898858808
-14.18134838838563
-15.038356704254937
-11.039914435241243
-2.5117823952284484
-11.227962885765937
-7.787995014611943
-12.19486339135105
-10.268604594841152
-14.60754097499715
-5.71169591792623
-14.59999047954734
-11.565022273384052
-11.470730164499034
-13.836231134597057
-13.393901589078425
-11.227962885765937
-14.60754097499715
-13.393901589078425
-13.238838054262306
-13.824717318336216
-12.812645467650789
-7.418727172220865
-14.777822946635737
-7.920054701090263
-13.836231134597057
-12.046627911466171
-14.59999047954734
-14.31340807486395
-14.18134838838563
-13.393901589078425
-10.500092523642934
-4.373159620613313
-12.683554147878784
-4.776321109170709
-9.653150917483515
-4.373159620613313
-15.038356704254937
-12.046627911466171
-4.770104105887551
-11.210196406879831
-10.426211186681964
-11.48849664338514
-9.04103060375622
-11.05013041867754
-14.59999047954734
-14.60754097499715
-12.944705154129107
-10.702237798992007
-14.31340807486395
-13.824717318336216
-9.858642716399974
-11.687522032094346
-14.60754097499715
-3.835034389303563
-6.817778887046416
-12.401066860526278
-13.386351093628615
-11.679971536644537
3.727729318724595
-12.893610922563262
-11.679971536644537
-14.777822946635737
-9.420276491692375
-11.470730164499034
-10.76354801399415
-10.274857257466415
-1.406839756920982
-13.393901589078425
-10.67792499073133
-7.275571333280912
-12.578899327614675
4.095410021418685
-12.607028517879872
-9.440926953579623
-12.970136552562174
-10.76354801399415
-13.408502777269774
-14.777822946635737
-13.564183560717012
-9.658880384711871
-11.227962885765937
-9.626434258074342
-11.731065768210385
-11.227962885765937
-13.409120025900894
-12.967709002466908
-11.05768091412735
-10.67792499073133
-15.038356704254937
-1.651178056140395
-12.683554147878784
-12.970136552562174
-8.206637105773652
-1.061305974992894
-10.083966646741306
-11.756497166643452
-10.014323499847215
-8.599102908915441
-0.9806471703094632
-13.824717318336216
-8.087447454706194
-13.409120025900894
-12.066096019405421
-15.038356704254937
-14.777822946635737
-9.930927958591916
-10.600782112101296
-11.469914761960062
-15.038356704254937
-12.206377207611894
-10.274857257466415
-12.893610922563262
-12.025198668343585
-11.48849664338514
-9.001634400530666
-13.836231134597057
-12.967709002466908
-9.420276491692375
-11.337855075481741
-15.038356704254937
-10.613721848629725
-8.141324735461028
-14.777822946635737
-12.47496883140155
-13.564183560717012
-8.851206799656476
-12.839433085233875
-13.669653783520097
-8.357740678201258
-11.032363939791434
-3.946967034001794
-10.28637107372726
-9.001634400530666
-12.03979985653493
-13.14796901965057
-13.669653783520097
-13.824717318336216
-13.409120025900894
-10.362896703726173
-8.141324735461028
-13.669653783520097
-12.19486339135105
-8.479001371710266
-11.93432963373185
-12.812645467650789
-12.967709002466908
-12.967709002466908
-7.920054701090263
-11.764047662093262
-14.777822946635737
-13.669653783520097
-14.777822946635737
-5.892211312624285
-4.87330393993866
-13.393901589078425
-14.60754097499715
-11.227962885765937
-12.118337761352137
-13.409120025900894
-12.967709002466908
-9.488598413073284
-4.881637840999599
-15.038356704254937
-9.858642716399974
-9.858642716399974
-14.59999047954734
-7.979952385236383
-10.565626712997007
-13.836231134597057
-11.194977970057362
-14.60754097499715
-11.48849664338514
-10.28637107372726
-13.071443389651659
-13.409120025900894
-9.653150917483515
-10.090849129846129
-5.719850117467707
-9.494374571596023
-13.669653783520097
-11.227962885765937
-13.393901589078425
-11.210196406879831
-12.467528213862217
-12.206377207611894
-9.072731687808535
-14.777822946635737
2.0614203519000194
-14.777822946635737
-9.858642716399974
-6.487606868566653
-8.240486142855584
-13.00855349333553
-15.038356704254937
-13.564183560717012
-14.59999047954734
-14.60754097499715
-15.038356704254937
-12.578899327614675
-14.777822946635737
-11.687522032094346
-11.48849664338514
-15.038356704254937
-14.777822946635737
-15.038356704254937
-11.756497166643452
-12.683554147878784
-9.82627504932252
-14.59999047954734
-12.017648172893775
-12.967709002466908
-11.304488515764852
-13.824717318336216
-13.824717318336216
-12.47496883140155
-14.777822946635737
-12.408617355976087
-14.59999047954734
-10.23894151739261
-9.844041528208628
-9.417848941597107
-7.515537513464596
-0.54307630726977
-15.038356704254937
-11.470730164499034
-11.469914761960062
-13.669653783520097
-13.386351093628615
-13.409120025900894
-12.812645467650789
-13.393901589078425
-12.401066860526278
-3.667998455080876
-1.8077600736609394
-11.337855075481741
-10.39534474135842
-8.599102908915441
-14.777822946635737
-7.033155572345389
-13.824717318336216
-12.206377207611894
-3.8000581415591954
-11.48849664338514
-9.494374571596023
-14.777822946635737
-13.836231134597057
5.042943105410428
-6.193473968433453
-14.59999047954734
-12.967709002466908
-5.374019281676993
-11.470730164499034
-12.970136552562174
-12.046627911466171
-11.93432963373185
-13.824717318336216
-14.777822946635737
-12.839433085233875
-12.967709002466908
-10.613721848629725
-7.15208661339867
-11.93432963373185
-13.669653783520097
-12.970136552562174
-11.679971536644537
-10.702237798992007
-11.039914435241243
-11.637307515575994
-12.017648172893775
-0.6577026293803869
-11.039914435241243
-10.39534474135842
-12.456014397601372
-13.331977147270859
-13.408502777269774
-8.51623595853562
-13.836231134597057
-11.637307515575994
-7.383477826986277
0.7324012041982806
-12.944705154129107
-13.564183560717012
-13.331977147270859
-8.141324735461028
-14.59999047954734
-9.844041528208628
-14.31340807486395
-14.59999047954734
-13.836231134597057
-10.631488327515832
-11.187427474607553
-10.745781535108044
-8.01458649993848
-1.8849606013218005
-12.025198668343585
-14.60754097499715
-13.824717318336216
-15.038356704254937
-11.227962885765937
-6.997045153730918
-14.31340807486395
-8.206637105773652
-11.470730164499034
-14.59999047954734
-13.099768688945225
-14.59999047954734
-14.777822946635737
-12.195480639982172
-9.82627504932252
-12.944705154129107
-12.812645467650789
-14.59999047954734
-14.59999047954734
-11.93432963373185
-2.688843559856089
-13.331977147270859
-14.777822946635737
-13.409120025900894
-11.469914761960062
-14.31340807486395
-13.393901589078425
-10.613721848629725
-13.386351093628615
-5.719850117467707
-14.59999047954734
-14.18134838838563
-11.639850572600686
-13.00855349333553
-13.331977147270859
-10.083966646741306
-13.824717318336216
-13.669653783520097
-14.18134838838563
-9.400082462711001
-4.776321109170709
-3.963737636095179
-13.393901589078425
-15.038356704254937
-13.408502777269774
-14.59999047954734
-14.59999047954734
-7.5374095596715875
3.923138603960889
-13.00855349333553
-7.7911077295207445
-13.409120025900894
-13.836231134597057
-14.777822946635737
-11.133053528249796
-13.00855349333553
-13.408502777269774
-7.787995014611943
-14.777822946635737
-14.59999047954734
-10.702237798992007
-3.6498811908210187
-13.669653783520097
-14.60754097499715
-14.60754097499715
-13.408502777269774
-3.667998455080876
-13.409120025900894
-11.133053528249796
-14.18134838838563
-6.817778887046416
-9.45869343246573
-3.1838935410773974
-14.59999047954734
-11.48849664338514
-8.62238851259451
-11.378699566350363
-11.756497166643452
-9.023309799516518
-13.238838054262306
-13.824717318336216
-9.193591771155106
-9.658880384711871
-13.409120025900894
-14.59999047954734
-12.970136552562174
-13.331977147270859
-4.857752941581488
-13.071443389651659
-14.777822946635737
-9.45412552877431
-13.669653783520097
-14.18134838838563
-13.386351093628615
-12.893610922563262
-13.386351093628615
-12.622591748678335
-11.794914107416805
-11.794914107416805
-15.038356704254937
-14.777822946635737
-12.03979985653493
-13.824717318336216
-13.836231134597057
-9.883839582112032
-10.28637107372726
-12.944705154129107
-12.967709002466908
-7.418727172220865
-11.393389131961147
-13.409120025900894
-14.777822946635737
-14.18134838838563
-11.133053528249796
-12.683554147878784
-9.015759304066709
-11.93432963373185
-10.613721848629725
-13.231287558812497
-13.386351093628615
-12.456014397601372
-10.009996645615523
-3.946967034001794
-15.038356704254937
-11.565022273384052
-13.669653783520097
-13.14796901965057
-10.268604594841152
-8.206637105773652
-11.227962885765937
-11.470730164499034
-14.60754097499715
-14.777822946635737
3.8691067459735824
-3.2236886042095
-9.325984382807356
-10.745781535108044
-13.836231134597057
-12.944705154129107
-11.05013041867754
-14.59999047954734
-13.231287558812497
-9.400082462711001
-11.227962885765937
-12.578899327614675
-13.824717318336216
-11.337855075481741
-10.631488327515832
-11.039914435241243
-11.133053528249796
-8.365725999317391
-13.836231134597057
-12.578899327614675
-8.301168904621868
-9.658880384711871
-11.133053528249796
-13.099768688945225
-15.038356704254937
-8.141324735461028
-13.393901589078425
-7.515537513464596
-2.278221705402785
-14.31340807486395
-14.31340807486395
-14.777822946635737
-13.564183560717012
-9.549908628075428
-12.307161669085374
-9.858642716399974
-13.836231134597057
-12.551494461400466
-13.836231134597057
-3.351314704028738
-12.967709002466908
2.6166435839799633
-6.046130427525942
-1.2249854695288762
-13.836231134597057
-11.764047662093262
-13.564183560717012
-9.598108958780772
-14.59999047954734
-14.59999047954734
-12.551494461400466
-12.901161418013071
-14.60754097499715
-9.930927958591916
-10.916212191694257
-14.60754097499715
-12.19486339135105
-7.7911077295207445
-11.48849664338514
-10.090849129846129
-13.00855349333553
-13.386351093628615
-10.426211186681964
-8.570978901181885
-13.00855349333553
-11.05768091412735
-11.05768091412735
-13.14796901965057
-14.60754097499715
-12.467528213862217
-14.59999047954734
-14.60754097499715
-6.086943325857385
-14.31340807486395
-10.76354801399415
-7.676909863689242
-14.31340807486395
-7.676909863689242
-2.614772674789851
-12.622591748678335
-14.31340807486395
-14.60754097499715
-10.745781535108044
-14.777822946635737
-9.417848941597107
2.188118727899795
-13.824717318336216
-6.427336137915531
-11.05013041867754
-12.607028517879872
-14.60754097499715
-13.14796901965057
-12.066096019405421
-13.836231134597057
-14.31340807486395
-15.038356704254937
-7.7911077295207445
-11.340967790390543
-9.653150917483515
-13.231287558812497
-11.337855075481741
-9.14925731780745
-12.812645467650789
-1.2284435990805949
-14.777822946635737
-13.409120025900894
-11.05013041867754
-10.745781535108044
-11.210196406879831
-13.071443389651659
-12.977687048011983
-13.393901589078425
-11.794914107416805
-11.794914107416805
-12.129851577612978
-13.231287558812497
-7.9784760813240085
-14.18134838838563
-15.038356704254937
-8.301168904621868
-14.60754097499715
-13.669653783520097
-14.777822946635737
-15.038356704254937
-10.694687303542198
-14.59999047954734
-13.669653783520097
-11.93432963373185
-11.210196406879831
-9.972264869655703
-7.41262037101787
-1.8817733010577444
-14.60754097499715
-6.679096775030805
-14.18134838838563
-13.408502777269774
-13.564183560717012
-10.613721848629725
-13.824717318336216
-15.038356704254937
-14.59999047954734
-14.59999047954734
-12.025198668343585
-15.038356704254937
-13.331977147270859
-8.756366902356127
-13.824717318336216
-12.129851577612978
-6.65788884020524
-13.408502777269774
-15.038356704254937
-13.071443389651659
-9.823432889122103
-15.038356704254937
-14.31340807486395
-13.099768688945225
-7.589009143859452
-13.14796901965057
-10.165060180431642
-9.844041528208628
-14.18134838838563
-9.858642716399974
-2.8785713504209274
-7.787995014611943
-9.023309799516518
-5.470500736691497
-12.066096019405421
-10.69739309867058
-13.836231134597057
-5.0633677515816835
-12.025198668343585
-14.777822946635737
-13.099768688945225
-14.59999047954734
-12.944705154129107
-12.467528213862217
5.389540938409132
4.933757542584905
-9.920567158207541
-10.274857257466415
-9.488598413073284
-9.494374571596023
-9.14925731780745
-13.393901589078425
-14.31340807486395
-11.48849664338514
-12.970136552562174
-13.331977147270859
-10.702237798992007
-12.607028517879872
-13.824717318336216
-14.777822946635737
-12.944705154129107
-9.146077076502618
-15.038356704254937
-10.268604594841152
-13.564183560717012
-7.853899785766691
-10.090849129846129
-5.142986798477349
-7.515537513464596
-13.408502777269774
-0.9303084408887474
-13.409120025900894
-14.59999047954734
-12.970136552562174
-10.647598927062315
-12.307161669085374
-0.5423742438335586
-13.393901589078425
-13.824717318336216
-3.177671926229531
-13.231287558812497
-11.227962885765937
-13.071443389651659
-13.331977147270859
-9.919414142331073
-14.777822946635737
-10.872519770630594
-14.60754097499715
-13.408502777269774
-10.565626712997007
-14.31340807486395
-11.05768091412735
-11.470730164499034
-8.703424710714998
-13.099768688945225
-15.038356704254937
-11.05013041867754
-10.38779424590861
1.5361683950665759
-13.408502777269774
-11.469914761960062
-13.409120025900894
-11.794914107416805
-9.45869343246573
-14.60754097499715
-10.69739309867058
-12.944705154129107
-13.00855349333553
-7.5374095596715875
-14.777822946635737
-9.847704292445108
-12.19486339135105
-5.7162970281665615
-13.14796901965057
-13.14796901965057
-13.071443389651659
-13.099768688945225
-10.86679030340224
-10.408104898858808
-14.777822946635737
-15.038356704254937
-13.331977147270859
-12.839433085233875
-2.226402164822649
-14.31340807486395
-10.613721848629725
-8.564624394973086
-13.238838054262306
-11.039914435241243
-12.066096019405421
-8.479001371710266
-13.409120025900894
-13.669653783520097
-14.31340807486395
-14.31340807486395
-13.669653783520097
-12.118337761352137
-13.408502777269774
-12.970136552562174
-15.038356704254937
-14.60754097499715
-12.967709002466908
-8.758625483736978
-9.133694087008985
-11.133053528249796
-12.19486339135105
-14.60754097499715
-7.759229948389638
-14.31340807486395
-13.409120025900894
-13.331977147270859
-11.032363939791434
-8.301168904621868
-13.331977147270859
-12.19486339135105
-15.038356704254937
-14.18134838838563
-14.18134838838563
-6.14003683786161
-11.470730164499034
-15.038356704254937
-15.038356704254937
-12.839433085233875
-9.930927958591916
-3.134503997799799
-12.839433085233875
-10.165060180431642
-13.408502777269774
-14.777822946635737
-14.777822946635737
-11.794914107416805
-14.18134838838563
-14.18134838838563
-11.687522032094346
-12.977687048011983
-6.399030037628018
-9.048581099206029
-12.944705154129107
-10.631488327515832
-14.31340807486395
-11.227962885765937
-8.757301608215574
-13.836231134597057
-12.970136552562174
-14.59999047954734
-11.764047662093262
-9.308604821365368
-10.992737821693169
-13.14796901965057
-11.227962885765937
-10.872519770630594
-8.562225037857072
-13.238838054262306
-11.05768091412735
-11.227962885765937
-8.703424710714998
-13.408502777269774
-15.038356704254937
-13.824717318336216
-10.631488327515832
-13.00855349333553
-13.00855349333553
-9.9691521547469
-13.836231134597057
-10.268604594841152
-10.095480463002147
-11.637307515575994
-13.836231134597057
-8.656517146742093
-14.31340807486395
-15.038356704254937
-12.307161669085374
-15.038356704254937
-10.28637107372726
-11.134206544126265
-12.467528213862217
-12.944705154129107
-15.038356704254937
-12.017648172893775
-14.18134838838563
-9.417848941597107
-10.694687303542198
-14.31340807486395
-8.195444027678803
-14.31340807486395
-14.31340807486395
-7.5374095596715875
-13.824717318336216
-12.456014397601372
-12.967709002466908
-2.109111086289629
-12.467528213862217
2.309369449104333
-14.59999047954734
-11.05013041867754
-11.469914761960062
-10.276045212380488
-12.19486339135105
3.430740521265983
-8.597117212905001
-11.05768091412735
-14.60754097499715
-14.31340807486395
-11.304488515764852
-14.777822946635737
-13.409120025900894
-10.083966646741306
-8.214187601223461
-14.31340807486395
-11.756497166643452
-14.18134838838563
-12.970136552562174
-10.274857257466415
-11.26132944548283
-13.071443389651659
-13.14796901965057
-6.375369757940729
-12.47496883140155
-10.426211186681964
-13.238838054262306
-10.840073643993065
-7.544850177210922
1.8502474714660175
-14.18134838838563
-4.678571926705562
-12.551494461400466
-11.105036099427494
-11.314851227143944
-13.231287558812497
-9.218863070844616
-7.920054701090263
-14.31340807486395
-15.038356704254937
-10.694687303542198
-12.893610922563262
-10.745781535108044
-11.639850572600686
-8.656517146742093
-13.071443389651659
-14.59999047954734
-12.893610922563262
-9.488598413073284
-12.977687048011983
-7.787995014611943
-9.417848941597107
-15.038356704254937
-13.231287558812497
-14.59999047954734
-11.601433631827334
-13.331977147270859
-10.67792499073133
-15.038356704254937
-14.777822946635737
-10.76354801399415
-11.77926609891573
-5.46788493920735
-10.708013957514746
-13.409120025900894
-13.331977147270859
3.3397755541470624
1.8756364818290776
-13.386351093628615
-2.4369402077014533
-13.331977147270859
-12.683554147878784
-14.59999047954734
-6.216640124499033
-12.944705154129107
-10.213510118959544
-12.944705154129107
-15.038356704254937
-6.427336137915531
-13.824717318336216
-9.598108958780772
-10.083966646741306
-14.59999047954734
-7.828839505480565
-14.777822946635737
-14.777822946635737
-9.494374571596023
-10.274857257466415
-10.93845874835053
-11.48849664338514
2.212792153919615
-12.129851577612978
-7.589009143859452
-13.836231134597057
-11.05013041867754
-15.038356704254937
-15.038356704254937
-8.757301608215574
-12.812645467650789
-8.71728857267319
-8.251999959116429
-3.4675175307140482
-11.337855075481741
-11.393389131961147
-7.809670413597796
-11.337855075481741
-12.551494461400466
-11.227962885765937
-12.683554147878784
-10.76354801399415
-13.238838054262306
-14.60754097499715
-11.227962885765937
-14.777822946635737
-8.64500333048125
2.2995166537686322
-13.836231134597057
-12.683554147878784
-0.7281510394549404
-10.745781535108044
-13.231287558812497
-13.00855349333553
-9.45869343246573
-14.59999047954734
-11.05013041867754
-12.812645467650789
-12.812645467650789
-5.738646156868908
-8.570978901181885
-9.920567158207541
-4.365609125163504
-5.533627701516084
-10.426211186681964
-14.18134838838563
-11.134206544126265
-13.071443389651659
-6.3082069429544
-5.7162970281665615
-12.467528213862217
5.41559544304644
-2.226402164822649
-14.18134838838563
-12.901161418013071
-7.186476836935223
-13.408502777269774
-11.764047662093262
-11.601433631827334
-12.683554147878784
-12.114484455842888
-10.69739309867058
-10.694687303542198
-11.337855075481741
-10.768785383445843
-14.777822946635737
-10.10121184122522
-14.777822946635737
-8.272608981457207
-14.60754097499715
-13.099768688945225
-9.420276491692375
-11.731065768210385
-13.099768688945225
-10.76354801399415
-12.970136552562174
-14.59999047954734
-10.339313648622646
-13.669653783520097
-8.498469479649515
-10.702237798992007
-14.60754097499715
-13.238838054262306
-13.14796901965057
-14.18134838838563
-9.47939682846382
-15.038356704254937
-13.099768688945225
-12.129851577612978
-12.578899327614675
-12.195480639982172
-11.48849664338514
-7.424322317854899
-1.4954726407754706
-10.165060180431642
-9.82627504932252
-10.745781535108044
-12.893610922563262
-11.470730164499034
-12.607028517879872
-10.872519770630594
-15.038356704254937
-12.19486339135105
-8.739535129329468
-14.777822946635737
-11.48849664338514
-11.48849664338514
-12.901161418013071
-8.51623595853562
-7.097738866192515
-3.708842945949498
-6.727498397296165
-4.644725660419974
-0.3678330321238954
-12.977687048011983
-14.777822946635737
-14.60754097499715
-11.05768091412735
-10.408104898858808
-7.9784760813240085
-13.071443389651659
-0.9960230609312386
-12.683554147878784
-9.858642716399974
-11.227962885765937
-9.844041528208628
-7.588947976751051
-13.669653783520097
-15.038356704254937
-15.038356704254937
-15.038356704254937
-13.238838054262306
-11.470730164499034
-13.386351093628615
-3.037719614877798
-12.578899327614675
-7.5374095596715875
-11.450153353216066
-13.408502777269774
-14.777822946635737
-9.218801903736216
-9.023309799516518
-14.60754097499715
-13.393901589078425
-14.18134838838563
-13.386351093628615
-14.59999047954734
-14.777822946635737
-11.05768091412735
-11.756497166643452
-13.408502777269774
-14.777822946635737
-14.31340807486395
-14.18134838838563
-10.277358458165963
-15.038356704254937
-11.637307515575994
-13.238838054262306
-14.60754097499715
-13.238838054262306
-15.038356704254937
-14.60754097499715
-7.7911077295207445
-10.745781535108044
-14.18134838838563
-4.356688436127499
-14.18134838838563
-10.631488327515832
-11.039914435241243
-7.809670413597796
-5.972229675545432
-11.039914435241243
-15.038356704254937
-5.758267058241062
-14.777822946635737
-13.669653783520097
-11.764047662093262
-12.812645467650789
-12.812645467650789
-10.745781535108044
-14.31340807486395
-6.319277498096556
-14.59999047954734
-13.071443389651659
-13.238838054262306
-12.901161418013071
-8.739535129329468
0.994366370782991
-15.038356704254937
-11.470730164499034
-15.038356704254937
-8.51623595853562
-13.238838054262306
-13.14796901965057
-14.777822946635737
-14.31340807486395
-11.133053528249796
-12.893610922563262
0.5930148435203493
-12.944705154129107
-6.643523059852118
-11.794914107416805
-14.59999047954734
-14.31340807486395
-6.356626184396071
-12.977687048011983
-14.60754097499715
-13.071443389651659
-10.916212191694257
-5.415034372357393
-9.736333178692652
-9.072731687808535
-14.777822946635737
-6.086943325857385
-11.469914761960062
-12.683554147878784
-0.6060233542070264
-14.60754097499715
-11.032363939791434
-10.694687303542198
-14.59999047954734
-14.59999047954734
-12.893610922563262
-14.31340807486395
-6.36775809538252
-13.836231134597057
-14.777822946635737
-12.944705154129107
-10.702237798992007
-12.901161418013071
-5.503511188017215
-12.401066860526278
-14.31340807486395
-14.60754097499715
-14.60754097499715
-13.408502777269774
3.6698155955739735
-9.218863070844616
-13.331977147270859
-13.836231134597057
-13.00855349333553
-12.893610922563262
-12.607028517879872
-13.238838054262306
-7.96349226837263
-15.038356704254937
-12.970136552562174
-13.393901589078425
-12.977687048011983
-13.393901589078425
-12.456014397601372
-9.001634400530666
-13.331977147270859
-8.206637105773652
-12.812645467650789
-12.467528213862217
0.12884293585351303
-11.48849664338514
-15.038356704254937
-12.967709002466908
-9.379585594785834
-13.824717318336216
-9.015759304066709
-12.683554147878784
-7.628521427251776
-8.206637105773652
-13.824717318336216
-13.564183560717012
-12.046627911466171
-2.7044142920143037
-13.824717318336216
-12.025198668343585
-11.227962885765937
-11.337855075481741
-10.708013957514746
-2.404234631911047
-13.564183560717012
-11.469914761960062
-11.470730164499034
-11.756497166643452
-14.60754097499715
-12.578899327614675
-13.238838054262306
-9.226958330871998
-13.564183560717012
-12.195480639982172
-0.5579182201539847
-15.038356704254937
-14.777822946635737
-12.025198668343585
-9.626434258074342
-15.038356704254937
-12.206377207611894
-13.669653783520097
-13.409120025900894
-8.64500333048125
-4.525006770950184
-15.038356704254937
-11.470730164499034
-13.393901589078425
-9.653150917483515
-13.00855349333553
-11.794914107416805
-14.59999047954734
-13.564183560717012
-14.31340807486395
-14.777822946635737
-14.18134838838563
-14.31340807486395
-14.31340807486395
-14.18134838838563
-14.31340807486395
-13.00855349333553
-13.564183560717012
-15.038356704254937
-11.731065768210385
-11.05013041867754
-14.60754097499715
-14.18134838838563
-15.038356704254937
-12.967709002466908
-13.669653783520097
-12.456014397601372
-13.824717318336216
-7.966198063501014
-13.564183560717012
-10.872519770630594
-12.195480639982172
-5.790447537887514
-8.64500333048125
-12.066096019405421
-10.852456633486698
-13.386351093628615
-13.836231134597057
-5.533863450837833
-11.032363939791434
-14.60754097499715
-14.18134838838563
-14.777822946635737
-15.038356704254937
-13.824717318336216
-12.017648172893775
-12.025198668343585
1.4194317422082274
-11.039914435241243
1.381426130093354
-11.77926609891573
-2.133395973314125
-10.852456633486698
-12.456014397601372
-11.227962885765937
-13.393901589078425
-9.481047917623473
5.925236201662731
-13.393901589078425
-9.844041528208628
-4.6238724897111725
-8.01976370600884
-15.038356704254937
-11.599006081732064
-11.764047662093262
-7.383477826986277
-8.479001371710266
-8.479001371710266
-12.967709002466908
-12.066096019405421
-11.731065768210385
-1.5257208467646808
-7.383477826986277
-9.895054074843253
-14.18134838838563
-9.653150917483515
-13.238838054262306
-9.920567158207541
-10.39534474135842
-12.977687048011983
-12.944705154129107
-9.598108958780772
-14.777822946635737
-15.038356704254937
-14.60754097499715
-14.60754097499715
-13.14796901965057
-11.469914761960062
-7.711029617684295
-14.59999047954734
-11.032363939791434
-10.009996645615523
-11.297606032660028
-4.0053163609421505
-1.1047007868803886
-14.777822946635737
-11.764047662093262
-11.756497166643452
-14.59999047954734
-14.59999047954734
-14.59999047954734
-13.836231134597057
-7.5374095596715875
-9.226958330871998
-13.824717318336216
-10.992737821693169
-7.759229948389638
-12.467528213862217
-12.467528213862217
-11.469914761960062
-14.18134838838563
-13.409120025900894
-13.824717318336216
-14.31340807486395
-12.622591748678335
-13.386351093628615
-8.739535129329468
-11.77926609891573
-12.19486339135105
-13.836231134597057
-10.28637107372726
-12.622591748678335
-11.032363939791434
-13.071443389651659
-4.7385893332108875
-13.824717318336216
-9.417848941597107
-13.071443389651659
-7.96349226837263
-13.14796901965057
-15.038356704254937
-11.731065768210385
-9.836491032758817
-11.314851227143944
-0.3833080062144125
-13.824717318336216
-15.038356704254937
-13.231287558812497
-15.038356704254937
-7.5374095596715875
-7.5374095596715875
-11.133053528249796
-12.683554147878784
-9.226958330871998
-14.59999047954734
-12.401066860526278
-12.977687048011983
1.5103019315387802
-0.3635473485747147
-8.955392291065337
-14.777822946635737
-14.59999047954734
-13.393901589078425
-14.31340807486395
-14.777822946635737
-14.777822946635737
-14.31340807486395
-10.76354801399415
-12.970136552562174
-14.59999047954734
-12.19486339135105
-11.337855075481741
-11.93432963373185
-11.756497166643452
-10.10823805006431
-14.18134838838563
-13.00855349333553
-14.60754097499715
-15.038356704254937
-4.953162994377605
-9.398656542443414
-9.858642716399974
-14.59999047954734
-9.858642716399974
4.348027609284413
-10.76354801399415
-11.134206544126265
-1.2811718757799073
-9.440926953579623
-9.334900984235855
-12.307161669085374
-15.038356704254937
-0.8318198238427461
-15.038356704254937
-15.038356704254937
-12.977687048011983
-14.777822946635737
-13.669653783520097
-14.777822946635737
-14.60754097499715
-11.756497166643452
-4.741244253460341
-11.337855075481741
-10.67730774210021
-14.777822946635737
-14.777822946635737
-10.228956835900604
-12.944705154129107
-12.129851577612978
-9.417848941597107
-11.05013041867754
-11.304488515764852
-1.9323784281419174
-13.824717318336216
-14.59999047954734
-7.555176038557693
-13.14796901965057
-9.195577467165547
-12.307161669085374
-7.111911787179616
-11.134206544126265
-11.393389131961147
-11.469914761960062
-13.408502777269774
-14.18134838838563
-13.14796901965057
-9.598108958780772
-7.383477826986277
-9.001634400530666
-12.970136552562174
-13.331977147270859
-14.59999047954734
-11.210196406879831
-14.777822946635737
-14.60754097499715
-13.836231134597057
-15.038356704254937
-14.59999047954734
-14.60754097499715
-14.18134838838563
-13.836231134597057
-7.787995014611943
-13.331977147270859
-0.22467274053873587
-13.14796901965057
-15.038356704254937
-12.967709002466908
-13.393901589078425
-12.046627911466171
-7.979952385236383
-13.409120025900894
-6.5662294244731285
-14.60754097499715
-12.206377207611894
-9.475182172442327
-13.836231134597057
-8.479001371710266
-7.631701668556608
4.634610013967803
-2.020027263835853
0.3848985263338687
-14.18134838838563
-0.6369463902507064
-15.038356704254937
-13.14796901965057
-8.214187601223461
-15.038356704254937
-10.67730774210021
-13.824717318336216
-11.48849664338514
-13.386351093628615
-10.090849129846129
-8.384469572862049
-14.59999047954734
-14.777822946635737
-15.038356704254937
-13.409120025900894
-14.777822946635737
-10.28637107372726
-14.777822946635737
-13.14796901965057
-11.105036099427494
-11.26132944548283
-10.76354801399415
-0.3833080062144125
-11.340967790390543
-9.875833482710306
-11.105036099427494
-13.14796901965057
-13.14796901965057
-14.31340807486395
-12.066096019405421
-13.409120025900894
-13.564183560717012
-8.496767850596372
-14.777822946635737
-14.31340807486395
-14.31340807486395
-0.596548237837484
-11.679971536644537
-10.340248354482092
-10.745781535108044
-14.31340807486395
-10.44059771679072
-11.764047662093262
-9.025295495526958
-12.893610922563262
-14.59999047954734
-13.386351093628615
-11.731065768210385
-10.213510118959544
-11.582213039694384
-13.386351093628615
-12.893610922563262
-12.129851577612978
-12.970136552562174
-13.231287558812497
-14.18134838838563
-14.18134838838563
-13.836231134597057
-10.702237798992007
-11.304488515764852
-13.14796901965057
-13.331977147270859
-13.824717318336216
-12.683554147878784
-5.778895199690623
-12.977687048011983
-11.764047662093262
-15.038356704254937
8.217449182244753
-14.59999047954734
-12.467528213862217
-13.836231134597057
-14.777822946635737
-13.836231134597057
-13.331977147270859
-11.133053528249796
-13.836231134597057
-13.836231134597057
-1.651178056140395
-14.31340807486395
-10.565626712997007
-11.48849664338514
-9.598108958780772
-9.920567158207541
-12.893610922563262
-11.48849664338514
-10.57265740326904
-14.18134838838563
-12.467528213862217
-13.836231134597057
-11.756497166643452
-14.59999047954734
-8.906112480406428
-13.238838054262306
-7.199732923422349
-12.206377207611894
-13.836231134597057
-14.18134838838563
-11.48849664338514
-8.01458649993848
-9.398656542443414
-8.757301608215574
-15.038356704254937
-14.31340807486395
-11.105036099427494
-14.31340807486395
-7.802119918147985
-14.59999047954734
-13.669653783520097
-7.199732923422349
-7.038360573197704
-12.970136552562174
-12.812645467650789
-2.970239828662697
-14.60754097499715
-13.231287558812497
-14.18134838838563
-13.386351093628615
-14.18134838838563
-14.18134838838563
-14.59999047954734
-9.858642716399974
-7.199732923422349
-14.777822946635737
-7.199732923422349
-5.4035205560965505
-14.60754097499715
-14.18134838838563
-13.408502777269774
-9.598108958780772
-10.014323499847215
-11.77926609891573
-14.60754097499715
-14.60754097499715
-8.739535129329468
-14.777822946635737
-13.00855349333553
-14.31340807486395
-9.972264869655703
-11.639850572600686
-9.653150917483515
-7.181814991641239
-10.28637107372726
-13.14796901965057
-9.226958330871998
-12.114484455842888
-8.496767850596372
-11.05013041867754
-11.794914107416805
-6.399030037628018
-13.238838054262306
-12.046627911466171
-13.408502777269774
-7.588947976751051
-4.780292605723126
-7.5813974813012415
-5.609766385590493
-13.836231134597057
-4.0053163609421505
-14.31340807486395
-7.5374095596715875
-14.31340807486395
-12.944705154129107
-15.038356704254937
-10.837674286877052
-12.812645467650789
-13.669653783520097
-14.18134838838563
-11.032363939791434
-12.839433085233875
-8.739535129329468
-10.340248354482092
-11.337855075481741
-11.039914435241243
-13.836231134597057
-11.601433631827334
-14.777822946635737
-8.479001371710266
-14.59999047954734
-15.038356704254937
-5.71169591792623
-12.114484455842888
-14.31340807486395
-7.383477826986277
-8.739535129329468
-11.48849664338514
-14.60754097499715
-6.914398750917212
-14.777822946635737
-13.669653783520097
-15.038356704254937
-7.809670413597796
-12.901161418013071
-14.31340807486395
-12.206377207611894
-10.340248354482092
-5.645717406295748
-15.038356704254937
-12.944705154129107
-8.51623595853562
3.6639082937126757
-15.038356704254937
-13.836231134597057
-12.607028517879872
-14.59999047954734
-14.60754097499715
-15.038356704254937
-15.038356704254937
-13.00855349333553
-14.60754097499715
-11.756497166643452
-14.59999047954734
-14.60754097499715
-4.75122229900542
-12.970136552562174
-14.31340807486395
-14.777822946635737
-7.424322317854899
-12.893610922563262
-12.944705154129107
-8.301168904621868
-13.238838054262306
-14.60754097499715
-13.836231134597057
-8.739535129329468
4.149407835516698
-13.669653783520097
-11.378699566350363
-14.31340807486395
-15.038356704254937
-13.238838054262306
-1.2811718757799073
-12.977687048011983
-11.337855075481741
1.0904873837917743
-15.038356704254937
-14.777822946635737
-14.777822946635737
-13.564183560717012
-6.65788884020524
-14.60754097499715
-15.038356704254937
-14.60754097499715
-13.669653783520097
-10.436242092420256
-8.240486142855584
-14.18134838838563
-12.551494461400466
-11.601433631827334
-15.038356704254937
-11.48849664338514
-15.038356704254937
-12.19486339135105
-12.607028517879872
-11.26132944548283
-13.071443389651659
-5.794919584073037
-13.408502777269774
-1.272819015772624
-11.48849664338514
-12.812645467650789
-14.59999047954734
-15.038356704254937
-8.955392291065337
-14.18134838838563
-14.18134838838563
-8.318935383507975
-9.039401978123964
-11.764047662093262
-11.133053528249796
-12.901161418013071
-15.038356704254937
-13.564183560717012
-15.038356704254937
-14.777822946635737
-13.409120025900894
-14.59999047954734
-10.408104898858808
-14.60754097499715
-14.777822946635737
-14.60754097499715
-14.31340807486395
-11.469914761960062
-13.393901589078425
-13.386351093628615
-13.099768688945225
-10.083966646741306
-12.683554147878784
-8.739535129329468
-15.038356704254937
-11.133053528249796
-13.238838054262306
-11.764047662093262
-11.469914761960062
-9.417848941597107
-14.18134838838563
-12.977687048011983
-13.824717318336216
-13.408502777269774
-13.238838054262306
-7.588947976751051
-10.992737821693169
-9.653150917483515
-10.014323499847215
-14.777822946635737
-9.420276491692375
-14.59999047954734
-13.836231134597057
-10.613721848629725
-8.32555117309834
-12.467528213862217
-11.565022273384052
-9.481047917623473
-13.836231134597057
-14.59999047954734
-13.099768688945225
-12.129851577612978
-12.607028517879872
-5.213696751996807
-11.210196406879831
-12.551494461400466
-11.756497166643452
-10.69739309867058
-9.26780282174062
-9.103250317330385
-14.18134838838563
-12.977687048011983
-11.05768091412735
-11.05768091412735
-14.60754097499715
-14.60754097499715
-13.14796901965057
-13.409120025900894
-13.071443389651659
-9.736333178692652
-13.836231134597057
-13.836231134597057
-7.809670413597796
-10.85923980795243
-14.31340807486395
-10.359716462421343
-11.337855075481741
-14.60754097499715
-9.82627504932252
-12.967709002466908
-8.792609317124699
-15.038356704254937
-11.337855075481741
-15.038356704254937
-11.470730164499034
-12.839433085233875
-12.456014397601372
-13.386351093628615
-9.334900984235855
-14.59999047954734
-11.469914761960062
-5.102811972258295
-11.470730164499034
-13.836231134597057
-12.622591748678335
-2.278221705402785
-4.027397931461064
-10.768785383445843
-11.469914761960062
-9.056161940850505
-9.45869343246573
-15.038356704254937
-2.6647683895302485
-11.470730164499034
2.0614203519000194
-11.608984127277143
-14.31340807486395
-7.705047057250691
-5.785040923366056
-5.7162970281665615
-11.756497166643452
-7.135977365214791
-8.495833144736928
-12.19486339135105
-15.038356704254937
-7.515537513464596
-11.297606032660028
-9.91301666275773
-10.85923980795243
-10.165060180431642
-11.337855075481741
-7.111911787179616
-12.977687048011983
-11.756497166643452
-13.238838054262306
-14.60754097499715
-6.488206164305694
-12.683554147878784
-11.582213039694384
-11.126656048676455
-13.331977147270859
-14.59999047954734
-12.683554147878784
-9.211251408286406
-13.836231134597057
-14.59999047954734
-9.920567158207541
-10.840073643993065
-8.955392291065337
-12.19486339135105
-14.59999047954734
-12.206377207611894
-13.231287558812497
-11.93432963373185
-15.038356704254937
-14.18134838838563
-13.409120025900894
-11.857804003732934
-13.099768688945225
-4.0790267204801145
-12.19486339135105
6.005373869905979
-9.847704292445108
-11.037072275040828
-12.901161418013071
-12.839433085233875
-10.162415887393696
-8.301168904621868
-14.777822946635737
-11.731065768210385
-11.227962885765937
-13.14796901965057
-11.764047662093262
-8.301168904621868
-13.386351093628615
-1.651178056140395
-13.393901589078425
-14.777822946635737
-12.066096019405421
-13.836231134597057
-12.066096019405421
-9.920567158207541
-12.551494461400466
-11.601433631827334
-14.60754097499715
-13.669653783520097
3.004756086982638
-10.613721848629725
-12.551494461400466
-9.634588233406465
-7.773341250634638
-9.972264869655703
-11.679971536644537
-14.59999047954734
-8.141324735461028
-12.046627911466171
-10.35138288746533
-10.39534474135842
-8.40185849308023
-13.071443389651659
-11.857804003732934
-12.901161418013071
-11.470730164499034
5.54163726587573
-13.669653783520097
-13.238838054262306
-14.31340807486395
-12.683554147878784
-14.777822946635737
-9.029039266744872
-9.736333178692652
-7.033155572345389
-11.687522032094346
-10.67792499073133
-13.669653783520097
-13.669653783520097
-13.071443389651659
-14.18134838838563
-14.18134838838563
-2.646046205172027
-11.93432963373185
-7.612630720899029
-5.533627701516084
-9.764350607514954
-13.836231134597057
-14.777822946635737
-8.265757442545095
-12.977687048011983
-14.18134838838563
-13.669653783520097
-9.379585594785834
-13.331977147270859
-13.331977147270859
-14.59999047954734
-14.59999047954734
-11.032363939791434
-14.31340807486395
-10.631488327515832
-11.133053528249796
-8.739535129329468
-13.409120025900894
-11.794914107416805
-14.59999047954734
-13.408502777269774
-11.126656048676455
-12.944705154129107
-8.529199704453816
-14.18134838838563
-11.126656048676455
-14.18134838838563
-14.777822946635737
-12.118337761352137
-2.364059805691993
-14.18134838838563
-9.91301666275773
-10.992737821693169
-8.924669003603016
-15.038356704254937
-11.133053528249796
-11.105036099427494
-11.105036099427494
-4.086443101181397
-13.669653783520097
-11.639850572600686
-12.944705154129107
-14.31340807486395
-12.118337761352137
-14.18134838838563
-14.59999047954734
-10.436242092420256
-12.19486339135105
-12.025198668343585
-11.764047662093262
-14.59999047954734
-14.59999047954734
-12.206377207611894
-13.00855349333553
-14.777822946635737
-14.18134838838563
-14.777822946635737
-14.59999047954734
-8.479001371710266
-14.31340807486395
-7.199732923422349
-11.794914107416805
-13.836231134597057
-12.206377207611894
-7.5374095596715875
-11.469914761960062
-14.59999047954734
-15.038356704254937
-14.31340807486395
-12.944705154129107
-9.125674262703924
-11.227962885765937
-14.777822946635737
-8.479001371710266
-1.9398197601392597
-13.836231134597057
-12.970136552562174
-10.23894151739261
-14.31340807486395
-13.409120025900894
-10.872519770630594
-15.038356704254937
-10.93845874835053
-11.05013041867754
-14.59999047954734
-15.038356704254937
-12.19486339135105
-8.656517146742093
-13.836231134597057
-6.3406019467795245
2.3515510967227407
3.1165808306348053
-8.529199704453816
-12.607028517879872
-11.469914761960062
-5.778895199690623
-9.8202994262309
-11.26132944548283
-14.60754097499715
-11.105036099427494
-12.578899327614675
-10.276045212380488
-15.038356704254937
-9.072731687808535
-15.038356704254937
-14.60754097499715
-12.944705154129107
-14.31340807486395
-14.777822946635737
-14.31340807486395
-8.851206799656476
-8.64500333048125
-12.901161418013071
-13.071443389651659
-14.60754097499715
-10.76354801399415
-14.60754097499715
-5.5685698388564395
-10.213510118959544
-14.59999047954734
-12.967709002466908
-9.972264869655703
-11.378699566350363
-9.996557020961108
-12.195480639982172
-13.409120025900894
-7.5374095596715875
-12.622591748678335
-12.622591748678335
-13.836231134597057
-4.546512240227242
-13.231287558812497
-4.011571182338926
-13.071443389651659
-10.708013957514746
-11.227962885765937
-9.023309799516518
-12.977687048011983
-12.977687048011983
-11.470730164499034
-14.18134838838563
-14.18134838838563
-14.18134838838563
-5.6483332037798935
-11.393389131961147
-12.944705154129107
-12.017648172893775
-4.7828810227390175
-15.038356704254937
-13.408502777269774
-11.48849664338514
-13.669653783520097
-12.47496883140155
-12.901161418013071
-12.19486339135105
-11.601433631827334
-12.970136552562174
-12.970136552562174
-13.669653783520097
-13.836231134597057
-12.812645467650789
-9.626434258074342
-11.599006081732064
-8.739535129329468
-14.59999047954734
-12.578899327614675
-10.613721848629725
-12.967709002466908
-5.095261476808485
-12.467528213862217
-12.944705154129107
-13.099768688945225
-8.301168904621868
-9.549908628075428
-13.231287558812497
-12.812645467650789
-11.608984127277143
-13.393901589078425
-13.393901589078425
-1.651178056140395
-11.764047662093262
-6.399030037628018
-12.066096019405421
-12.622591748678335
-12.551494461400466
-14.18134838838563
-12.408617355976087
-10.613721848629725
-10.631488327515832
-9.494374571596023
-12.195480639982172
-13.14796901965057
-11.794914107416805
-3.636617591374427
-11.032363939791434
-14.59999047954734
-14.18134838838563
-11.565022273384052
-11.93432963373185
-7.104361291729806
-9.736333178692652
-14.777822946635737
-14.59999047954734
-13.099768688945225
-7.536105090900114
-12.046627911466171
-13.408502777269774
-12.812645467650789
-14.59999047954734
-8.206637105773652
-12.408617355976087
-10.090849129846129
-12.812645467650789
-14.18134838838563
-11.469914761960062
-13.099768688945225
-10.095480463002147
-12.970136552562174
-13.099768688945225
-12.551494461400466
-1.3570451560071966
-1.651178056140395
-11.05013041867754
-12.206377207611894
-13.00855349333553
-7.5374095596715875
-8.301168904621868
-11.48849664338514
-14.60754097499715
-13.00855349333553
-14.59999047954734
-9.645600422033706
-10.35138288746533
-13.836231134597057
-9.025295495526958
-10.274857257466415
-6.08117569069913
-11.337855075481741
-4.373159620613313
-9.649617632994007
-10.837674286877052
-14.777822946635737
-14.777822946635737
-13.564183560717012
-12.19486339135105
-1.4434070763501445
-7.383477826986277
-11.337855075481741
-12.901161418013071
-11.565022273384052
-15.038356704254937
-13.409120025900894
-13.669653783520097
-10.76354801399415
-7.426308013865339
-12.944705154129107
-9.743773796231986
-10.992737821693169
-12.307161669085374
-13.14796901965057
-7.282193758818203
-14.777822946635737
-11.227962885765937
-6.317312339514557
-11.032363939791434
-13.393901589078425
-10.76354801399415
-14.777822946635737
-14.18134838838563
-9.226958330871998
-9.549908628075428
-13.099768688945225
-14.60754097499715
-12.19486339135105
-13.409120025900894
-14.59999047954734
-12.118337761352137
-11.93432963373185
-13.824717318336216
-10.268604594841152
-13.836231134597057
-12.19486339135105
-12.977687048011983
-1.439039313827864
-11.134206544126265
-13.393901589078425
-13.386351093628615
-3.7736666291113856
-13.824717318336216
-0.7281510394549404
-11.756497166643452
-10.165060180431642
1.1379117108040175
-13.669653783520097
-13.824717318336216
-12.967709002466908
-14.18134838838563
-6.399030037628018
-1.0349144625450835
-14.18134838838563
-12.551494461400466
-13.836231134597057
-13.393901589078425
-13.231287558812497
-13.824717318336216
-11.337855075481741
-8.656517146742093
-11.05013041867754
-1.272819015772624
-14.31340807486395
-11.764047662093262
-2.774172138951694
-10.165060180431642
-13.836231134597057
-12.622591748678335
-11.304488515764852
-10.426211186681964
-13.408502777269774
-5.300279932161308
-5.778895199690623
-13.099768688945225
-4.0790267204801145
-9.194465512940084
-11.210196406879831
-12.944705154129107
-14.777822946635737
-8.005162517817494
-9.823432889122103
-2.1903092354744413
-13.231287558812497
-10.613721848629725
-13.099768688945225
-8.703424710714998
-13.824717318336216
-1.6212395434385427
-13.824717318336216
-14.60754097499715
-9.626434258074342
-11.764047662093262
-11.469914761960062
-11.227962885765937
-9.549908628075428
-13.824717318336216
-13.386351093628615
-8.384469572862049
-12.129851577612978
-11.126656048676455
-4.365609125163504
-7.174264496191429
-10.745781535108044
-8.301168904621868
-4.373159620613313
-14.777822946635737
-10.825431394150712
-6.356626184396071
-9.9691521547469
-11.227962885765937
-3.6674228695895716
-11.05768091412735
-9.379585594785834
-8.792609317124699
-14.777822946635737
-11.48849664338514
-11.210196406879831
-12.129851577612978
-3.644899257165756
4.25633887959256
-11.210196406879831
-11.48849664338514
-11.565022273384052
-10.35138288746533
-13.099768688945225
-9.844041528208628
-9.82627504932252
-11.26132944548283
-7.920054701090263
-11.756497166643452
-9.04103060375622
3.8691067459735824
-12.970136552562174
-13.564183560717012
-1.6212395434385427
-4.0053163609421505
-14.777822946635737
-12.901161418013071
3.8691067459735824
-12.944705154129107
-10.009996645615523
-13.669653783520097
-13.071443389651659
-12.683554147878784
-9.66987182535671
-14.777822946635737
-13.408502777269774
-15.038356704254937
-14.31340807486395
-14.59999047954734
-11.48849664338514
-15.038356704254937
-10.67792499073133
-11.794914107416805
-11.032363939791434
-14.18134838838563
-11.133053528249796
-13.331977147270859
-7.2948150766178514
-11.639850572600686
-9.26780282174062
-10.268604594841152
-8.496767850596372
-14.777822946635737
-13.393901589078425
-13.408502777269774
-12.408617355976087
-10.268604594841152
-10.090849129846129
-13.099768688945225
-14.59999047954734
-12.893610922563262
-13.409120025900894
-12.206377207611894
-5.475435434657159
-3.97987009828661
-9.45869343246573
-14.31340807486395
-13.408502777269774
-11.032363939791434
-12.607028517879872
-8.924669003603016
-11.470730164499034
-14.59999047954734
-12.017648172893775
-3.6602778710617154
-9.383289420673322
-5.196186814588595
-12.456014397601372
-12.977687048011983
-9.333534878257165
-10.507643019092743
-11.039914435241243
-14.60754097499715
2.2392528189884175
-12.307161669085374
-8.739535129329468
-14.777822946635737
-13.099768688945225
-10.631488327515832
-11.05768091412735
-9.427826987142184
-11.133053528249796
-10.276045212380488
-5.46788493920735
-14.59999047954734
-13.386351093628615
-13.231287558812497
-14.31340807486395
-5.2252105682576495
-14.59999047954734
-11.868795444377774
-13.409120025900894
-10.745781535108044
-11.470730164499034
-14.18134838838563
-3.731959305356461
-13.408502777269774
-12.812645467650789
-6.817778887046416
-9.119051837166632
-11.93432963373185
-14.777822946635737
-14.31340807486395
-12.683554147878784
-10.85923980795243
-14.777822946635737
-10.702237798992007
-11.227962885765937
-12.812645467650789
-14.31340807486395
-10.38779424590861
-9.481047917623473
-11.470730164499034
-7.424322317854899
-9.440926953579623
-7.424322317854899
-13.00855349333553
-10.213510118959544
-12.967709002466908
-13.14796901965057
-12.551494461400466
-14.31340807486395
-10.213510118959544
-10.213510118959544
-14.59999047954734
-10.86679030340224
-2.214410827811303
-3.3557482906878193
-10.694687303542198
-12.578899327614675
-14.31340807486395
-12.017648172893775
-10.745781535108044
-12.607028517879872
-12.607028517879872
-10.67792499073133
-11.039914435241243
-13.669653783520097
-13.669653783520097
-9.023309799516518
-14.18134838838563
-12.893610922563262
-12.551494461400466
-12.812645467650789
-11.227962885765937
-12.551494461400466
-15.038356704254937
-13.669653783520097
-12.03979985653493
-13.238838054262306
-14.59999047954734
-11.608984127277143
-15.038356704254937
-13.238838054262306
-11.105036099427494
-13.238838054262306
-14.59999047954734
-12.683554147878784
-12.19486339135105
-15.038356704254937
-13.669653783520097
-9.66987182535671
-13.231287558812497
-13.386351093628615
-13.409120025900894
-13.564183560717012
-14.31340807486395
0.7118790834304811
-9.549908628075428
-14.59999047954734
-9.194465512940084
-14.60754097499715
-11.227962885765937
-7.7911077295207445
-11.05768091412735
-12.812645467650789
-12.812645467650789
-13.669653783520097
-9.858642716399974
-4.23127687566433
-13.836231134597057
-4.5873567310958645
-1.212107743687883
-11.05768091412735
-14.60754097499715
-14.59999047954734
-13.14796901965057
-13.836231134597057
-15.038356704254937
-13.386351093628615
-13.071443389651659
-10.268604594841152
-14.777822946635737
-9.920567158207541
-12.408617355976087
-14.777822946635737
-14.60754097499715
-12.977687048011983
-12.977687048011983
-11.756497166643452
-14.31340807486395
-8.2272875676609
-9.26780282174062
-11.378699566350363
-10.76354801399415
-12.977687048011983
-6.5662294244731285
-11.470730164499034
-5.800570598676474
-6.992534585609346
-11.05768091412735
-12.970136552562174
-13.331977147270859
-14.777822946635737
-3.6961411027459654
-12.206377207611894
-11.469914761960062
-12.066096019405421
-15.038356704254937
-14.31340807486395
