Model: HBOS
Dataset 21: wbc.mat
Time taken: 0.0061452388763427734 seg.
Accuracy: 0.6190476190476191
@scores
-56.91395297358925
-61.2158407101294
-50.98562567581989
-55.74161079773319
-48.66162772609514
-63.4309761779106
-57.43656347245057
-57.74426021360584
-63.36196347367259
-66.12991888107506
-60.37711712535987
-56.276095868244546
-41.200749772101105
-37.94263568279558
-35.717962057926805
-31.658255597318806
-49.30507763384923
-61.866301371312744
-3.2674715122769094
-65.83044946218114
-15.826859138932686
-68.46801876759577
-39.055703367181664
-69.11324351885558
-50.726599935179046
-32.36291338428085
-65.0968664604057
-53.96052021847423
-24.954060998717047
-56.586410825256245
-48.91406267733351
-64.44735908165637
-62.68014777961977
-44.72246134194631
-65.0563006987807
-35.417285081959
-61.403825507297306
-54.41676391236931
-57.54084340869503
-49.48598315526741
-64.65358391587195
-58.18753967361713
-45.959953078524144
-41.115420240767605
-9.297303566170928
-40.26393426990768
-42.16792937125346
-58.489947160706535
-23.96942406687944
-60.0185078699698
-46.216994663709464
-53.16655277844886
-61.14729983861588
-26.58562957566736
-57.614006391950156
-42.65754215625755
-52.011527976380975
-65.32748560152285
-47.559325807438654
-47.899419308692536
-63.143831763986455
-61.33715712742696
-61.50553949467667
-40.45406980323726
-37.19922111497241
-49.686794231652975
-58.418432192248645
-54.42985824358189
-9.740987538604951
10.38142091773733
-59.40627314171829
-54.199873613597845
-67.54579721290035
-24.67985562723694
-66.49292303057334
-59.92919856995504
-43.640360304177506
-53.14504784989019
-53.99285927629085
-51.07020331454595
-57.01504865396618
-59.11403869879143
-51.17870653609268
-52.85816465300611
-46.27378358864731
-12.939641193782753
-44.93800553785116
-58.96452225350088
-47.3935128960365
-48.08357546867617
-65.13265320089803
-58.41734523662508
-63.80579251955669
-41.81030688368555
-32.26348734816179
-66.65962175104049
-61.510257152207224
-55.80351536508939
-54.76653345070248
-38.42244082833278
-45.68263244173637
-66.81198301992994
-49.79533701433779
-46.61661364900008
-58.077397965777465
-54.93555043205794
-56.622956684026626
-63.97371276309802
-41.54084593289043
-61.22483172475199
-46.77897120906571
-54.83033993278696
-49.590889826048134
-51.46110054608348
-52.14212544976631
-60.40295532439078
-36.16861191950521
-61.23147578388282
-57.960716517283934
-30.306483466872237
-49.653576719582865
-47.78564473266892
-63.216543168250276
-30.102371801759602
-55.789906344140725
-64.64385916012995
-62.455002300586344
-50.2396353131364
-56.53375273495075
-62.971930167971735
-42.030382952073914
-50.42363303843762
-63.08613925587694
-52.058893190249094
-34.052933027986796
-56.095587075219065
-55.168419538122016
-58.45622028014933
-46.642687384983695
-50.36185584461424
-59.826853951535355
-47.382248606438836
-56.29620865787384
-23.566202611285057
-58.23337541140592
-4.84921212286536
-51.022765227622266
-58.717607461675115
-65.74355117958312
-65.83482582000786
-63.37551987040141
-48.92062221344096
-51.358837354172074
-56.06534966209668
-55.148310937627535
-59.968888371964674
-65.10948863116414
-51.466468669856475
-61.36670108218368
-45.97086668871992
-49.96203388312272
-54.58777099543884
-59.02633878999633
-55.677993899377164
-63.151697553821315
-54.497329873762666
-27.508538944345403
-55.11723972973697
-59.45429194436015
-3.8583172551966665
-48.04577077827368
-43.06718101032039
-62.42346504733888
-64.83158484819447
-65.4721023092741
-55.1367306477436
-56.328632854574565
-50.25165316614658
-48.93316507639505
-61.52613713917945
-61.299643437569465
-59.99673102673974
-58.01933979153522
-44.856706021441354
-44.932158442345816
-58.395908968636064
-59.321242851052936
-43.17993065701388
-65.48073106876599
-48.53598323499793
-61.62679491336231
-55.46340428995226
-60.54102754250189
-44.743718237546865
-43.11198625114849
-42.681865377070224
-63.64149380073371
-38.668355242632565
-51.92029707296675
-53.58081725525174
-63.908048132135704
-66.72958404263942
-41.277936301803436
-66.72559855839029
-65.62365593699163
-56.12946873038479
-64.29573186359286
-39.85411144964416
-15.34957921969335
-58.76179170489824
-56.3796970410269
-50.431956922586984
-62.591106354278054
-36.891667854048634
-49.46123908214194
-60.82067217321437
-56.50542556220139
-56.172959742227405
-34.39621194296164
-60.52438577511703
-35.28386863597115
-62.874882836086734
-62.65013208283829
-53.13633268668784
-52.03371380621903
-60.252331098340356
-65.07839096271312
-62.74456956442022
-56.6691342390492
-64.71700364596438
-62.28445387961618
-55.029521406942536
-45.25890821469864
-45.974096492578454
-55.98005875447747
-63.71316993627428
-64.77148015697234
-45.83969013718428
-42.20554116325474
-62.328015329555626
-39.1094839976546
-63.194418461849956
-59.91835287820184
-60.85873835570383
-16.526564940640394
-60.93548376699709
-50.42272060398285
-31.967931882214074
-53.753678190914925
-49.22022507859431
-63.28213796222183
-59.67755847605113
-61.12058982702803
-51.14019839065518
-60.52683782666677
-63.68622380586329
-56.52016275091896
-57.1269862404103
-57.55037223730457
-40.09779465413468
-54.50440795360154
-49.60342838879129
-54.97365329723689
-57.14588447471165
-50.69288613442867
-39.21261421061048
-60.05134110562331
-52.22850368419069
-65.78397700871162
-51.694057276506484
-47.96726336653255
-60.13091556931583
-60.24119540187132
-54.42790306441866
-52.73256319059685
-64.30953959640979
-59.70600908937067
-34.1989204658935
-50.465092791074056
-52.18347278936574
-31.57131006542303
-55.228754245026266
-42.78925855351284
-49.275460784141
-43.41710959895237
-50.74484168779964
-63.94222331389038
-47.92121643822225
-54.23088581576085
-59.39351943922488
-63.290499148121896
-54.56879212941743
-56.989691713852274
-60.492777997405675
-34.44183019145259
-18.404001425107243
-54.43602792155227
-58.405979748178744
-62.083760174223265
-20.70379790837903
-53.21982160292176
-60.73769709242243
-53.83061362112201
-50.626573277696714
-65.11078854011434
-47.82854994598208
-58.159442126460306
-13.937817401007054
-14.294531774142671
-53.61301360290198
-40.11343593043885
-45.640389122504594
-47.97933205661976
-57.115616239997266
-55.172729682507104
-59.987343448368044
-45.893112873814964
-60.900064163958014
-31.98894676808971
-58.87367750701579
-53.331403066234785
-56.28462103000322
-41.730752069234065
-52.78047819825632
-61.498279815902315
-29.51893324243339
-63.78880807610978
-56.68798756218604
-58.10558830581167
-60.39998151609491
-53.13395332926622
-32.66307240783232
-33.347188217858985
-16.768604468231946
-50.59473860842114
-32.526858164704095
-52.52163944264955
-62.384421829292734
-63.48875868279485
-59.6557311695316
-62.007166461609685
-55.65905791910169
-56.40168359205279
-52.22295740386481
-53.09571248021804
-52.41499122360871
-58.23887320818251
-40.9099223832947
-61.051785793355464
-43.90835576022866
-53.0250704794104
-37.07904358385414
-41.60053057018888
-38.81901858703504
-45.09677209693314
-37.60506000575243
-35.0602819242367
-41.95435071239897
7.552167128605256
-36.695661513351354
5.319177698263739
-2.952113537077363
9.892175179700207
-13.226066081883339
14.574419400237845
-33.8713312789193
24.32046393749459
-15.2395936165883
-2.8054035434815443
-39.19049289731607
-0.20924138805037829
-24.70283191408452
20.259154841499868
-15.02337479644645
-41.95435071239897
41.382438005741385
37.69532898057787
-11.853304143899528
