Model: HBOS
Dataset 22: wine.mat
Time taken: 0.0026497840881347656 seg.
Accuracy: 0.0
@scores
17.02365788517938
17.536805611438744
15.103092810765903
16.93163500503191
18.45942666204254
16.59429440431187
17.84387826496251
15.471540965777137
18.15796111424379
18.42122701954174
18.874136871436285
15.818944297134124
15.339593237477612
16.05932957249834
16.431593056378883
14.875494018753896
17.94645672557043
20.676411345554992
16.882191381077273
15.802878150418858
19.448986573207694
14.229586061364119
18.54194101075523
13.340909141872029
18.724167123618237
15.953987595528826
17.177718752638185
17.801640381075824
13.711951526736087
17.686532196449438
15.020898916781585
16.24717684310513
14.288416018505186
15.087052207894434
15.464320315445935
17.377681537690858
12.933814397034274
12.963358086707917
15.846595746582771
12.996439450767491
12.663873897633483
12.844413425172496
12.98063486844672
13.10779380477195
16.149701701433834
17.740007718731906
16.020205745416572
15.933845221445026
14.667775310984272
17.638170756974045
18.623420470833224
15.634484883916974
13.539051720912699
13.475047150381894
15.659147399992822
13.3043915623254
13.693560346369429
11.623889909540493
12.383601461714353
15.451193398850677
16.538265356704663
19.918353697061953
13.681933916973131
19.57371416573907
15.09470388439772
12.953943140693019
20.11700965308391
14.116764900147656
12.309316883918523
15.649675836945887
16.04021356233796
15.01613412714865
23.93253459036032
15.999531544919936
16.212999940634994
18.724229509764896
13.897065044436381
14.167313302626402
16.904374607702614
12.32537223340489
13.11951661704062
14.345624187422347
14.11219568209858
16.590175829101412
15.778734017986583
14.443530965391327
13.775074720451055
15.108449451067381
16.32003981899786
15.279633084429697
15.70356683626763
14.932925100453815
15.899566942628619
16.80130195850795
14.841114097711433
14.498719677506916
12.88827476049512
17.979460684965954
14.621719538184145
13.926510983335458
14.916797685107245
17.6126655810436
15.013325873041513
16.44769155815446
16.756115928288946
13.730712418440497
15.744070153098196
14.974591674253821
16.28011918014412
19.97550801630149
18.44825732493547
14.887597028649736
15.210484540543243
15.284997437339662
12.822735674593762
13.921628989742882
15.320112945832776
15.223304186995245
13.296959037706769
17.188806000971354
20.14734733025117
13.18978755277921
15.12337400072486
13.58741974179417
15.223546880977354
13.980150084670296
13.733522620724598
13.462229812667657
17.851378199766426
