Model: HBOS
Dataset 20: vowels.mat
Time taken: 0.0034284591674804688 seg.
Accuracy: 0.12
@scores
19.008755989631524
17.738035261189896
16.574816131181066
16.99320819776564
15.847089507462119
15.27590301716066
17.686943402050506
16.48060008631839
16.913015748838898
15.955841465214252
14.706178662715367
16.95694279123081
18.37495748788874
18.979003313883176
19.67851015150262
19.687414263080385
21.522230521717383
22.52987372846201
21.499012094830324
19.245699593108714
19.281927611750476
16.776782282195565
17.206140275022225
16.887539862238707
17.42843798565804
18.946520108829645
19.61858721448882
16.708839445750442
15.675776623111851
17.238872871575268
16.84722628141755
17.11162130336997
17.156844445208176
20.286126950493003
18.76399552297516
16.71925705151961
18.431429892237073
17.497296414876097
16.773365446277896
16.02903465130584
15.442143561190514
16.02938374755715
15.640992430198082
15.000110465751344
13.464078513081907
14.215893536605261
15.44779930091436
17.698178772791838
19.888075859311673
21.294101130372546
19.508847449849224
20.01549555986162
20.616467708347912
19.47844307040469
19.47776505942716
17.61647970108825
17.691079317434266
18.514701993830904
19.274239594482538
18.654958185847793
18.003887256412295
19.1260931040776
19.678090894599823
18.674890948250507
18.49324659187624
18.452400318015066
17.733680052664326
19.121530454046873
20.057509470791672
21.36053018035845
21.069191668985198
18.808088764206147
18.518600041739834
16.657202116468824
15.72722082301468
17.41586755661854
17.642512738387147
16.249834483100578
16.34623810722803
15.93439433444562
15.627881870125849
15.348450268532297
16.189888665852173
16.440536089656028
17.394938413841246
18.768434741300506
18.42512382567428
19.20694070439709
17.896622060530024
16.16484060518472
15.748078651515135
16.995701602209728
15.505711434693348
16.138324926474272
15.272583646916273
16.499340069009325
16.50305136223406
18.174602445053576
14.879253802245312
16.89095428592858
18.269775452937353
20.656542778254227
19.04507193229123
17.878354046289026
17.357145694304474
15.168360073241644
15.856038926970125
15.920616911965185
15.343493648479686
15.216289303378455
15.35098686015834
13.767947721649817
14.211210064852335
15.268064417857875
14.918260019552903
15.965262043711322
15.926001286416176
17.272830151005756
18.432091929678215
16.81596046089734
16.69274355215147
16.183179143008314
15.467721198521394
16.429241980142407
15.117573649321667
15.031720474836149
14.450170772976955
13.578628730630014
14.255712646463131
15.716869208635131
16.407047693540154
16.437300180519017
17.754621282405356
18.263752963958574
21.025785821435633
20.22461206087652
20.5351015524537
19.561164363605332
16.574816131181066
16.033537551055105
15.902834449960501
15.632740136850611
15.472459653890699
15.214028263179197
13.836205941109759
14.741205853805798
13.458551572893864
14.573458814612794
14.461215070116882
15.873190580306009
16.004230467130338
16.012381923317083
15.694219246817195
16.101394928084712
15.460501650485515
22.51988047893236
22.014218448521756
20.016695290833933
20.102548465319455
18.900456687940068
18.2010697657024
17.649899217992182
17.214342829633583
17.214342829633583
16.08202124462441
17.12134911922101
16.822331491930903
15.509336763271563
14.769303068373075
15.688843832206263
16.532291607300547
19.042726391985813
19.655949235377353
18.94360481569602
18.261577786977742
19.455476463969916
18.09362555269784
18.054364795402694
18.926075841264616
18.133016932671264
18.374870075236192
16.557103226171172
17.470023429744437
17.006694923432505
15.78834921919249
16.56662812847591
16.391242659243648
14.602710485913187
14.729914831014419
15.528645146297634
14.636314291190832
14.693062001540568
16.257600344216673
15.575573315498392
15.575573315498392
16.116002329277055
16.116002329277055
18.681343212933808
19.080917255648615
18.17571028737397
17.782841440597938
16.48644191927768
16.420231969131343
15.23922310664865
15.492337991806474
15.787278492446642
15.218585299234267
14.936402677738517
13.917412485816993
14.631950357882864
14.725927190500096
15.422501243740733
16.286923476204585
19.162254000342564
19.307666775500767
19.042389665673195
18.18860300759297
19.27763719685971
18.688877015478894
17.973184941941597
19.15650154489411
18.595095980825146
19.672324719985188
19.799529065086418
19.873989724050276
20.946130333292928
22.647432727084027
22.86944272318371
23.198539603351506
22.031887975330132
20.76203702564736
18.248567822347912
17.739436140794698
17.456410051150378
16.81182337373267
16.413850173406697
15.72546135788079
15.613745192621849
16.58120486967057
14.690317355801676
15.775471664967547
14.447074468232598
14.60178891410179
15.859710874965078
15.629762343349789
15.980190314267572
16.13311250136133
15.97523030782136
17.3377748372736
17.867123757022448
17.238230800632437
16.46349208465022
16.242299072855303
15.903569726384962
15.820523804905722
15.90637697939124
15.236763738017483
15.320016623340138
14.561018443052706
15.251196927957729
16.398546273987183
15.999942228046772
15.461845524914684
17.402339961032883
17.789733831152258
17.280602149599044
18.01925535208259
17.0071750927619
16.35142636343152
15.409448959516808
15.643051404939499
15.717355987740474
14.016196492337512
13.599538396368034
13.981459024061035
14.478778426334017
15.557626398589981
16.048838980011478
16.41362666048177
19.053151753997927
18.21168285043627
18.29776003388783
18.036684335565067
15.86606264868469
15.502405231304778
17.12984442375452
16.86703621564834
15.925531676217776
14.86247370407589
15.33857418409379
15.36333165056364
14.895930717166936
16.46569754800344
16.26290334750102
16.460179289438987
16.460179289438987
18.121427614225887
18.052572902279408
20.28938931119202
18.532652513717316
19.72689556868223
20.409405465711764
18.732097553968224
18.064531269950326
16.945531733474617
15.104111317434867
15.651650692714131
17.040751623736437
18.132084135757594
18.349175718282897
16.457908622446634
15.769330979930446
14.667759325875636
15.444274168388484
18.356925728005802
17.21817290046749
18.130435064203066
18.302088335248204
17.268658200874324
16.658688319104385
16.461335930562136
18.478123787888965
17.295214219387823
16.38667891967197
15.461425184488622
15.109249795442466
16.146255898385675
14.164170400775161
14.21741935513152
14.837316424247998
16.025859625128515
16.958771204385965
16.958771204385965
16.559695274247765
16.7779416804113
16.7779416804113
15.484304319089178
16.19537148412686
15.015998632977535
15.693082548810652
13.704076179269904
14.787986373792329
17.892921807975604
17.454049717698577
16.776965801865458
16.776965801865458
19.05443329013562
18.471199055050036
18.032167481813904
15.890513975162282
14.783377326944215
14.698817095867014
14.788169026345908
14.063229469786128
14.601664555601483
13.695866361574366
13.747248770813284
14.914861628833258
15.923202790238166
16.56302913312907
14.714638587349521
16.235581121439242
16.249627345439567
17.171560138184038
18.30489309791074
18.30489309791074
18.862166242161496
15.863732865367204
15.747875302064555
15.541537970188292
14.716111687384164
15.89156427391788
17.53691039461314
17.370252827508384
17.370252827508384
19.213977732980485
18.998922999134493
18.152875227589945
18.382896193636014
19.00101467287887
18.45369012798607
17.23913336795612
16.483226949865127
16.005859954504487
15.959615260004012
16.112258054825947
15.666453271889475
15.055536133586905
14.371356035851797
13.808822337566783
15.207540307367765
16.509046727439884
15.033637239791913
15.71113199878735
16.892858651621847
16.892858651621847
18.710449139029972
18.53743848885926
17.97918480557337
16.741540869770848
17.596024871105143
16.537739175585962
16.319332061494592
17.128106733138157
16.794464429972308
16.08322505633799
18.088521388239908
16.85992921845837
14.334402792295897
14.687628169968004
14.307691709010186
16.442597674211527
17.97704034737505
17.671777332776433
19.490907851103305
19.172745174603417
18.91343839020275
18.944823182703438
16.577250270495675
16.343942458210453
16.164633782668542
17.157791693511427
15.023120708706543
15.666301952818776
16.122652251908857
17.723645145846138
17.074891872607722
18.602442896210118
18.602442896210118
20.124581370853043
20.18132908120278
19.61234762044563
19.61234762044563
19.2856916755303
19.2856916755303
19.208436540804538
21.370925866634373
22.216973638178924
23.113156209124377
19.14342635967503
19.19100116011537
16.903079231968334
17.135290338487195
16.797848154218144
15.788871095163339
15.731820151563463
15.565832414993755
15.14842283427815
15.337783160916818
16.705045561654956
16.023018532936675
16.477739443612386
15.793559345877277
16.501543741692945
18.076651442062904
18.638022210956027
16.925169461761694
16.23738007822353
15.83940687789756
15.88953705116462
15.563268831634993
14.172784069316604
15.198209283976189
14.702952840407649
14.733771728824262
15.419080386169291
15.71174983098858
15.545762094418873
16.301296535276997
16.61123318554115
15.765185413996596
17.326809672417532
17.53657404842892
17.231435895988096
18.93384006784531
18.1187658241238
16.505961434626823
15.915282780825756
16.493955330370245
15.741643726456987
14.853085983961291
13.787082139877134
14.454950254504663
15.890622957641877
18.087072027909585
17.40998811207647
16.36492371792523
16.874055399478443
18.160462387141028
17.969612682283394
17.648572875901046
17.53309720822121
17.478277921767866
17.4325345148701
17.637846490898895
16.713435742586825
16.70050265624287
15.21174543187921
15.158579601645085
14.332190555302875
14.095530548185717
16.15057536438527
16.11130586284858
18.290248187329443
19.335899902408062
18.64409263276994
19.207484121958625
20.550869682106548
17.39862327862874
18.00859316039868
16.915538784695475
16.830978553618273
16.35923757417645
16.470128796430615
16.55896734227599
15.404669792889555
14.623625740512477
14.332190555302875
13.16739798991589
16.04378098562308
16.450956666890598
16.355523822258267
18.506961056351805
19.12058112192789
19.944126804308215
19.956061460627264
17.577977855508117
17.802803605230025
18.749146074035174
18.769893901935234
17.281971768501833
18.576366062994587
18.37559425938104
17.842869940651703
18.639076130036976
18.966243085867603
19.10609190493106
18.11004859390556
18.37015693865108
18.15321294293707
17.765999168513144
17.129383579979944
17.327131015144236
15.836921784907851
16.808641802476203
16.24170000113538
15.43462277014021
16.540834015843455
15.896202290189402
17.339054277764074
16.628871392054084
18.21358557543232
19.14821213330787
18.693371296543553
16.959303393924085
15.93461060212249
15.573365672423474
15.563790183557018
15.956057975226134
17.086216747809463
17.11719339150481
17.48601272200952
17.579002026604922
16.194200165632825
15.587489015926755
17.44418027564992
17.40006024547653
16.77985737717998
16.19777321973276
22.0303980796622
19.138859076110467
20.717916464118403
20.199631484230828
18.985180995656354
19.332689624031776
18.654640390511627
18.36295275087807
17.669917741820502
17.618445654339165
19.90633012562662
17.370861372256364
16.30843499438909
18.47972496021632
17.421474010999653
17.725337289730703
18.129328660399963
17.43307850314823
16.6451928659446
18.993449112214826
16.802061998465373
17.812686047593413
18.949538137265215
19.63231349933271
18.747531149502688
17.133465365818815
19.068996279724036
19.241735754218148
17.595550520995214
16.8326636862203
16.88378435244153
18.27213272765495
21.281547618194335
19.84041873747922
20.259742037784818
18.684539989247906
17.96020163478197
17.574534827835404
18.60062399700416
17.021593870255664
16.804419483412495
19.274395462757205
19.491585418103817
18.50614905134531
21.11543739401258
20.866884851220373
19.02633288081919
18.494019821566862
17.304540234468362
16.980094609655946
15.806983901935947
17.784841460544424
18.46290971542216
18.47000459365774
19.96874295569598
18.821177297666924
19.147112072585433
20.84494252452374
19.279027932585034
17.571678480685556
20.7921416240066
21.98383832094194
21.5110521805952
20.381249266730386
21.063276295448663
20.733620988814167
20.375848194387046
18.467597318993686
19.713255044364168
18.57533408488493
18.17921171641334
18.50855368736391
19.43278696068309
20.48115373022752
19.150511931559056
21.2623908049371
21.64620530336449
20.27830017084815
20.52386080366964
18.363355072203905
18.97978311040386
20.083672203168064
19.088771550975537
19.021841506675038
16.101249284687913
16.16660524064102
16.247913264998996
17.622481267889945
18.422890715342653
18.95984067893681
20.520534041405703
18.28851962793865
18.345267338288387
19.745895251677833
17.63134658534165
16.975059712535465
18.062755889288976
16.84968303087338
15.898126896460496
17.489817331766456
16.481524117666034
15.748140859806115
17.759955199522935
19.723725084915174
21.055041327550697
21.158891270829944
20.927715903948748
19.46316757192173
18.568458064846848
17.971763434145085
19.55576097451589
19.024789942600915
19.650267010053927
19.726175150992827
18.39117219148885
17.17308999064252
17.172772929968144
18.119115398773285
17.49510757423999
16.2999970684048
16.93622439058698
15.641387906239263
17.131886548281233
19.129305010037683
20.30097658399827
19.94664528858744
22.54789532788878
19.107232536326492
18.614209591072086
16.88584668874164
21.499680067823363
19.93989950849639
17.980114443524425
17.744171654229707
18.722004165523256
19.68693315006031
21.187649710305777
16.103508182105948
15.36491608139056
16.81844098848053
17.39593749959574
14.867531054841836
15.80967449190164
17.127058176959295
16.698384922195803
16.90883043817906
18.37897656557903
17.77524998299039
16.54381506940838
18.848366067285358
20.530235677069008
18.86646234163213
19.79687959477029
19.23318487343908
17.203423771485834
16.649823618767883
16.971931678059963
17.675017560080867
18.200471218422777
17.657954825423374
18.717615282751694
19.038473499665777
19.983068956565198
20.653605571954788
20.838669694719425
19.04815426337668
19.11289242740637
19.11289242740637
20.964272936847884
20.078997876333283
20.369829028109237
18.12995562260086
17.439777137695838
16.809687311431027
17.323271454405276
17.333287464774358
18.20415361250334
17.0927434181856
17.492053658254015
19.42287339064922
19.32238743501734
18.83225238883583
17.646619372646068
17.28492857513782
16.42727871803052
15.952388771257992
16.826495263899
17.556841996201165
19.364083455204458
20.746725081574244
20.881412650033262
21.070772976671925
19.26545249847381
19.03945632891579
21.620157905162507
19.173846746860487
18.3868567729597
17.793060734213064
17.234014848667215
16.600645886096107
16.977881861658368
17.1840098290758
16.721244946444163
18.938643861694043
19.047558259265852
18.42722205378247
16.798681038993905
17.499869254459934
18.160095211755653
20.412650563105597
19.12562431714902
19.592232024736564
17.946945924572354
19.271352859191044
18.03007788984223
15.022874034356558
15.599971820291197
16.439918046176846
15.339088880422445
16.518880378996823
18.703688545136938
17.860817140514268
16.693960597479453
18.46044742377895
18.61675693389513
17.817191446092032
18.13535412259192
17.369673091305874
17.30058215913928
23.145767726640983
20.084305085386564
21.634215205457323
19.649927982141335
17.33840466608814
19.09227884258223
19.715599294491447
18.808669549648087
18.46055134955033
16.380701309324436
16.88250997321592
17.581761032703035
15.983831623308445
16.557530283386342
17.803935491234462
18.64947106232591
17.93062763588259
18.967861189390177
17.093121805805275
17.340119533038322
22.667021531287944
21.262980554558208
18.822593897980877
17.732047410569084
16.702259762107598
17.337633947571632
18.97941726110481
18.179912337697772
16.545722589305143
17.4200874930275
17.819333442837486
17.141175244855706
17.918917395331103
18.30273189375849
17.733843488923906
17.653242385299038
18.12393765312125
18.487607371703536
18.39761272643966
17.009078283495946
16.501799984316985
14.633893205996332
14.55017517032831
15.32285344615306
15.745835961520772
16.398861960303922
18.459906122489667
16.765375368736848
19.459153079515833
19.76689619344526
18.03568027961373
19.287475138931786
19.220317697277775
19.31641336279303
18.821258105736675
19.1577478837792
18.503660435323585
17.564777249625035
16.800270446498146
16.6925867274919
20.213914938617588
17.240502716852973
17.824223928337062
17.929736264141596
18.91220306521209
21.24589654496494
19.232081130359113
18.74414750696168
17.12048090598887
16.86231155132593
14.590044010110825
15.852435456007814
15.376756952293341
15.018031444140398
15.463472282999849
18.6110637730153
16.85781364020082
14.598379452649827
16.234783506753573
15.435738849113203
18.207599638707617
18.078661314370667
18.611296224797243
17.06352299814425
16.27580575821504
14.81297012377762
15.838639897273477
16.362636024401976
16.255662522737527
15.011672581929735
14.592843289932313
13.61047055857794
14.19361266977441
16.44417508133613
16.238670290105265
15.269992211372138
18.6959465621097
17.513417941011497
17.21140861110334
16.379485231250403
15.141656685731373
15.26570804708537
15.561588368692444
15.617374101092253
15.797116022838129
16.117483289593554
16.322133350946228
16.03574570711466
15.864296149725968
15.677020198961717
16.685717637540343
16.98998289060792
16.143935119063368
15.159608887351958
16.565349940055345
16.565349940055345
17.670082632949907
19.283131324827455
19.003027031109205
18.495937615405552
18.01564403527107
15.99178585960593
16.87758149717787
16.60537346284211
17.126893301524312
16.608822464803662
17.883075329116846
16.851400964287635
16.06198687968283
15.18220192593008
16.461286679979843
16.040342209165097
14.699285460630225
18.043627000134098
18.384740012212074
17.17037544746927
17.812039727598105
15.602210350040112
16.650423690376588
15.676286219055882
17.241457405603725
18.31862309749905
17.70107692290762
19.70573962444284
17.794254588179797
18.75060654748445
17.34002550716571
16.629733409336954
18.080108492009476
18.395010956783004
17.11552930793075
18.449796407856763
16.6467952061124
15.097242720040505
14.326984898872123
14.339269879068429
14.20140266669576
15.08077081878674
15.818854798192424
15.102607558889561
14.755305614931254
14.746924761738985
14.993552361744717
15.85490526842596
15.920261224379061
14.84303858909304
16.81509364433807
17.96167731516195
17.308954287134544
21.370875509791773
19.172419884063157
18.251922935696605
18.365557015190454
18.059268308362604
18.112796967912395
17.15290658468678
17.67686016352717
16.964034918361527
16.26674376915418
15.98521808008297
15.313907187635103
15.282223146223618
17.037157810576016
16.549237085098433
14.920276202488783
18.19536685096238
20.80578219625441
20.634460715842582
19.216279618224597
20.1590707800568
17.703905962843436
17.768839338445012
18.15327892975762
17.586369285130782
17.55279618651494
16.469955728192836
16.003679252981733
15.112041031461429
16.465455499783815
17.58410894624088
17.765954897037304
17.289799109893593
17.286916325975014
17.46506077801382
17.854069410082385
17.711700703421446
19.12523247999113
21.446387284991513
20.14137478539799
18.709895455012735
19.635093455482533
19.6886371734171
20.185648401187954
21.77439914053695
19.652253791572782
15.55874824946176
15.350430403985005
19.083343619917482
16.7601389534516
16.115369955930603
16.7428706085867
16.940194360295063
16.777126102191204
16.482351859577538
16.251362432981
17.392162065420507
16.720338703621646
15.979289870956045
17.861663188905982
16.34093662087319
16.271934593742255
18.990013427107776
19.074348009415477
17.684945182630948
17.660347959207144
18.541387817848005
16.875122094621137
15.726431522635561
14.653154957762109
15.994147203289854
16.75098419207628
17.48632054130481
16.609586807492402
18.042553907540718
19.479054581238948
20.373286542663728
19.893870768566618
19.806438394505342
19.489030592198226
19.492070673016364
19.88653289818793
19.248236554552758
20.298660717429847
20.89032749625689
19.53095551287638
20.66628523097069
19.064810637888012
19.145438420585602
19.536494159958185
17.04970238060218
15.005730141044538
18.512848790864464
17.92710110907483
19.354821428003234
18.97151343854546
18.239094642193862
17.195719793762382
15.816699033177123
15.263700584397156
15.5208594455223
15.091501452695638
14.53317686914372
14.25771567899324
15.69962520582963
17.077369121655767
17.467829469961867
16.485713378453163
15.592255899044478
15.209801097696369
15.428344895476785
15.026123887466456
15.116497402129912
17.14032970285635
18.244506379364147
19.96058319169292
21.100980381823906
19.708088474315268
20.200720716253947
16.89676340814399
15.465600824602445
15.422207240441972
16.291885504440636
16.061368824290696
15.220150746855268
14.495991992970932
15.272881910862672
18.73069174990232
17.6990460152096
17.618715100914958
18.617606763951756
18.919198122156416
16.650327300998235
16.228644206403846
17.82081655286762
19.6038619351544
19.263101372712544
20.376933023678735
19.199200181225383
15.460520665616379
14.692637045208246
14.605614854547763
15.929820642393398
16.38211707355351
17.89065100135221
15.819650101146827
17.197323804137444
17.96213485549416
18.312562826411945
19.738143132481174
19.507729632582077
20.65503176467822
20.611541676528578
20.72348960241207
15.87181754551409
16.580434607803873
15.282221796906224
14.716815123053824
13.58706187719424
15.117336239584809
16.681222309165552
17.167731818209592
17.44021709513285
18.39300618535638
19.38392919149152
16.86271033722153
16.859211581228156
14.454393245893526
13.903059344826284
15.101216071795546
14.538315948018607
14.70471477591645
15.605274935444413
17.75226328004799
17.400390443323182
18.402960729960085
20.098675322367047
18.605001795291845
17.550999460028468
17.54899916554272
16.330670454987214
16.614353937517475
15.685986115260556
14.628390040404357
14.042193647422144
15.561260927990343
16.599554756265395
17.41617249256641
17.772747988888085
21.192633363716055
20.138113911699406
18.821303494941056
18.594202702331703
17.538382800033723
17.42662427388264
16.437967087194615
15.620974902080519
16.267162808727697
15.797598845138165
16.842533085033278
17.101617001984927
18.640681258907357
20.189929376385365
19.961064022413296
18.615930617799037
17.736812382686196
18.098104935879682
16.973333878376312
15.21521674547175
15.04932933713326
15.448925033258938
15.50630233188998
17.20165612552973
17.45443341705135
16.96310214646609
16.687900520646945
18.612475862652374
20.587837863087604
22.135768641028868
21.03747974006512
20.819022426811564
18.64327028935543
17.751601795931265
16.87926208160547
15.173386170810605
15.578337566036584
15.965072879771698
17.044953686200415
18.25164264191948
19.538677158159484
20.85509746203909
22.629516429251836
19.432503445383855
17.1323620238891
17.354410427456074
16.61396912449085
16.359800009097707
15.935905624414838
17.1114885790448
16.54852967219246
16.490838309358068
18.306116834654365
18.926027896248588
19.604658907245778
18.192286290408937
16.925914864376917
16.925914864376917
15.920405832433687
14.628513157482514
15.423313865113222
14.051144367060585
14.452754204102508
16.834362274977167
18.311345094137643
18.379722686996214
18.93933999709214
18.48716241424507
16.415363687997488
15.966208403229267
15.77160924263382
15.952142742073281
14.958972127747654
15.086164303137322
15.079625162766071
15.69827469826986
17.293729875967475
18.962938884269043
19.673252285467505
19.29936439272079
19.48426744209483
17.88457287150684
17.839364390661963
17.375551021749235
16.39703438771414
16.921225136049454
16.827763306528286
17.2042536301252
19.137884254093628
21.59720720587742
20.691505423321658
19.179895975019704
18.72830467740923
17.18464834038533
16.36724763776544
16.061113881919802
15.32125945434041
15.248518465775092
16.59835506127527
17.797902270278904
20.030962988639267
16.87663464411886
15.737264100190783
15.513454195801483
15.099004597448424
15.397962998824216
14.843851121530035
15.441660325241045
15.7047673022876
16.670843282160803
17.539078094348074
19.67220457642689
19.093927163330704
20.843793169447633
21.130629888209764
20.847915329490437
19.45949485585669
18.62009856914847
17.7954846359056
17.396926435961753
16.651094143399078
15.52352335352196
14.763975525583852
17.17231921864581
18.088675326108795
19.79686415315057
21.408052778043103
19.31327926561775
18.944548832657016
17.09953736543852
16.100886990577607
15.588774571484182
16.438686228356197
17.67754582728084
17.639321235333288
18.013781347756684
19.127535038965586
18.684307036336815
18.15732268984722
19.931818444536216
20.4579523335762
20.64705431759727
21.63203763283216
20.07093919090315
19.86983691052509
18.851906222630493
18.906923466849424
16.39632996598313
15.552522374803411
14.865266659046307
15.630273819352098
16.320695698467187
18.469496713018327
19.232171004899186
20.806411570103315
20.153145027836292
19.88977477157934
18.614992505595545
19.016327448193667
17.87898558973707
17.597662058847842
15.182960433503212
15.28801584679373
14.79845478777102
16.223667200265297
16.32536393094251
17.90088262084986
19.65487826383174
19.58662370963885
22.25391543739162
21.275796141357148
19.464139977359146
20.582968006856056
20.321283202682995
20.59160971272595
20.383458955354257
18.347669759663706
17.54380816967616
17.345230636360256
17.27885640713075
17.04501656688236
16.34264082495404
18.106014331020553
18.417310828311876
16.062669913795872
16.68487139767533
15.72072932472787
14.459080003758661
14.894766127937462
15.621648156504165
17.396571478931506
18.06680514090159
19.434841183409535
19.849752732228357
18.981271876522204
17.64029855046032
16.838126732152112
16.41301735327874
15.11853176857265
14.872290532241903
14.833492503780105
16.157384214317602
15.362121918408157
16.01824177958553
18.707984003935685
20.588584027230613
20.858794653622176
20.858794653622176
19.348641238686106
18.647067667196186
17.516779758628793
17.03545529334179
16.657747895130854
16.553322652904054
14.862184870238961
15.412616693517366
16.934481008037153
18.575465963865124
21.65088693656935
22.967897958446585
22.32648817508212
20.48107809662834
21.371990129262333
19.412761971974486
19.715162460755575
18.477904923925266
17.39207968678641
15.16525199314414
14.318751865612034
14.30904831782231
14.888526864603975
15.316199764403907
17.134557047056184
20.720539096033878
21.793431016209773
22.158956422258296
21.521308971394763
20.3321658326389
21.05778693238031
21.030982849385687
19.59927538429183
19.170667249425087
17.575331929068817
16.501907305913935
17.802419945344614
15.737214320963712
17.58510504118431
18.443257529401784
19.92086035336162
20.215429586741962
18.072432563748194
18.213006161238194
22.742939098015636
20.073910833603378
17.82572543358006
16.92845995026381
19.39271684551194
21.766872061164165
18.530399886797838
19.55907903513632
18.895562999004717
16.223994583707753
20.349897092273558
21.002100931195777
15.967987562999053
21.195577683439815
20.084939475869565
19.436152568377405
19.747980260531957
17.240377830936232
17.632205941079967
18.47965570329211
18.78247995460497
17.975252148681925
14.914111030512396
17.625913776658017
16.569013350094803
19.11488166414083
19.39271684551194
22.074541113344438
22.95654628379702
15.942170727174526
18.23190344005127
21.122860983782417
17.273925188796497
19.212876811501154
17.172203411624324
17.66878247390741
20.33551686590883
19.590028160930288
17.444155394020285
16.624716162957675
15.967987562999053
19.207638151159827
16.569013350094803
17.295401905750182
16.27841360905203
18.296036997869432
21.453184470223423
22.074541113344438
