Model: HBOS
Dataset 2: arrhythmia.mat
Time taken: 0.05161142349243164 seg.
Accuracy: 0.5
@scores
175.36158765809887
159.5430153890546
213.27280054087026
190.13321688061544
187.31842983593108
218.7399410065472
165.17021770541845
162.24240129760838
180.0203255324757
169.06356820302167
188.261211210373
164.86337466044867
162.87951668294104
191.38755961669983
184.65100896075853
163.12644031858554
175.95558918036224
174.78099649357927
167.43050708362924
172.7722293520741
179.45517007915896
178.53529503506834
155.95626073427104
158.11005842487535
165.57792539033474
209.19778504181863
225.5742686610812
169.4096775566771
185.5208289975642
214.167658907526
178.1236531810759
153.45966550098981
167.03191050661428
162.93644691829473
183.6594158737767
156.7100370250624
196.82234571319148
185.01866078188004
174.75206639734262
187.89775238900825
162.37741964877523
155.43859682693895
192.58283964464155
207.31527671781797
170.41903066767821
175.5137892784569
187.6049425714836
157.50834312315192
161.14282707302675
178.77140048498762
165.90698740622594
157.0158951228107
174.72645842104126
208.19260731348447
179.59740723529384
177.0553671665782
170.66611176611121
159.5307601429846
173.1863037086443
176.973223629096
234.8916734421947
159.907102490159
166.4823181901847
180.89078050674038
187.01873067537656
153.07125582799299
171.00256313312593
181.67232779749966
168.57821909933503
178.88746864017884
159.56640687960112
161.4979083586595
180.6475398840652
197.177038766993
160.51756666016456
208.92002406836508
261.2469087113379
179.4420392546259
192.10226889111405
174.77152722115892
159.46253264245016
197.39200801084493
174.36863135265415
210.3388484329383
174.50004565308703
258.8631337050018
223.13589550675317
215.32347114464872
262.7184534825573
222.8237220524482
166.3035445795994
184.44741676701872
177.932147523605
171.92096205325194
193.98673645004234
197.722780534477
200.08609423377618
168.40151466443106
182.35947740532015
178.42893619702616
187.76323011160045
193.04350874059773
219.472322251092
180.28106029622072
163.89379402707414
195.77691044907175
193.3307648665583
162.82653184290896
282.92780759630006
175.7553366237722
169.132976919187
182.1759136442321
178.67774145256715
212.85789816513866
176.6666778440267
171.51801535246003
200.44937862172813
185.2978504435245
190.98195659299674
163.58374310969862
174.94724037637977
161.51243326239052
189.49409495496897
176.7040862333361
159.7853827028289
175.34592687367376
197.0827830239576
187.02073756438372
160.0302953630718
199.99877386620622
175.6754362765262
170.7984095882569
158.38153792748287
234.32445760283
171.25906260743568
168.10344361253732
187.92695626852247
186.64410712006284
195.4830891190794
169.49196103488202
165.34747037613863
278.00731711605397
165.2505629005072
162.26281611512178
177.6338556737325
186.3062899223778
208.77576098980566
171.93366795488117
156.7629695209568
179.08669197738936
167.7373117162697
175.0649033731461
168.7581734207071
163.31810192968186
156.6727650685529
158.8198610150981
159.9464675904526
181.7603982281956
198.5150347713456
160.60414362817448
177.13019673297958
161.02255451418932
181.24291542307176
180.47108705915508
159.17238852843303
158.0677577790484
171.94652433654164
196.21349326405982
168.9379866162063
194.11663969221408
169.32653505654892
187.7756349215298
173.7013572193145
192.9763374964338
195.79637375836845
166.27729419198536
156.15555615843698
172.7123078918984
193.7044687883351
169.12207335792806
160.32585621815767
171.58758372628435
189.51622724183315
181.95965221659023
199.8396294001096
215.1573982204714
166.97085505065746
241.23657914832842
194.9690508747383
220.96559475742484
190.5683139610737
161.3420295006918
178.74453819552957
198.69583651064957
173.9610596248013
165.15710441378408
172.68736241279728
181.81153059469415
263.57053377960483
192.5903571013702
171.23138242716942
165.78891913475405
198.94847917555154
155.27173519357893
245.43672516240608
160.1048357932572
167.0870895234284
253.68421795616254
187.96705734574053
180.73043597638076
232.3314683336862
211.5789735020076
184.1289006100788
245.10093065422393
189.0610917912207
167.9558063006164
175.2842131595567
200.03680608404503
248.23034846834182
192.69219243786668
158.56675806084758
163.96217023658514
187.45136107496302
176.53131132121212
170.13240336533096
204.35139737549625
163.15049748758568
173.06138049830756
174.42014627781444
202.66300638951935
166.8030096277629
213.1208962598671
171.6658924505196
177.4027069061794
207.00669262611555
189.3819373210038
166.2228837793108
214.24608385898668
167.96479298082753
204.54431995178675
172.38503098421023
191.49947785165259
204.9342023428485
196.89543666100627
160.51637671506285
183.39250410040748
195.1336213562559
161.23072567054484
182.55981096062283
166.0449938543749
185.92196262678087
206.8908479439618
207.27014631665975
222.86787942202412
191.4349331338959
177.14866006480327
208.89160061367923
215.71406445968705
166.8873464001629
189.76840126398145
184.11077463673735
178.24496455078392
179.29656303061796
156.8223615112268
168.30238131176796
167.04765772751648
167.1781238950258
203.68576336811714
172.2672419194025
179.48299486574626
158.81585956183397
188.60332495138937
171.41721364204315
161.41871759628788
166.84299515487902
173.93372465013329
184.63993730503685
170.69922058341288
164.30208758271053
175.75373951454355
197.3627320460538
186.71586691452686
157.97010918088677
159.9142416898664
195.18550845091
192.1965612721311
163.15247951394758
152.296898513982
172.69142273926326
168.32021625430463
175.2183388883726
258.10096173950717
183.10617111952962
223.0028013424278
176.73034541634243
206.59202007273274
218.9650918753817
255.60046262303993
192.1936518630414
191.61690737751752
227.8172928928335
174.44190325966457
174.46050095760236
217.34241939875236
190.53356492612093
187.8292090599449
179.6278634245429
170.66019171087302
236.07848901520734
175.9792093675312
176.9227623392718
184.18020317805878
219.64824295909892
208.9908904916057
159.22061868608077
181.5448259539034
245.541563721587
157.33167885874641
210.1807227143946
198.95248950319902
212.93997948343633
196.76110462676806
194.8661451901272
227.00208620002022
195.59832530380038
156.02227561453714
170.27525786839237
219.71819907448915
188.4646561805066
196.56997551680578
187.87879124784916
193.3911779136674
203.21525209846408
179.7869834065398
214.75454889743636
192.0995463057672
203.80887890698878
171.61857193906334
173.96303991556823
197.81900131931357
175.43326419816287
162.91624545442406
161.6224060535754
165.72798343225497
196.56670162128506
168.81516567754028
184.4379705502898
183.59750035555743
198.0230334838524
172.53496033521293
199.70000337284532
188.37495355488625
202.551132239445
200.44897511543965
272.17663247514645
178.34912234675286
221.59827747726874
164.03909527583275
195.09822982333236
214.2820855731525
191.41473190372238
203.84125585798427
168.21810373137345
189.31915971134444
153.03375424317082
194.00751868463422
231.88175371709892
222.04504322193552
226.31853378396087
183.59858286919615
229.2660746857655
169.88499864702783
179.2247328640801
184.7044992550015
186.87288415913116
162.63042310230034
195.67798086287058
160.36732904927064
166.8389023681903
249.30027883194086
182.84343817566815
220.34684185465937
162.83450431051614
179.13313078761416
181.9174798371371
185.33687347406124
208.47175929040566
178.0457864948486
248.86651464299916
209.52575890360555
156.40283293188256
194.66661141495342
166.23416911831384
205.13443421363112
169.947767480435
216.25617996266206
188.40140055660447
189.74305175097933
218.09653615602443
156.36184161211347
168.16073614796295
226.6851055898595
179.25330381595984
285.8329264169185
180.0796762067038
178.78595533711092
176.84440676644948
193.37592183841448
177.666624809252
180.78275187974563
209.08448500879717
177.3792429785394
222.83389205344275
198.64029919435097
166.6750450288638
186.77236794726528
199.05197325547107
198.8648531058468
167.83029874767954
185.97793114137403
195.45459371160774
169.46912007424697
177.83611629595714
169.1258919987304
233.49128558177537
171.14686253593564
174.1688811485441
203.38679830899093
165.16053644541998
180.05168389578927
261.6836654581726
155.49659074345487
200.5940008700352
202.78829316510414
196.65511418769688
159.57077575725359
191.4897959891121
176.12704808326407
166.2855466451527
161.51050612448063
180.38399626756998
170.84700726598763
175.04668173963762
175.14856105082993
166.94518002150286
180.51694492961846
160.38944778202898
171.0744964341196
193.9785732605359
268.37933077488185
188.85827245049938
165.96414834465045
