Model: HBOS
Dataset 4: cardio.mat
Time taken: 0.005368709564208984 seg.
Accuracy: 0.4715909090909091
@scores
25.85806883989804
25.64840470648101
24.00325029666248
20.44910243683829
21.40042674858557
17.094722751752105
31.05396610869531
30.600967557030415
23.556244650768992
25.169373917316662
30.923957670402878
31.95469321285614
33.80652818565195
32.70628092776765
35.09723638399847
31.808075398569596
30.73778053083359
29.446083480513533
30.038571797271185
34.61073679299437
31.586336765403413
31.535274003182554
29.264260005577686
28.430983222231912
27.174815241479532
15.89803502716215
26.229035098576052
28.9220966870577
30.818589374357277
29.96701798001261
31.29723792323468
30.43296936781351
26.656072951349977
29.466209515837388
32.06162820389607
26.394883597011113
26.00338377183291
17.792893759243427
24.773533081955
26.49901208638175
18.680393544311066
22.202890670295417
15.766212000073617
27.34385255835009
25.36729134073532
22.250075827174086
22.250075827174086
19.62615127540598
20.094365062860234
18.075101458268353
15.68676620896766
17.205419336190793
16.87807681514612
19.017135850245886
20.96995604575202
20.465984451470487
18.655241182672214
23.31944890988589
23.823329444279466
20.19616023139944
24.173157330304814
24.591500011742554
21.5631868033093
24.367947876086408
19.876373874415503
15.624252074734038
23.734291066984152
22.21858708705063
22.97841585107589
17.57824214875495
19.101383047014213
18.107016180285687
27.407954545825202
31.659207599253325
24.208464112464394
30.452533634720663
18.191740792659388
29.603760647440208
22.457146140608863
19.128861687384443
17.680591264517442
33.66027417046307
31.231527453402347
20.85889728612716
21.274772689146136
22.573276150426278
28.75855616225355
24.37605448124773
23.36840999195658
27.39619994979272
24.49272375702774
31.26810127346701
23.998178158961416
31.71655157327721
21.806414967667855
22.5137422436626
22.5137422436626
26.479185267500288
30.5817750446409
28.940418456639883
18.844616013395857
17.40530997254107
21.278432183494917
17.951930119787335
20.22699597691501
22.463302158984938
18.95927080259271
19.17372296777447
22.898680557155974
18.12827585210012
17.977625280965093
20.931276818447
20.933885652173633
21.100251590799743
20.09739139753851
18.606515258649893
20.46400029808686
20.36065942212511
17.558343125817515
23.711540528232053
19.588969316747697
23.772703093864997
23.972926743539144
21.1069679697713
22.223143327263415
21.819301738306155
22.141221741656775
26.528234663779905
20.569459593127515
21.26786952841304
19.767789079833083
21.329208264835064
13.857045241435946
21.877676898061605
22.98020983433349
23.052556101243404
24.329742866486814
29.381518236864235
17.85514095011857
23.881472782697333
30.327476515642168
31.448810082250766
15.28103602019579
21.158756922657805
26.25080005987071
24.430522569099903
17.547063805363198
17.123340847215662
23.291572750550056
24.971725324481874
19.504293624984665
24.971725324481874
24.494369377380373
15.807345468454956
16.97304930175857
17.4578955594159
14.689689827087864
18.62670171310865
20.636660066700635
21.461061742964837
15.977366119797102
14.56354463729662
18.722857120168253
19.02586346905889
15.904766179329064
15.894122600041383
16.794891588536213
15.947369551547864
18.358365013489596
17.586187700198312
16.794891588536213
15.619010009044853
15.619010009044853
15.619010009044853
17.645224404083557
15.93382278336575
14.981434404282348
15.93382278336575
15.622012916731125
15.622012916731125
16.054565967465578
19.95234658817443
19.935008824633666
22.807805329906845
14.904820816376604
28.260817378237856
26.669208943487423
16.946088149948316
22.651925048342044
20.697290734003502
29.13056714699687
29.646278984174167
32.058213540840384
32.6182800241369
26.033973501074847
18.203466061507402
17.388058404746655
19.831313032051625
18.97059287502013
18.405668253206695
15.668889477101205
15.077077357472138
19.18320247211551
15.304837858485945
19.9919259836242
19.936002248819232
20.91915959583314
15.528929760956492
18.495686722954346
16.337110781383387
18.152076203683823
18.09191782283001
18.947347249717225
25.956299323550706
25.203905262773098
25.676641696757024
21.38422182664071
17.809734596703485
19.15446044479706
17.397370352957275
17.339817156064708
18.977467769398224
16.91026882415436
13.411020265928089
16.464366593159998
17.923753326494186
19.216570378051024
24.122715702428696
29.327240779834405
20.539670426725884
18.927942601273557
35.17206897994981
29.58223058922572
28.238953917155307
15.912932681310453
33.33442508645257
24.290235067492837
18.660850140653743
18.56604055643749
20.186329167952408
18.06421579638817
24.657097182187513
17.815241658494205
17.89413258231366
17.192353255853455
22.00334097690949
24.159723125331475
17.202459758239925
20.85033256139873
23.476842039203113
17.504488543708145
19.978288203415932
23.154753750645185
18.926526356905477
24.43919280484843
23.209018035734264
17.550253377228433
15.60085322243001
19.890755978016276
14.893403491804014
23.93240970926886
19.922769441074742
19.376707206077167
19.167137009627947
18.229579044716456
23.137449276856675
18.689800048040944
16.4943345713041
23.903294472326095
20.627218776995903
24.736393760000666
20.375997423509357
18.687327457803327
22.19034273068403
20.65127338890368
22.902198121635177
21.099131825873826
28.180507193385527
29.30082192747904
30.087814076517603
26.651625984180995
23.19606759521502
20.090499749488128
26.308318743574276
25.418647547995775
25.841460421553005
24.459996625081782
24.485717567474975
22.400787643665833
19.785948258738557
19.705232607878486
20.194940765324176
20.722578126302427
28.690823122864344
27.784216450388037
28.43540405688778
27.07015171098631
28.145858290850487
29.537296046131825
21.119125470523446
15.792653976843793
14.375300942557892
18.939111074352965
17.151861521620134
21.85496806954836
21.58014795308873
13.657131563338904
18.808271346149997
30.41138926772889
27.281608087364127
26.879925632091215
30.56070687081442
32.63898471201249
29.371859811379043
27.25827895183211
30.168016009621848
34.24943942140887
27.988651085095057
19.853671089079686
19.960825703898994
20.725109568552238
18.482265804122058
15.405385381108749
15.555865606273576
21.146268819218232
27.940674140028918
29.22560630676631
27.374338164279358
26.307778862791093
27.513262854260752
22.254808411414537
29.6865666612319
27.00060082242908
28.490355140687324
17.85514095011857
28.72703502354319
21.392790224756787
27.933314000122902
31.842578273420056
25.534675155626275
27.738302614673017
23.341499306590066
28.343078001770216
30.475995027585743
22.996164652564413
31.243016178519444
31.070579074271496
31.854315284897638
31.806065548202707
23.91595104225625
24.045147513338126
17.847771461476416
20.484169277307267
20.59689191561329
19.560066596639352
18.43820392658499
20.060446319159734
20.484169277307267
22.0208484487523
23.808845480017414
19.82504005807836
22.896934237038387
20.000745921696424
19.03749257343372
22.537950110751677
24.844061638283232
24.192862357054878
22.708963678855493
22.082722947998576
20.453568368686074
20.412746553635287
20.23040526408492
16.716946439998733
24.248438800292234
25.629721747409036
24.730723188169005
19.251144138592664
19.817434786464062
21.311787450949083
20.48998866633761
24.144679842306857
22.150656281897916
22.06373872010628
24.214083235061068
22.527179425700062
17.397490530455123
16.55606093470021
18.245988763386276
20.909590253401408
16.867306864309217
19.530232004816416
17.690522855926567
18.4928976690047
18.439625420005324
23.8659820238605
26.65484368972889
23.248543436924013
23.539267582688858
22.70348209901533
22.819027327662983
15.502178253835512
14.004660503282311
21.75931259123514
21.462132799287495
20.43353799223401
14.432075412205895
13.958108765359489
21.811124418223233
23.44140772189498
16.882222970651803
19.790651114378537
18.51848210604336
19.10329343389657
18.936294461721936
18.51848210604336
23.512232039542585
30.43359250110754
19.38003271408466
25.911922565221264
24.946185708551905
24.060261505107427
25.35917488273549
25.340330290800917
25.123689303662122
16.38347020842398
18.445885311437387
22.686441184413404
20.96694034484216
20.505659606748967
17.681665987121935
21.985068926298027
19.693572723631714
27.980721318677904
24.584452884533963
30.86640391983064
19.5761917336308
24.745650959169133
19.55720405344054
16.633600627942684
21.067324812648206
21.095907849760017
22.10576086178781
22.802286001952933
16.89323501723251
18.341971834719057
20.190176113126732
17.710623438514144
20.920838574624355
19.469043272572602
14.428819355649166
18.258963853272856
17.662711875774118
18.21009481763573
15.826617915035348
15.942982975808606
19.470331938193766
18.332921882284023
16.609080970740322
23.97528296968326
21.903522796442065
23.488169395640988
23.089335712253177
18.598670173492042
18.859190389991383
24.04186428902039
20.9326161591902
15.185671859213839
29.57116705647248
36.81080202037905
30.055427888793226
26.48338799883166
26.98284072589488
17.907761742200726
19.37086988701561
18.16721165599433
17.92086407030814
15.180296248876822
17.3258081678754
21.44721000758029
18.296677370961607
17.65240968862439
25.680685978212814
17.547063805363198
17.123340847215662
17.645224404083557
16.769184739962718
16.217186816313646
16.293837597257564
16.293837597257564
18.74884552792336
20.813411415389638
20.81925342385265
23.15678718135733
18.301349890166097
19.644995329564672
21.643096950159503
24.264352950229284
27.217015006032845
27.04789046283986
28.679523064181826
20.266312221117786
19.15381752518197
19.15381752518197
21.810621745188573
23.14802128783173
25.99101535657192
23.11725568067805
23.346034205452828
25.977278213105613
20.821357027334358
22.691946700782097
23.334373622522033
23.327468937978157
22.371760770457563
17.2998639936084
17.577794803302297
16.679568977094423
16.825983497553285
22.988548926003602
17.329778871909394
14.310514139538446
14.310514139538446
14.310514139538446
14.310514139538446
18.55019180673062
22.666792269958894
20.411164007626102
20.90152182101798
20.628109411956483
22.07052050335086
18.69401042343918
18.968804014765492
15.226872161088078
14.976077741129796
15.408589989416917
24.17322613115477
17.94325412260285
21.685425063335128
22.280429426800186
19.081413619894754
24.725524376370206
21.685425063335128
17.927472736194495
21.974425596328118
24.00205549142721
21.687792534043027
21.747554144372444
22.426532889864518
20.150431544142666
18.061846319679628
16.88193834494253
18.76915215929306
17.536527525993364
16.951415737237234
13.39285545682578
13.445891539836955
16.951415737237234
18.887571854909513
20.227241210145962
23.39025034482217
21.07920819109378
22.100934125011474
22.296184215031204
21.297569943302314
20.864542811100147
22.296184215031204
21.442512326873583
18.189958952900895
19.11729984770014
18.69950645556722
15.076898119497454
15.072886790068614
17.936524120451832
20.756711068502916
21.258436361257882
26.480906341753812
21.28722486017051
22.563778459301496
18.197552958024538
16.77622218096445
24.293940752915557
20.236094797580126
25.549624240321943
23.383865845792993
31.343882716204785
26.0796493373161
22.22621834190434
18.75083306352966
16.770799378135052
21.60547445573414
27.111192087726522
26.341338753386633
19.235481889411165
23.484384974880268
22.001371660399275
18.636487482652523
25.443962685110755
21.60547445573414
17.540583860281767
21.85799851674645
21.355837785356254
21.209057461166047
20.012603129785937
17.540583860281767
15.902056823096485
17.684932749785922
19.374655377618662
19.80911443124314
17.409004137867583
16.383122245459507
15.138307342646915
14.680106124940469
15.138307342646915
20.800944298250553
21.83074297374945
15.962066311731467
26.221838624144766
16.54264863659848
20.671947965081443
19.66673121433472
17.328006718196693
19.18804930491052
16.99373011495196
16.692189489345463
15.846720740696972
15.25157179067125
17.127854232146824
16.130273734038123
18.122645340975595
16.195589983399227
21.95686424256137
21.00180273496293
16.856106320224296
16.382749338897742
15.75330663920266
21.369409117587853
19.002817179685998
20.061713531337627
22.425611020987898
16.994216219818558
19.27421459022815
18.435342282206527
19.908785251781055
21.860731527553735
19.49148454317568
18.922726388911173
22.86954717595571
20.791344803638758
19.867492934699907
24.772434002462823
25.626192874403344
18.604969971787607
16.752222519946848
16.86138346449814
16.74807257242886
17.263084883316704
17.69853449855208
17.958958415765764
20.825734987037237
17.12001940716189
18.422948125075997
19.765964041677037
19.528017758000864
19.247442254050295
16.519008755428995
17.632775533042903
17.617901997857953
19.105074790383252
18.197931990260738
18.626527390445506
19.94861672288426
20.602587666551564
15.731062671268068
15.741654758081152
20.88853917080634
20.42530806501299
30.58471707501416
32.79775504460434
31.0504608983179
26.48396230842758
32.874126886388346
18.21412590699179
19.189771394654606
18.040291184282793
17.798986412373782
17.99582685118178
17.578033459048857
16.591740014718585
18.60944073393508
19.611595079762022
18.327188044722828
17.51345850289578
17.26531271186863
17.85560880749615
19.55099573546484
21.017975377280866
18.436284854292456
19.582866464319928
25.2608349603872
26.01445674510271
20.71528064547795
17.63873178709954
20.92695496017061
22.730790102711737
21.091623707965194
17.524476497661485
21.9420437764974
21.500118854926384
21.54005021867459
21.688174723310965
21.02832207670465
16.897814723306276
17.355198594669083
17.773010950347658
16.897814723306276
17.355198594669083
17.807425964772715
18.996523228599788
16.442533021102264
16.443185018196445
18.631933316525885
18.491272107911165
16.10603929208648
16.52385164776505
21.59614582102956
17.306887703752512
27.326084230645193
24.497828067491195
26.369767702377928
22.415542103605993
27.41110679512057
27.240839704972853
17.724700059431086
18.895121245173414
24.214217916272272
24.85035399869457
23.15870085218042
23.73080815511221
24.71587272606024
19.393704140676917
25.647650078631003
26.16307822062483
24.7572287086455
20.314567846759836
19.98276719224264
17.315134512519613
17.57206069213042
23.254699633630985
24.337359530776315
20.58129638705589
26.19268560023508
26.430429606105385
16.736728033760585
19.053156653155803
19.374772162485918
20.19814274905053
19.575454426394234
19.378628974553386
19.529939647782104
20.473292579208337
18.623373059638038
20.386465090045473
17.020466669250876
19.346281264742593
21.292775275638313
22.55469150226965
20.57900516640301
21.68771896710402
18.64186101170116
20.69222646568722
20.27557624027619
21.552865265121902
21.96195165215034
23.016689638095155
23.51659653891028
22.97715056750535
22.554613907839105
19.176978440589007
24.23979851218949
23.144578004153153
19.84497858978322
21.374681446755083
20.856811252614005
22.0343262853174
22.0343262853174
22.0343262853174
22.0343262853174
18.285552983869817
18.285552983869817
19.630954619024482
19.630954619024482
18.48237843571066
18.285552983869817
19.41091956383867
21.37956298475478
18.752330372907718
19.604394796848815
17.89426103476813
15.445371936487897
20.434070939236385
20.26707196706175
26.208724445196754
28.657889133143467
33.395573647460935
33.08774168359386
26.23722241760048
28.934414081555747
21.257142046217517
17.4580165411217
14.390561947483286
18.928977480432906
21.40959411697101
19.71717260064562
19.083923784666727
21.465682332734037
23.098546179104172
27.298439279130317
21.308780287009313
19.209448175097876
20.013255585088213
19.85374134303364
18.674789310018095
18.96307620419125
26.245714575470892
28.462518053887482
29.905114680506895
28.39165192041681
22.540116768889316
21.654919272675603
26.733406291370848
25.76036868545278
22.070396827313065
24.14146022075988
23.65070464183204
25.45171312618095
21.719690770099007
20.280493528596892
19.789057615329924
17.542911082117175
13.87008745163934
17.154430045176618
19.934977821800555
17.121087397009763
18.205008278649427
18.222003666862214
18.94010430250466
18.11251102382888
18.483854869381684
18.42221282033669
18.222385766082592
19.387914259783784
18.422854522578255
18.422854522578255
20.69363544587501
17.34168614199952
19.557748151977005
19.924920067450174
18.434284724133654
21.080525649117437
22.04560873357806
17.41111240232249
19.165554726243396
18.17624112614292
19.506008546037165
16.470110420546085
20.936884213918212
21.11286400493435
18.156099431861566
13.597167499711963
14.029166673424161
20.44956155057009
19.137383862050704
20.165978669104188
22.258369171803857
25.078717820184956
25.362081853132853
20.96657022401167
20.047507726474237
20.46317113587796
19.5036285887502
19.81258360859608
16.7809275018843
22.052113260668293
15.970231714592808
15.58269069572397
17.177211295269217
17.884517134882653
19.018049664991555
19.476119142063986
19.202089822018003
19.925038677254335
21.97033752091281
23.136108440879955
15.374465961544692
21.800192897785237
17.35097189322869
18.920541692598515
17.960855645136622
18.729493667656115
19.802239553887848
19.802239553887848
18.84624590178883
24.450064078494645
26.715971871774503
24.376492907190038
25.485223603099605
22.448417246463265
25.53845683907111
22.40299849634849
20.895790272147888
23.096329669733013
24.296679012342207
22.786276702350325
23.248376675330714
22.44083063816495
22.09240146834576
24.272131306879206
24.296679012342207
21.256555355706606
20.46046280779618
27.094933733239895
20.977925319627257
20.7204443902496
25.009362662263793
25.917185134634458
24.581854454106363
22.640403108670757
23.997368998635988
17.44590612308867
20.472358342994223
18.2959624535867
21.180107459890685
21.199201926146454
19.78016442996778
19.391370920244974
17.687383646836437
18.852912140537626
23.18008430278562
21.725888408000536
22.92082760762786
25.498581781912495
20.778044455134424
21.894964690267972
30.188924204870492
26.212751219845877
30.352073686465534
28.841697948942514
29.008088963232044
28.841697948942514
23.954372888619357
20.891590333316174
26.058912410987798
23.73085963262535
33.480332374764785
32.630403541963844
22.56690012201971
27.276919198016255
24.946282190224984
24.635643474699545
29.957315304222558
26.97363266382678
30.06127791728826
31.759820597541523
34.233108712063874
32.43970014670034
26.44065602935668
21.459180123296946
20.383236168114934
21.40214398090537
16.436909038947107
16.36195884832001
22.671865176443177
18.521982955785962
24.04423308984085
28.03646581792875
28.915454806082916
24.429365380357332
22.406982804904544
28.915454806082916
22.51567488730059
26.370526669630348
26.435346526229974
26.164483364146417
29.523744839132448
26.062986983274428
29.21807562582033
26.846350684248222
28.477786014268357
22.8001966219788
25.814891518540765
23.543060839399487
30.509659913089195
24.76274472245817
15.89484210246552
24.327241414648576
26.47742517797311
26.74711302901531
27.389514780676212
27.68051453395529
31.910059032148087
26.42329560627534
28.80137739301896
23.219408597399944
31.70481206860768
22.884161342825877
17.00605987599075
24.327241414648576
23.522404713042903
27.746272009768298
22.57249325557737
14.72288337269368
18.732626047861693
17.599506155985942
16.791620426196044
19.72579308794093
17.949274571757492
20.80857679382443
24.87710350473706
24.735517220195756
20.655747008127022
24.54974054572439
25.0575348690192
18.917149780649023
21.10011715870128
17.684611595554227
13.11457939229001
20.448180550502467
20.585643590460393
22.369185309839942
21.540044699644067
19.022703098147637
19.953438500666053
23.561295550956856
23.303333005779212
19.614091858005885
23.82016125310335
26.857780971467097
30.70767156519072
29.186513491059042
27.81001242594169
21.95295112774798
20.836203000176358
21.824862122956148
21.81633884461317
22.894221741612025
21.836405324184433
18.706141107008843
19.297458219741994
25.43777662251449
24.176651226009486
24.775087501341805
24.857075504342887
26.82355053214984
23.843999626799928
26.425942415170294
20.089651067481668
23.013320482716647
19.047371136214323
22.13599177078899
18.148284969390193
18.90597700853885
20.740488695218584
22.808235331138324
20.740488695218584
20.35120504578141
21.494676585186074
15.958576535432906
16.70806424702376
19.19670681221388
19.649680551109487
20.65245982107511
24.06951232225039
20.262483791939836
21.686823335329102
22.467722325731668
22.12058085128295
20.91482686497718
22.166635840818536
22.39847055203171
22.622516936646363
23.925910230321314
21.351369561738437
21.90420600342927
21.1843705895638
20.47031721690443
21.76918191741701
22.41769665798415
27.94375290104158
27.166205429678055
26.43038840341087
27.33364928281078
26.366611058731866
25.91617096127814
24.43066210385724
24.028821150281335
22.221684699989503
23.677782021080247
21.881306234853415
21.22870701032926
23.456346766321698
23.456346766321698
20.77976623760864
16.554607982792078
23.329293250874514
23.329293250874514
26.804339580859583
27.18614431721435
22.424958391539338
26.1165423755163
21.7905338370079
26.216709269357356
23.91323423177557
23.25090835219377
27.071403678564156
25.964950880835016
23.890197885126998
17.688554909702354
14.930607485865352
13.987236271404232
18.745237003190585
17.612873289985604
20.59346137449503
25.06067077680611
24.14706806813135
18.960805833795323
20.793951067977158
18.361238457523022
20.738316443137983
22.7372862792846
21.46111359629764
21.27421435116084
20.169323899140366
17.99388492862745
21.423236902394798
22.293610141320855
19.69814876117134
16.657680779679843
22.09578011262194
17.546459267447684
19.737370401143288
21.898954660781094
21.08799192676621
17.847825929074233
18.97423346617931
16.447882899151324
18.813421051164685
18.905648177808473
18.654834794304538
20.5011925272449
22.51047012650251
21.39098880384157
21.487648721539642
20.875752319313825
15.93414903291855
14.200798407962562
15.4310503924931
20.96491153704881
14.53783378419375
16.115602969080957
15.008693952941188
14.70182615594632
21.03842936429944
17.15579329233901
18.47641268301351
18.915755405304036
19.9355783531076
22.10287271235619
22.10287271235619
15.510203674694731
20.973341688881437
15.849047363573147
20.623567638056134
20.180372914312535
33.89335860096549
28.360723644143377
25.45823463286038
26.586648317890795
19.133204670257207
25.911943871476854
26.179941389891027
24.71307444501628
25.01758083209826
25.14862339927847
25.99184260840404
23.13680403609972
17.727732428209016
18.20599742976745
18.008239092820343
18.485481177089547
16.27972790339899
22.95219239324999
18.82900575764963
25.498950378443507
26.21750230181457
25.885624966947415
27.250820018928
25.945375714547247
26.48135899895128
17.799756559427212
18.077423951353307
17.54002529069086
20.545194703435218
19.556675773588015
14.607775176820534
18.765557509367916
20.696058324836923
16.982435418115298
20.167871578970757
18.783602294464632
15.297879708291994
21.619816402898085
25.446324816610517
21.654978312777185
21.7010815239386
21.556258071754094
21.338733956447452
21.45946839747689
23.807529751828227
25.872291161420847
22.21727579563592
25.228533148087497
23.292291004567776
19.315154546583262
17.308120343530614
20.481255938551463
16.480546125833303
25.31667471167221
26.08477771722543
15.425850837697391
19.378278529859163
21.037119148210817
26.291586211742533
19.161202785419498
14.489544780606126
24.685481291090944
20.082249163751808
34.116348671796295
32.75476056579727
28.87760060406723
32.12720534052307
38.199963115093155
36.699989336220774
36.20727230801041
17.462697934760733
21.648689639817867
21.882461838469993
23.82708308380893
18.521902140844837
17.144078164353555
16.817591140078562
25.147146397168573
17.2413140982261
23.446824410370237
20.32202799797388
20.695384847071953
18.813011369560623
22.61497566156767
21.538065261597744
21.218439109129253
15.65569633031833
24.01760669471514
23.75151360278752
24.96482663057265
25.912904002903296
25.480922652741132
27.559220539030026
23.04112149795881
23.25260245192536
24.30331909235666
24.281803442271837
29.798491217450472
28.8396517050475
29.670399218139213
30.22502321760128
25.917748276903612
26.62507555289835
25.029002927731792
25.029002927731792
25.917748276903612
25.087815448713965
26.235991752216382
26.932457079485058
26.04815975723476
26.59101376566551
26.04815975723476
27.029969480227347
22.68503910138168
22.88923116391128
22.655458965259154
23.073252357392075
23.737021940929022
25.54689353059806
24.08669021967452
25.897943885894865
26.092494444575042
35.25359274472545
31.316477458592157
36.29968609696809
36.262105026373426
33.45695308547571
32.87959696139211
32.257148958833035
28.20825574834002
30.204374498046942
24.593987314329706
23.8747166017779
24.00169887414823
25.31521923122199
24.72929483343222
25.96036348322519
23.66827470074877
22.829915063656873
18.407259214928196
20.027340660749996
19.868330072442298
18.324858205136536
18.607177319969306
19.665571819236636
17.98114410124737
18.91438459891977
19.397268310765217
18.94539854436623
19.440373763813145
26.00829273854662
23.169382263549934
21.23467016821166
19.793257804210825
18.804858353003453
19.607490088214657
17.30915200209626
16.509153470342714
17.51378213173341
16.79588420530689
16.660210946515857
18.336193376622536
17.687252321042134
20.517252850161352
19.673809428745002
22.257281000864943
17.685401132315725
25.002428175475526
24.935792960679315
24.97554335727802
26.132854695555498
28.27959285719356
27.853211662802924
26.87012599731344
24.762024737813714
16.477925397053294
18.35181395907145
17.649051361190445
17.875857881246027
21.587903151695812
18.461410439061986
26.310866535652615
25.493376410078238
25.325709557728945
25.78391077543539
27.4033043417106
24.0395625210114
24.82715289300051
23.475023201637015
30.715075798399482
24.942859194189527
25.83225383165333
28.680815269769123
25.772500749758475
28.27140650486916
24.955392524195688
22.05252845640332
20.763579886989056
20.396305611941873
22.253501264625655
22.694740021063417
25.53918463393626
26.53829139106998
25.235625674277927
24.033183990156736
29.146622814170673
17.317618966674733
24.10890944958824
22.93038175393536
19.858663602523485
18.911163314715765
19.15135776291005
18.911163314715765
19.312864733534333
19.312864733534333
18.97504465776611
18.97504465776611
18.97504465776611
18.97504465776611
18.97504465776611
20.020170573147766
16.55478705088268
19.618469154329198
16.788559249534803
17.137224585342196
26.682931690922082
22.09881592023546
23.01850466846545
27.94438891596901
28.757377334199298
21.198654574116492
16.70144420474355
17.159645422449994
18.822103278052165
19.479598434851827
19.341576483380024
18.42166858907534
18.146981611937353
17.87336919791062
18.707835190252037
20.16700086034613
21.129900132952628
19.241629580350356
17.114669399510074
17.25267348664586
18.90870008955541
18.725171579602158
20.718834975301878
21.08476729997243
22.646782952949128
21.266010282153477
22.33304403100762
15.654667719454123
16.491608076174675
16.491608076174675
17.6295883578269
18.576640242214236
18.932662344345676
17.1900180114602
17.455049849230676
17.507060617225264
17.514417383549315
17.009254396083964
16.64736577521036
17.972153668690463
17.009254396083964
19.77962244943945
19.612623477264815
19.865247048808044
20.266018219634805
19.77962244943945
19.77962244943945
22.770622155311347
21.75570730543225
18.293413043335867
18.867364175606106
18.91518274426595
20.82964163494467
20.43644222227909
18.575575133366435
18.07305035031179
20.185166326802282
18.623265722870713
21.412659551656454
20.797961355262043
22.766905676679634
20.377256811251957
19.301217918666556
14.909638629497772
18.130781824549487
17.16415163062243
22.377205321288596
22.243434575307923
20.288343160544315
20.00497912759642
19.830141942837866
20.288343160544315
18.84007377588469
19.29078908638965
23.63818236922313
25.094058947684786
23.41592319668348
22.650231136655705
22.886786753980825
21.826217307661473
25.351228660856474
25.444863205882207
22.469779784557595
32.116860587191724
21.324196604841095
21.992426858108857
22.3590879414549
17.840688546558855
18.60847205345413
17.639616314994893
17.139751024415148
15.80445564995137
18.255447398921255
26.049473879377693
25.078436849849375
24.00186770133974
26.30586856230257
26.30586856230257
18.36321301056165
16.47128276694471
22.83097920364875
19.885401075467467
20.971026988075735
17.97884028694329
16.614459270757976
17.381770933935666
18.547299427636858
17.75098995354746
17.816263420916584
17.922687123130196
17.5063356291017
16.982099571209513
20.455266571017876
18.774170488770807
20.446065677201936
20.446065677201936
23.203949005629852
21.978058317755416
19.50334822155218
21.532411902407578
18.97069840873878
18.576555400864578
18.197964685157956
18.158743045186004
18.743554373039213
18.782776013011166
19.336164342347033
18.97427572147343
20.155678116844175
19.392088077152003
18.355406982899808
18.37879706391747
18.37879706391747
19.254791673756838
19.18447743182973
18.483301043203262
18.78890546399813
18.61790368411278
18.67417118717983
18.565936465554927
18.39893749338029
17.90794862522772
18.291546208410953
18.02551804838342
19.1125206169928
20.421470607781043
21.282190764812533
20.73542882480714
18.338800526290147
18.401451359372267
21.46303001881106
22.170357294805804
21.84257109809399
23.1750934629123
17.79042397050836
27.97687176144598
24.5723057320515
28.408154518384894
27.597571398368796
27.350156967453184
25.95461739598993
23.426520320333182
29.739188746756316
29.913561850631492
29.764849842404832
30.124585717136735
29.002452823703674
29.709780099698417
28.56142011564511
28.922782065752944
27.600647976005174
28.49223793428757
23.800755493275847
23.950612955605376
25.297559522483642
32.05132341054417
31.94387405043159
24.739485719419495
22.312217452129953
22.967190602649648
22.715187297971365
23.750630009917924
24.321018681739737
25.151657166827576
21.746156637139535
22.355819687916238
22.97373304016879
21.85242059978253
21.44376518699253
21.59017970745139
25.14106623962911
21.543526281559547
21.125713925880977
21.48400336232053
22.470358604989904
22.250323549804094
25.37693051438041
25.31740759514139
26.20615294431321
24.94966152124587
23.371250885866026
23.556881254654485
19.92186457621068
18.858922153785194
19.6843465307513
18.922803496835538
18.574374327016347
18.848120145733347
19.748288488380155
19.748288488380155
19.517408173155175
22.631944893860155
19.36971673621919
18.951904380540615
19.47274216126256
21.80700637376713
18.684751994372686
17.139087297606252
17.372303185557872
20.217776295420638
20.252428752145867
19.411703759224743
19.995248289228453
23.97462204437717
22.003517286160424
23.631687768647712
22.433782688261598
22.75254689254162
22.231442100264854
22.231442100264854
21.24963237727226
20.884856104604864
19.613110261608306
20.72948462460694
18.815765149803045
18.327617379699216
18.10263949044723
17.644438272740782
20.641419712561447
23.141790290376417
24.308763412922204
18.39651384528289
17.385844415384817
15.555184568140485
15.289156408112952
22.426283434795884
24.68873315475077
23.505207090317317
21.09468301315454
18.546272473139183
24.33531043025082
27.033528621471678
19.469325901650542
19.443636932231218
19.011124683944093
21.553247229125866
24.13116397400862
40.51047918701497
40.89510890369801
20.217481413893186
19.621708074968335
19.621708074968335
35.15556260648236
39.47429949408496
17.796238256186996
21.75703318069601
26.156702364422635
21.04198233145869
26.156702364422635
20.77611997951268
20.119861335786645
21.857303490226027
37.65535091901254
25.37194655485409
25.96728151823144
25.955178847833384
22.402140929519447
21.967115617972297
27.659946490064545
27.659946490064545
23.223507552196256
16.44864289851831
16.44864289851831
26.276003610162856
19.009352343343448
25.274300256623174
24.032887553257304
24.032887553257304
24.04499022365536
24.032887553257304
25.087732889323615
25.087732889323615
23.996197182261078
24.321914587631248
28.816057834137233
24.047652657318995
21.50369340511849
21.841513480886714
21.841513480886714
25.67971774259231
22.006894112114477
29.07403737039053
25.292383696296216
25.770537478119344
23.646710638979926
28.43317947375081
23.383873698232232
21.230249548845993
24.462425751193216
27.020010145255302
26.602197789576728
26.602197789576728
21.790400577901654
22.40008535348714
22.87742062840473
39.91373354366743
36.41415275251505
32.85955594748703
28.249789042302773
36.91025689068592
33.407682223362286
32.56556287098076
26.251868674431478
26.185269429801885
27.80888797989623
22.1773307292811
23.44555224372887
24.386655936066262
24.780952991829622
23.665491163648454
18.2841896163348
24.033910196894595
21.155549610192754
21.155549610192754
20.13731481935399
21.60922607855645
21.619177225106913
21.541465612663767
31.13658056787479
31.13904161267251
31.483893169558588
36.37496422694309
35.035931848764335
26.332106675017776
29.982922047773545
21.529716538152496
38.04357551348498
37.790581078719896
36.94449701434075
37.312588513487206
37.40502742747206
38.06534375466758
29.182845139373367
23.603113690925376
31.475571155431616
31.39280845680226
31.187877382264446
32.261557778365145
32.16900231960235
31.367566012365
33.219210634143316
31.99765298505131
29.804127738533623
30.565595507053665
29.769857028776926
30.009590111190924
30.369328851862278
30.557678111933438
29.870098852453754
29.42611457808942
32.26834291978017
29.20181827672082
29.718085076937403
32.30682494766022
33.061432306155965
34.835079032701614
33.816212982842416
33.061432306155965
29.682507510839166
31.541933130805702
33.03377941162345
32.81206413446704
32.61720732021821
33.60305671071669
35.79368229993224
27.37795959025811
25.13451207852819
34.93659162201531
34.62394950436945
29.639463086509906
31.551534270984163
38.197179437247165
35.3934535410745
35.66412009278263
36.26325895046568
35.856752789491736
19.58378683491244
29.226638950296095
26.487578907653454
27.892967705663228
29.723351073284295
28.235261950281423
28.35077819174243
29.146264002633416
29.27393274667026
30.54279337697746
29.31288885329874
26.86679205831946
30.69569915430705
30.784551576816625
33.48383739441707
32.7120988689503
29.049442408138688
29.673243344269338
30.818308351792286
31.388904549185654
30.601023066863373
33.40706717324851
32.15219421831635
31.91768355798003
31.7895945531882
35.126528008924176
32.131910808339086
30.27690742693944
32.110875810841044
31.13517090369841
30.999028949607307
31.6204733021677
33.30111046652925
31.08997607848958
33.30111046652925
29.910171947380103
30.911785704910162
