Model: HBOS
Dataset 17: speech.mat
Time taken: 0.16426610946655273 seg.
Accuracy: 0.03278688524590164
@scores
558.835273021932
516.5791960873322
550.2384628380787
523.3645578813787
480.94607162020577
553.0568353314513
478.6401116891771
553.5469527681855
525.6158031547836
501.8089845743215
572.6173661214275
554.0882996872682
542.4168867239252
512.3346524377632
578.8814012775406
490.84280634566795
549.773740968522
482.657251405707
566.6632941299072
594.1047245295439
524.9945023451444
504.68465716667237
503.27184177100696
459.6362962775182
604.9390533447997
574.7614835866198
524.7834267083422
526.9461840355866
479.7830950292911
547.9902692700098
582.8844565279549
499.03007012074926
566.8756605685676
609.6264100178313
599.7601328473729
549.9354798803918
538.149531158799
524.350371207815
584.1554616064775
554.0552872057926
535.8356671893346
530.7560934263375
594.2422888371957
586.5969008597081
598.4775974049608
509.3949668205024
573.8802621652856
656.4674011286965
563.4907879140817
614.3904115823225
629.4352146798224
586.0998657884545
625.2577705271244
574.8447977624683
540.6403929707508
557.2197964058472
497.3927809334938
548.39965511213
578.3496959815578
599.5713649423749
587.1796733779179
514.0311635165287
556.5027297582202
577.1432192404131
532.6429821578508
553.7331723347629
541.2680064978831
491.4926352750674
501.27750778330244
565.543533242417
506.4671533217272
528.0892190789954
533.7958209910316
524.0537361321909
544.9215788210598
550.6691139708906
519.8683167912013
544.5877778714918
516.3269577603181
577.0465588296573
509.08126220779405
624.9034633067338
541.965018051863
523.5314000631859
579.6928554776641
543.0995073805244
555.5272172782943
537.3432605677428
597.6234692338303
511.6063132265719
491.018339455769
509.9039308992271
509.4362334655185
523.1133203005793
526.6018884761434
501.2558231701652
550.4883326485494
554.6199412624333
532.2010555715115
522.5361817264964
506.72857079394646
568.100116351088
496.41656102125614
559.4038887564133
527.1097777784189
509.4308218292657
590.240238457917
482.7042112098086
588.0647661995499
470.6822341845929
496.1151668766487
506.23230851710144
591.4675275803675
598.4426333652517
551.5832003117997
579.7286664148485
546.0556304107458
506.66315320532453
554.8915678626778
555.7718539509724
566.5652666222688
500.98457418158966
542.7915197703169
546.7900626668516
541.2210986746405
500.9462989935054
534.0373657133996
570.1233428119493
598.8953630025914
539.4958143540209
566.4463420289328
628.1803614604223
571.5102152506281
514.2106346813662
588.412079996893
603.9701522249175
557.7352834636304
537.9160650532779
544.6282491377718
589.8777008685295
573.4417175823461
551.9847963350551
565.1783128022214
586.8096319550799
556.0160233486775
549.6356306777301
509.86175103240726
502.2258397334602
533.6263946497129
496.29594875658836
560.9506178396537
505.0302400822306
508.0651179244678
565.2478942144637
574.2505648879165
499.1027278199265
520.1599053835091
552.1749088500994
552.7956895573332
578.1176066153755
529.3293464721537
518.1427390410965
603.40673728921
517.8320152056899
506.52471275355407
566.4508113584948
513.0936224251542
471.3331728749779
534.9402721243525
555.5866267590397
537.2837733717096
561.7419740861449
507.89576112772664
517.8253902876088
587.2789619253592
497.92203393747394
526.8467790487141
599.8049846311912
551.675874358189
510.31074237345905
516.7759571321421
512.1834810175719
503.2773367730051
555.3810872392303
524.4614900851172
573.844613793053
539.1838661978085
576.16763547389
537.6090910982293
506.4260432538649
575.0392904298833
584.0047912396076
578.4165510346387
547.5389399526297
488.77972278053585
581.2224081970315
591.6204479650877
581.4430543419863
582.8126039543741
551.581817176183
559.9044328146989
567.1961313205538
582.7663742913192
545.8206326150577
568.5767624403684
573.6648694953811
550.4742552843109
527.9572765474732
484.8642864618482
606.7046729289625
588.6263586060609
579.478387035198
567.3577085537308
574.6054368743489
545.3327471754056
573.6173457398114
594.4560204489021
495.6313945542204
480.10254366535673
544.2376166212737
579.0246998573718
531.7147762887053
606.512868847577
547.4171246743105
489.25167323155165
562.7960908790677
486.0891024072737
590.55788825537
544.6664078457945
575.4315345111245
568.188092026865
452.69091035346764
507.6662682967984
545.8859499176472
576.8365044197424
552.0450802232428
542.5951032392073
618.9627819694299
555.3932115493933
544.3154181535599
585.0343428770223
561.9172238575316
520.1241316480465
498.35434378033267
514.4560212481433
565.2782045233498
575.1803798576368
562.3699243900157
555.8574872346444
555.3860121696807
574.5691658962805
560.3967555700831
614.4080416224429
606.9089777507422
545.3247136216017
596.3524972437243
527.608619676164
493.7467089442383
541.8722504757048
504.786525067448
566.1261248457444
573.1135165376763
598.4718271226413
545.3743945098927
519.4850509972664
575.5212379653124
552.1653249982057
551.088659113052
557.7528140528414
525.5926915873703
529.758725337314
578.605980631918
590.2969901425884
524.1110911007784
500.10081404938137
614.1931178409956
552.2718960804725
512.1313395270527
577.08035984765
568.7608178157237
503.4249531001882
501.1925406423244
530.1554569436333
546.3771554926092
535.4006535120038
469.5899219340083
524.7682901298199
561.0538596821416
612.6337298383125
624.4210416665178
512.4690078721112
518.3781447646722
524.9807012520916
503.46910520999234
577.8179749884282
510.59574581666476
609.6907536827753
576.4472283298913
567.5392245663644
504.5381047947791
546.3011097476813
545.1757671285703
567.7815184542533
481.1598575031952
534.347823628435
526.6834869630367
580.9012789034534
489.1727218076503
512.2070440097734
505.7085222735904
580.9324865409108
571.0592709213115
552.8462638709196
583.8942016331489
575.5042778496461
552.7716076179454
577.5315718881279
586.7799991378652
580.3883229378723
613.2083148843017
583.5718091174979
499.33236482354516
543.7413052058145
592.0796049950877
501.52620702898025
577.2588103411919
642.0359891798131
562.0710590164222
482.77630794723984
532.7931212908923
527.2624461686521
491.5297665821854
572.0282415976726
637.5032524361563
506.95993363377033
587.3824950754586
536.3868448363274
556.2917662230286
530.0283178320235
534.7585377420226
535.1847436019272
539.6456787710553
611.5071537670625
506.2421959064809
569.1983086504117
488.86601574736136
565.9003855683466
491.11069090713664
615.5201377428039
538.3252033850141
572.6356270875145
545.0913652563788
578.4151996882591
594.552916473322
604.4233893504083
577.3077971660455
584.8000286058386
562.0147452252509
565.855460985891
572.1288645451955
495.51301299482793
588.10516740809
546.734957315424
496.1568510768732
602.7482748757749
508.61923959250583
507.61648078980124
515.0823498766993
536.8096665957812
627.8732950522092
540.4618148999222
564.3464955167141
578.3681952958235
555.706814603459
537.7795726998443
558.082550412804
518.9811729904433
569.2806055775711
564.6784337398735
533.7199121026916
523.1724654986174
552.5469269091625
554.5793977399379
561.7497375353287
561.14435681949
578.2961530850771
576.8729095115948
521.1156632161427
485.0961018072378
581.8297209046427
499.0107858378616
494.3633081205568
477.16203928442087
498.6215351035893
516.4538194469151
612.2484380088302
551.4104655600972
542.9486125223923
510.9580002239088
513.7087037636857
564.8427242057198
542.4017214135762
614.4408863023691
492.7751995282148
489.669476636208
533.412166825662
554.8721953975298
514.4314207000928
514.8841432054583
599.7585114494868
508.36653654675973
529.6251500496733
580.3760822577798
598.4202962205989
517.8766704720612
617.8399821332025
612.1652224178945
526.4488726066064
592.593451057455
506.73864307222186
566.691912494553
509.23072472088086
560.9424051559996
497.95140971350315
532.9841034646935
549.4198469707521
606.6766275223688
488.6611514829579
534.4695312082816
583.6414279467881
540.776522893033
531.3420529941388
491.47451576315905
552.6827383765379
571.7613142592172
505.5689834405109
583.1403564548916
506.75587554822414
597.8393594579763
517.5957977495891
565.1615575751719
564.1185398082665
509.2863395990037
571.5128186222737
578.6983829012064
516.8621607559023
544.2479053956656
593.8874613133355
504.39836210263974
570.0839051008736
576.0503834227596
542.0113615046926
590.4346798535366
485.77866519491084
573.7042181961751
520.3016457907574
554.2400882375317
579.2075585824716
546.742763648176
494.10593921958986
590.456068290146
494.55959642716624
573.0114740766237
558.1528820812209
530.2418418992086
591.3068661738937
519.0039992406298
551.7816512016757
559.0641352980651
584.1787295393772
581.1720437305985
571.0164784893923
475.68313261529295
547.2877979970259
592.7564397069555
513.0575308111204
524.41064928807
522.6852730838427
516.235023000194
492.89933556890674
557.0602094780679
582.0460692131236
522.4661809459612
554.8368085098359
521.3094007628331
498.2243426917506
551.2699480210824
606.7534215807937
487.826024591168
585.9499849479016
509.7273595462335
491.0101939738273
549.4054581818116
517.5118189592711
501.68615909220847
560.3000394223329
543.3657383913362
517.0646925142626
547.819476380965
492.2975072148187
541.4287184437698
489.883848858101
546.8333096688817
572.0512649786405
501.0714354803646
605.217865477774
503.18588243787894
525.6567690292942
590.4575291900167
546.6466798005262
566.3462541609092
567.7972850604377
544.2766071263834
496.85717923667437
562.1625635250244
593.5994826529532
586.0887920799845
556.8776409378686
548.2490487156603
540.3274320510291
568.8599789321813
510.4619352142183
525.1887613361614
567.2797308776379
549.8392153335176
579.8258402380704
565.8281043087756
585.0330713652045
542.251891322168
571.9248486765671
590.687810573048
573.6416767207071
486.898477598539
614.9644791209162
591.0576856176448
537.2598660748887
568.8400727628314
586.976441663476
606.9903304572875
538.9745704993711
551.7102194897727
567.2050315301615
496.6135454638427
532.3081370923019
503.89879814117785
533.427654303359
601.8115493640721
600.4164629016408
517.4865993412692
590.4871107458894
506.31774514476456
558.0957603216522
555.1604031071712
515.9713102094215
491.84970499954943
540.5891107240925
560.2496401957013
585.8380285490052
530.7940290568138
574.8713194385413
592.1761141858087
601.7203811611499
526.7085359472778
607.5453051022719
525.9096909059244
558.8287701648383
603.397579853619
541.8853632504129
543.6865205168995
508.1871308436421
506.0603080746315
586.6833182908017
491.04441396989097
508.15679787232204
570.2184104970015
459.4635440011243
512.1161401489518
557.987648188609
512.3370965098609
488.8121579869818
540.1142479392506
528.6317152407335
553.7112038640832
570.1771740673358
575.955352251299
539.1037200171145
486.8620747879793
596.6374118368199
529.5844124888339
575.2532085216486
600.7134977482754
539.2395507611503
584.404448936674
531.5247929672614
618.3306454443967
575.5361763361279
477.29590750619144
586.6464438860856
474.3890528222021
597.9184976056074
567.5348268595006
519.2424689553366
589.155132632782
551.4346794280382
622.1840969172379
562.6593816762204
503.8357941261206
505.5830568895729
517.2626252881062
559.0061042214709
545.251639592919
516.4999123693772
476.6356263483263
515.7318523086988
616.4689368446462
592.4940304450952
508.8386035333723
494.44730527231815
498.9267743890798
557.1437429781045
547.2093428975327
527.6990280763553
576.1169190730884
567.8599702949532
604.7949040082528
499.47344738011947
637.364623504068
550.2796565321853
574.31685956345
596.5173621381629
493.70640253720865
559.9075649227046
557.3603208112718
566.0896895893766
539.9442093468385
607.3771382111029
615.8541323672027
564.9470900205993
505.99444631584964
517.1864272343062
571.8287894623829
544.0965166934219
563.7493177857363
596.5524243828879
574.3751570502502
603.0343327245635
590.342711876888
494.02863378911
544.1607912005401
505.88536096058056
609.8928480203961
557.8672491865063
582.426754095264
502.5630210992833
555.691846094154
515.4193834715979
581.3669138734217
586.0128135815911
590.8538705980748
595.5301225565445
544.5231770668481
521.7406836713383
534.1848790176766
523.4096868862603
545.2575202820835
557.9010917223654
491.1406837295748
527.3441543211525
508.3531370953537
533.6119444974472
519.874160506644
558.4472923269827
571.6948344160337
520.9174670158329
506.2877383550774
487.1010248183523
476.04836106829976
574.7526694055672
551.5148382203417
545.4780727372696
586.1779016056704
489.329899757534
564.189747881459
575.6274239619236
588.764544471835
584.0947457563793
510.98273080456437
576.0238308857863
579.233515385515
556.1773223874372
579.1849497388739
555.7365448306468
506.2987328857416
543.3584174743264
563.2702941518544
561.1764087497081
581.5405294490616
528.0979808805517
616.4995901348055
528.4646280871323
600.495013283329
499.8545849265115
633.3962456183654
557.1788812640438
554.7395913415658
496.24517778030565
553.5830365155605
545.1998144831912
562.0027252912
493.4099607240188
545.2435829094263
513.7400469853807
570.5064243692616
606.836463533824
503.91303193216197
584.5169688490957
569.8704253865866
495.3511516636763
555.7690457119288
481.9831230556811
572.4572224145344
503.93525385838427
480.6137303952622
585.5033488689321
558.8770526834755
585.8034321831528
574.7326431227551
590.4243417273295
507.39054721314477
548.2671299357783
522.0700624139795
516.3143673777662
573.0722189599445
550.0181634460024
537.0371847720257
611.7438956613603
568.7360041482849
530.6017917618351
527.4457876723314
611.4450375477599
508.4278213332904
511.145994244673
538.2982961399473
520.0472306031018
575.7677791851313
571.1477939475078
576.478070610957
590.7730576552725
559.9146908862995
522.6957542564264
573.5625140627778
531.7862652187728
514.5766228351971
570.7542796020939
486.16573720630583
595.7591277115074
476.423477367396
506.27272624009424
598.3975966395888
615.8931153849956
510.10984280922474
482.2730673708453
529.3597632100268
528.900627098953
578.0751611206756
550.8666801555464
581.7770915774636
568.0880568039084
568.7856612990036
607.0513548132476
488.01569194694923
531.6708479923294
549.6984384968239
613.9120007061204
585.0553834781683
546.2883434963934
595.5649694592619
557.7050574187214
581.83154778117
567.9141305542007
545.3191901199309
583.9996040794692
552.5727212027439
492.67246070073406
561.0190446305519
482.1171320934502
540.1991008718549
535.2232763844985
490.2621316018344
505.2669222998296
626.0628477775343
581.14877844332
606.1593654599477
595.7156997818713
513.5853662665626
606.2068442534787
510.49998617767096
576.9350337580516
547.9879288498753
542.2488666087825
544.1267828764024
602.5041698768025
507.6108494065054
537.3882857381773
578.6670059640865
570.1747860038159
509.79958055817025
586.1364197009848
548.5333229179936
546.6108189875017
575.9704620513562
585.0700363752545
567.6638114855307
521.0462516796971
530.9372732162192
507.8278861888042
536.3704760300722
566.1304095097877
582.1911955842899
616.1515343862538
483.8265265686132
506.8959471891626
571.7945033647535
557.1893404667112
597.8081620292803
548.7687587030068
513.5685664056398
591.7081285246862
510.62980374772775
512.6201012324253
498.7446386896091
603.1706311527739
610.8521377048733
564.6418089402785
547.7798564920861
560.3970186457739
480.6611121852808
571.8540125680079
486.01337789268564
572.3336997539907
590.2154423874185
560.0801163243119
555.7170410368487
595.4500922433673
494.7212215397836
501.02361114518374
534.8882002541366
548.696311669002
597.8068450281585
594.682701982589
553.1384551013821
591.9719064780351
553.6965278207604
592.2282379546289
524.8129547588132
595.477878087421
531.7996099109012
549.1615641756669
579.539932659448
493.3455057299655
633.6235920929643
582.8852983381146
522.189325355753
558.0116137881373
509.57613546507196
563.8790913563003
534.485584040636
491.0453998246929
573.0903001440245
557.801894215601
558.5243750411016
502.254723188496
542.7445267415469
541.6778356110267
533.9461682561669
559.8678207713976
614.0815642741148
576.2455476625896
500.75902772485983
567.2080226076826
505.07750341450236
509.59608545550446
512.8913448563579
489.1920733643733
582.9115320302878
513.9647800139837
497.73441423673876
557.5151005402605
560.2284891743035
569.4511281528601
545.3884669698605
586.4681198731712
557.2041382704354
608.2941598323755
573.2930013977891
515.3886440639333
549.7726759728143
503.40621370336555
574.5823197930742
519.7945298270783
598.595447754804
566.2156619427221
560.5868843089481
527.4870335969308
570.0646245719247
616.6895244430037
577.9061156434655
577.2232224117168
550.7060778032917
558.4357306808408
503.9438735907096
531.8976518302829
533.2709807130896
488.41466748873745
568.538523316467
542.3479479777382
564.3151607884148
494.89837952064204
516.1300904779214
582.2427534274464
534.8725067907071
518.2695561284519
616.2212388361727
545.5042099192884
591.9211808933095
568.9333379906864
493.00670492539996
479.63216595825037
619.8143482824049
517.7494584488833
532.6268683324347
506.49693174166475
590.1997055704172
509.9021263492801
492.32998324111685
511.2030675320923
565.0851337572417
516.2999485056957
562.5651097027704
592.5416444854369
619.9269596221832
588.059420526233
564.0980337325948
538.1793010402322
477.99136190464776
489.5419051371283
580.4687536073998
551.3473132674789
512.1815005676661
552.0269798171335
561.5270036979094
504.6026205004123
580.461078253109
624.3555490144589
506.67692100014654
571.6068026230658
479.37669912856154
573.5034849300881
551.5520059858413
558.5317247394827
571.1666363363007
538.00338712419
591.5821417722221
524.4776009539858
571.6387776359506
557.8722843620131
586.1384976807844
563.1398569061839
632.4993586336664
496.45517807947556
541.8615912784801
524.964040262367
531.6515327278241
574.2178096041084
535.0230328352884
574.522649069099
515.6906414121618
593.5652418249975
569.24395516591
549.1777601525915
504.4784323608076
611.7037062243452
508.15539993066625
542.5502381369037
560.1301532563303
540.7653266158969
587.5599048204116
603.2249460878555
568.4315377896063
525.1607863721465
500.25410394483504
530.8998218000396
511.8807311105087
574.7857535329463
511.28963871956995
537.2111101107129
491.4399572403255
522.8924123072198
511.547010921749
466.5371225183633
538.3251584284441
498.42073699603907
497.9677361494707
487.74387487899844
556.3133911062483
550.8304557079634
481.9437331384104
526.5497062782977
570.1348336693425
565.6624043312871
514.7460270214615
595.263773637815
506.9578188472244
552.1319590910265
563.2439696070994
502.23420963224237
618.9496630751173
565.2203766339112
485.5236709536061
556.8050586541567
579.4391907479196
475.8396023613486
563.7957187431118
616.2722076176617
530.2788491598957
517.4110601099171
560.3901461967397
578.832977177956
506.16603845481245
584.2308774845117
547.7250475003005
566.0246237012279
516.0616449388046
481.84916276874566
533.8981042970127
513.3531118509529
528.3505008020438
513.7017757743699
546.4601734849887
563.8465999670552
515.5543013691463
505.4786672920013
482.50695714423705
528.8483092627848
560.5207908793382
551.6612124312155
505.7714802699667
518.9186333530329
618.4894806793423
565.4022631866875
598.8738374462094
517.0723207114883
544.6383110492051
559.2757652105189
498.5764742482149
553.8649275685877
563.2983073854955
501.99461755027534
569.5241149852997
583.0438210126352
555.5139764300147
518.9097881057959
571.3902472044188
475.2165460251676
542.296514136003
577.4370522619073
583.8994875100773
562.2435544707307
578.4860436368602
525.2772585170967
520.3256869722854
542.6513254443374
565.3521490398427
516.7485185900533
540.5533162064751
563.1576537635161
584.5134401156249
546.4749765025207
546.9216497097501
549.3807388405371
486.2616581778309
508.2235142728066
534.4371367160334
566.3091148559448
526.2306398107788
500.78528645428844
499.5417077732525
496.9832523546154
488.3209973214729
625.6812052820651
595.8903090925141
548.348948833098
514.5984497528118
552.902202431892
514.0420714693748
605.604595260738
618.1605150715491
520.7540000913042
599.6393763151463
487.07931496661297
508.08222080972183
540.4142922014789
556.7370215174326
534.7680592540962
532.51003343107
600.542774469981
587.0178587195427
559.8089480187052
565.3093348805693
542.8172649035289
511.4934391221667
489.0461705165069
501.28898702619813
603.0111955086168
515.7604890759087
572.4325431708296
487.44046872761646
538.181634089841
497.4666311315523
508.9549540537327
527.4247779243726
506.37917571300994
525.2654058850387
576.3078617444586
559.9423173406452
538.2831641090211
542.6251727758788
576.5070101976216
565.7638238975417
472.3488995910691
556.186567556068
471.4755115623867
524.2142823120183
541.8130573837102
562.274335456869
533.1851571775201
564.8129005984313
550.9928719613215
576.8942027495344
559.9053141111415
508.680943757479
556.9774494158805
487.96452484450924
563.9494017145724
552.2399459006524
574.8321488896515
531.1591500309562
546.7067996631665
542.9118621164373
550.7536375243576
481.88287156467766
583.1837677653023
513.5026026268631
554.6806108427035
596.7678914845646
505.46480472605816
629.9084878958861
605.4594900818583
513.0899476287059
549.2796594627209
598.4283145037275
516.2625638887832
556.7689385849272
560.3412485597104
558.6930445113464
532.6439767307736
528.6160736647911
540.8374019194864
490.25442400242434
505.04385714247314
519.1695674774932
502.04618007138106
494.62396873351736
517.2127548241285
503.1564224656083
486.02996759638876
495.91940244139363
519.4972092518933
505.3233615268564
530.4524223603976
535.2724818469326
549.7611543415649
537.358622778646
536.9005908227477
491.78347664375934
571.8007589115844
529.8735211808398
568.7953353667417
501.1129048951468
472.23005813385134
527.6635348778314
523.4672080529232
519.6224622797802
551.3523155234853
605.0844790077402
580.3032100906307
608.6538540573362
502.9011598722435
549.7277460980092
565.0447872170181
617.9605633416612
585.7846292985074
602.7222026749768
626.1027575073788
554.0346979945004
493.38346076745825
489.7000679197067
586.9491383626668
568.88358404065
588.810342540242
497.912076409335
568.6465211591434
520.6990522764138
556.5285007990328
628.8586715037488
574.620334118847
555.9033950032874
563.6141840703358
491.82165725491717
522.2284765468457
496.4820436829506
562.5975779472362
506.0100924854846
561.4181894196812
524.4687480896591
582.6679905933079
517.0398150121252
603.3906998074558
549.1691555458908
586.1121304395599
497.1993002537448
488.84191865803814
507.6119331537981
524.2466821617159
528.4270047386632
605.5850828354144
516.2676899118526
590.1593361013356
541.8528583620337
470.9413962976641
557.5588083765745
542.3919548263435
501.40273585532395
582.2893704550961
494.5835998464621
456.75091439274945
498.35714075566557
559.1621693237082
533.0588678369237
542.0676221461974
550.2209880319118
515.8473633585785
557.9307061516818
549.5512196508823
537.2563664257353
593.7941550589098
558.1224625952239
507.4115918952847
551.28487939038
585.5679632958532
511.2793484411604
491.77072578572114
590.2094480601128
527.5207160093888
594.4726781015484
610.3912768828623
572.6774451927196
531.1344290012582
466.577016052646
532.470335377029
569.6599041772531
561.647415251392
522.8399033065679
548.3929446951323
556.7621131784774
599.0608920149041
586.5141056676282
534.4454994678084
590.8953436231438
584.7051959141722
511.3402434195895
524.6178429633709
570.6632577799458
595.5347481945314
596.6984134333543
618.1068465175408
562.5087085398263
557.2929879205636
587.546345625927
589.5451011630585
593.6080613397872
573.7266735587555
487.8063133733035
550.4755250333438
526.5950371666552
588.2826562685763
560.400453920098
507.56554960128614
493.64128846442776
503.6001496508528
522.5902573414196
561.8951408577705
585.7750072316452
548.7664231764516
618.9623138421771
590.5924553890177
588.1958372614562
500.9434771744388
496.31197799454696
526.4778821422703
548.1798412662031
616.5191876665008
511.02557772481623
574.0956825355811
612.7001795005125
513.4964465495241
586.0485315396393
554.443908594239
501.3193440881333
532.1669556751726
586.6980015099402
602.9934197246762
563.6931684139547
580.8259845487632
568.2388015905734
544.1150865646282
522.644861004913
545.6346300579949
532.0574105210525
540.5049361776902
515.6064633707854
578.5249350169231
539.9080067802139
592.3878422077594
552.4799559079136
566.4450662934113
576.4606120222951
516.4677890716607
554.1291428947084
574.0958995939495
564.7758974677399
497.8519243844714
513.3524196962857
531.4546499769953
552.743261904614
488.0460260142047
612.9309383163359
527.7366275847467
581.6221318964294
595.3428331463354
511.15812966359533
482.0993270221696
589.7508842919922
495.85174684733954
512.6677428193547
485.2761607109096
521.9341737335089
588.5205517779266
523.9373957231437
551.4663926972947
600.1203116482707
585.1784159100911
506.73616643323425
487.8344976410789
562.1565875919673
582.1242201795635
547.3586575029874
554.0349969406789
490.7809267008497
574.232564632212
504.9442150115797
528.7238648949324
531.1552127468901
599.2058918155535
556.5282000628864
499.8314494187449
495.3309283131416
488.75083343234724
552.527448269316
528.6462112144145
579.9225354757233
513.509864537373
553.2223835238851
524.5323479606186
516.533252247963
514.1983787042589
486.78260884527907
525.4342857754275
577.2403717088335
589.6217441425763
584.58889648775
486.65828251568166
494.9765044117554
485.7663174027138
600.8317774672639
515.9725422889907
605.7220643896377
569.116555385895
577.9218581950316
569.6240111595662
528.7637168224182
552.4201380709542
514.834929847952
576.4880129225347
597.1123246925679
504.8044171505938
561.4182044868802
577.3152818110126
539.3282464906524
583.7676974578153
498.3521261599102
585.6423698495638
586.0290111055759
543.4513883678983
551.6108843195568
548.8205115606075
620.8631790511922
512.7171779418425
597.8197135778364
560.3959338565094
555.5019802619793
568.8628847619107
549.7226759862408
560.1954822657202
546.5164176753653
494.35724403981243
587.1459591729558
561.5580208550184
535.1800070846908
490.89307532807686
515.3532867564015
563.1979500056264
534.5358020804347
606.517600952453
552.613694134993
571.8280875593969
578.533570645891
536.1938554336841
547.0366940392511
581.2574583729808
508.7936395873112
491.8726129945096
600.4340127811442
508.63440018327975
535.3524535331803
558.7264463163283
576.7096923223222
564.5730487405381
577.6717590506139
563.845372285984
577.3267730483235
484.1475810042853
554.445180579121
579.1832679022309
518.5290210244286
527.2416576959822
500.423413181214
483.8062508033421
484.97015905163994
549.5840057897286
553.4189252834329
607.6634621460375
503.1900573310403
579.619355085148
575.8360656900059
507.17858440531603
509.55254295505983
519.8150382943239
514.2432887939934
540.8878325825094
500.03912677959624
521.9349481544195
489.91096979325994
506.8641774633715
509.5101731692508
532.3347811576724
494.6418639206597
527.3149420386601
552.1828618299351
492.6862490773979
494.5446245735027
523.1532589933142
539.1375775025991
524.9559054842322
561.7573682908171
510.8528954022594
471.3433723693515
525.8811784760248
507.02251162828395
495.8110758814586
480.0304982675023
509.85144945999457
503.5494928836828
473.7180940947925
502.9010841081172
484.951353573985
528.2610670104605
482.39744908335405
479.637342618467
496.52136611166577
474.4645333851493
533.4857912275615
474.60200481062355
486.0079935786836
496.60426692429036
496.8619119142039
497.4108704645745
505.9836375139166
518.3034796997168
473.60299396885193
521.5842811709299
517.7214984745461
487.77931578905134
514.2774606086493
510.3960993496876
501.98550105757994
502.24124936391877
525.8872276128279
486.6210345189072
498.0361494342935
519.7178074469043
554.8112528115647
521.6732844333578
527.3350373172248
513.8206230019177
483.71077908159833
471.22964318147626
488.7516291050527
471.0825217608617
521.7329392527859
515.3603096351542
512.90381562894
499.7431799887372
531.7744751828825
495.63304753830073
507.0710103195537
500.0327566549737
511.8292245322938
490.5188592307918
507.2465021572973
538.3940427856503
505.94665897741646
521.2654594809203
513.6410586333175
536.3857493935702
508.62862722101056
522.6540296427548
505.2873672211297
538.6889194735936
534.2550262079163
494.5002913212685
481.36461719314354
511.1679355798448
495.282517648037
517.8928390001058
516.4917354798298
518.2678149414279
533.315413705505
533.4998349899367
520.073290939016
533.1245481724376
483.8449542191228
490.37775903902866
516.7480314359425
507.3943994539701
565.4930740838348
534.8719947691427
495.6156466535895
472.3101144457447
506.1045953023272
524.6467126034663
529.8673612069273
500.1110779967197
541.2353898814524
514.1577403839656
501.7172078271788
510.4681233289806
519.761748054261
521.8410032033407
514.330421221613
553.9180208138337
507.9969260515229
516.0850909153291
510.4976556623068
536.735993854187
543.328335615656
514.3322708185126
463.03010465971005
519.5377337952868
494.8502802853418
528.9938988779097
499.26045980034587
504.2452487440917
519.5780032274233
500.1359673286976
508.81009135437245
494.3693994408684
514.2497343680666
513.5597094982943
506.7360589566405
540.7564734106357
512.0212937230037
522.8931089107888
523.41321278461
520.1925677734514
498.81196596911616
499.1373328720888
524.0515102924019
545.0162067595775
506.1764010348587
550.1933939403912
503.71228593683463
498.8119469246059
506.97545637049075
488.58218776601257
498.50984640104423
519.1569894274687
458.33484695685
480.1490719901617
489.89861158829257
489.4363936458288
529.383781796978
479.3416110811793
505.30327080386326
549.3896412937265
510.1284158478368
509.692770203706
485.3768451484824
571.962206571909
511.33086391317175
533.6162880761892
512.4242738070051
503.07571428287923
507.58616584532945
539.6475752168003
510.17527534054466
499.9231943806958
548.3868529521089
540.2487614944137
479.418495377066
530.6275727063385
515.9090358054083
514.9495439140219
522.082144437408
492.94730727400065
517.9754178935416
514.7346968760422
514.9244157704812
506.4617372495727
596.3479826508071
506.0382907129902
486.7459574068645
519.9045779313844
554.4244684293565
482.33643638137346
516.4485199758662
596.261149436229
541.3363677963843
537.1375576603725
479.6372686341605
497.0491470742361
523.4397725012604
493.81620864849106
521.8185820796857
504.8133918896453
527.236765716839
523.2012838105516
531.5901275724199
516.1155183365089
510.9919197906746
481.3707292827979
490.2496834603337
518.9708056034567
539.7687994334493
550.4265069173666
518.8781997658789
515.6942589248812
516.3971464781037
481.3018776378447
495.8607115370768
500.76423217426293
490.3174526107754
515.2703480829132
513.6767703489454
471.5613265433442
572.4720411430405
537.592877979979
475.14240178235497
529.7582975838682
543.2536761498216
493.71037932755263
530.2506875099205
518.4515631471645
514.188140319487
513.2736786167873
506.90124744304956
517.7116155969776
628.5666587015593
536.6003591323371
512.7476596217055
499.26219023640874
483.3097043328112
522.8371158155496
524.8087265450298
503.5814112571641
507.90409337157394
522.2711271745566
513.7012377174651
522.2879735462486
560.2969176620563
524.3779826891521
505.1366867573819
515.5663082365681
512.5383640060513
561.1583865643115
539.9750550172251
551.6323910044962
487.5229565903459
518.6078477280403
561.5184420665796
558.9029905713837
512.05059730795
561.7650868022492
455.2668223762904
525.8195470803379
538.3903231849781
527.2385237923748
489.9696352165878
487.9789305979026
486.3080336016694
528.1465403100806
522.4849678662896
509.0332693491889
496.41278854344864
508.48413720510814
523.68321873218
517.1191310565177
507.42399952261337
505.6807106849674
517.8436720880751
496.7274552185173
479.81464238433597
492.99087746148166
546.4074808229635
518.5809406053895
511.9065917170517
514.1847283370699
507.6454281813983
513.0215907002832
492.586063907047
531.9903182165349
508.6079418214697
523.0909554790455
444.4358000993851
508.57634171094895
535.9390489672971
517.9911387845368
510.48997795328876
522.5922848837997
497.3170358808874
513.5206717778585
502.7365509322377
513.0499197036929
500.35329252065253
536.8893406873065
557.5179839389937
520.4357316141023
492.26421047487037
508.24355303950574
508.9458646993416
505.7724476367242
484.2769597822188
519.6744846728947
482.13461854917387
504.6240384822634
485.2147472487529
507.0681428648587
513.3416067828914
536.8742811100965
514.7297514525862
518.7601035517216
494.3822380716479
575.860275948462
511.3961975535425
528.4729498769217
539.0452270984661
494.1767687948965
490.6687126548208
557.4209844722106
509.15001188801557
506.5846119629827
549.8523907838971
492.1540406277596
498.6556494521955
511.30861078797955
500.64723465590646
574.376696030546
561.8675672286843
510.9592703199835
470.49683137218034
482.35604830471334
520.3894317244756
479.7878018864117
548.5713119579619
549.9013803073683
531.8366260588616
513.184433200363
468.71870276007786
498.22427441620465
477.9674313110204
513.3667639499358
511.2638008249917
540.3775911165562
558.3520406573339
508.0746253068423
501.2547761456974
483.19870306195804
514.9457656566967
521.1375558644396
536.4273321417926
485.1741330912431
512.1807202063733
519.5149263293422
548.465271238925
507.7059133721102
529.1827905693352
509.3204000579402
504.5674154697963
465.4109810558325
511.7558464920889
516.8355240863727
509.74899279987204
546.6135639610121
549.631096440303
520.0991859214112
482.7307959651651
537.1125489694117
541.1195780671053
492.0289414849067
524.2056223770479
508.2465276262227
514.2849473761628
538.7224249033229
486.765331206566
513.5873215671552
483.78284326187935
540.3785073034321
495.72997082867425
500.82568236923953
527.3298081205479
479.1354578493465
514.8811324913531
529.7821049241256
515.3001594153386
508.50351931032435
520.372948297538
503.55727111428547
512.571099673468
505.86357452995105
525.9118028579627
513.0677921258157
481.89439489444624
519.6611686838554
510.42945623426203
520.0558802718654
522.1610216655448
516.9312854016703
505.34654549093
486.00290693505303
530.7576303267667
494.221697218999
534.6556403660363
493.7479638133957
524.0919401902065
509.8164940343262
485.7963120392647
488.1546698629698
514.1653147989928
510.57700083216656
508.79357229219386
526.59455800593
535.0847621539142
512.4205839085178
497.15470595222916
481.8537787255195
510.8871981551091
506.04966830790494
548.8515844441694
498.54578275596623
512.9163614548577
545.4599694706354
512.3035334673234
504.25316281511414
516.2890869133457
501.5034125074317
539.4389896884345
490.57158405161954
531.7512175741917
494.66049303188026
495.26925593522793
544.6675446246338
513.5227048203373
519.9842765944876
507.00293888992104
494.22153923025655
575.2828107773131
532.6378198820352
507.4798823584595
520.7029518043694
517.270675946987
522.3333148806992
501.0925422041079
522.9236706046743
493.75949517646467
506.3253636935841
536.5716929167908
497.8270693394087
499.9155169336307
509.64003607255745
499.70683495138815
505.65750195482167
507.61059922452193
520.4725893453547
542.3740010974677
503.7955888008589
495.55825577965976
511.1646151480704
547.5363404024531
516.1182814781323
533.2612841819773
554.8034492678094
500.0804223345157
560.3519627460443
523.819497086813
506.38632706368765
526.0616462844398
499.2732113271048
505.90887144014806
545.4578093844902
524.1083930338625
487.638744813141
499.8374363128996
506.70425602913826
488.3110812186462
536.7611170860885
532.5020656745227
544.3204893037205
526.0822398090422
534.6744235473675
494.4091308043724
517.0409369567236
494.53351305577013
483.5155854034621
523.5246847402996
534.940415491001
475.5730011619349
501.0775914936167
544.0764132197371
504.88744052899244
534.2281313470755
515.1491008289725
508.7556739414789
519.5039633423148
511.9456540946576
517.2592491983921
509.2532913274267
520.7126222444563
555.8831718877109
516.0035093706548
522.3327299753591
514.4579011351418
475.7456882347025
540.3998598906209
492.6101776031883
510.407783619886
520.7052440276841
481.6689049570325
491.6906039479028
492.3205156648395
532.0525726856958
502.59004009756677
484.79685339083505
493.1988211471648
553.2157691225927
513.8299169911118
523.8730300687682
547.0521492131982
535.7775068672092
497.73046312776995
501.17651420415257
525.9600354283759
503.7491740274114
501.6172329397191
505.15720399459025
516.5214045319093
523.8747249996234
561.1928956511592
562.1924824019237
503.97290661691346
503.7987805637283
515.9718565220278
554.4360795462597
492.2364843377199
509.4017234928381
504.01272859978144
514.9625714003984
507.893072919597
510.29306896290626
495.73674516822905
516.5728339774275
494.11180395289637
482.415444202313
496.18408462250807
554.2032437603154
495.0437208556554
548.8500163743691
515.5056536188074
537.4373132220913
511.21824669043593
524.3317615269052
478.8939782100028
482.4880007700019
542.6016952948369
494.36319392962514
497.56312091257433
477.2097074072338
503.9920563778097
509.6150942607565
491.69809754693915
487.79954870639597
493.05496006972066
535.4807906347127
531.4311553283851
535.0707075646365
525.8499210274376
503.5552550275486
489.58633866136086
492.15327538202405
480.4320509876924
494.93604223955725
514.0184797581805
528.1441472498328
496.82403257355577
537.8719690223954
500.29470098425213
524.7438407311632
533.2705705287411
505.6792555447165
497.3536440105953
501.9502882790397
507.3662173158723
500.315202746997
533.4083860100789
534.9324242108289
534.9318396754418
510.8385473149655
468.6624789756281
500.6115856571298
551.7490960813504
512.3301916949114
479.65309711360965
503.67322625228496
497.19972227684485
541.2803543151628
508.64696860471213
524.1128601353753
538.1398273954221
506.1141191311423
504.9432982336252
549.7965981190524
581.6196328329495
546.8742220951764
550.33823227828
582.4608988214068
566.3743323600754
613.3900814592876
537.6867997896031
577.4647966789278
555.6411442550088
558.9615650622767
580.9017562279697
571.0515448102797
611.398610328515
587.5435094629854
593.1789733931771
506.8803576998984
577.4068957010809
616.5544602356192
561.043797141342
565.7346257135548
523.612942289391
583.9471237342636
600.8081025258897
510.64755220287543
571.8683629729794
570.2708362277742
539.941280355933
607.7150784726141
560.7406238690104
585.5238521903202
581.0755448324663
593.8283955017919
531.1368368803892
541.0357593955463
533.6167869255528
536.5492143917133
572.9516929175275
534.8568530648056
553.802057185887
542.8050725682913
578.2248352198035
547.8818945294922
536.2791742591506
601.6988000386406
567.0173172048349
583.8940191028222
548.0772183282844
546.671936745523
558.8885990344746
584.9230593434153
589.4675449417342
570.9048449199738
588.0593167024058
592.7660071507643
593.1380383846744
539.2883073560546
494.37554457951256
477.8493667227217
599.5003487374879
555.8552498287286
588.4038221300698
604.2746195677275
601.8767707061359
572.4836594208024
593.1975336056744
596.9911251527561
552.7813884235136
548.5905272773498
565.170443894503
595.9133856499045
566.8574358569853
545.6777733251904
589.5906468744424
606.8852751226766
573.6081641868382
541.0527940091159
594.5839538869861
552.8032280946131
595.8779871581063
573.3845747297596
532.3214020208417
560.7395981327384
562.3111293643692
563.1092975109445
591.478900124672
584.1632827299486
581.6072901247901
597.8713657114805
548.3899317976102
592.6526754264484
552.7680733454849
608.0718711304837
563.6007761345275
566.3332683543877
536.0018506181883
557.1267195846333
534.4972824368008
555.688761048896
535.441818540548
562.5589849549601
611.5283359090859
554.4694639565255
588.5041967583074
572.1073238316578
546.9569511550114
563.007882124673
593.2478897015908
578.1906934063649
563.4947468007002
574.2454438529953
559.93535775185
538.7738909755108
588.0889785342142
566.0542574985391
582.3056076802399
542.0364949189957
581.2763728040945
572.5267287364718
603.3091607556203
588.6135019516732
605.8735111601076
562.4320896600141
546.1789049987345
573.8816355626443
565.0388593387837
542.8691667128181
584.949641226453
567.7955632690071
547.1119890950656
578.6189401676983
554.2203560754594
589.7602449487894
593.8163091428383
589.7532846163836
562.5059956428255
561.3054362845836
591.0329778531486
578.613561163901
513.0883180722635
609.5115707400548
610.7376998162617
510.3360108702926
578.2583553217795
551.4067919240895
605.0463422385851
566.0442025808776
551.3548473607844
565.4849004363507
578.6014665568223
547.9594980897078
560.3465815182237
536.7178995221636
565.9511251695828
490.44298594690065
571.7806244084421
578.4410429836973
527.114879769864
596.9412597375554
531.4140199879712
536.6629166330581
596.768249289386
600.9514454011668
590.2983733980814
594.8623939699934
543.1346442972149
610.0161471725075
581.3103142121954
624.9850124049028
535.71217151474
577.7793524685281
554.3002589554947
584.4986535321469
590.92312518107
554.3761203975755
581.6153028837052
584.6311898767927
594.934224125288
569.5005650238002
602.2650829851988
582.4000907637442
584.435782284555
588.3299979109765
598.0708591659488
566.7207369118612
532.0667151506717
564.1425972327768
568.2100306328489
586.3453118033583
507.25624733642087
520.7953001966187
587.5948001518941
591.5178628545716
589.6901281516575
559.0794666974634
554.5258799667282
589.1116894902975
573.5860496343292
563.5851604293193
596.0526161066698
580.7147245275019
567.7875506073601
609.2915654044027
543.8140844133128
576.0146846770485
541.3404590329112
571.4330340514903
553.1148259787025
573.3534608460263
539.4945109117474
563.1516643288332
537.1539504811437
589.5206671161925
544.659547065424
565.9107456754564
622.7448652481085
558.2033631411783
532.7585804356165
538.496104904186
559.136274180663
520.8841391237688
531.5466694533321
589.8621459407482
536.4323696486853
574.3967363382686
557.3947234917052
543.6762229540459
530.0563467502789
577.0604419782126
592.6366097488796
623.4730774474001
492.67769885013195
612.3023072049868
576.8458448328196
596.585584208127
626.4297476604921
551.5625438693438
575.8137493478704
568.8283682124813
594.7939774236818
563.5010860438802
555.0366489380215
583.0884143751987
559.3293444065309
586.8371311173652
556.649227868332
607.5659369753894
567.3481136022507
566.6314420291385
613.4437359763367
595.7562253544552
556.3932946729003
594.8039521989054
587.3137967051038
568.2734457653476
579.5021695246862
546.998447067336
560.3271894179159
572.6281197181434
541.0731371804898
537.7237125065755
527.431037357763
592.8270751260263
553.1315943510251
533.150200011998
627.0110273280782
572.566110567093
537.2138229356754
522.563517795069
615.7124234341665
600.2103480235185
533.7634166793373
582.5109301818155
566.4141716916556
581.0078895799654
558.3297047872032
604.4770777445199
590.5022128530534
565.6509088587811
551.690271552025
572.9391447722122
578.1213406718343
560.2104237694086
559.0338116082053
591.4503847557838
571.7167201740184
558.6419251885619
551.430907321518
589.6824237327767
563.3879632076015
583.6254303538661
543.7111331012488
580.1255196829386
578.9714055290544
577.4241561851252
544.236309102662
563.7073017343382
590.7163716659113
549.7662655171064
593.9272973743887
519.7050506814776
566.9954942036188
535.5452191760138
580.8361628435688
611.9171660844823
550.5542794684411
609.4092947530347
598.5096325984827
560.8444973783801
584.832193994224
622.2400150714136
590.9713449998516
559.6303821933484
546.1653227108388
585.1857284587131
585.3204376329566
549.6932491242881
587.3913343778105
561.7445271252136
622.0453236574983
575.3691265330426
566.0459767927858
561.1861130619142
567.3621934901539
607.0894519368792
549.4823666082978
563.9084653945057
571.2327100738551
572.4404842229203
550.3828258673332
542.92425290851
596.8927535257328
564.2567488140346
571.5732779919247
532.0083166202128
546.2641581423306
569.1081879937007
534.5426503502117
567.6117141525322
541.6720348138542
565.1342542845323
572.081835770316
517.8440730518438
587.5480015631217
517.5609302287687
564.0190244053972
538.8512997797476
606.9482951899718
603.0465321598688
573.4548853862971
583.3145612286269
518.2034390437577
523.9526295055947
562.5014415896054
528.2448268605501
585.551869831982
581.807740603984
596.420560613665
577.3357645147012
550.673558213663
523.461544914368
607.540771515562
589.944172160509
544.1064590526976
498.7858310068174
591.5385437145412
578.9870686286952
550.688907729829
611.8055173595446
530.2273944559996
528.4256332036647
583.0122700559318
552.7456727622783
588.4370128681367
605.3224313784463
564.8417574614596
562.9520900549674
503.25488202814176
583.1513450471919
575.1473354104412
590.8555578859641
597.5454606389277
596.7115565571562
604.0085151214525
590.3137383376338
595.5628434076806
578.7237492302866
597.2705509746202
582.5073914329989
589.409207994763
579.5914167873221
608.7860074442656
561.3303518936041
587.4096459986458
575.3267517069804
544.5664563870863
605.6918590825233
512.1030079190665
572.9664590901632
571.4122050447157
589.9741490479058
588.2031723410518
590.1228481636934
567.2308528166253
586.2898469683512
553.7298860368428
572.1960008074271
557.1261255558102
548.3077839730871
597.91947218276
551.8325877548165
547.8996383526164
568.4346227104722
551.0542630587487
568.2080205852419
629.4254394723448
584.8370793996797
566.3669023817815
565.2451335101991
585.7204855161121
613.460325816397
572.1002440235966
611.5108575110793
552.2900395124176
584.1993274820729
605.6920137104755
557.4183010003029
536.4801057686379
541.2911887959343
601.286057924314
515.3908453099805
585.8525498040456
537.7599026215718
561.8499420943556
548.2991845187037
581.4269040249246
582.1415666007133
573.3765590178591
615.9748869842274
575.0147338951464
546.033490579169
598.9994430193318
569.4122465076778
592.7756244734614
571.0855579489039
555.3210334357454
530.6071712999694
593.424502756361
557.5395884885158
587.0038595038186
559.714303159488
529.7542636128273
556.2174317422696
585.4292345116055
571.061725020495
558.7158129529573
592.5125021029132
600.6622494142438
547.8488276146309
582.0456734101513
611.3995067066855
570.5843947611835
557.7996352470627
502.96966787167236
551.7294124496425
564.3728422645405
602.3276407497931
571.2226865341074
561.9645168107054
552.3669119373828
601.0228785048911
592.102551063435
572.8486708966814
586.2168792146563
583.2074026367509
573.5675012954416
562.9027211008818
592.9569856677555
531.2986175645044
596.8052580549225
551.1444083444967
537.3932549317552
560.6714082573826
591.6643694711828
610.288233835479
554.2131523334901
596.6802982580939
534.023154187794
579.5520934220108
581.3846580191321
579.2934888148402
560.9768956863089
581.7784563830674
600.4883678353924
571.4537286410847
591.5344482472224
578.8442092918401
517.8672054974309
548.5616436241268
561.7740701297229
552.1760389527601
550.1040537550248
538.9740242218077
616.2217633954317
591.4013275106926
564.6062462968691
586.037775255347
563.6353752259174
612.712180290664
583.7139753963042
555.4513646539757
620.1346512744094
593.664678414225
585.7737868412877
644.9443609075743
577.5734484622047
597.1433461197159
582.7041880523143
511.5929656905556
598.1360244986718
566.6046117234123
592.4531394250923
526.5316719187585
573.7045631195751
538.0528468785576
566.8803045503696
582.0972648727845
612.8959694896614
543.9471916042683
609.7408119783561
583.3855149173163
524.127516953585
581.258826835245
588.8349084398701
584.4667621852293
621.2396884589899
613.1580393104866
613.7067264732652
578.959808947551
555.0260202736382
561.0886787191458
591.5653103064875
598.22905540982
590.6193478710394
589.2226220340557
568.8360083194178
599.4341470725449
576.2916767725512
542.4729227844196
588.0123499717618
552.5729506608452
563.4818196839847
553.8517967333081
549.1557737707119
544.5400094380623
580.4383514196211
591.0332814791539
588.7221681507747
554.3830845671563
503.3323960007885
565.3792576096754
590.9832611412444
601.4712854294012
577.978179550397
602.4810867594255
535.7279780257427
566.7584618556182
573.2472515394779
574.3859782492914
595.1234692847554
574.9440181573511
545.8384347201219
570.8912335053311
566.0724043589611
577.4066946423656
549.4734256234537
569.2803197881941
538.0737328445218
558.6847692776712
550.9743173397108
577.7299826466276
614.410413990606
566.2036545646822
578.6098124271061
567.0352858699704
583.7656383275786
560.0019852763583
608.779728037167
536.5589889138557
514.3241829743637
578.2805019523038
572.0312894450703
591.0722264089956
570.5521730705839
584.6176054801911
549.205064863191
565.549082746398
522.2391613713595
528.2171349347999
574.7252856495453
568.3710941960455
554.8087681196964
574.4108759340419
593.3463331786518
619.4782264089365
597.0251210541887
602.941363359738
561.972215424636
610.9941180938129
532.0645316552066
576.5054208912809
535.2142338315455
559.9648359836087
587.120689541575
589.6436720028149
581.3423959865643
539.2056427841815
568.7833390959424
529.4794876396747
566.6570085801774
589.7146316898236
581.2640310109007
598.5628769687127
544.0165802881756
547.7764081229823
580.5418374479702
582.9798056782745
536.980686081236
584.374838543678
537.3943618382204
542.513148760763
625.7927033762176
534.8727131338816
552.5285724290491
537.9010862826817
552.0799721572832
547.1659445987091
545.7758647089413
590.5515389601297
585.0574789717018
560.581420902041
590.6947502421353
514.2695760936086
521.3885250642282
588.3143138237151
561.942832203746
573.8600943956687
569.8671070528601
574.9879610185061
587.9628738597335
568.6709790105033
553.5245970184963
556.2333836314009
555.9570484004654
568.1031286632328
555.4492081828887
579.6407519473169
571.4967384772094
557.7812510689225
617.5272320109742
560.9133609961937
592.3248037119813
562.8078476427888
574.1863429962518
589.8860116020276
599.8388237784972
536.7558714621932
597.4824738104397
615.1354101751303
581.8924718010594
614.5777193668224
554.6385513188809
603.9557130316097
597.8235749439115
554.3781044898121
571.8389684817
568.256413948892
560.6330332874852
501.26991223145046
588.2091775192405
554.9340204568117
569.9509650527879
611.4652408350188
586.6610377953051
571.8048264519409
567.1681109867843
599.1238402599064
596.7432184237414
582.7918960799642
577.3582861370004
543.8351350590503
608.0358363020521
620.5136776064311
565.0816423694292
597.2627172951358
582.7661301137493
574.4990222051198
587.9612459195376
552.5443687647095
563.8759865893829
575.6866478623327
532.908220416467
569.030704808071
569.2833788915202
559.930132928424
574.5584427505614
561.442956435641
546.3267122823878
549.0019568393487
568.1861763867882
561.0655733250546
544.1895508168257
562.0250682283944
541.3094224910373
603.51828710572
556.8620480196408
560.3567455394953
575.1058824676463
594.1357749457625
547.8023354317031
566.2459329469201
561.8568945574702
589.996588830021
558.7336192265956
583.4032340437564
569.7737883778822
598.3618733001754
568.2598214538295
559.6227007489019
513.7807879863934
582.8220864750606
535.2436876549871
597.1718021104767
597.5896123666325
552.8029451653115
558.823016966854
539.639870866405
514.8084121014466
565.8509742483936
581.1643331083615
580.5888418812572
611.0240024058976
566.2059206022866
547.7598000510122
575.6468438120723
596.1983015951957
590.6801971025759
503.8427386679743
564.0659504290786
553.7194636457923
523.7007264655624
623.7170662900521
581.4192231455098
619.852336851591
596.0994975356646
600.0504328416007
595.6327126477277
558.4597636978599
511.58855303108
575.9949757631946
577.6989943449203
588.0467360597797
545.3682190048534
524.1403216904278
557.8813322877934
568.9806865592045
583.1968764620448
482.1266811743198
569.6715517083776
609.5633189263799
575.854215450596
566.1217036718795
571.4444487379509
598.4182950638178
554.2773027725889
617.5287024815636
547.8759819858824
604.6522817717344
589.1517092989795
579.302307651071
568.8294941678555
583.7491092926465
532.2555553475188
564.8484719876601
559.2946426293167
501.71100475066
585.7463536114894
596.8204481775358
565.4434827929986
551.4711324850255
570.3084964670203
596.4018124247366
563.9629681014683
594.9969265655523
555.0889167867397
546.7335643664426
577.8782727979208
582.9254194573906
591.4544920923167
562.6453401046227
582.643417872277
555.3632775388132
545.800253903664
560.7630188662463
558.7846011969392
616.6935917012538
560.0654089714185
591.4446390883984
569.2322072549275
569.5135392680259
554.391004222225
581.0232720180524
580.0930437299077
553.8411813816443
581.7256515387512
514.9321806091152
570.0159679745377
567.4980031286259
590.0161327228092
600.2133728762545
556.0757121402185
607.6056297686272
591.1377215732899
612.3705233588703
578.440047375577
582.8009872544633
629.7986679225139
586.7461257406749
592.6559853267261
590.3923312304305
569.922461727586
617.9988576785365
548.6954642698554
539.0093884007608
607.0453461282829
545.8316503450258
569.4878879525702
615.5492042851326
545.9738015804339
572.9646502749963
573.0099108665097
540.2412505569691
604.6878307887698
604.3289382063964
567.0226731393207
598.6797802932203
610.6410219585439
595.1097480728978
612.3563971564777
576.8584908545097
588.3768794113265
524.8706804683127
564.2943062349295
550.0708715823749
500.87733522977123
555.2578742553628
613.3162684988044
574.8157106651825
565.2010255230173
584.0984949162965
507.04231200347994
574.373193148187
608.4554997040254
567.8714060482649
567.8774506615175
614.3795311023125
581.0325135654382
568.8690668938643
541.0370538862323
566.466952310748
559.9649097462416
576.2166858132706
578.9140156353112
592.6067331648303
531.3445527942387
587.3893497837563
610.239866048008
611.6995265844316
519.4077912711541
608.2981784607041
515.8592124904136
619.2841840587896
599.9023166026843
636.2846159781176
588.6389253448103
557.0679009689275
605.027528893431
563.7153621291541
647.8744251954174
527.6294773533596
514.3549972693909
570.6233072141025
599.8124007429547
568.1061025008078
574.5001956175655
598.7604050260306
587.7495869758881
564.0505835977174
584.9734121213091
621.9068699230827
535.1719011103644
593.9250642802987
572.2487326691524
543.3367207967976
553.8515255716522
580.4583796595334
567.6944966131606
565.1814616729959
584.615704929213
565.9318273771629
566.6797031507491
645.1765164421645
588.6471274948549
578.3037791919737
568.5889475481357
559.4264796393564
590.3363494258185
552.5121799765312
574.2058804935274
552.0006803287076
570.9856162526505
564.4105670651056
589.6965140735667
543.2254351334198
574.5807797207714
592.405529147469
583.0149535656353
518.1042440164172
600.4552094394379
593.4903416302857
579.4641633197375
527.3482099945805
515.9777798029273
557.8809964840445
590.2794857267393
615.5453545329408
561.4046233201764
540.334275413663
518.1208393145079
520.344285099186
602.6405641804305
532.1521507881528
572.8012497704824
605.5280593257039
604.051521342031
614.7580845831335
622.9870508406825
541.3947390466304
588.2139566086306
615.9772535628249
626.3329235150895
581.6671415884512
601.2691934104586
588.6193208871215
564.1002765281887
584.2681696947668
560.6599528048877
596.239259585871
610.4322424151393
564.5202222701668
595.8725698177113
578.3380207065441
583.0849683145416
607.2085840228763
569.2051907095636
578.7448192473468
594.6372698717882
615.1046296249124
593.5210864078754
607.2768674731112
572.9153764885559
533.210820849464
590.657656401356
578.6285144221993
560.0959281657849
555.4833605608255
570.3747768754222
568.1561782852849
609.1945395942416
597.0346721803776
619.4936249342113
581.9074035596154
618.781943957308
579.2957917326878
549.6395078193233
628.3934724861087
549.307943980134
608.9030103772461
595.6486685313541
593.0303739352285
578.4214542773392
581.6960942497888
558.4090446172169
595.5215097319642
513.6294799154241
571.1862235411975
563.2414945237002
577.5461032267067
613.855470168435
590.2562826572699
630.557566548583
521.5625304007847
554.436307051244
581.9393060724775
610.6980115476206
559.8950081254518
555.5129463803898
545.6575686911233
569.4182995326292
560.6147066527312
582.5605036782135
552.8462390221409
568.2336718889917
592.5987658134434
600.0968887580984
578.2284712773771
528.357571291414
593.1478604615936
599.0885946423701
570.8294950218119
577.5613454982455
574.992510121345
540.640301770924
580.8586882890652
647.6293104647565
596.4333058396262
569.5082691978308
593.680682364855
577.275181169801
554.5837463462724
565.7986467819583
568.0264308484263
536.8420244596462
577.089992170196
579.5964594511387
554.0545294727552
537.8442051245629
547.6774018502406
586.3654470425863
564.0708437785929
625.9452659710414
537.2120522592984
560.4427464139027
533.1891760641231
612.0678484661929
578.6250624991283
572.4697469776349
590.923868484676
515.6289954627192
590.0889311163824
592.9316647349501
597.613782624134
566.5805359220559
604.6152357680917
614.6975814964462
585.0788941930415
582.3113447056623
612.1561671557224
579.0523215586812
596.6479403950661
585.061861696805
567.8552843666982
610.7037903708681
598.0636650549843
593.300925301701
549.6904276701514
562.6838119161537
580.5216610539542
616.13808244214
596.4580213351737
618.0262050541398
596.7983909062003
571.1897038893939
613.1974811167047
622.3654527799056
573.3671252333168
576.0117522797393
516.116076213364
583.1851751203352
558.4517104690149
557.3564871807826
552.7675105244723
543.1798711231104
611.7271713253153
621.0590498158808
652.7517514533048
543.7301763794419
567.471548200506
588.9554077393112
633.744774481471
634.230905707421
619.6212707886443
588.5748181426645
576.750940953883
554.0422621829601
577.9835584154516
647.926365966978
591.1665871214723
579.9555845691871
603.3387244080734
553.9329693813667
577.2089008789719
599.3886364684724
578.1624701895399
593.4721316444059
517.3323244003386
548.9784256774531
573.0178807424171
594.6275124715405
594.164849077367
548.098599416099
605.4002192010889
587.5380962237128
510.88361413848844
602.6632228378467
613.0804876228328
615.794270100272
586.1411698023205
607.535062123697
557.3851361059752
560.3138015434008
596.9046900238399
550.6487668269579
537.8594155309438
620.8035359197272
667.918564115061
582.996223267141
596.4397824140118
567.2537257060585
537.2470968253203
536.5857540773443
580.8805155615271
579.1766562782125
599.2391983296823
592.6150335732784
558.5633554527049
599.8229584368635
589.7798508154409
574.6137060933297
585.7365353043391
582.8170867485427
587.3812615177719
644.838163593625
606.3052394481645
622.7855411375647
555.1635176604341
569.0305161647233
553.7478799532182
659.7052159375812
546.3629913419802
586.2894375169235
591.6070220516563
568.4506475526916
597.3533552351037
568.0375153439294
603.3902823707544
586.4476873649033
543.2681651810424
581.0094957740021
553.5075423532239
590.7755041464546
507.43309595835285
525.9032184949489
497.0675608191256
569.4917841008
561.8676280022573
599.4714361597945
597.9658400808643
593.7130095777791
602.1965803912308
582.6022494588641
563.1464435516577
583.6090136015971
540.8635843661025
603.6461752435569
592.5298856503894
578.9540277881571
588.5060429521354
610.2438162104481
592.2429769280541
583.807754936195
631.0472274873682
606.0986008754155
537.8750132232644
561.1119325664223
576.3027600692152
526.942283922054
572.1879879498307
588.8840667057831
580.4810896396182
630.4599574753827
616.5795802844073
598.4421882855091
594.2181683398952
536.3254859925539
521.6676784311112
615.3507185043114
606.2123719353544
560.3160090903375
565.0890488448335
573.1221471616949
581.8926688434575
524.8483462171438
588.9463033575727
566.9468480119411
610.0986640433196
578.3980377621153
602.259780560038
592.9099287713022
608.8281774093329
549.8987022775318
555.0901522207203
621.5301920161745
584.3561937356146
521.2358603968809
575.591260736002
599.5362284761331
576.652110668269
590.2661118216316
604.2853706326414
616.5927817349525
594.7157960846182
632.0528418250017
551.4283605431805
642.8302944403257
611.1195197987832
631.4194197048439
588.3538696673191
590.0067112283098
605.7167385678531
628.1044139463363
562.0720030210681
557.9176464549365
601.9463041870004
579.7657340010077
600.9927324838831
602.658950340524
634.0378913357101
579.1457739787529
602.1838091252304
613.8300015881064
566.0738143168232
593.638443620249
617.9785240720289
542.5832274852945
599.4784935166532
566.9881022626132
627.0188603495944
563.7012393872226
612.9316809633359
587.3641221244875
549.3532258768798
610.6771353958811
616.7011146538302
502.7737953810881
584.8243541981385
574.9202135885988
586.9793968996581
581.3227190449187
573.4713718404412
588.0853965197715
576.5798600940743
583.2346769561832
620.1688949229208
550.4230291385029
621.8113062723936
560.1996713184719
581.8729233482018
586.9385143762244
585.4065766487246
604.1180382914338
625.4551808509392
604.4129062342854
603.7354518823407
577.4518241699548
545.3611284875669
574.8571139102505
597.2947984744569
618.4851091590964
591.4051374331334
584.0095334656571
573.9884925129542
598.4216792395149
592.6785277632989
581.7450234152831
592.5278547123979
648.166314055132
570.9255351506426
586.8522024476239
587.1748093737774
565.5763135691656
608.5091262509254
646.2594385859303
548.6165546746104
626.458683445116
598.1159182599504
585.0200398739494
626.1858784912407
593.1517706947778
585.8605040079746
571.6383277442388
550.4333268688624
584.8651003579882
618.4508117835012
615.8012619174903
609.7226415768286
609.4003645308044
596.993211861814
580.642904637873
564.3904058920115
634.87583795708
580.304501376176
594.9867926198656
510.0003287434281
568.8430921200062
556.1134321395266
642.3023394104616
590.3749732411588
575.9056145290449
507.9260104106978
560.4644718343393
617.1415064641066
557.4267014072617
582.0729852840077
586.1918915337194
585.9378651362592
580.0405512471235
547.0894900116477
602.2263191122532
622.6518385608143
542.7633137144297
584.2714451014974
628.346379423861
595.4487433332959
596.3560449211839
608.7111776488242
571.8660785096408
575.6413849971791
566.280729659208
630.0878954965008
614.073590285721
597.6145529776461
570.6550952012417
586.3049694097997
638.2272444064802
508.40905746500914
599.9543845837386
584.7697365256947
562.9668247489882
596.3353018507455
576.5959379362783
582.834210117753
555.1882478514548
550.5049567319168
602.3572136726307
612.1815636367073
561.428125136907
578.62533073646
541.0702948810392
583.4322554220266
603.704089836925
567.6493832684591
566.8252146455279
553.1724131506786
570.6470164150996
565.5401442655352
595.8276762764488
597.5112792689612
588.0508372719586
576.9848657459486
531.7437958387507
618.4083165130678
605.3422408214071
594.0569447774205
565.1614722327815
614.0430618503976
606.2014994967803
568.8280690753256
601.5959458991513
643.3203164358123
574.69425237468
628.8989979373953
585.1106179479491
616.4319423259208
619.667148255307
579.8624618842653
559.7923463230422
627.5945437169548
616.6488254862793
572.1060660501998
607.0587390457931
536.9269982843326
594.1588829476524
592.6623347026731
594.8615978832596
566.7785179327926
595.1870741391773
630.1217435267986
601.4591000036338
550.3093332183557
625.9140860982548
634.2380307158688
563.2424041534161
596.8308812062235
560.1764394478271
589.8446296177701
624.547785385394
545.5874165249053
565.2847276390975
600.9001200271864
584.0052745464387
605.6746892086926
531.3024089746243
560.6388102125892
585.404835514338
528.3147194172788
598.0786444135347
598.1033877496222
530.2346310310807
637.9995672221733
593.1084115442702
535.1490231590064
619.716063197332
566.3846353271293
580.3966301658206
551.7195351476805
611.1311066019313
578.6321584498949
608.0746229474937
536.902964154528
608.9550996550639
570.4173595345926
590.6974236906226
604.6291738712496
569.6709247395395
561.9034042948047
588.3953868879494
589.7027258955416
650.2517436634596
574.0830046543617
589.616739593472
580.0001120739432
605.110523954645
580.9333000290537
581.7004694639097
609.3768861525602
629.2469967168254
601.2675270755253
574.0756413809046
579.0905017960622
497.2940632001556
598.0873898465761
596.140622188904
588.9648109518878
606.6583153804103
607.7515252608669
607.4836586300572
560.4546984239703
602.292519166265
623.1312776897579
598.7125058856745
555.938856777771
572.8059316869321
602.3756700976039
622.6606421455672
581.2148553146618
561.3934010941728
537.5216966359003
586.6082949194476
597.490023044342
618.9847217020213
545.8678167327218
576.7299781931833
607.8034043257469
593.5218468800861
574.795539562363
615.8162506997309
580.4120780368071
564.9192734096965
559.2899785503414
637.4257596662757
611.2933307231533
571.9821333373671
589.0688037145824
579.6439419513672
597.9704567907181
613.3823200487516
635.1439052849056
601.968117231636
545.6762723390875
587.9657674554786
599.0580742638565
540.2498417660545
565.932379597421
586.7908793454084
535.631327166308
567.2908418802532
634.2623100243366
567.5947907312577
606.330888590264
580.8329357419923
548.114744446736
638.4977003748065
596.1453614445982
590.4627808017625
577.4195240229143
604.5034466882634
633.5254719879256
603.715178428335
576.5722774573084
543.1531127436508
605.730943792355
622.6197078349023
568.1982467899982
562.0825180181384
593.7727438939985
563.3150822221623
617.0254459092146
566.0216358601697
565.6469862828667
597.3192742017702
603.6153324964057
588.1948282165852
592.685231008772
583.0419770222736
571.9223763461189
535.0145996117222
598.1339287449276
562.6997815549969
586.448451638761
608.3082481006026
595.0928774790475
591.5734474653705
508.05367070353134
575.6095819814971
569.6360549678379
522.9986947446104
591.3904995836856
569.7622910459054
572.4571343392932
606.673692940944
582.706511052856
598.1596350225833
582.2613814515832
564.1754971378989
602.9920156681254
557.2461485285739
612.86896179718
564.5436522205315
592.3613963073161
604.1096436892698
598.4141549479548
551.2413385320975
573.0418308045089
609.9253373001274
579.1493578447231
575.3063880426862
574.7931547786416
622.8118633247785
613.6802641392361
599.6494249499008
601.2617139069368
639.0366676476827
588.0489203579357
585.2371688582305
586.3414299698628
571.3785422057376
569.672541077947
567.8320897598985
567.6328126343922
585.4616618418302
616.3225175191703
504.7910353342077
606.7986973112455
570.9591558466125
564.1688574713951
554.18078787218
608.0966953984477
608.8757963265153
572.154224542775
522.6239396033973
596.1101069225056
578.4439570532754
546.8694701083015
556.3059884398122
601.9085095525315
605.5595947109924
570.0358218383525
548.111138274468
564.612748229905
573.7118526049337
606.2276632082212
598.0814888827383
578.9615857661743
617.338066445518
569.9578946267421
543.3301225354867
515.4838663211901
607.251541673061
612.7603366112218
580.4841737385725
593.8632016092722
606.0727393208895
587.2750139351415
555.5747652045925
616.2568292311264
603.8024016276491
566.7447586614119
623.8091195946397
610.1810188368029
626.7317616702703
566.6234345192487
610.1887099835064
600.0484455657587
576.7890509725146
580.5257207746221
585.7386878350655
