Model: IForest
Dataset 11: musk.mat
Time taken: 0.8057947158813477 seg.
Accuracy: 0.8350515463917526
@scores
0.014262892596638377
0.016409933159774126
0.007190537917747264
0.017109197953549704
0.017109197953549704
0.006847495802544734
0.013825154091492431
0.02028439019128392
0.019932491951125786
0.016381268547545402
0.019932491951125786
0.01986853587526205
0.019694678401530497
0.01986853587526205
0.020263280408658435
0.016723474425038964
0.01808568716631953
0.020263280408658435
0.020263280408658435
0.037467315582663585
0.03256250660763038
0.03852276389127285
0.03837489780667569
0.04269811422397307
0.04086530551862
0.03982311476348055
0.036573057468714754
0.03982311476348055
0.035481098719135296
0.03982311476348055
0.037467315582663585
0.040986495484235275
0.02675996729149066
0.040986495484235275
0.03035445148931437
0.02848990685486541
0.03071340347063567
0.01942511124776536
0.01942511124776536
0.028916080131006328
0.028613573680944193
0.036496034165534486
0.028613573680944193
0.015793667518304355
0.03042074557770824
0.03042074557770824
0.015793667518304355
0.015793667518304355
0.03042074557770824
0.04044698855972528
0.04044698855972528
0.025383254538365985
0.036496034165534486
0.025383254538365985
0.025383254538365985
0.03042416284081839
0.04447176345826742
0.028727943782797638
0.04336549998011818
0.041676453006655456
0.04006299047656259
0.041676453006655456
0.038680787100299874
0.036496034165534486
0.01807524000267402
0.022615680517772407
0.02224349175884799
0.028225522909926304
0.022542352841169344
0.03732538141143371
0.036961957369360365
0.03732538141143371
0.03088350935364259
0.0306979306096401
0.037467315582663585
0.023974249458844743
0.025722441487718295
0.03203959788610311
0.03231675252115518
0.025722441487718295
0.032985553006393054
0.038380028870680705
0.032985553006393054
0.038380028870680705
0.038380028870680705
0.04269050598242252
0.0490776598340813
0.0490776598340813
0.03073968038645003
0.033587185576044676
0.03073968038645003
0.042279450726450674
0.02922052230302241
0.02922052230302241
0.028375585274672877
0.03195610861698728
0.03256250660763038
-0.020986973461949943
-0.028312422910248047
-0.022621211045272316
-0.0045735236755319875
-0.015479451879909067
-0.018257668445281205
-0.016946517963912444
-0.029770405082143514
-0.030330894484951354
-0.033487090209038395
-0.03439798832075802
-0.008566842363894267
0.0024171981528542386
-0.04038188151732147
-0.02414987879739
-0.01168353724869714
-0.011855394705591604
-0.018905594406611437
-0.008031906205368144
-0.02212545842807989
-0.02336219962614089
-0.041530382829069123
-0.023361409287126655
-0.019574995798673
-9.197134357918912e-05
-0.02114611418139334
-0.01722596462459569
-0.026990662556396094
-0.0035090359798181092
-0.014462395905850078
-0.02912684016197159
-0.024297489053627663
-0.015166355053430891
-0.002261011144472913
-0.010579682500848564
-0.013206364618587596
-0.010316475923721036
0.0020884682527544385
-0.011545355677614888
-0.03617761334191105
0.0026329772111024496
-0.03420993567014158
-0.03520141107622499
-0.011753732048861099
-0.02009110809136211
-0.032223536025624
-0.03016460688315259
-0.023455510266414625
-0.030187753938043516
-0.026299396013846177
-0.030720665751131138
-0.019435056539743367
-0.025897504819010098
-0.03023498529052593
-0.033941349490544725
-0.04113450062373408
-0.02310575018259342
-0.025088587556899522
-0.021047663578180165
-0.03126528341854157
-0.032978535775273765
0.016535765855853257
-0.018851146038365296
-0.03207929976875962
-0.03069184248442197
-0.006687096430158301
-0.024757606272102717
-0.027087964825957822
-0.026690029785622238
-0.031190732394720866
-0.025502727858017438
0.00812785046096054
-0.0342408255714704
-0.01893970710095838
-0.027123251878847454
-0.018967924269565006
-0.025942391757273364
-0.030644609494941077
-0.03082382660475569
-0.030437983785121192
-0.029119537127770767
-0.01937241973402387
-0.03299209044104051
0.016829698074952493
-0.016735746531414686
-0.01881877919958108
-0.02752978156184549
-0.03161646277337815
-0.034176042124099026
-0.005112909511927166
-0.017679415787824504
-0.012314183273802126
-0.02900116650938822
-0.01958664359799034
-0.010748737101226091
-0.008889619563354212
-0.005144535078585699
-0.008951947268536986
-0.015267626663457268
-0.008020619202354418
-0.02567994944278995
-0.007479505906526296
-0.039961459993276605
0.0015693302926084174
-0.001752203204906655
-0.05189866602217147
-0.029455062636628393
-0.03217309550700009
-0.031748283050032466
-0.037105421190537835
-0.033380713351435665
-0.036491900923126874
-0.007544923577314955
0.00579638895120671
0.0036240190199170463
-0.04587246212400642
-0.03238511189646337
-0.03344617809597694
-0.016187570896900927
-0.020382676925616183
0.007003218921412091
0.023264438048713143
-0.02684204572547938
-0.0069509812256428605
-0.02677114435495037
-0.008586794781113405
0.02807715709646663
-0.01393425466691145
-0.01777289487438566
-0.006083718454267528
-0.007863710418815117
-0.02402262016419132
0.015942235432447105
-0.028729346156124047
-0.01674230865080778
0.004210136983861634
-0.017889025278166215
-0.018420810555286604
-0.023639806247098327
-0.02566447332743399
-0.009499984909279613
-0.0118491261195256
-0.03354744804684762
-0.006508617139170447
-0.023409566240291446
-0.006532458805981967
-0.01821808816728715
-0.021283556607853804
-0.0069344297506409025
-0.0005955229018217989
-0.018321123671167006
-0.017646236747178523
-0.02374853445953562
-0.026622932082038087
-0.028457087149164895
-0.015906654063020054
-0.03855177740146437
-0.027635298812881348
-0.030350199499853736
-0.026897058079135228
-0.03082241599232638
0.014106444606792001
-0.03544980275251808
-0.00012266583837111655
-0.0037247758132461506
-0.014184275314582773
-0.013697516546295918
-0.011967281349601289
-0.028547650368010213
-0.031022280767218857
0.0007641745714779269
-0.031327540298882295
-0.019161712225869154
0.0006591141445054793
-0.017325117378314492
-0.00931434215563498
-0.013237508737775128
-0.002551821308552804
-0.024556633415522167
-0.010749412158322369
0.007063549413395709
-0.016072168099147244
-0.006938778063985962
0.0011655504606395972
-0.019195856329965955
0.025932355345565816
-0.023139682636176107
-0.01928019957083038
-0.006443573807911274
-0.02848189512236271
-0.025390582259999184
-0.038868471494341195
-0.03316582727732925
-0.017227597491350333
-0.038638851898490756
-0.03951078948557424
-0.025230474484815912
-0.013836814373428152
-0.02533422223698978
-0.006989388486628001
-0.04320022922565109
-0.031331080180709514
-0.027723111593185468
-0.022892175619895205
-0.03376305074051811
-0.01573843298663774
-0.0313363947173565
-0.0379717721217388
-0.028953669498169465
-0.034176565906067935
-0.01793735556186482
-0.011039874969002939
-0.025773569184437795
-0.01776974532975706
-0.019639919738061007
-0.025216017979485528
-0.038133136269969115
-0.030176726951814448
-0.021552703612285062
-0.027830954621557324
-0.03354590481133107
-0.03526975568145968
-0.007483462402865126
0.014537323511965128
0.014572789098884043
-0.003585376855482103
0.013671540860657139
-0.02602969618870049
0.004856442325108734
-0.03066432884446879
-0.007968034279451919
-0.010474715730981798
-0.027392410626843278
-0.029809150231092707
-0.014706387790713926
-0.027375387797196338
-0.03508154040458361
-0.007334555512813423
-0.015109708147623357
0.02176694060945561
-0.02673528279500953
-0.02829859375949534
-0.025090523490419403
-0.004883530499891153
-0.022430369504750303
-0.027030198539907235
-0.027713114502939784
-0.01414852796541416
-0.032420467263068464
-0.012257742521959047
-0.01599652407555535
0.012129282336561409
-0.02769732365455496
-0.013032020445096937
-0.0006764312390962202
-0.0248592805968344
-0.013511728331532191
-0.0036692063735830893
0.003998210197181495
-0.006438001135984972
0.00583041972838505
-0.008339361742880746
0.005284448810013109
-0.018036749687694253
-0.015788954893169782
-0.02432169365761816
-0.00949729040668168
0.005586822829363847
-0.030560672353611984
-0.02180201446168839
-0.007347663248588043
-0.030037309008122515
-0.025051739671120066
-0.009621451221434318
-0.017365382361943626
0.004407522769233396
-0.020072716127828127
-0.03525875817181168
-0.023752052687864234
-0.015384015940846207
-0.028509374131588605
-0.02075250119033656
-0.007843040555115366
-0.033444756960711475
-0.025814935448529863
-0.008190742470729762
-0.016043124764310635
-0.0019394170679563616
-0.011293833278302245
-0.02267758013303761
0.0028816279788700383
-0.010130256036303686
-0.006394875782580245
0.01209297811904142
-0.0036344527569834306
-0.017103304126177832
-0.016108898278587913
-0.020823329099197485
-0.02622749038295341
-0.02980440532934986
-0.0162118136878473
-0.014292071748678026
0.008925340441254814
-0.01672760817011565
-0.022616111697652652
-0.023320324316768115
0.010882971124390184
0.0034678793554080434
-0.012817568389143053
-0.008829965298613296
-0.01996315557457712
-0.02525469385036494
-0.020884832856058078
-0.021166050043800178
-0.012670148383878699
-0.030931529544476366
-0.006655644170295294
-0.009915316742778013
-0.025192319225715853
-0.002893810506734651
-0.019584058034492813
-0.012742216317656818
-0.010154790186187479
-0.006985571798917678
-0.010725104948140551
-0.019948166419833935
-0.024962697199173378
-0.0019320642568426138
-0.0006951725145453169
-0.010904573110948723
-0.03427443131660335
-0.015843063499368037
-0.008971550690975105
0.0029843720374480576
-0.02032684872279117
-0.022401032508836405
-0.00992960444159785
-0.01914904491929942
-0.00934266851882165
-0.020945624605770097
-0.025895969004117836
-0.004792092869313425
-0.014976455322439075
-0.016120251936162955
-0.019067752474669186
-0.011245544151948728
-0.004948303262072906
-0.019422898639181674
-0.0049934117219253005
-0.00636961518348933
-0.010518443333191962
0.0002037210630086994
-0.006680379680335247
-0.02358247335442537
-0.014539242394715213
-0.0007131315838574404
-0.021702755586671785
-0.02196576650562343
0.012938939051941767
-0.015210690451065878
-0.017629673374131127
-0.0049200685934919774
-0.013089293831221815
0.001819384119233547
-0.011069106505374515
-0.028263263854018505
0.00325482959528689
-0.019696035493585617
-0.02108609816013296
-0.011752379807187963
-0.01768971159029631
-0.004294058542455681
0.010765057749036022
-0.029797207475435572
-0.008425606384270479
-0.031797551904671484
-0.0006033842532265354
-0.020492805616696863
-0.027684673038741336
0.001098668410200565
0.007331538964620132
-0.00991237344963325
0.0027229499464554996
-0.032301741830386144
-0.012429620440689071
-0.00931564735578061
-0.02087713814219805
-0.007287865688320072
-0.026537498929432135
-0.014870085269873212
-0.02002037019776598
-0.006287040933896648
-0.014725601480516382
0.023243938646808737
-0.005417617092010385
-0.012152566390737807
-0.023034828859886003
-0.011852225685096918
-0.01185096322029544
-0.004445183987187962
-0.00796413435298865
-0.01964403099913653
-0.01848971808564792
0.010635441862072326
-0.010824362552449451
-0.01954175154515342
0.0068770070287157425
-0.018844963722240815
-0.014522774722514342
-0.01618737114883667
-0.021834424399854335
-0.011808973828741742
-0.011654200798496661
-0.008860138842337328
-0.009012310959395697
-0.00019236918904963485
-0.010048064757426811
-0.01581222476935945
0.012723551305434566
0.003157494182105869
-0.02049482699645344
-0.01584483605141862
-0.015047277990010266
-0.004102071910496885
-0.008355863267178132
-0.012121370021109967
-0.007100501926955605
-0.018346058838280388
-0.006339493366868343
-0.031859691622200426
-0.011269529074663276
-0.023100526563120283
-0.015930967295361864
-0.0016383618431705105
0.006072118656501702
-0.0033312844154559373
0.005086145766757255
-0.013590991411765119
-0.00266180049833864
-0.022673491108155253
-0.007943639496859611
0.013440574151413087
-0.017242440374807544
-0.008175231181247578
-0.016281497396791855
-0.002810476802862949
-0.012850944816700016
0.005465847113972022
-0.02041933555221359
-0.027531249000662283
-0.03875149903773245
-0.005679731646943631
-0.02482557611254188
-0.03006533759712321
-0.009681230929535545
-0.01709373540487419
-0.018340496832258024
-0.0033646787830352576
-0.021222440374010887
-0.021842506028502462
0.0026742652535520772
-0.014116981876151236
-0.021738659366632496
-0.01164450098514247
-0.011585759423217545
-0.01004098960949773
-0.009395971230951483
-0.030993784330494878
-0.011741261885761911
-0.027942726496956893
-0.034205261016748145
-0.010612244087391531
-0.013234345383904444
-0.008987568513958377
-0.017835417478170967
0.006777004967474798
-0.02129567142418992
-0.02159606167677869
-0.006477773552700183
-0.018835338245151045
-0.004299224237045041
-0.02963757485788171
-0.016576179507366284
-0.019272446927496745
-0.012529365964993822
-0.010433020790024061
-0.015684484775370544
-0.02773876158869598
-0.0342824986046702
-0.0239565602784505
-0.03637904461936947
0.011576349220702498
5.3945538999400355e-05
-0.0034528884374736557
-0.006290148894881609
-0.014210283091907971
-0.011999055809883918
-0.010735251696848636
-0.02338949807020202
-0.02185363139123897
-0.011420796271790379
-0.00914281553579216
0.0009733801774763906
-0.026224332741525858
6.199930532080344e-06
0.003348065404142675
-0.0004532505942700382
-0.021651013185112256
0.0055454029210522116
-0.015424844083853917
-0.011467574233541833
-0.027583082490681032
-0.017034738613994904
-0.023620888586423694
-0.030146985985798846
-0.030492394861375283
-0.02342986632569577
-0.010312524666269696
-0.03074342485863335
-0.015474617523919487
-0.03191534213212993
-0.028026355272375958
-0.008198737654621258
-0.029680357225395915
-0.029647372533550487
-0.029804144597920912
-0.0063973495682193016
-0.024640039188412344
-0.011028493492543257
-0.018642198969606394
-0.008280393984723189
-0.018051174780400303
-0.025893161217090732
-0.013812209410196175
-0.004043373669450789
-0.01763680163257264
-0.011954133525495236
-0.019281496453153857
-0.020198237286170095
-0.0339058928471776
-0.03414417698421984
-0.017737167179909086
-0.009131839905633932
-0.037049601711067914
-0.007827152600748788
0.0204334580625527
-0.01887957146096586
-0.022484975694660625
-0.0015313022126480225
-0.015024047756913683
-0.006689318856092419
-0.027796111814168467
-0.04411773179914241
-0.009796154859855521
-0.039243771593230115
-0.015746388489627672
-0.014939135402291803
-0.014310394058624165
-0.006556355270677827
-0.031197550826267573
-0.021811399520238473
-0.03045777018575313
-0.012972663019283348
-0.0024417725053601513
-0.02674480157185577
-0.023608555439251833
-0.02102787571741488
0.004420866229371767
-0.008153942449165452
-0.010546926599699968
-0.00883085212318463
-0.015744960365634664
-0.029860076165807437
0.013480996949008839
-0.01843236861111769
-0.011738805587732104
-0.008942058152592303
-0.030564722957766743
-0.046280545494126246
-0.03306811231488366
-0.033909625090672246
-0.03376835451628424
-0.03436983422404072
-0.001958480044571942
0.017169006299017076
-0.01734017395901477
-0.0058238826575728875
0.00015776575485260125
-0.014043716054086886
-0.015783818556414142
-0.019269561089173437
-0.013618211451235374
-0.028658759682019863
-0.036276344615143785
-0.03874129881129834
0.018630296112668976
-0.022147112430114968
-0.02434940533915625
0.023078098306409722
-0.029582724759043777
-0.010018451436936138
-0.010588622350328036
-0.022566823823146565
-0.011695919511003072
-0.01076022620252709
-0.024490173392849313
-0.03541433528811222
-0.01640283667989967
-0.0270774030108889
-0.021486126326700494
-0.046815503316130824
-0.02414347835790137
-0.02470584671801318
-0.038387625921518176
-0.02970169739506806
0.0034380965986934298
-0.007970690187972085
-0.026957634183119805
-0.03708783408616162
-0.032228014145928074
-0.02972030793083258
-0.02082229672899255
-0.0019626020449811654
-0.020693090328691155
-0.015210485527652917
-0.022703086331073707
-0.00024284494929371903
0.02680731415466764
-0.001899878945315403
-0.029179448579417233
-0.015895519390705326
-0.029728467250592916
-0.011722505084019397
-0.006749691851339279
-0.0242365521491954
-0.013222225265937748
-0.02147928497795093
-0.007091424402185131
-0.009470585623799321
-0.022284504529507643
-0.03653709707700459
-0.018742030739002713
-0.0025090809806097014
-0.009848514844730927
-0.026112750762280812
-0.018969393359081654
-0.029665188513022855
-0.0015342551945101701
0.008800257771642839
0.006799343563542393
-0.018104885836544682
-0.018669564198086408
-0.01698709112713126
-0.0013580758557854566
7.634436474424078e-05
-0.01740674178334395
-0.0034916360479870234
-0.018700248776912065
-0.015725514622709713
-0.026968781043161916
-0.01953996226565352
-0.02304248457757002
-0.03751048730483453
-0.007805414174442471
0.027089266459591643
-0.011224375644398876
-0.03384007604230521
-0.02068573071301627
-0.017964607496944562
-0.031664173411819874
-0.018759556325647853
-0.031659638600140816
-0.0175363087268664
-0.0075633799926727585
-0.0022963083482568925
0.0036003798647916696
-0.006494014845971285
-0.02760050079564491
-0.027243917627145953
-0.009524587542986462
-0.007532891014113086
-0.010518306857666804
-0.008888528465685275
0.0006735115007899806
-0.0019373774563983814
-0.0174065521037281
-0.00789263577408239
-0.009592668582190211
0.030661916033947745
-0.010401870178901318
0.012478585243194451
-0.013728002796048966
0.027170227602188346
-0.00048149053047918944
-0.023781086395426587
0.01081870823888198
-0.020989438446569697
-0.03190043221701033
-0.030842110759795816
-0.028164891145274595
-0.01975842168817943
-0.03080991358988766
-0.02821492266428155
-0.016733841732519406
-0.013784281246771113
-0.03542145148600068
-0.013048357678634048
-0.01908607137064844
-0.021568426085662673
-0.03500756110528913
-0.009073266851455708
-0.028200389945173487
-0.029192743664425425
-0.010918547559194414
-0.027222540685681473
-0.03448604383634113
-0.022804731794553723
-0.019804722851118672
-0.013249030202226897
-0.03598963486198942
-0.020315774666027686
-0.02864087008221533
-0.03564352160733364
-0.004637369458114604
-0.027021431907031546
-0.02726668240025576
-0.020916375143426535
-0.024731142113592397
-0.034145592712016115
0.00398939814299637
-0.010960328551376353
-0.01144579836858739
-0.00890082125015662
-0.025670033570759976
-0.034097924150637504
-0.03139010790801677
-0.02125332851197459
-0.02726711989899866
-0.035789236683253456
-0.02476847770680579
-0.019665982601525855
-0.023752961803941153
0.012525355453618547
-0.016971399404540177
0.0004115696080476683
-0.028932693292834488
-0.011929269165504963
-0.012843368220031404
-0.027369690178452533
-0.036052379712442795
-0.008215852882751229
-0.02106252306074663
-0.03456556294451324
-0.015166854042430622
-0.021006216221530982
-0.01862347968362832
-0.012263383971365893
-0.02081173989920193
-0.012127210517141884
-0.029887576388559323
-0.025454305626953666
-0.010943032208556192
-0.029206281998173544
-0.005975165207263711
-0.01716036739987231
-0.011642710793046684
-0.031062226274160998
-0.012649940241535929
-0.017602086565021546
0.003936463442291371
-0.03226201052219996
-0.00648269160645043
-0.007871177615155767
-0.026891618507576487
-0.026500346390546603
-0.0327630738193489
-0.016956830619482832
-0.022234408576654763
-0.025686838383554622
-0.02484577851162867
-0.028515516537150565
-0.022684542657247675
-0.013501139711834642
-0.029249830701203683
-0.024133221271289196
-0.04042316427679571
-0.017300695921984133
-0.03368256315950602
-0.040521970294187915
-0.02382637641256452
0.007440865347943193
-0.017448721117787225
-0.022505384713835896
-0.016141225674763005
-0.019361580222842067
-0.02047970502741342
-0.026104608704584975
0.011197269060036263
-0.016532415061926597
-0.011354513786113296
-0.027087949848624893
-0.03187548226939496
-0.025662077194349875
0.007469870878360818
-0.005267042780047193
-0.010739974933714203
-0.02917275634264871
-0.02050233525923212
0.008207987096424008
-0.018448826210517466
-0.028054841285166332
-0.024101516056697414
-0.005563081438659634
-0.027785765997099476
-0.022630693155225534
-0.02153660740370461
-0.023462038171000787
-0.02598792213875306
-0.012731443700712275
-0.030451304688917158
-0.014928813934553309
-0.012065594320793294
-0.01779080246987197
-0.027921468778862146
-0.02709291885757309
-0.039739386665788246
-0.025986198130227345
-0.016320483412230302
-0.016521547148951876
-0.029483981111599666
-0.016967353538822894
-0.014399515361174953
-0.03319200521182292
-0.01993311019212124
-0.03702104305713039
-0.010129125111008663
-0.03411479860927591
-0.014446979159025541
-0.032312008045155716
-0.004005045610564029
-0.032887385603808716
-0.026543839404544523
-0.017770916040111606
-0.014843885128076995
-0.015363859165873628
-0.017958174151381456
0.007234146116392726
-0.013425421894362244
0.010333868016927372
-0.02752653779772224
-0.014863072433395186
-0.03705701141583534
0.009796611705271241
-0.036000988745851614
-0.030407558516926336
-0.02384069140002465
-0.02551568812574939
-0.00446150159372255
-0.034653801424756825
0.01351519277447255
-0.03144973541553597
-0.027442007527948287
0.005601677046680353
-0.02095578897564937
0.012415815655118734
-0.015471115719955075
-0.03218173990781226
-0.02287489257360059
-0.028878162770023585
0.005105037940813517
-0.03319158668980782
-0.032016235629322876
0.012879364729333709
0.010113716880183587
-0.026637676832409196
0.012866338391381182
-0.019455629453159984
-0.0058194357762046955
0.011368059315601031
-0.020187801656389615
-0.009159315558388115
0.011577628245041383
0.013244602509199455
-0.00565273430038582
-0.03523399384349235
-0.026279632824705745
-0.029194673656417536
-0.03178701428386499
-0.019362965714388225
-0.03391352527275626
-0.02505170188115502
-0.03291405952201537
-0.041017462837309726
-0.04044829204893363
-0.017489754331976748
-0.009239134245917713
-0.025526007190133204
-0.022747514851075346
-0.02287467943438909
-0.02269669889579584
0.011556196578605182
-0.01376864013906448
-0.029523112435332677
0.004025279583956598
-0.008649718892847158
-0.02596392510153439
0.010542593938785205
0.018373630294466037
0.008969160289104106
-0.029896673144520935
-0.03019913811426117
-0.030982947799674365
-0.0025227298473987636
0.0010157321224766314
-0.03196363600759261
-0.02640554021758701
-0.00586319734419416
-0.03822015731611739
-0.03183980848376766
0.0025215408797580885
0.0016408431039630633
-0.0003829641474723533
0.0004321179070224668
-0.03754076923110655
-0.04259190945014352
0.003841379973331782
-0.0003252591100553759
-0.028245995988075923
0.00767711374419644
-0.0017790734073012127
-0.020047602616495686
0.027780151303021028
-0.007137633173614655
-0.020951534892127255
-0.0244413555432324
-0.015199116846848382
0.009422967571258378
-0.006685230473093939
0.022287051606904362
-0.006256510279473881
-0.003115142360176293
-0.018986586543424777
-0.02628265635680499
-9.105059483244249e-05
-0.007730077686625814
-0.019077277011743
0.002911334164728885
-0.0026140166601537618
0.004192115435254551
-0.026017301581377716
-0.00404996574162253
0.0009058207136211083
-0.012832650457581973
-0.01831811186404797
-0.02130095645782676
-0.0178772243512626
0.009919646140070904
-0.02515473904388632
-0.007791860964903419
-0.010546996636778216
-0.027013431114985054
0.010395794277937465
-0.03306593117863299
0.014309531714426948
-0.0005708318578184213
0.009723559495975365
-0.018438493141095802
0.0006757300980094749
0.005349339485498317
0.021852784047707297
-0.014157195702191039
-0.0278320811743355
-0.019948386878463287
-0.004428414809084402
-0.02504418239463785
0.007806646564402775
0.008168664269777914
-0.03327086383989236
0.012597075054758045
-0.01577750078733986
-0.033535196997800554
-0.029633508370122907
-0.032549276499186375
-0.0018408160004002583
0.00067181275452044
0.006998942089227578
0.006869605167540316
-0.007518491190292964
-0.010872700177351813
0.004528040936722322
-0.023826099439003323
-0.008816612922410094
0.0004883305384641989
0.004555467266674662
0.005344007210710822
0.037103747504921736
-0.003798187290329269
-0.027286515270322276
0.03568201724210296
-0.033980679068688846
-0.013041567888168848
-0.001374429977271996
-0.02420724601516855
-0.031283053753505374
-0.01916767247449802
-0.012277070733331508
-0.014768126080806077
-0.01590003952664859
-0.013576228020699577
-0.0025692203135581626
-0.044224597951895706
-0.03558108483393335
-0.05112996226276362
-0.059700132703281505
-0.04253995255013654
-0.04155538216724064
-0.04762792507516905
-0.05993631244437242
-0.06912849462553544
-0.05222630310394638
-0.04750616261211138
-0.055766828424477444
-0.049501163154495376
-0.07056181568828812
-0.05699937981142489
-0.043874914374640916
-0.047287471211467924
-0.06198760922191254
-0.06825203736493951
-0.06228729761551621
-0.06004996146477892
-0.0780071771004543
-0.04420845385567601
-0.03746595338278691
-0.052942297754586254
-0.063767871930414
-0.056078957131962204
-0.0307990093311738
-0.05281081606644994
-0.053192575337322634
-0.04286431193381923
-0.056045919763259955
-0.062244373898592886
-0.060279851919312843
-0.06312435538902517
-0.03751683647806081
-0.04881843726589824
-0.03911372460994289
-0.051275369427877304
-0.04326289951291773
-0.039295068198684724
-0.03244632030977135
-0.011775995703332987
-0.02172302021662137
-0.045306197644776725
-0.03987290254141501
-0.045276596873900676
-0.04134772321904179
-0.027392036449361612
-0.051353266567712996
-0.06842718415345939
-0.036502309626816054
-0.06211462105420312
-0.07462614216264474
-0.07012535953533011
-0.054257456630369016
-0.07238950683048928
-0.05119883363252975
-0.0218838748015468
-0.06569275661117246
-0.03901181360249534
-0.03657620635619718
-0.028090852038223646
-0.020888969855428596
-0.06137986305860155
-0.0629924869234415
-0.05304481344805323
-0.03472551145690361
-0.05512139515071873
-0.02982411099574922
-0.05615969543222704
-0.05080125356062509
-0.040865195959321476
-0.01840197043148384
-0.03184680623619651
-0.03967081483536311
-0.02726481725480251
-0.04386670681098492
-0.06007490148347544
-0.0557318605539362
-0.03616053290801441
-0.03527486634242011
-0.03143263942305358
-0.051291922949617486
-0.044838931287704165
-0.0644372933823063
-0.03828665390286784
-0.05462085339709166
-0.05721951144935672
-0.054807774000378284
-0.05542389146028698
-0.03724369154018092
-0.03994505215115163
-0.053586035231245055
-0.05119451303324535
-0.04580672589519702
-0.03431528309334503
-0.028061442502151535
-0.026242415323657564
-0.045271595502469786
-0.060056110076404545
-0.04212654869613153
-0.0377865549960556
-0.07095853864202412
-0.03719370440633407
-0.04950798521856781
-0.06154704206183409
-0.03188596444832603
-0.03761390332418141
-0.04079967367747667
-0.07248065174116786
-0.050526425752589865
-0.051820937968134584
-0.05207825218030182
-0.04453467276145834
-0.05052992245054316
-0.0526894717632615
-0.05604656213772419
-0.05314900126564426
-0.05747674413617698
-0.06767586820969751
-0.047703884398415386
-0.04278569085240591
-0.07793503565909204
-0.07319716502954815
-0.031110051745640244
-0.06631070779651826
-0.04976877994515744
-0.06731159218595667
-0.048005804524510864
-0.06382084848625985
-0.020517886309393718
-0.06923907287408021
-0.06689048991525698
-0.04531489235323721
-0.051464339759410616
-0.04885345610186054
-0.05765904068215455
-0.036182935793474647
-0.07107318142300123
-0.01980212273977877
-0.05766674489233936
-0.05651692930839358
-0.02290673976393265
-0.036463367314467254
-0.05745509940035498
-0.06947527998784164
-0.0287878842567999
-0.03851067708453326
-0.013444723209354692
-0.03130251794728234
-0.04995604908319662
-0.05531460103675612
-0.0422950459406255
-0.04775941191738681
-0.025602432314022983
-0.053906628318971195
-0.011432603667906605
-0.017186925101759176
-0.06473556629061195
-0.030807926102971728
-0.043697890790629246
-0.04614972085260877
-0.015144513177700325
-0.03359684567547594
-0.05742772031304233
-0.012932646662766334
-0.04833408834483999
-0.0348062695741872
-0.05879114673323166
-0.042937283672697224
-0.06262713400913578
-0.054616822513034846
-0.024273024334610205
-0.049580135861337304
-0.03313977713215338
-0.01882118965955809
-0.05662542780697771
-0.07211671439634887
-0.04839084675074312
-0.029972687364902273
-0.06072521288809174
-0.0447322811083013
-0.06082047424283077
-0.06896930842591814
-0.05330649863413928
-0.06037512936347611
-0.055486868600913286
-0.055276585440937054
-0.062153274810927306
-0.056783971278705436
-0.04831816051968196
-0.05174718268933726
-0.06490941082150326
-0.06929384653518306
-0.048325324935792835
-0.051655173504531415
-0.05460830233699937
-0.05869004100179126
-0.0660051563380451
-0.06053049621255746
-0.04375603800223732
-0.07291263598793107
-0.058650495915393897
-0.06817196305945894
-0.08040778707192298
-0.05826729663907171
-0.06099646778047968
-0.06473878294219726
-0.05831993957859466
-0.05810914865007566
-0.05499085451970126
-0.0540823781315205
-0.045004826870637726
-0.037588191732981335
-0.05195239149075648
-0.049505116546051164
-0.06583404632527934
-0.0627324923842556
-0.07030551023512416
-0.05693739691333166
-0.04321566001792293
-0.04402560738002054
-0.05252171084739776
-0.059409232223444186
-0.0563132346062209
-0.06279614802138245
-0.04073689601584568
-0.07131645859709096
-0.04650929524076175
-0.05331769354706284
-0.051989328755116304
-0.0560173401882717
-0.048767182642467155
-0.06410839690256742
-0.0392632037857234
-0.04085019422657865
-0.021115585786265767
-0.06271049826477676
-0.03838652306447171
-0.05044215145608488
-0.07317873750714693
-0.05617372730083775
-0.02712488699105864
-0.04637934340600108
-0.0654913818867831
-0.024127320823864262
-0.06517720406109301
-0.06591194294052127
-0.04589216998632839
-0.03715661328466008
-0.039993836408992456
-0.018132608554069563
-0.06198104520582859
-0.04441106205691797
-0.04285481695707438
-0.03904532397502142
-0.07793228122485801
-0.06975083098905333
-0.03038778732778402
-0.04387680528052024
-0.06438204288879895
-0.054506105507653946
-0.08353596430150007
-0.03925295905370124
-0.034753122527739266
-0.05250422806214389
-0.033761498294547
-0.0604590068706336
-0.07833713980928292
-0.048519358000354174
-0.06218922701410351
-0.06156245990536524
-0.036646964442986985
-0.050852322376266246
-0.05077423823536831
-0.03196253433600066
-0.04023807209133379
-0.06078345578854916
-0.06368287742210482
-0.06385981646409833
-0.04256777816536106
-0.05720464412641674
-0.046116535344930154
-0.05696049135060943
-0.06543862759328545
-0.06701743514483538
-0.0674473033585421
-0.07477549470037931
-0.06715447051289719
-0.06695357976779509
-0.06717982307653847
-0.05696864464112533
-0.07853289107723799
-0.061712219451401484
-0.05379989041465283
-0.07375749329738662
-0.06292463618440358
-0.03820623951179003
-0.044536606117627
-0.06459349437007988
-0.054154636600366735
-0.06152900915422954
-0.06966416496334188
-0.07732858723982189
-0.05706997976801792
-0.052796896041477914
-0.0664052373602399
-0.07284662354519256
-0.0673979883658995
-0.07731063449284276
-0.061599922798443785
-0.07035162284620783
-0.07152436543541457
-0.06689136896239306
-0.06657466797132383
-0.06926246461912133
-0.07563092646061292
-0.07623826980886794
-0.06728489022342532
-0.06586879990553646
-0.034363087286458704
-0.06328155162493465
-0.054294029579916026
-0.06528071806031926
-0.05008397843718293
-0.06959311496268916
-0.06425431080747557
-0.07679278436646941
-0.06682805473275527
-0.06617104899350679
-0.07350827174543079
-0.06564777003144978
-0.06856423051295657
-0.05886138832283694
-0.03174514538182199
-0.04691688144076822
-0.04496158189237798
-0.03294849111801684
-0.0582663235091615
-0.04823800233006714
-0.03730978923189365
-0.037019187054437686
-0.04702026749753535
-0.03470499925077447
-0.04370870151612993
-0.03918881779364786
-0.05024953248511732
-0.05725472205907217
-0.06456657260482318
-0.0384078273449312
-0.0692267336321798
-0.04152522864043606
-0.057395342795716786
-0.044793030421627245
-0.03692606833223089
-0.06001809401174213
-0.04912590616772067
-0.04498117025431553
-0.03846405591145741
-0.04998380919934453
-0.02572735046675939
-0.0479164707349477
-0.05863062271676295
-0.07299035066122761
-0.061028518160468725
-0.05275457511201592
-0.05270420715885865
-0.0634962006567738
-0.05259298000259566
-0.08170242682248507
-0.05196540230273278
-0.06783879593335274
-0.0736633763764018
-0.07474119031481063
-0.07905175291130828
-0.067847630283348
-0.08591731911863054
-0.04820996976796954
-0.06693380628936768
-0.043613245396262046
-0.049575415734339545
-0.07350213815789042
-0.0876337526411195
-0.03864352693705164
-0.07351745685434768
-0.04450913439386178
-0.07148007159900416
-0.057795122248511965
-0.047699771367374355
-0.05345670509147682
-0.044088135351345537
-0.06885064548344189
-0.07409159758846962
-0.07124437472428691
-0.060412318838315604
-0.08263370496782374
-0.04882015812393631
-0.03975605394715709
-0.05673844286186308
-0.06394425977639501
-0.06526493005469575
-0.05380199727345447
-0.025301929760482234
-0.06498059956586
-0.062240350742302386
-0.0437665479915923
-0.0495349147667421
-0.04066033784626644
-0.06299427228221344
-0.03821459651808773
-0.04154900547007412
-0.0719511702593994
-0.059187059027967226
-0.06419096473639718
-0.07283991871613271
-0.06526222736253234
-0.07058448721726085
-0.07633015020477862
-0.053754789857687724
-0.053722915847422725
-0.07203453940655147
-0.05066062885414546
-0.02979439344859791
-0.06469018525485898
-0.06576411910615976
-0.05388883308701281
-0.05336450311420876
-0.055452748719867384
-0.04459009776455758
-0.052581374218257426
-0.06723593156674601
-0.05169913143558852
-0.047370152239750773
-0.059505414920390076
-0.03758602466270161
-0.054412091472894886
-0.039812528086446364
-0.07415032287004752
-0.06534230022296039
-0.06801916242889078
-0.029365648670915456
-0.061565175664719196
-0.03764462487874548
-0.04668166704261928
-0.07486317680034449
-0.07265629887336406
-0.06651293453271584
-0.0458347597702633
-0.06013822671669783
-0.0661496711652978
-0.05584216423690963
-0.06577323945859942
-0.04005281033957314
-0.061682474195290715
-0.07103962740643532
-0.06610095117034326
-0.06071156791494481
-0.06250158831065283
-0.05875307597158619
-0.06557846267318607
-0.06627214360737271
-0.04829024114064595
-0.05571874660441084
-0.05968842753566561
-0.07793328866284377
-0.0667413066651697
-0.06211445408399596
-0.07127810515152327
-0.06416176855484029
-0.048279921943065796
-0.07007706508543604
-0.06530140833402381
-0.05590830798519042
-0.056563959442137324
-0.04180200482611107
-0.06334467700623203
-0.03507671739346091
-0.050559612161318046
-0.05700576899882176
-0.047169727140172535
-0.061368741281215555
-0.04036405100789914
-0.06725188627772055
-0.04897909330785499
-0.06182832426673457
-0.06026203142242764
-0.07013698208199481
-0.06413579558077381
-0.0673407157879583
-0.056380512716359354
-0.06152840871999282
-0.05027857936527991
-0.06140264568194159
-0.05173944399384628
-0.06516571128821874
-0.07058018117925158
-0.06634585672382831
-0.048160526538786164
-0.04512572336860077
-0.059032060629240934
-0.07283135576679123
-0.0663039538018863
-0.06030981965971638
-0.059531701000195836
-0.0717335967490203
-0.0535466251991909
-0.04315160592066136
-0.062415003399911406
-0.06935446718196636
-0.07182037531603136
-0.08291513783045495
-0.0713136669712835
-0.08055342015722688
-0.0706685850921514
-0.05065790937594955
-0.05616847216980547
-0.07285073739156783
-0.07247872911912534
-0.07267825038945541
-0.047810384664190075
-0.058767494735692594
-0.07468318328435758
-0.07552090438023334
-0.06769751058452828
-0.06843774598049968
-0.07203653201552063
-0.06729526432183147
-0.06528839685002402
-0.060511021610714366
-0.05722623825849055
-0.06116620919985527
-0.06421326164605257
-0.048752149714802295
-0.06988059773213906
-0.06672129669369248
-0.05892186170655067
-0.05765867369494765
-0.06459421240980617
-0.07396616407483964
-0.05623903942639008
-0.07159293855559395
-0.06119927728639524
-0.05203004112538617
-0.05453829088556256
-0.05529958329800899
-0.05390361821695172
-0.05883384817625936
-0.04214342784979169
-0.06237597001074058
-0.037394397478331454
-0.061904068774048415
-0.06086935954907219
-0.04733567180274084
-0.07197536995429193
-0.05009855037710048
-0.04971798415843248
-0.04115032473353247
-0.05793026334383322
-0.045309745774805676
-0.05490226989673708
-0.05737627872720774
-0.03802185374558936
-0.036908911884720785
-0.045343046772630735
-0.05534744909066924
-0.06865391369036755
-0.03331655547340695
-0.04209049158593775
-0.013945037699733764
-0.06337392984682944
-0.05086892211554728
-0.07111095346553648
-0.05929971911370857
-0.060621712668262884
-0.0692175372902828
-0.05901367593342155
-0.05061808150856306
-0.05444596974539717
-0.05412402542030581
-0.049684847372095164
-0.06692801324992248
-0.055333648176405736
-0.07058573584978334
-0.046559572058794574
-0.057206644059970724
-0.04066942099665516
-0.06570442249715663
-0.03543648974062463
-0.06454772792180291
-0.058536542290776206
-0.07235847514282195
-0.04697214093694496
-0.049775760573641525
-0.02675700659127378
-0.042635379925220485
-0.05025870684885003
-0.06214338822622384
-0.05139748932506094
-0.0492272903548549
-0.03979963604974285
-0.05557119016571255
-0.05351827439690027
-0.07177568204359452
-0.056306955055273555
-0.059105109338386363
-0.05308074805195856
-0.05244659903628124
-0.04857382860326964
-0.057123456865902755
-0.05858873840120693
-0.03820219366341049
-0.04857977996627216
-0.043452607415216005
-0.05893982316111662
-0.05038559111609986
-0.0587702277223468
-0.04776749291401189
-0.050092701304580156
-0.04296624693016804
-0.05827407374687399
-0.04767833594761811
-0.05264498208090568
-0.02911311939467126
-0.05918628072049115
-0.07630130224727744
-0.05627485295358908
-0.0471845196041662
-0.05390798210545994
-0.07135037156838414
-0.06506842903888216
-0.06295816387224884
-0.05859345421499823
-0.042610097588622775
-0.05924760215126934
-0.061935358346019875
-0.05537493576173752
-0.051132413855653924
-0.038080987574388325
-0.05863142632564655
-0.06436745056852361
-0.04114968309741163
-0.0635767074542512
-0.041282253657094425
-0.05371980350407379
-0.042505662473078576
-0.057094794474173594
-0.04175663693434256
-0.06574732600800443
-0.050146398629243916
-0.03491120430003819
-0.06035410417644593
-0.06678376171058681
-0.04495110051129586
-0.055252972791823396
-0.05842916360083533
-0.0514452637418481
-0.043962780079292385
-0.04015206572217467
-0.05314476422075126
-0.02934203254737805
-0.045163542466712614
-0.03290184353463993
-0.033410990858446454
-0.03699469869570904
-0.07299905172814508
-0.019512531764695196
-0.021257339476623394
-0.04036165946297621
-0.039385617897637504
-0.05091912567417395
-0.037299888383332924
-0.04606310974179584
-0.05015257642700888
-0.0290402140415138
-0.037296854733270435
-0.04637852180983659
-0.031450610999910034
-0.04677333702315972
-0.03645694252427606
-0.03463178949166501
-0.047290481707028875
-0.05061607635612092
-0.057256094606794705
-0.0639528378173157
-0.055561247098947275
-0.03831352816974165
-0.07123595724200188
-0.029825161835133784
-0.05693471372157538
-0.05967535930973228
-0.03668669147216275
-0.05849006496499798
-0.04795211843838049
-0.05935944046255448
-0.04386985208523336
-0.06488708920704805
-0.045174780995099806
-0.07014470448037491
-0.04723017453477918
-0.05343686119961749
-0.04431916839402278
-0.05031713548551453
-0.0591917601029342
-0.05927441726751159
-0.06400562476487626
-0.04575781044874355
-0.07356784635261238
-0.06683504213374397
-0.061204030423956335
-0.06198899308868683
-0.06470594796094059
-0.060382103217982375
-0.056833684880089
-0.05243906708655499
-0.06097600256056429
-0.04499222000925379
-0.07127563839166978
-0.06980854925966479
-0.05342740258327888
-0.06550110139315907
-0.04062767122068334
-0.06452425382852267
-0.0667078935574012
-0.055525426238668074
-0.05751723180631407
-0.04513851011253395
-0.057744028804087855
-0.06096603204432177
-0.04832302511888581
-0.06765385742564661
-0.059804594740434536
-0.06057285669234136
-0.05908292777573493
-0.0663976332514663
-0.060113908504222935
-0.05037492679593475
-0.05586272018796001
-0.06321369913624669
-0.05579235937208821
-0.0710801194081564
-0.0665153644487882
-0.041811257027833115
-0.04174104863491307
-0.06347548618938115
-0.0624739339957463
-0.044838590848281124
-0.07011787444376488
-0.07365060266120432
-0.06087306147880189
-0.06980634216201798
-0.062355236572236405
-0.0628503869581174
-0.05941172297644187
-0.043622319648080665
-0.05038935149686702
-0.06115094799270998
-0.05728503850666655
-0.06857000081307801
-0.0650631780666856
-0.04952828285664396
-0.06474513105443203
-0.05130362076768957
-0.05892644432727162
-0.041927347533329384
-0.02993599798621166
-0.05642193584240052
-0.04613516184734284
-0.07067063179075778
-0.061518423725685834
-0.05511575954016629
-0.04661909234855499
-0.07662291509414643
-0.05404873198701782
-0.05598809355419293
-0.03938266120171002
-0.05174637630378126
-0.048561455165753165
-0.04302948861905054
-0.06640744287071626
-0.05480552277267231
-0.07086717662317621
-0.050700767643164946
-0.04034890945052494
-0.05384047075035092
-0.05585933742476423
-0.07251034212902957
-0.04723416406359254
-0.039854231582447275
-0.03415790666405155
-0.03417032878483617
-0.03807067470935094
-0.050899424963401274
-0.04204346319788571
-0.03500246379636429
-0.05998683146102818
-0.053113710335689734
-0.04756128018258399
-0.06478578557739928
-0.0346626834460631
-0.05424890191952636
-0.060075848166720514
-0.045199875191489824
-0.040468013243108225
-0.06216730001226528
-0.05400972689877359
-0.04295289195015678
-0.04546362834865708
-0.0527029608497101
-0.04794741351508919
-0.056183243491779944
-0.04890829870836305
-0.04147098997762538
-0.05102442347528491
-0.05019571529785388
-0.05929897304868076
-0.040247752362852995
-0.05797109771703096
-0.061844293182351406
-0.049816061004700485
-0.0428937735272914
-0.04092215556507112
-0.05032309734478474
-0.052530408724377364
-0.0546832482480642
-0.05952885763190974
-0.05032597364875302
-0.016232579517382384
-0.04320091654544289
-0.06408387369410201
-0.057136474924756264
-0.045427908889984436
-0.06187736759304674
-0.04279668723208513
-0.03964085712016424
-0.04271821496413242
-0.06291134716637053
-0.016413602336181055
-0.04935071804676672
-0.05495500431785111
-0.04218802749064532
-0.05904751608660436
-0.04075914729394753
-0.04342314000114289
-0.04047346916835959
-0.03421812378133843
-0.03601549898055195
-0.03068583196721475
-0.025208425322375938
-0.014691522563024806
-0.0341375451808647
-0.04578467842495887
-0.04878068744062275
-0.06922935685925619
-0.025152400068985947
-0.029632277605318835
-0.021169830416200575
-0.02551730614683473
-0.03209401882813151
-0.04796720492676643
-0.052086612199411464
-0.02117222947936026
-0.02619119876957471
-0.036758935478509225
-0.04415044494721676
-0.05461758449367643
-0.03145965350702229
-0.028433540538148894
-0.04286425983161324
-0.06065064665090125
-0.0568894973629549
-0.06584051381269296
-0.031097742170169917
-0.055535770404222196
-0.040739490571136516
-0.041445871897568154
-0.04061251117157305
-0.0706486512946477
-0.03186991123974414
-0.044312474137736035
-0.059778647857858136
-0.08547168076040379
-0.035760653374277196
-0.0810253178909105
-0.08059690664912589
-0.033809051988792305
-0.04833624384036017
-0.03924779604832074
-0.059560841214698734
-0.06504867835227174
-0.05169615964371094
-0.05274538529833378
-0.05134100773542777
-0.07177856350612227
-0.042740919160819124
-0.03265481955549032
-0.0686734636864954
-0.04654289096290576
-0.056777770340456446
-0.031349144062332635
-0.04191690984414109
-0.07179934902100926
-0.07357551010910163
-0.04078279238557497
-0.029821865465929465
-0.04152319448443853
-0.04516227955210894
-0.06284918160246117
-0.04025882051673052
-0.028393052885809456
-0.05394514987773247
-0.06282611239417296
-0.04410537008830939
-0.03857904600145884
-0.03653155688919446
-0.05278241139363016
-0.031710987406387725
-0.04474567011498359
-0.04914482638953721
-0.05150879624328791
-0.038527736638685695
-0.05263063640759258
-0.05773163605248066
-0.03601421212603495
-0.0683452045069568
-0.04104253052717821
-0.028968679826528676
-0.061339497074974936
-0.06367363516233382
-0.06003597607785882
-0.056269206332966004
-0.06226893964338143
-0.05387646916476474
-0.05066956273952167
-0.0229153961353033
-0.03503831029744581
-0.036114592970297954
-0.03315045936218286
-0.01759070232533505
-0.03930570072242601
-0.030851478387179276
-0.05847134556277872
-0.05621703785434068
-0.029438466381521977
-0.06629944939845123
-0.0555450104675958
-0.026698875770055697
-0.04906165661250922
-0.053499873415185195
-0.029426396519499798
-0.027928532264324013
-0.043054972884025544
-0.049068279630613554
-0.03626636557832191
-0.03950266566801508
-0.04151211635398899
-0.02611422928863555
-0.02761136492137295
-0.04020092260456054
-0.03858094639409648
-0.04021907674912073
-0.03536806850372637
-0.046701840333454814
-0.04645513563902626
-0.04621010719016527
-0.03791534201008667
-0.05823300384250196
-0.0434372009810437
-0.05555403912986395
-0.057735078257712846
-0.05921918439602636
-0.037184693923349776
-0.05724977196014319
-0.041907489003600196
-0.04097140210848321
-0.0434557831487426
-0.03544211589493185
-0.05101978762190834
-0.05743843682712113
-0.03769161355699069
-0.05639068058587238
-0.06955943117896807
-0.060716939930269664
-0.06453991156015465
-0.05829859019346467
-0.051327856077454714
-0.04247998445811768
-0.05510975967180565
-0.02880157625194607
-0.05035751894933993
-0.023309950847062555
-0.03746134744485252
-0.03591729591898818
-0.0283415443438913
-0.045189412594944633
-0.04802912581341262
-0.0482480623286074
-0.038912045360182
-0.04407047831351163
-0.045802744895294845
-0.04223776898616294
-0.04601401743039474
-0.04703821506419259
-0.038321009565731645
-0.04153463408383529
-0.05040940277642775
-0.060868478263873316
-0.04215049625340889
-0.04600253207664162
-0.04522081843419623
-0.07184802158017267
-0.0666729780678913
-0.06460626704315475
-0.06257598550402321
-0.05544371641805901
-0.03259986456042446
-0.035675773476318784
-0.04955471341663198
-0.06760887660445908
-0.04316199020626482
-0.06131279911266335
-0.06816199378851395
-0.071228929014588
-0.06267363434039142
-0.06451342778387237
-0.06735735201553017
-0.06233178159864455
-0.03719457902120665
-0.03573508373719697
-0.052105233537682316
-0.04138935488342643
-0.06712341058713173
-0.061531315059187186
-0.06491363776315273
-0.05800115506380571
-0.05008256715980752
-0.060848681965627704
-0.05591910505685044
-0.0629255799217287
-0.05909107857465923
-0.04289879845029182
-0.06594020075504392
-0.06189444822231788
-0.05108606072617178
-0.037868592220274
-0.05457034249220549
-0.04287892270029359
-0.03446302598153522
-0.048041100102687806
-0.052038439346296705
-0.02559348130638034
-0.025539840115187118
-0.055215306224314475
-0.06258044637075078
-0.042282920847284466
-0.057023761340143975
-0.055975368636844824
-0.034805056924252675
-0.05327056157274157
-0.02844964880099793
-0.054268081172373805
-0.009228061776317298
-0.04377481883038603
-0.0147615860637067
-0.033753906969016034
-0.04154414827628433
-0.020546958127859116
-0.06761150994485554
-0.023606424905251833
-0.01619547368365809
-0.029661299480709058
-0.016810494518892216
-0.014849656784651222
-0.035758537915202115
-0.02037984584012409
-0.017006498244280133
-0.032190529770615206
-0.026753380113335667
-0.059667774768312865
-0.012176406954999719
-0.04010626621598118
-0.06149814867699782
-0.02061215226604024
-0.05240175626920607
-0.033871936545842696
-0.03255818173921965
-0.024350689179882368
-0.030839737179290394
-0.0397670717841585
-0.05641805582420034
-0.03927259936824401
-0.019071823896373685
-0.06473388960304921
-0.04860307209300502
-0.02895604964145926
-0.05469482665617392
-0.030667711285527977
-0.0450303421088451
-0.030128127466056254
-0.05269174608043098
-0.06920328300310857
-0.033477819507856554
-0.04143094976740991
-0.022658595174271767
-0.05208619324958419
-0.043432694627641155
-0.06274223452392025
-0.04567795931256291
-0.04655864595740089
-0.06994982872839212
-0.02515191588071608
-0.07033587950280273
-0.05390652045291183
-0.0225427805025068
-0.06133650696091958
-0.04148963577387371
-0.014948924329788227
-0.04248031729261076
-0.051651020475669995
-0.022686359293666858
-0.033673741773567634
-0.019004489627253873
-0.03817187044685616
-0.05369179236503846
-0.034298007072840864
-0.02355781550790853
-0.02368770695360317
-0.06434842262685142
-0.0253502468538086
-0.0422540833636611
-0.036263164207033016
-0.03551485103572399
-0.017132122552077633
-0.05652484579291883
-0.04937960726907992
-0.052519200872939265
-0.03771611830917382
-0.02325606699822652
-0.029338379842135387
-0.0308248165463893
-0.034549260939293336
-0.05676178264695342
-0.019327779566951142
-0.014671743243746316
-0.03973316553788708
-0.030637258617099428
-0.013223056375132991
-0.020291340817688852
-0.04366609669435029
-0.00701697128436074
-0.012740540032235848
-0.03129210044811359
-0.02228212757780912
-0.03648649437957174
-0.02048240842448118
-0.026533533767397033
-0.06425477210579833
-0.02486652556463176
-0.025012135848213102
-0.014662774854762639
-0.024484843228938014
-0.020080327499474526
-0.019410270998975077
-0.024939954926283536
-0.05682388333482563
-0.05562920358706952
-0.04343875459931301
-0.03302645583158076
-0.028401081807551742
-0.036520409550358346
-0.05337143365892655
-0.05230623878583801
-0.04737593195565343
-0.05895552433583917
-0.048292013199445094
-0.06446713176853353
-0.05985878090827662
-0.024007347019298797
-0.04367802814995353
-0.02242484220029123
-0.03652072344553714
-0.02605895228960492
-0.018793708782198715
-0.016961561966630345
-0.031509038849353854
-0.043710534820113
-0.014057345422324452
-0.035762782664247206
-0.049751946441176476
-0.04553623626176967
-0.035924772258411286
-0.02435461059324867
-0.03837434750111812
-0.04893744778745218
-0.049769258273158035
-0.030445952069159843
-0.04220357285402898
-0.027854807417624083
-0.04084881948649738
-0.04333715441895064
-0.045227261641520244
-0.011612538523172067
-0.033809313430866905
-0.03303860676252551
-0.04119286961127061
-0.030350503816444163
-0.06325597271795647
-0.06599863318315152
-0.047354137369699456
-0.036232422891041505
-0.028188680460834892
-0.04768279163410949
-0.04714241781619627
-0.04257448919015716
-0.04261965442733312
-0.05895046378052221
-0.038910469133175085
-0.059473644227640454
-0.010794887532105502
-0.05198216756395291
-0.03103131836179801
-0.056924561440692245
-0.05733081263128803
-0.07527882067205582
-0.012842452513141644
-0.030214383380467003
-0.05426124655131548
-0.04525027868767573
-0.07744063798813394
-0.028483212474081643
-0.05016621491064893
-0.05477358513109082
-0.03853350051484905
-0.039083352847360975
-0.02674561853310481
-0.03528518668607067
-0.058295696985424694
-0.044112946298982825
-0.0668449565153798
-0.05340828001542702
-0.05224225319691145
-0.062348890897326925
-0.050191155664267295
-0.04210431564813061
-0.07238722827027039
-0.059402340600110404
-0.053963317926030985
-0.035530187999768204
-0.03931796658417597
-0.05928466302934443
-0.04778488411448356
-0.015832418896829348
-0.03830895389853628
-0.03658830065420693
-0.0438405776276819
-0.036755510344101516
-0.0401269367264217
-0.027754112350347138
-0.04291371776591468
-0.034161088218996716
-0.05533997347484376
-0.05324250682127152
-0.03487868492121521
-0.03580105601602296
-0.028924279084521776
-0.04973980343422152
-0.04065623030353749
-0.036906544751104775
-0.041255867949650527
-0.036011271585063065
-0.022189979782683722
-0.05021907892437627
-0.054633407095422915
-0.07271187778268529
-0.0577960479205098
-0.0451416630342264
-0.0497238110009946
-0.023934084344871487
-0.04809831604965087
-0.015352755068695045
-0.043310063154449574
-0.051896589724844844
-0.025011494578311533
-0.060207911151227866
-0.055488953019352694
-0.04123729061652098
-0.047545203951484594
-0.0498266584198756
-0.0393330093819767
-0.0580208078521241
-0.054656458536976926
-0.036583264971765284
-0.028808296125192312
-0.03404235411703155
-0.033454358967323405
-0.024584617160369138
-0.02419130490596122
-0.04284799677561857
-0.0492404584804485
-0.05145586918452316
-0.07418200198851821
-0.051241627115177324
-0.06734951346546802
-0.05584069026399835
-0.06519416554162588
-0.040569518366236845
-0.08467580263408475
-0.06531413600744718
-0.06216087374034218
-0.0523721999862361
-0.06533709592413145
-0.037734586659015246
-0.024764577107799668
-0.03713501339075492
-0.04117503493546981
-0.04138640459568643
-0.03374681745599023
-0.03165635442091652
-0.024179159776735515
-0.029995630048110566
-0.03933553605145379
-0.07099720653747682
-0.06079369047371769
-0.06925868100085947
-0.0597558032039458
-0.05456093154687869
-0.04413780235377385
-0.07606553979739605
-0.04672406447191624
-0.06260399249954879
-0.05372056029793376
-0.04453461617506976
-0.028498077950978307
-0.0542740606617505
-0.06328054200835109
-0.0689739648158082
-0.04698773134615847
-0.040970775987868524
-0.04880491932551362
-0.050530952376361404
-0.02951350701096883
-0.056809984076158615
-0.047779008819544944
-0.0575407157378115
-0.07468110409164264
-0.04253806532003446
-0.053968012569381496
-0.04645365741918872
-0.04761438533670903
-0.06772352247122287
-0.03515575018521483
-0.05150049479533597
-0.03822559520388985
-0.03070304907096527
-0.05205775360853265
-0.03869705186237793
-0.0510310921649782
-0.06995525009164266
-0.0579836510735231
-0.05074931087799711
-0.059616905413937216
-0.02830101818974684
-0.04032735879816279
-0.046159321918506024
-0.04249085391212559
-0.05209841045661917
-0.058173317982129935
-0.045125271441010584
-0.04800581775333268
-0.06336091552773071
-0.04093202672055968
-0.028335048268606278
-0.04906406395141477
-0.048784985374242806
-0.035242036433193624
-0.055475960290432724
-0.06145537620874064
-0.0204828355840882
-0.05708582867320855
-0.06260886631502915
-0.042800901689887594
-0.037192918331266867
-0.03138320242925985
-0.02542693122976436
-0.031035343455856013
-0.05393502808330963
-0.045119763903501586
-0.0516355610951344
-0.04354361530574652
-0.057100446787475945
-0.062153801859399505
-0.05432010941031695
-0.045684348519543394
-0.036330482371429995
-0.02086548632661056
-0.01913862528707372
-0.03687964596878868
-0.042566773496293675
-0.0716224881666222
-0.06148154189349825
-0.048288531800121326
-0.030159706091502647
-0.03410782040696919
-0.03288179764930449
-0.049362620448123784
-0.01743665533594979
-0.03988172815554397
-0.04713921932516557
-0.022557363670968444
-0.026324974455986472
-0.0465707488014786
-0.04111458289602249
-0.045453909783010615
-0.015267683797123621
-0.029187160470888263
-0.046229588018363854
-0.0350253899641943
-0.06495223912244369
-0.04679298018436917
-0.040620442032901605
-0.052715020950167835
-0.05817857087197448
-0.05651556735612889
-0.05141582371071113
-0.05072249335429596
-0.039422958347431536
-0.07212420336748554
-0.05679107016423918
-0.044239128279286666
-0.06092379607887777
-0.05534375406745884
-0.07384910679365597
-0.05862036264328668
-0.05927397246350519
-0.06711522909815204
-0.054228750398661374
-0.06466420185727162
-0.04896372851218711
-0.030493420562549556
-0.04759448013771733
-0.06103253543977544
-0.05448985286794805
-0.054131622897949094
-0.05295170517507769
-0.037508423039222694
-0.061319725929410374
-0.05105566572143461
-0.045378220021855376
-0.06516581740332494
-0.05030042936278989
-0.04162522713213401
-0.07399895049032895
-0.04507681670709396
-0.05169978032734096
-0.06658795685033536
-0.07141911295905551
-0.028964349146921586
-0.0377639513939782
-0.06758460106115244
-0.07039907480718954
-0.06276551496162341
-0.06447980916885909
-0.06351692593173536
-0.05823038670119973
-0.05045684125070493
-0.04364447470050742
-0.06311462929017453
-0.0420739286700797
-0.06601337648443661
-0.03564615762499501
-0.05792159401868563
-0.05350305141088518
-0.03667913158721897
-0.06089670157813598
-0.036118219582460864
-0.05175111678103539
-0.06823792130980816
-0.05468033503188924
-0.0486073079776409
-0.046533807282116146
-0.05852311395755344
-0.041416389023399725
-0.05255056969882571
-0.0631105434611271
-0.07013786098679048
-0.05807312127041053
-0.051255479488592215
-0.056926590239248565
-0.04351733384382028
-0.04028263202209981
-0.060618837967176764
-0.0660717180231018
-0.050371016021598325
-0.03889816748087732
-0.047375684573624566
-0.04874767907773986
-0.04944329613656129
-0.04626494630197986
-0.028368646426981614
-0.044627302198388064
-0.034485250398356315
-0.05414258414787404
-0.038653984670869834
-0.07155833709542647
-0.04443929776620398
-0.05922957635964088
-0.04524561324939186
-0.06254457445639289
-0.060588372966534354
-0.03656570960666833
-0.04720662453145358
-0.038932234225122264
-0.04677717015099625
-0.04849616213597757
-0.04637679823071633
-0.042732233301554234
-0.04304157588185359
-0.03788122513081854
-0.018948853964265544
-0.03895432137909588
-0.029449697512355155
-0.042482252467724746
-0.03525947513486177
-0.029776448741135886
-0.02205953472534089
-0.0450194258213632
-0.029193052764621474
-0.0013619984940955732
-0.04525961237530546
-0.021949545014122274
-0.054695848986867246
-0.04262891967000498
-0.04033821266710019
-0.0029560479095770975
-0.03029390403363924
-0.04794770005470639
-0.03755382717458994
-0.013646862581412622
-0.02474446725296353
-0.04729005404750308
-0.03572113620743406
-0.06651965489755679
-0.03457761013247218
-0.047047060613148284
-0.05814616629231756
-0.039925518663041226
-0.029208871542758863
-0.012566127404613103
-0.03351352204304919
-0.04063463176391702
-0.04266708062951802
-0.05490921951797806
-0.055900821445238336
-0.03965123291844347
-0.03613692404528246
-0.04242785998407084
-0.060580265082446016
-0.0418405732520552
-0.037133156792430955
-0.04518918249477538
-0.029453146322857504
-0.04065333684111033
-0.06031532168324227
-0.04491269086282751
-0.0474559960869978
-0.04722699928440066
-0.03718843028533331
-0.049589875272601724
-0.042850395445733325
-0.02844170455398931
-0.03527285131812674
-0.03838249404493571
-0.04581976959930384
-0.04978244508389712
-0.02762950523099894
-0.014137780815171697
-0.050501481297042405
-0.014156954259832266
-0.026560270653343543
-0.03652683948818192
-0.04785720021593637
-0.04642608266570619
-0.05766477896747946
-0.034946505319555066
-0.055969517575248096
-0.045114818718361704
-0.03285762534346143
-0.02718381440103218
-0.013072650592976798
-0.04184896987138842
-0.04530675297096337
-0.04680926719964329
-0.044266726297219505
-0.017522385028130638
-0.04137544495416812
-0.01936191202204418
-0.052834895536096105
-0.056801621472915564
-0.03147601404151318
-0.0048445372901013695
-0.033638901396505716
-0.036302964239235125
-0.037656326696642206
-0.01796304522781228
-0.048856467826299876
-0.0030826268470627305
-0.05427307785211527
-0.04550754891661113
-0.027627096549933727
-0.027233478507984854
-0.03089171175004568
-0.023179687506839963
-0.01961658601324401
-0.04617259559707898
-0.016402465708213965
-0.021128200406918596
-0.019822888777618508
-0.0386432535901407
-0.03859218192154357
-0.052687822033823106
-0.031387906642168006
-0.03598992288764452
-0.04132006926568388
-0.030897094180001083
-0.04429848580486301
-0.06732666552775546
-0.05907978659719365
-0.06082325780054387
-0.05402940131287204
-0.050291852556969996
-0.05106777514557487
-0.043534594619109634
-0.04271374336294187
-0.04503540718720722
-0.04712349630461782
-0.01377905991200179
-0.03266617990881354
-0.011938119935760882
-0.03871676458908063
-0.023817445482193944
-0.02695512141824291
-0.04159978821597471
-0.02933677117393252
-0.036820024625467795
-0.038792446684166315
-0.02465728547578927
-0.02983553435302111
-0.021483297203583163
-0.04509419222738986
-0.02683972944415547
-0.04839288608098946
-0.037405761563560846
-0.0586422117373146
-0.04124583632956497
-0.04439022504872625
-0.030170012508063337
-0.04418190169238895
-0.025041370409703
-0.053543106564925724
-0.03340455187843244
-0.041226615066364825
-0.028853498039827563
-0.03944202954013232
-0.06381362258347273
-0.07172151434947222
-0.03062342815460567
-0.047415959909838656
-0.03953926757089832
-0.04632588886818534
-0.04607928431266972
-0.061045237416311016
-0.06713364503704955
-0.04860254134265801
-0.04696540761009388
-0.06166726051702137
-0.06477927391706151
-0.04730579170309318
-0.029815036937155037
-0.05890683217181908
-0.057718830668521404
-0.04822181207999393
-0.04784718310727437
-0.053696701877693265
-0.04297351180337672
-0.06518805925654114
-0.05090966792034474
-0.04078407859919836
-0.04996285657328309
-0.044315244068890314
-0.0344694170559498
-0.056229006084129785
-0.05823998308549172
-0.06562557649930756
-0.05218901092431705
-0.032236698163605415
-0.05465583207410185
-0.046127195822231515
-0.04485149856522713
-0.055393498394746055
-0.06167951283083628
-0.05081972006184421
-0.047552436410206844
-0.06102535255876873
-0.05818408670759151
-0.04788986596119099
-0.058552369775423496
-0.04208982502639014
-0.04921256011866698
-0.03706751426908844
-0.024571849839560567
-0.07007722797068783
-0.054579529032739216
-0.02349076263433192
-0.0525347067004559
-0.04044790427256467
-0.04505604277629871
-0.0579712293435084
-0.050920601766649476
-0.05487027310410564
-0.05459462720705144
-0.028650069240277354
-0.046011394148485985
-0.06501147715382805
-0.03415701649878
-0.04226822335513358
-0.04345372082056631
-0.05121178476114857
-0.04240254964794282
-0.06233160752906036
-0.05207835362586727
-0.046532718474324164
-0.052049253673362106
-0.046952543158665705
-0.04530776680400683
-0.06175098792170647
-0.02157406571353343
-0.051821443864005834
-0.053520995614501965
-0.04487008214241289
-0.05399298818198034
-0.034413784935162006
-0.012963123715224623
-0.029631701596612103
-0.04039429067810041
-0.057208650618595036
-0.04596341073065369
-0.04572640273204415
-0.03745940646236129
-0.037285357111301765
-0.046556273911032287
-0.017866041904391006
-0.03459152969790358
-0.02564383829397182
-0.017113799181276868
-0.04420878330813782
-0.03333806701919623
-0.025753416435592813
-0.03806007390707228
-0.02817869253454275
-0.048963952908919584
-0.063529524392274
-0.029844187067189443
-0.04856050210641155
-0.07691787832956493
-0.04058771173481224
-0.04239474152651279
-0.0639520777680207
-0.06011930851369868
-0.05038264356862576
-0.01912094440447598
-0.03797495066851653
-0.0013475518057412539
-0.017041123355603205
-0.018181704482190864
-0.025348026321360184
-0.007754809202158375
-0.015516443478654995
-0.03554616302098107
-0.0331054775467019
-0.029135347373357157
-0.035149383417945435
-0.04233847879439012
-0.019691553084861257
-0.02214545326174433
-0.043829729251287475
-0.06083424996942938
-0.06204287940625974
-0.052719185239108624
-0.03562403267305181
-0.05993000735059739
-0.03554055352466129
-0.0510839270253462
-0.040912786721191585
-0.03303559859273292
-0.02614192649416508
-0.049805268038219164
-0.032063443891592436
-0.04384599450708171
-0.04057601038129266
-0.032909421631065194
-0.023997427156881412
-0.06756542512615321
-0.015776531068541377
-0.046563369365500984
-0.05804364892218439
-0.02226358199077616
-0.06670976016166025
-0.033956803860098694
-0.056268029462169356
-0.05804111407777024
-0.03705072448269725
-0.028825354819926707
-0.0480636438702956
-0.012053967456669534
-0.05741456167040804
-0.032559560925871145
-0.017863895115248052
-0.0267522338382844
-0.022997318417948
-0.02716969863603036
-0.039755307449293176
-0.011754603382843398
-0.02696761515243995
-0.027414610052502952
-0.03923396286376096
-0.03358498221692796
-0.035189113129440786
-0.05496690321530573
-0.027448997907844497
-0.05259648594778371
-0.023027191348801823
-0.04312169073844474
-0.048246275369956515
-0.023444732322218775
-0.04343376279991634
-0.04905177742472144
-0.0387607130979431
-0.06676080339764312
-0.009425486396000715
-0.008675241425366131
-0.01899167217085307
-0.010671073460585045
-0.011842329683776243
-0.0342415054900278
-0.040183514615575344
-0.02752189934215754
-0.020013567802197818
-0.034542441497041165
-0.022793221198920022
-0.01833335442116163
-0.013276811657744358
-0.04231711187879733
-0.05070357763892208
-0.045041255858738305
-0.02303776748888081
-0.012073643393232247
-0.03319379377651638
-0.025819566245988412
-0.04145715946188794
-0.029264840902327005
-0.013498967446094634
-0.038525584881910435
-0.04377461265355853
-0.035680653152739494
-0.04276730556128755
-0.015105365829267026
-0.037303941070108704
-0.030183487663346664
-0.009002243509737662
-0.03752619646968092
-0.04440104419410923
-0.04667023622690336
-0.048445772536879816
-0.022951944900653165
-0.02671483887427928
-0.038691537861425096
-0.03773246166075178
-0.038606413381795546
-0.062180284299421074
-0.061996290526541264
-0.0412515584212354
-0.058444386364175704
-0.04449482028427737
-0.04606926948598494
-0.04415252418749255
-0.025841112181601067
-0.03693439919228336
-0.06571550722204983
-0.05798963219999348
-0.06256695265392442
-0.05950333025079446
-0.05869491400486804
-0.035228268626193826
-0.04595369581572284
-0.04847671464179332
-0.03556084621665295
-0.01937844223516544
-0.024182547730608905
-0.02391403815361387
-0.042436533664085285
-0.04753792139264579
-0.041870761680370294
-0.026266644629164282
-0.03606018209665268
-0.030844992747024402
-0.04418435732173798
-0.026264190793654274
-0.02777908379405286
-0.055054614514272515
-0.048509400935213776
-0.05818783727263244
-0.05312187732336615
-0.042264981276225466
-0.0408664462752118
-0.03524348666986388
-0.04947538523027095
-0.06347808747415118
-0.0475662706746503
-0.04927148741279758
-0.036849001741091236
-0.06003314262438808
-0.05196776933172709
-0.041421276300747434
-0.04900835826676164
-0.055882772942129455
-0.019638726266176854
-0.03254158983561933
-0.039995299598802214
-0.06647289669800416
-0.05847178305237005
-0.04838411023312378
-0.06175728633006944
-0.03570816140423466
-0.059695522904750664
-0.05297347697523774
-0.04187002147212687
-0.03705849625958729
-0.0266083409374247
-0.032481170059464826
-0.03176161010112921
-0.044289883753534987
-0.035866014704151294
-0.05340678625195977
-0.03805379808126741
-0.02540260335755229
-0.044957937742409915
-0.0509530847780339
-0.008289199313845308
-0.03659007393543795
-0.02693055728977417
-0.03368125871560984
-0.041373555185198085
-0.03970189071456287
-0.03298268132132598
-0.019123856887901025
