Model: IForest
Dataset 4: cardio.mat
Time taken: 0.21604299545288086 seg.
Accuracy: 0.5
@scores
-0.06585301297152507
-0.061238312758192026
-0.03927351112108568
-0.06495896328849088
-0.0741826897953688
-0.050749651780936766
-0.009689213190105017
-0.011240943419907834
-0.00741021867548225
-0.005188498842722156
-0.015226891984916557
9.235860642109461e-05
0.043344628075508096
0.014853282745770802
0.04836077319929921
-0.0014526961605916267
-0.003817529975003786
-0.020816436079886036
0.0039706562369025145
-0.00781835488552296
-0.026132761849492814
0.0039040540842172344
-0.030967843356496272
-0.03178719753215287
-0.031091122905416657
-0.05775734032344143
-0.027669707716568126
-0.008563595972405913
-0.0017527650224292701
0.017042974998845994
-0.015987506405524876
-0.004316027796730515
0.003148151938021204
-0.005052381210500778
0.051674189360250145
-0.06413910537153727
-0.07256379571770871
-0.11255677375445045
-0.09687748525755308
-0.0885509556283014
-0.09140036974366406
-0.09753002557260154
-0.09424268762661953
-0.06206017427863303
-0.05704170989497126
-0.10750065502019873
-0.10750065502019873
-0.08308658640334043
-0.08363835546675719
-0.08542694663930667
-0.09977781011045722
-0.0950525877635568
-0.09900687552414839
-0.07233348164903441
-0.0683509022387011
-0.05943373725052514
-0.06698260641274595
-0.05906425914150487
-0.05745936781613281
-0.06865172149948573
-0.028400376450286036
-0.024032078525430434
-0.06590478701140623
-0.04818303711454658
-0.07663489082520608
-0.0709342664957241
-0.052259674531829
-0.09963795681533194
-0.07489553585918152
-0.09408401051281534
-0.10186219136330649
-0.07578057659648613
-0.06145018331042579
-0.001658221038066121
-0.0967303032408025
-0.04300141521920148
-0.08163451100697255
-0.05761948579849241
-0.09440107125196023
-0.11168854482320145
-0.09274662410067963
0.025025695198373166
0.021332528929828842
-0.11236395321702991
-0.1073874961293314
-0.10000709836055027
-0.019481700977021288
-0.07132155343730401
-0.05352991627736353
-0.0731530697662412
-0.019545454971246268
0.002714354435868538
-0.031248119416396325
0.016329139349656963
-0.020874768290133017
-0.020595179913821593
-0.021416898349376268
-0.028106177784791353
0.03077134975575635
0.017060927714420582
-0.06855938981843157
-0.1097556940892706
-0.07398794389578767
-0.08611121816150913
-0.0761759709929003
-0.06115408302281089
-0.07909635424737643
-0.08674291033628823
-0.05814609385986741
-0.0903805222075228
-0.07587847660918945
-0.1213025424413105
-0.11186740694232322
-0.11063230260404511
-0.08580539353065597
-0.11057336438875032
-0.08500763099374137
-0.08457183239324473
-0.11102986230138534
-0.10325164103287449
-0.11928772681384259
-0.04332905122115405
-0.035161836160787385
-0.07066724048117962
-0.09482587253838831
-0.05288178124479592
-0.04761059631336095
-0.062227037650235795
-0.09331276003935757
-0.07741591774814904
-0.09969038534864677
-0.08454901409004639
-0.09290715102421093
-0.08216293673992925
-0.08879081301689828
-0.06649519633429735
-0.053659566368827516
0.04479073690789559
-0.06965714356208347
-0.07063516828170358
0.029431288800160327
-0.021022086095129733
-0.09779346965027275
-0.11076072362954809
-0.06462452156227577
-0.09041158399455734
-0.06242125413058097
-0.07669446753744075
-0.06842738745684651
-0.05669666951204683
-0.0714477561320393
-0.06411231673059081
-0.061434933923100954
-0.061098130678958196
-0.05835607744121851
-0.10382677776873128
-0.08979768998239723
-0.09325525903720888
-0.10133752998940554
-0.1016840732762253
-0.10046435500540396
-0.10451227716625766
-0.11825291239878605
-0.07740448911752773
-0.10344339016293058
-0.09399069282081624
-0.09332968122346941
-0.0983900586883758
-0.10390988039432819
-0.10213545832851789
-0.09327261371600876
-0.10850102415014934
-0.10868949025154728
-0.1100996420239232
-0.08680977563632142
-0.11085929313433512
-0.10310398550414751
-0.11085929313433512
-0.10310398550414751
-0.10310398550414751
-0.09467064779039475
-0.0962904592338118
-0.09454851582339369
-0.09957536377429499
-0.11400696467273996
-0.05418355032444183
-0.05238624384509327
-0.09520561276086309
-0.0498068090312444
-0.06985035448563925
-0.05413599050194101
-0.049456086688771994
0.010368762246268592
-0.0019653373137151764
-0.028188032943725128
-0.05834438653669821
-0.07912426332132261
-0.07474412528763502
-0.07521613198858645
-0.10718545845161381
-0.12080414491302272
-0.11737473517137986
-0.12907097536228418
-0.12160976231226678
-0.11150126434942742
-0.10353138651570598
-0.05825910532399098
-0.10040476105063617
-0.0773143353850676
-0.11252220673974772
-0.08408669084921955
-0.10848651122094805
-0.1045145387606124
-0.062246781368738346
-0.06603203849515982
-0.06699142327929125
-0.12045655932599303
-0.11150774962286675
-0.1293512732667646
-0.10190452877961687
-0.05350754678677738
-0.05762135965142773
-0.10388698843339661
-0.10886055664033739
-0.11174776620293253
-0.07458302105863557
-0.08845960367771538
-0.06045668203960097
-0.0346007682795641
-0.06562091906199685
-0.11640731231181828
0.03557553928090618
0.04681316610455588
-0.0055686794152234875
-0.07761341100648544
0.028403305770774323
-0.037174655828032255
-0.05799099926289947
-0.08755611060469437
-0.07202852408082422
-0.07723931815388996
-0.03599420525179675
-0.0882443162308757
-0.10297613031023922
-0.10806883752990776
-0.010195713306990317
-0.046868342671762986
-0.08022577393615926
-0.04430629243904616
-0.05826139881949566
-0.07891991100632062
-0.12084834532079392
-0.07135070717658087
-0.12279758179740802
-0.01819052480839367
-0.011029240489637548
-0.10936008814988268
-0.10969107561899932
-0.11523163570706896
-0.10637036831749097
-0.09473904496566743
-0.1126602449834403
-0.114861024403702
-0.10901433632565993
-0.069312006042003
-0.06829362879312617
-0.09653260132553931
-0.11389701390682466
-0.093086660778747
-0.10903884295416516
-0.05628676711264846
-0.10410404334269069
-0.07443873201470314
-0.10784968712881043
-0.10694797432306247
-0.11615534911063341
-0.10262763305726297
0.008858952273534393
0.01908407450565941
0.03168843417156064
-0.02092647390863589
-0.040477398171658796
-0.0611798781009808
-0.013165591637967045
-0.027077845228319464
0.005241674153031006
-0.01934313557529649
-5.276155209066324e-06
-0.012373518027218755
-0.08568046115605993
-0.07378577374185474
-0.10914922793809473
-0.10989910805672948
0.005545806808923248
-0.0036183740808967135
-0.002890946323123589
-0.010534603988887892
-0.03000076316847522
-0.021706029674757488
-0.06110633040500557
-0.08827213163535746
-0.108733604496763
-0.10544953585647687
-0.0879753825539124
-0.09220523434704869
-0.07303431546120936
-0.12080417212303313
-0.0836702208654142
0.048505950790595054
0.039498640606479674
0.0434949642500323
0.03150824946405972
0.05030894103512962
0.019571556218843433
0.012101481333163355
0.040932579219780885
0.04271737456716318
0.02162127481396492
-0.09426671018674654
-0.0804133728530525
-0.1022623387583716
-0.09587647802126004
-0.09531304317268813
-0.11412434901806762
-0.11007608793241347
0.023859862487076722
0.03538188855199742
-0.004379806072761228
-0.004532571387166173
0.004672056599886454
-0.04417923365131815
-0.04776380281096715
-0.06540354005639187
-0.06305463423375923
-0.07351826022980329
-0.05469093022157745
-0.06846209811822423
-0.04640108692568973
-0.035674964406769205
-0.0790151896083865
-0.05421859704650439
-0.09051254119741975
-0.034020235730028936
-0.027017986764611812
-0.08284841685576527
-0.028181488613716277
-0.023982781983657164
-0.018254871730141953
0.03672611495019884
-0.06065147190345099
-0.08550408618368899
-0.08899657921713339
-0.09596280674737023
-0.10117956192153854
-0.10489634729638114
-0.09420393635745544
-0.09234188205107902
-0.08711217172729896
-0.0709500006394691
-0.08327499705785651
-0.08575599383485805
-0.08584440827672551
-0.06410930032742745
-0.07657689651316424
-0.0852895403616144
-0.05835800554598625
-0.06945844352393094
-0.10609831800408481
-0.06774169109811368
-0.08271049183407747
-0.07851065890640718
-0.07724288286232578
-0.09525559387958954
-0.044747186645849535
-0.05869149129624057
-0.04423689481523663
-0.0853978107631772
-0.07641757099368929
-0.06680818747781314
-0.07787029340617424
-0.0618203834206455
-0.04729232754950258
-0.049345088962213235
-0.04585308439887348
-0.03176928698954634
-0.052146454403439846
-0.09121681342626986
-0.09130342149371184
-0.06014573592624345
-0.08951539219232785
-0.0662506899887994
-0.08669437298096505
-0.06692520747768937
-0.0735184348306111
-0.05726011390316532
-0.06817880354744299
-0.07258658809720792
-0.07938578110085048
-0.0519893990102927
-0.07809996348862236
-0.09066727862395124
-0.0980843932965344
-0.09914940045894777
-0.10758782166235059
-0.10544049955310747
-0.10445573130278624
-0.10419288614623434
-0.03926196113564262
-0.057121299050619634
-0.11166521548931696
-0.10381209002687808
-0.11864793140760604
-0.12024125852153922
-0.11500959105451242
-0.12193997995753136
-0.028474000127235166
-0.030879255199815825
-0.06639254675163447
-0.03234761934807012
-0.016927507093167815
-0.020867513060379317
-0.03530932115816948
-0.01306282864856756
-0.0364131761422265
-0.08458460804342044
-0.11515811566385664
-0.029485890652070024
-0.07469521818681041
-0.06646985781095438
-0.1082052595740926
-0.059929246276783366
-0.05865935777765624
-0.015239632300169226
-0.0014039850488776762
-0.01247140563538296
-0.028393436133293815
-0.004322495902364554
-0.03921758063150316
-0.11311349851379393
-0.1063634433867246
-0.10165510631757058
-0.09519045713520202
-0.06771865323870302
-0.09458903215611386
-0.07976004915019058
-0.11885679000591803
-0.12956390278733138
-0.10893016053375704
-0.10651018251778782
-0.07160844306340153
-0.10980334518862944
-0.1175421670299377
-0.09802286111031389
-0.0875399334320377
-0.08055404963719959
-0.0872879479728087
-0.06690190695891451
-0.0880008132911983
-0.04406197485269725
-0.08888440822593024
-0.055569464400649804
-0.0469267081823887
-0.09306710028799953
-0.08736328292387441
-0.06923858810215094
-0.07937449674698077
-0.11813044676622175
-0.013697438816230478
0.08368479535372197
0.01824898901131622
-0.03774141297401251
-0.013481541386221374
-0.07338922012425408
-0.07660412356270302
-0.07417310763536133
-0.07460568846272286
-0.08864249401181507
-0.09634339706677769
-0.08492736769640602
-0.11404705914822927
-0.10690541639223505
-0.05921411402768606
-0.051144245818254386
-0.054741963548515904
-0.08680977563632142
-0.09607259788150885
-0.10886274489582926
-0.09614426815326177
-0.09614426815326177
-0.09787043665782513
-0.0917199011794928
-0.09187475446149312
-0.07563719286323362
-0.09264028809717706
-0.0734665053379967
-0.038966128456312366
-0.0636278588216937
-0.041744388149458134
-0.031969624702877675
-0.0713680354135966
-0.10434120169363825
-0.10069184525092917
-0.09980593164794682
-0.05193565150571017
0.0038032717462924692
-0.008292081121762829
-0.0030206621656212462
0.0029135416199224107
-0.022033960884814907
-0.06455596169860156
-0.07830890560004539
-0.027816875066062174
-0.06392983478461417
-0.0842431019770345
-0.0945779518607398
-0.0916734271195494
-0.09935658447968204
-0.09732968792143093
-0.08891533350773423
-0.11307482799151902
-0.11663851333636405
-0.11289963379524676
-0.11820901417675916
-0.11820901417675916
-0.10906421867351479
-0.11106311514481237
-0.11742128901309817
-0.09674075955794242
-0.07762083235834621
-0.109768144665855
-0.11257710300067114
-0.11587883666803978
-0.09665987567627132
-0.09807787980499028
-0.1070313214676964
-0.1012395197237988
-0.11365383601950907
-0.09518972109798107
-0.09773043463288417
-0.10905696480719734
-0.09091754809392816
-0.09247504518792804
-0.09335545293489017
-0.11696916403094049
-0.08716576068907755
-0.1231844163923691
-0.12246567345587633
-0.11973092930587076
-0.12824567998817615
-0.12925629274462103
-0.1261310008789996
-0.12747008592079206
-0.12782050369685055
-0.12979566241046264
-0.12402099767720237
-0.12206863761303116
-0.12391931745342755
-0.12716073316812487
-0.11535141638821744
-0.08820576302666577
-0.07276930659132297
-0.10884812604708421
-0.10114308234482278
-0.07219117726879376
-0.08181487002514076
-0.10035746757767067
-0.09884077540126207
-0.10060295168804884
-0.08765803329026739
-0.09012488109789824
-0.0940751566990553
-0.09933227325866528
-0.10392119553147117
-0.11891148998572632
-0.10446293232509102
-0.07508292961066765
-0.05747614077127183
-0.048716586616014246
-0.09208256192830072
-0.09859778242621609
-0.06614037797726191
-0.09524976489987486
-0.06349664180430331
-0.08356397100648344
0.01232080130886859
-0.052947883785928074
-0.08198188071484541
-0.08338652045830008
-0.09366788697667561
-0.10563733019421873
-0.06621556844230803
-0.05158773967191055
-0.09035581517627789
-0.0929691625179232
-0.09808909273291483
-0.09506021938198383
-0.08555323615286564
-0.10546518312469777
-0.11518798813125042
-0.11354031356426253
-0.10227491372248376
-0.11581142694939667
-0.10460631555548522
-0.11329797076529696
-0.10480312763189104
-0.09669541991029368
-0.10289480376644072
-0.11391311154447226
-0.10289690828062065
-0.10520705005556519
-0.0999890635067841
-0.1068463152178667
-0.10079275684551103
-0.06852828079242668
-0.11663827281973393
-0.09753821370019466
-0.05260132397953993
-0.10825105169505511
-0.09283757580234342
-0.0648746622631472
-0.08985581018789568
-0.08909392198705146
-0.08197521497573623
-0.11858192449933336
-0.12052569659786605
-0.11687209658470465
-0.08720319359988588
-0.09900604128672513
-0.09309832901819048
-0.10114169780561261
-0.04079766008685387
-0.035701636851778684
-0.0947973272070185
-0.09064288457802111
-0.07701000611546138
-0.09389758200400838
-0.08005510690129874
-0.07407694976003204
-0.08017504135674441
-0.07760763780679042
-0.05962980571554921
-0.0977903656636177
-0.055982021461315534
-0.04432158236852779
-0.05852797898811074
-0.0852049534302956
-0.05689496219426188
-0.09596518072199678
-0.08464402895544437
-0.04347206083301791
-0.030193917113259416
-0.08471624148586582
-0.11469540515086113
-0.10769866917752291
-0.10608526948179903
-0.1097041501277754
-0.12187598002805838
-0.12098597676647521
-0.10399306893723187
-0.11385693499357696
-0.11513955716153845
-0.12064797656738369
-0.11595285587431753
-0.11104206020737284
-0.10166708151110965
-0.122213027293267
-0.11400954333326568
-0.11967311349416854
-0.11428193711917017
-0.11255575631764836
-0.08865734366151412
-0.09048857411824668
-0.10209892097691853
-0.10209646089987745
-0.09988296931930563
-0.09704670615040162
-0.04081301368635876
-0.029616699053007123
-0.015218398292095425
-0.09006094169855716
-0.0007036559090349837
-0.10965553054599264
-0.11791250751227073
-0.10878735342800006
-0.11146656790808501
-0.10522953976146537
-0.10164721391558751
-0.11165543687273582
-0.12645505163133552
-0.10568945112252015
-0.13276499448878137
-0.1293515129503383
-0.09480015384283125
-0.1007804557095231
-0.09337475000078399
-0.07789585420213208
-0.09373647732145857
-0.09187995975891106
-0.06874933083022583
-0.06777461306924165
-0.10623022278125377
-0.11281635853900646
-0.07619542501277488
-0.0689632162035913
-0.11475242104605865
-0.1231985565754336
-0.09245779775796964
-0.10708475558552233
-0.09829939916484254
-0.1056810325253365
-0.10720297015883962
-0.11226486933919805
-0.10952466512663972
-0.10651100369910149
-0.11248662924090413
-0.10616376322821114
-0.12610923320303286
-0.1181749527865007
-0.1116034001187367
-0.11229481241256312
-0.1281649967371089
-0.12701866258874467
-0.11483994404483144
-0.11034773793218722
-0.10710035882716618
-0.11160243981546358
-0.08464462020376073
-0.08898278795219955
-0.053845790201256905
-0.0872212787132115
-0.0363242588515485
-0.03469736092081449
-0.11093130662903494
-0.11178275384715008
-0.0786287645694923
-0.07953930313107938
-0.09675621475513013
-0.06625584524118272
-0.05990763521138487
-0.08671025388344045
-0.07765276677569222
-0.0755571283501662
-0.10739767915212267
-0.10887520611280371
-0.11877727603046395
-0.12868297422666392
-0.11690779756260589
-0.05028283611680151
-0.0836160283788085
-0.11188058868454642
-0.1009202506968272
-0.05390639393896329
-0.11078547980578163
-0.09700701618850882
-0.0884096973494829
-0.1105095007967013
-0.11435302466625707
-0.10543203029480158
-0.09940189338644961
-0.10284748457807269
-0.11079841501091109
-0.0851223589713403
-0.10101401408536603
-0.10206267182191087
-0.06808819068735206
-0.05897647321111049
-0.1033765705646068
-0.06263737185660806
-0.11100645572241052
-0.10201386226780468
-0.11557187305882494
-0.08949111159358253
-0.09905416214263613
-0.08639015409915202
-0.08998736242343741
-0.06302631893173893
-0.09887765834920687
-0.060230458190239866
-0.08114212188556225
-0.08899827576538111
-0.11091786083876787
-0.08791745645412152
-0.0799505958791536
-0.08677169400922141
-0.08677169400922141
-0.08677169400922141
-0.08677169400922141
-0.09827690792366461
-0.10104990678186099
-0.10237330102016412
-0.10326214919546006
-0.0826673829106443
-0.09980042255360538
-0.10273115605116934
-0.09364381573428437
-0.12287865573109669
-0.11553446634640263
-0.12333816204213349
-0.09404439093722539
-0.11290600270108103
-0.11289696032532232
-0.08430203250261359
-0.055144473844087216
-0.006257258552488931
0.007801957166615692
-0.051662134526732906
-0.0381512666801021
-0.10682003639539467
-0.09985995477979603
-0.10184710597011065
-0.09932072344336429
-0.0676529484087054
-0.06946383852339755
-0.11000488141042919
-0.10072650715596937
-0.07740195611338951
-0.06361750180309395
-0.06422667903985102
-0.06265766132852485
-0.06576005310365912
-0.09444542562674607
-0.09770311558046368
-0.07171460387844147
-0.035413454915301124
-0.02068643030344519
0.018925673377305108
-0.0011476941504184879
-0.09631624500381075
-0.07121936722845906
-0.050425840045005665
-0.09263322718872524
-0.08994718106684568
-0.09115645270782519
-0.082291922575561
-0.03972423292894539
-0.063209477337753
-0.09380680150175519
-0.10681136991877754
-0.11195483895172481
-0.1074844222045695
-0.10381290359044426
-0.08767869848932724
-0.11130802099219467
-0.09206207023492552
-0.11911335969504655
-0.12556562857198855
-0.1312106981144825
-0.11840774463219222
-0.13435046787179972
-0.1300160007290143
-0.11392070257328163
-0.12798239030136777
-0.12798239030136777
-0.1047830122014819
-0.07181335545417517
-0.0628852406240295
-0.05521442130847326
-0.0775776036598686
-0.09280362637448814
-0.08881632599318556
-0.11021624965822407
-0.11419780498524135
-0.1348090379400177
-0.11018369227942754
-0.11552577301703904
-0.09721070208283344
-0.08217083226341415
-0.12567919821585644
-0.1254584503746939
-0.09396221080552503
-0.1157260147841841
-0.12155292233806747
-0.10702236998262527
-0.11185709069579569
-0.06275155325671056
-0.06670686721808833
-0.10278491332498979
-0.11549294404908311
-0.09958920461522852
-0.0977027004340481
-0.07233069715504914
-0.09358462054894101
-0.10178447305728539
-0.11103208357989647
-0.1066080302594199
-0.10816285025447564
-0.11335722968963352
-0.12519486599514945
-0.12557418766065043
-0.1289802616131306
-0.11981267317320532
-0.09005697414653957
-0.08739625772598214
-0.10278463452526448
-0.10002975322161395
-0.1253608802776266
-0.11241565491882005
-0.12052950813198043
-0.11016334308526293
-0.12307002978491072
-0.12648209499567248
-0.12077586203180424
-0.11501765699246713
-0.06232891960389447
-0.05406867664904791
-0.03557863934488359
-0.09038333878756089
-0.05475428538102889
-0.07543921772173118
-0.058641775287148534
-0.05263481610364401
-0.01916504577275535
-0.03509588218681137
-0.0056899480448012185
-0.0449743215263948
-0.0564682034485669
-0.022300479515584448
-0.0269046387797377
-0.09699406263445437
-0.09845690390040296
-0.06369768130133141
-0.0946452573728292
-0.09630681595431301
-0.06468257633674485
-0.04480490304008977
-0.07563997432965258
-0.07783449959817224
-0.08792679224186628
-0.08060685507775084
-0.10850918284382832
-0.0925536160788688
-0.08686017680156083
-0.08291208748273182
-0.0990556063691268
-0.09983893748749645
-0.07731965724761053
-0.06431255530516178
-0.07702251999527693
-0.08626381298485092
-0.07395588477443238
-0.07161519118388582
-0.06476244301369077
-0.04532956015684292
-0.04857243047489623
-0.05027129900253813
-0.045660840333246466
-0.03761598076251205
-0.06463317917153288
-0.020441571159471483
-0.07841199105731445
-0.045228607674158594
-0.05758570569498933
-0.058479319979763245
-0.04859111493409762
0.003266341372436643
-0.08461425029018005
-0.05713289273789751
-0.05174714605143288
-0.07240341887464236
-0.03675283883455194
-0.028038994673988404
-0.047238063155523924
0.004582643959195165
0.021932539204848833
-0.003937631462791302
-0.08586301527677087
-0.07782339486989187
-0.11350981714501557
-0.12247329864039769
-0.11338416014732666
-0.10983879120598317
-0.11460882130781291
-0.11258075535171003
-0.10859881327897392
-0.09044868320174076
-0.06799641455760347
-0.061734561253725284
-0.06464805829036913
-0.06059123162462737
-0.0715548643579969
-0.06615223499844636
-0.0708617440838677
-0.05810268627577664
-0.034583713037522
-0.07735854283736832
-0.05642261635553503
-0.076011255842802
-0.026345115533352337
-0.0787769458883325
-0.046825435269103155
-0.07590583937786011
-0.01953447793052282
-0.10075401031681708
-0.11979125861454565
-0.08779687642981188
-0.07159106474056315
-0.06760139969075285
-0.05928840051932266
-0.06669625897230674
-0.014536234526012715
-0.07611035751309303
-0.014055554941249382
-0.07751478865759776
-0.0028437251868815294
-0.08457086956527515
-0.11400438556582188
-0.09493215221513868
-0.08941198958045954
-0.07045878403191769
-0.09564405216499317
-0.11925314787640606
-0.08550588222125333
-0.09168527774298896
-0.11948520138125962
-0.09064835919666009
-0.08605750607737211
-0.09445562332519891
-0.08447287391288433
-0.07901971628540294
-0.08736754365436705
-0.08524747709928748
-0.07208427378913057
-0.1039840484848703
-0.08746060679709394
-0.093740610915518
-0.11332838274212043
-0.1026702221324719
-0.08282017151751547
-0.04865772693470222
-0.06552821772055772
-0.11927671072357132
-0.11966063173510405
-0.11156980317519455
-0.09452242834040725
-0.10121936000224341
-0.08580730613257792
-0.08040589864131792
-0.06515079002666996
-0.017953824382674677
-0.058973021861043196
-0.06081259919315635
-0.09404658942330296
-0.0633790289773612
-0.09443866236774356
-0.10222674188058423
-0.0891986859817695
-0.09071514394296021
-0.0900081066383725
-0.059795368647315494
-0.06651165913987717
-0.03932605661242561
-0.02516117170294796
-0.01503996189847906
-0.011313548777308946
-0.026802192345869225
-0.11424438862029923
-0.10412001407792287
-0.1133811401506899
-0.08374323571227615
-0.10579110332066027
-0.09571091995003156
-0.11062544192275792
-0.08195417257302728
-0.11193643257437352
-0.11116457086392395
-0.10707822644703979
-0.11688693638964986
-0.1164176779849016
-0.09144868412478929
-0.11843713515876858
-0.1071783286538483
-0.07679311358038615
-0.0796839551394743
-0.11001060766622645
-0.09698397155514615
-0.0903170306429183
-0.10280170536494776
-0.10223575225171944
-0.10257864560680308
-0.09993295991319917
-0.09946659330432839
-0.10900770448546077
-0.10554615882861451
-0.10914615949016182
-0.11156751293563588
-0.0944697209581849
-0.10076979351537224
-0.051934067961759756
-0.0679066479790626
-0.05276000231507261
-0.06938161360403505
-0.06500520078110789
-0.07539622435576554
-0.059687747766973165
-0.09146319336765857
-0.07139927131120882
-0.08824604824590693
-0.09773212580597629
-0.09313783503078527
-0.08922110169722158
-0.08922110169722158
-0.05738114195418853
-0.0823459775069682
-0.03983654494772981
-0.035678018177635384
-0.04103853185464457
-0.043823718293304004
-0.08811595302829295
-0.05513514616049714
-0.09312151176174444
-0.05932404766160426
-0.0832238844913118
-0.03759616755585854
-0.02128868579466464
-0.010850152883330078
-0.017079350362505186
-0.12425264032174954
-0.10917094298501134
-0.10471132293494645
-0.12196336665166524
-0.0931256169226331
-0.04793945850717363
-0.009892236952611155
-0.01404037363105276
-0.1005838175357553
-0.10849330465029822
-0.09074028039543064
-0.09059757844557098
-0.09541129409958293
-0.08387040758614456
-0.08273967235089125
-0.08271669613524124
-0.10087707610096797
-0.10338712400942335
-0.08903987163266103
-0.11333112000055595
-0.1102110526548522
-0.10639648573002514
-0.09065443892220088
-0.11126676952043779
-0.11252777380117635
-0.08047097565324912
-0.1278364187731023
-0.12370274240705165
-0.1287731195985362
-0.09627009490609911
-0.07645769316904272
-0.07821157150719144
-0.1022007570879489
-0.10726458188665294
-0.11009182765151837
-0.11335021382260208
-0.11317388130935796
-0.0932339354840554
-0.10930772802381994
-0.10689440938066463
-0.11747820048455809
-0.11272459277859331
-0.11535973361487767
-0.12679679232455893
-0.122958968506452
-0.09988153063266914
-0.1143711914732859
-0.11154972694773813
-0.08375591231421398
-0.09091825395562514
-0.0996298375568207
-0.09468449920419542
-0.1075119057520601
-0.08878972530656182
-0.12051914055592428
-0.10347187037394934
-0.09845391582798885
0.017828454746088407
0.028780146061916367
-0.0633720446784174
-0.04809267930021305
-0.09785677931036851
-0.09621460811266702
-0.0884300672284809
-0.09541004735552511
-0.09746384502376348
-0.10298475938902457
-0.08643206215502136
-0.10358746830984594
-0.09722582269126212
-0.10539886001772508
-0.09440814915182227
-0.10113150720130765
-0.0859590280423515
-0.10227253980543466
-0.09151530968152588
-0.03943178686927268
-0.03850801911087026
-0.06565373614348763
-0.055017352250331664
-0.010440634302872343
0.0039066744140058285
-0.08135539609891973
-0.08012015761782565
-0.09138452452930185
-0.08726133907484679
-0.06777115362010938
-0.0986769374659196
-0.09620983286428797
-0.03472129451021805
-0.09679130936592012
-0.056952733705516345
-0.09121519455085308
-0.09934997848525529
-0.046780506532132504
-0.007527839056797714
-0.06586136719449193
-0.08918148254352548
-0.08204893956890008
-0.06534603142957712
-0.02816531275499773
-0.04576021468663971
-0.03754259069584137
-0.03368753491845716
-0.04975011549846792
-0.08253501169865246
-0.04480753063229276
-0.11207369317060689
-0.06316707990370163
-0.09804349349878494
-0.04059515379092343
-0.07410549521214821
-0.09093990343493269
-0.055678563139046955
-0.016691970944903656
-0.09448465132760542
-0.05066531299880889
-0.09239301800520472
-0.08006850129775284
-0.055530070304175616
0.011186416648320319
0.01999021121609501
0.020196208663729842
0.011821730075576187
0.01874294473805016
0.03499732025383662
0.0399468854115953
-0.09674910041513368
-0.08940347474624055
-0.09168107586046265
-0.09177133233158352
-0.08958424649633195
-0.10398831895472943
-0.10539655949035759
-0.05854532135761514
-0.10575829433200445
-0.0966322672942172
-0.10543951907868027
-0.09251555229051578
-0.09969457418525163
-0.1031011831679472
-0.10986607607351573
-0.10936777894767763
-0.1223174079801575
-0.11674220531196183
-0.11390373788984487
-0.09878388430598439
-0.09289187429085832
-0.10165837471049499
-0.08703529992368741
-0.11492033376849609
-0.1104062388369611
-0.11752115872662616
-0.0188365582216119
-0.022471750649429745
-0.027134802033039807
-0.004004886854042766
-0.022874002759936618
-0.043873328307345305
-0.04112290646903449
-0.03947983079663819
-0.03840286687435451
-0.04004134026178341
-0.07056618903549777
-0.019848502191935624
-0.003624492129244372
-0.004630992933966405
-0.017208125237787475
-0.007674589639210527
-0.020342395919675293
-0.04389777482905516
-0.05934206866705649
-0.06456649204035914
-0.06164833510197071
-0.055885035306066366
-0.04701577040262833
-0.05276203449630906
-0.04883239599903888
-0.04753793982949078
0.040495753525968015
-0.023983628988839323
0.035517804975717326
0.03542002730897098
0.014541073731530685
0.015441437602817243
0.01125982453263552
-0.011265916965272182
0.00028880080660942387
-0.04819988907545425
-0.05855468004500258
-0.05735791769732096
-0.04872931062298974
-0.049398899867898693
-0.05825289893485058
-0.060451892270861174
-0.06614209177676456
-0.10265818727452197
-0.10331948439662114
-0.10106801401971777
-0.1046076685841561
-0.10876549136856273
-0.09974212900965818
-0.11842016536123096
-0.11440387923015388
-0.11306363098684225
-0.11654341339694951
-0.11665947873779581
-0.09094229290745448
-0.10021493862671649
-0.11131869772187519
-0.10889127681881633
-0.10679378148594754
-0.11245216911592831
-0.11122266897030392
-0.11686626080627
-0.11094524389258414
-0.11537882894921964
-0.12057330382362647
-0.12479070233469575
-0.12806947944551633
-0.13166560375819247
-0.11797995522419052
-0.11339109337992853
-0.1102583073581555
-0.07676281196068935
-0.030925007504608915
-0.05808559476340408
-0.04483727714603619
-0.058699217527178105
-0.061891944161691415
-0.07548640569630838
-0.09637145599741337
-0.11349446189372253
-0.11045713469751789
-0.11557237637146944
-0.11721493349590334
-0.12143996485427477
-0.1161231573203913
-0.08320631418457147
-0.09236814389292258
-0.09410807323662768
-0.08901584554380837
-0.07577875809835194
-0.06224578348237786
-0.05288293752920076
-0.0598129367267467
0.00834898411985241
-0.0775150231851065
-0.059754872027309835
-0.0722153959261212
-0.08789949194987606
-0.08349820387087137
-0.0868349271434084
-0.11539321860973684
-0.10968792438435626
-0.10993639156780355
-0.11637754570303249
-0.10441207757378795
-0.09094252357371369
-0.09055546957037314
-0.09469615602504411
-0.09456343374451504
-0.06866873610766278
-0.10584409040406556
-0.09579514035859799
-0.09157405479501224
-0.10508168910078086
-0.10153944232869283
-0.09771139384314631
-0.10021508524094541
-0.09561415729970552
-0.09604028840735768
-0.09396654767931861
-0.09563455249135228
-0.0918451256311762
-0.09563455249135228
-0.09335550744740473
-0.09606161527351437
-0.0750222428814939
-0.10003152252341668
-0.07606744882884942
-0.08257757071125388
-0.05959147926778824
-0.10987792399114721
-0.09083158822328702
-0.05198102368578744
-0.04141712463185604
-0.10562964429978555
-0.08636898131264786
-0.07160922733154684
-0.09131790617757929
-0.08627309764099461
-0.08518006319898802
-0.07605912845161622
-0.08610159283029972
-0.08440605489642233
-0.08809698421394613
-0.0824916496317491
-0.07725145474959555
-0.07166614658008208
-0.08125027825872994
-0.0830047400198396
-0.07670612095723228
-0.07829168425767108
-0.07651242071803166
-0.06803923419083818
-0.07071761051486902
-0.06400739932004407
-0.07334745080186
-0.1066185844993956
-0.10365508295998904
-0.10320470067810444
-0.09278417365208241
-0.08914314214166519
-0.07921003652380121
-0.09395298701888577
-0.10828687009782839
-0.1108868530655886
-0.09930278782353702
-0.10327981776106854
-0.10637289083619317
-0.098774991196663
-0.10265969029964012
-0.10531726656353418
-0.09382327055300455
-0.08463882618204266
-0.07943464576717951
-0.09581363633090695
-0.10340699415813726
-0.036806543943974535
-0.08518952203953312
-0.09217458733226008
-0.0835019997862973
-0.08555115284016707
-0.10476826007579837
-0.11488223867820097
-0.12495951620481
-0.11711713623291731
-0.10267438715567728
-0.10275171267196531
-0.09309737273111268
-0.07704303077227082
-0.072356666093214
-0.08872768737390524
-0.0638662078967781
-0.11120067309913889
-0.11515418188641513
-0.1145357477428654
-0.09616272182371605
-0.09766860022280027
-0.08089900216328
-0.07691652003022148
-0.07811167367882121
-0.07106867346553547
-0.10114637429463119
-0.10245353328862339
-0.0540781013540208
-0.059251851267388134
-0.08057111005188689
-0.07054382533855225
-0.06979425682547125
-0.0885839620372249
-0.05885970147008335
-0.05579425381896469
-0.06336095066539688
-0.005046425331286908
-0.10901236407275272
-0.10791956093938176
-0.11177346049005904
-0.10861426406675367
-0.10481520341713135
-0.11096366190993001
-0.10319893350218251
-0.10175943636248397
-0.1005187267107962
-0.052553117490216794
-0.04719325766406701
-0.059585022910730756
-0.040183923683064615
-0.04187006427378209
-0.07981392918201374
-0.08157504550853306
-0.06547505512649737
-0.05855321800263652
-0.09942603654943688
-0.08716645711789123
-0.09748350848181797
-0.0931857172378791
-0.08336010838616076
-0.08305676031454501
-0.07817546421162253
-0.07453470691961606
-0.07232188999548145
-0.08681209353419034
-0.10299027917584347
-0.10648757463825459
-0.10058574245238056
-0.09075972160945761
-0.08294778447644024
-0.07229128806363339
-0.07684858202607292
-0.11116407167157061
-0.12325311120600396
-0.1251955514203935
-0.13011564131372672
-0.13088095904527242
-0.12580431473571774
-0.12460537663682042
-0.1153894356076573
-0.11655858749378445
-0.1055447486910206
-0.11039653485847861
-0.1199810814372928
-0.1180223944978872
-0.11942649924201221
-0.1162601518430218
-0.11685262560607312
-0.1194802758480733
-0.12086164075792416
-0.11415030739470572
-0.12724294910770273
-0.12899504246002924
-0.12554161992478557
-0.13082658179144152
-0.12319812522000911
-0.12592222626920352
-0.12907969085751264
-0.07710537222103564
-0.0789409063050478
-0.08044187544110643
-0.08071118517737264
-0.0892034166706101
-0.07617053653629252
-0.08228181822563962
-0.07918843075501958
-0.09797595643821416
-0.09506612215755383
-0.08832751771273967
-0.09539509198998336
-0.07395616177221098
-0.07319070113963028
-0.05380689628078472
-0.05293145573047375
-0.04193817808898259
-0.041401193354784205
-0.026883546068600717
-0.029744773727219453
-0.029567600284837237
-0.0437668400374428
-0.04409855795880102
-0.0513595249663234
-0.06582056589345797
-0.06057442301256577
-0.061945202834063906
-0.06730632587755603
-0.051048072850175985
-0.052810521179468384
0.04155967401255056
0.044285922271377176
-0.050013843102722555
-0.0703961752030629
-0.08068869329145706
-0.08228021302504823
-0.07360147067650014
-0.0603228770268836
-0.047239658676266616
-0.07383329559802171
-0.03484403375165168
-0.09052731762043748
-0.03683562369471277
-0.055606260027126764
-0.05800980655102661
-0.07718070568435365
-0.06163391703734061
-0.06276624636767725
-0.060462535102064785
-0.057741091253035226
-0.06092379726096858
-0.05420178691888261
-0.0562599393814881
-0.06222241713036808
-0.07454376897091669
-0.0767215768412462
-0.0593431994223072
-0.09652213695843159
-0.10283610637611917
-0.10204661085918659
-0.10547413581029547
-0.11166419061359006
-0.12239826509943058
-0.09772406092743136
-0.10266880971673786
-0.10983979158850155
-0.09898778133089137
-0.10124845700930751
-0.10322596590847477
-0.10124536056800393
-0.09873734122358047
-0.09820263486339764
-0.05823115637844828
-0.05690290343363308
-0.0439129235455013
-0.056653900262054635
-0.05522270271099744
-0.04403163199447829
-0.04911576031749826
-0.05217190326536425
-0.08275970851282571
-0.09311722798871053
-0.09607458212721998
-0.09700354865377464
-0.09391197820089858
-0.10825945080347066
-0.10472410218496642
-0.08749465587307814
-0.09937477386540944
-0.07140048121786913
-0.04441964184903435
-0.05396904094697913
-0.059905259057339066
-0.08035170867520447
-0.07905988499028777
-0.06966843182846794
-0.0769664679272935
-0.10266538961344585
-0.09034461287117046
-0.09942754251632396
-0.04926715234323642
-0.027380298995405894
-0.04107052901502162
-0.09758377154981213
-0.07490459575316882
-0.07127565397484187
-0.06005275066815491
-0.06780519575403038
-0.07208683500101642
-0.06788777643904781
-0.09593329907620124
-0.04293359004767405
0.09439206389246102
0.11165965601647254
-0.043305248909318694
-0.04821810012802358
-0.06338768483044466
0.057177527583000654
0.10073349847206603
-0.0547798098684904
-0.015153946250022365
-0.02752394530033364
-0.05700270724071743
-0.016990090093672916
-0.032164389742856514
-0.025256782898383512
-0.021616311806377575
0.04074709738344773
-0.024352395880404942
-0.010070126389257916
-0.006613223839400217
-0.008929401788008995
-0.042045961166587764
0.01778867173204901
0.01778867173204901
-0.02264781184195247
-0.06565157354799894
-0.06565157354799894
-0.025929680067537597
-0.028585503955460223
-0.04220078754069012
-0.02561992795844481
-0.024483807112935962
-0.03376456856516524
-0.027078559613088693
-0.016038555060465587
-0.009486950676879935
-0.020131272842912218
-0.01704310795475028
-0.006693522654231343
-0.05396867361060492
-0.0608077621542607
-0.06179444176806892
-0.05831904442605318
-0.058660291825708255
-0.051140165889621614
-0.02525743639091238
-0.06723406272652632
-0.05948631164125351
-0.039458458024090426
-0.03834892370074777
-0.05385544682997978
-0.05848652847548863
-0.04596295377604448
-0.01820750522483605
-0.02192729306072083
-0.02160372616147166
-0.0420391927917067
-0.037711300466261255
-0.031229232792340467
0.10117859862034628
0.08451566422393653
0.016366803637599348
0.05313602370878723
0.08243708424815055
0.052710285905204546
0.010244924698193603
0.042341907001421375
0.045945736778654434
0.07019205180486277
-0.038528319634309915
-0.044274437244485376
-0.06436621158936057
-0.052634590625272704
-0.0707860463602028
-0.055897724740673005
-0.05223912501436645
-0.006129631511487377
-0.006129631511487377
-0.0002813271781433868
-0.009356427289072156
-0.028766765041931763
-0.02440628611192658
-0.021231797033049504
0.031196068634289476
0.020929540503092703
0.09019224925052638
0.06930175199875721
-0.007097970097857231
-0.00542966636937281
-0.01111538042203325
0.04801078904694045
0.044362464057697504
0.04794475923889663
0.060493822060156965
0.047760763041497234
0.047953532514792396
-0.021536298252825103
-0.04276331802455963
0.0331787219428088
0.02556498855248024
0.02155274360452819
0.02625135145878954
0.03545170103825568
0.036774319021174784
0.03662110946283603
0.030372096216462974
-0.01878740941854684
-0.013153165958757596
-0.02486970718133652
-0.018125326660968832
0.00030055002566842237
-0.0035546793534570464
0.012704538095165918
0.018119723660106835
-0.0054568958265759915
0.013588227060768232
-0.0006898413168563988
0.009744048584991893
0.022722810227079226
0.028329006210063623
0.004507214550150462
0.018573742617141287
-0.0027408556026556896
0.05085078244523866
0.06380726763136202
0.07205367038391863
0.06568789051574875
0.06208343560467233
0.03283395780130649
0.014405926539669878
0.0022587748834459465
-0.002218995233380372
0.017446169126287048
-0.00462808450760277
0.046308311776154465
0.0764187596420336
0.07335515309337481
0.0811317396934873
0.07995337864549756
0.07558330464692209
-0.04646745652541967
-0.019397099515101657
-0.048660163828348535
-0.04825113754117216
-0.022329831796593536
-0.03735918091922147
-0.04493298711347021
-0.011501979793463013
0.007223058056500697
-0.0036591772061805306
0.010182872838109036
0.009509580972564935
0.0020807368092742307
0.003284131151219394
-0.007037339594850145
0.015113284364188462
0.021124711447275013
0.04841859790060021
0.007178634731977107
-0.00013697106072196874
0.00561865637044312
0.015293803037414233
0.009246515328305005
0.016372026524229866
0.017882765741896622
0.05249148112935598
0.006904911366989452
0.0038596573385207833
0.008997695241202086
0.009008970276150774
0.012922543567002509
0.00982722502942679
-0.02396463973703994
-0.015764251409441543
-0.0226521282376565
-0.024504643128555992
0.0128591650825568
