Model: IForest
Dataset 14: pima.mat
Time taken: 0.15432429313659668 seg.
Accuracy: 0.5223880597014925
@scores
-0.0766659662114838
-0.09982608973928819
-0.02839643935516406
-0.09170286749643708
0.054232402341395924
-0.09836312672821107
-0.08603353152358262
-0.00027194583555617546
0.05485975071142313
0.006225119504795984
-0.08344592264907985
-0.04491129645545616
0.02853287333670773
0.08574467123165064
-0.04690226320211277
-0.026539264919055394
-0.03430890322077618
-0.09288576476712485
-0.049842678307447985
-0.10966184386861094
-0.06177398248352772
-0.07011589403850954
-0.02613761834519801
-0.07854606943008396
-0.01099341764501699
-0.0653992638471978
-0.08636668486900378
-0.09197298657179437
0.02428938295027816
-0.09159885575774601
-0.05804196396474104
-0.07115374745783637
-0.10007289682809933
-0.053144119960520486
-0.06499754489936765
-0.04875679129023908
-0.05938495067989297
-0.0826350827275944
-0.09661143696971908
0.024634666084435874
-0.07024483807608406
-0.07591205521464534
-0.050764055026769284
0.04612274341373912
-0.07239166077904308
0.02588676443783411
-0.08175102554627939
-0.09006685995494057
-0.09688584610782702
0.04229115870059885
-0.08871609471002645
-0.08806012418867076
-0.08985118460735714
-0.003235488052600266
-0.04950624534642484
-0.06810973458964914
-0.029765111267162747
0.007934462365607797
0.0193368000286398
-0.07727447332532111
0.024861063118242988
-0.09002815230941652
-0.028533079351296675
-0.07600185530116221
-0.09307665019506717
-0.09970990011480585
-0.07082163371565753
-0.019482801357884272
-0.09127397225981881
-0.08297626609733316
-0.09702643137163225
-0.08401665767637051
-0.009263922968116234
-0.059286727399191275
-0.10087288230051927
-0.016913728843552023
-0.053938146748040594
-0.10036246222787637
-0.003622148877533926
-0.11860024356408316
-0.060297133565427874
0.038807238786568
-0.07316657119985115
-0.1052632422413568
-0.016962493858838634
-0.10791313550106663
0.011382271802599542
-0.10941980270334939
0.0006987837860479296
-0.11481366527564957
-0.07109563863178658
-0.09894158086984817
-0.043175960897076926
-0.04926549943405256
-0.06685012466798518
-0.08409626388487929
-0.11079871343393749
-0.05873606773306206
-0.07158975575231136
0.00011880813966513859
-0.03294856270634633
-0.07671277383761665
-0.03862007185517674
-0.10179051597628941
-0.06534888452081128
-0.0767683284567438
-0.003329120783886863
-0.07978624897051162
-0.09846059783465289
-0.08777889852671289
-0.07952733667520034
0.0005888184083553405
-0.10448739730994339
-0.0757248058480422
-0.058405501146658156
-0.038351284071083014
-0.10129052461062327
-0.055666041939050837
-0.09949671334837784
-0.09237344693301963
0.015889083004371862
-0.09384012610746562
-0.11020520442297099
-0.0340619250432343
-0.09444604043720695
-0.006505267441994145
-0.09894218319386117
-0.09902229291785586
-0.0720031951325224
-0.005998484130348647
-0.07586902987941435
-0.010662191845158542
-0.07184729592290562
-0.08376367930293493
-0.09508552107055013
-0.08296951680814513
-0.09742209058959456
-0.09356644678848547
-0.08781231300251935
-0.06269930859122419
-0.061474331396973114
-0.10219169409387246
-0.10943658556727609
-0.06937698697700839
-0.06996028482569344
-0.03357708337494769
-0.035415931711356874
-0.04972183818632381
-0.04318666960303197
-0.10712323422192088
-0.04739420365529712
-0.08266537474110741
-0.030523745154139803
-0.021910976537845794
-0.007870561990380665
-0.02573677707913047
-0.08556522403994832
-0.07867313733486048
-0.11223008931824263
0.031533862097855025
-0.09322313287015
-0.08570976988852885
-0.06281557352218253
-0.10770483073311193
-0.07007199238022305
-0.07041531057858885
-0.10164811108015925
-0.09257535168651443
-0.10529448985429235
-0.09410992764907872
-0.08877377360969968
-0.08900220760030325
-0.029160762799348927
-0.06663093883034771
-0.09348045356038753
-0.05700457024338773
-0.07882653241341625
0.037263790452713996
-0.07059918807597376
-0.04906044806700105
-0.06224592040493676
-0.08501648302489345
-0.03516470189257748
-0.07442483308906056
-0.09880761127312204
-0.038122838032723594
0.028988702328842653
-0.008937305497957626
-0.07667544609903948
-0.08185769056538195
-0.08273106367468075
-0.06313826483450957
-0.07902253413994964
0.0493450715614393
-0.03822046945428892
-0.0783259794487593
-0.08387270319331719
-0.09733957078262784
-0.07942509117039487
-0.06589882929402296
-0.06777852100416787
-0.08921186772757228
-0.08843492795940189
-0.0992620919416366
-0.05142976210189132
-0.0993262544315821
-0.0016263060062516321
-0.020333066469085337
-0.10456809549740254
-0.05808576728686482
-0.10235815391992953
-0.015230504306444459
-0.001927837226683049
-0.08398823537885197
-0.06549314065402345
-0.0057563764019064045
-0.09336979939542717
-0.10311921648155997
-0.04487314160961686
-0.09305198986517732
0.02565307856775889
-0.00011550588293451902
-0.0171769817791127
-0.002876965194152037
-0.1028521164078055
-0.09873636976334554
-0.08766191620623254
-0.06368282010106374
0.10808789089244186
-0.08040173405929735
-0.05508903208486837
-0.012503228316493697
-0.08640964290301384
-0.10415479552974011
-0.09930405070629339
-0.06410640781636717
-0.031338577686320146
-0.02762408904755037
-0.041986086610485696
-0.07401266668214501
-0.1041795764091763
-0.09951084715814712
-0.08455526916111994
-0.013631045721575974
-0.10085748841774217
0.018783128561156937
-0.07166718242058961
0.06169446150355329
-0.028647755536820474
-0.10018525127924433
-0.061888150990897506
-0.0990896446635301
-0.1040502990366608
-0.09932559763700827
0.03597396911873607
-0.10147245356340051
-0.09623893585239673
-0.10833017065614109
0.017211969716537157
0.010966595251092448
-0.06502309826846853
-0.01762106159016863
-0.10052228392109541
-0.04056331399490343
-0.09893603245654459
-0.05652599046803608
0.008202990873901861
-0.05931406265087735
-0.0689793265851184
-0.023711277915325513
0.0037043229375449682
-0.08628690992985272
-0.0930061657705013
-0.03962926064263944
-0.02594268460118715
-0.04605849722475136
-0.08686497110999802
-0.09637870100813595
-0.04416457400416357
-0.0401151863455983
-0.0845395766323806
-0.06810396037283489
-0.06903891504783533
-0.07410737244474341
-0.07953821138555373
-0.07022762021166906
-0.0048935774413726985
-0.05594804133059933
-0.07927963105316388
-0.10060321229706837
-0.06799806823482124
-0.09425859973000345
-0.04852393568447477
-0.054969247405962984
0.02425294858315885
-0.08398317304336683
-0.06264140149748121
-0.07873421687687437
0.016576106123462386
-0.013793828013796583
0.00913362907222115
-0.09488117886708397
-0.08015205141874143
-0.029746299361943895
-0.07239431639913979
-0.1008096961169625
-0.032846690807789236
-0.07134160922791499
-0.0372061154158021
-0.0949161575313971
-0.07571119048509806
-0.08800615925537536
-0.08948668160426637
-0.08761238577566699
-0.0494823261919477
-0.11230900922117204
-0.08590154716699089
-0.06997671080625945
-0.09865742529993188
-0.006228445541562322
-0.07538113404320174
-0.11106321216269754
-0.09218979876771904
0.0003652347214112561
-0.0943199071831668
-0.06855330067150345
-0.10121790519904378
-0.02892464324121552
-0.06773105208005104
-0.08860526117371842
0.020918942257196482
-0.09883506292550653
0.029766789535725202
-0.03485452344645529
-0.10328693107159781
-0.028172162440392445
0.01015332369567079
-0.09943615542969142
-0.05666226283458914
-0.054309330911191556
-0.09735586564241622
-0.09620037562767392
-0.044196306397087215
-0.09890611407898481
-0.046364239121870376
-0.058300916510455936
-0.06884063343299024
-0.025320466088888105
-0.09263563350392018
-0.021973951126178004
-0.08234495225047678
-0.10197339949374179
-0.06797926168104246
-0.10696287557273904
-0.051035875481999615
-0.051486675156715345
-0.06421812826498069
0.039459833684372336
-0.03225399791715117
-0.02581916560117342
-0.02655900087470786
-0.04177809103247182
0.007820267360661548
-0.02132079223108141
-0.08136901455828904
-0.09780053752594159
-0.09601278778937827
-0.09086782768860169
-0.0932679447917123
-0.030574559053407446
0.06684464987212735
0.049865228084701174
-0.08999596877327254
-0.10016821866655029
-0.07560375047421569
0.03300051693612349
-0.09648521423677614
-0.09527624537119278
-0.06901487202503487
-0.0008782835785756116
-0.10549171263405743
-0.0931966548637303
-0.04432067031922976
-0.05737371029556709
-0.09178780616563353
-0.09291586781264677
-0.10412486093540835
-0.02491925415851015
-0.03281802236879766
-0.09493419138163733
-0.08216439982918494
-0.06547077190142758
-0.012347977358226792
-0.07802251956523348
-0.07509822749644862
-0.010784801828460588
-0.05114784533083522
-0.08677457519658438
-0.07586637256275913
-0.046345084064261466
-0.0912467901633216
-0.03697647012744515
-0.09063441284358414
-0.06117135909197052
-0.06595718565911302
-0.07592052603424704
-0.09852214992466446
-0.08229639952613865
0.021313846279922277
0.037123351781044645
-0.07356786996186293
-0.10743760984964812
-0.026957634063600133
-0.09174782807928838
-0.07509379381692444
-0.020663996602128976
-0.07762828794844862
-0.09201722495835835
-0.06673544565610323
-0.1083757299885939
-0.060008662690507364
-0.10374365721445306
-0.05866916051341198
-0.11101343334785235
-0.07189545613951481
-0.05034898211816624
0.026274947129673487
-0.06108779745151521
-0.027383094511001238
-0.07471103692051834
-0.015525666584767672
-0.09144026643112346
-0.09468765587567013
-0.09657811079654405
-0.04567450615578034
-0.003029051882254996
-0.05955357588773974
-0.09342817678949283
-0.08047751462691194
-0.0701022582307243
0.00526178642384012
-0.10998063615122805
-0.10813214100720991
-0.05874211663931861
-0.10630857223032292
0.12269850670326887
-0.10258746539488256
-0.0766066707918322
-0.09894908693984261
-0.1020242773493204
-0.07733144750377263
-0.09154294213125419
-0.07958418944224244
0.07896441335425008
-0.10354912688976753
0.012271069985088978
-0.009006184847767884
-0.10175101975794915
0.021589848580094606
0.023568026075654114
-0.03376577153659699
-0.05720644679945308
-0.07099740033910912
-0.0958168498668105
0.0053531487960528645
-0.06780809033667418
-0.07150682676926978
-0.09099997528327924
-0.017751065150743595
-0.056247267515731336
-0.07997391364700085
-0.08691042675183308
-0.10022245541042907
-0.07338464880602202
-0.09652062290443775
-0.028983217710713327
-0.08415742498529283
-0.0723207137597982
-0.07962258144820755
-0.04020110235819446
-0.07320299555414012
-0.08818713702771319
-0.09625291247484069
-0.08250291221501038
0.0009249500884451756
-0.06572612429978725
-0.012035618674669513
0.041529037384273826
-0.11008601659736933
0.02197429701288156
-0.1045144544010283
-0.08163321973800935
-0.09846862776431953
-0.04811893479031304
0.03452660862224399
-0.032555269428969746
-0.10272100576524346
-0.1001767748176694
-0.0022772468143268387
-0.06809535910312148
-0.08250979264665015
-0.104124573035079
-0.013607019078576754
-0.08047259508556603
-0.09667405213806413
-0.049551236844087077
-0.04533458515083577
-0.08233213981506271
-0.06340932186135256
-0.032022162749218486
-0.046741805333318676
-0.053315901653576026
-0.019052609692455036
-0.09331355197128194
-0.09374474527492505
-0.09525980527753147
-0.036857663144793884
-0.07854428179879747
0.002343007906771666
0.019416062838494064
-0.07973844809756475
-0.10903237691021422
0.03066287777515908
-0.0670503239249376
-0.09216428822505052
-0.09085555250919547
-0.09007311059952233
-0.09578533998966793
-0.09972842322492675
-0.08810974510878461
-0.09279170383685115
-0.06249520769930167
-0.024002505380723627
-0.026519173492248693
-0.045865811254362454
-0.028184486989610125
-0.06294696021985091
0.06005073669830985
-0.06942898087253335
-0.03809329550168933
-0.0648641428388757
-0.10126881906685103
-0.012894297696350476
-0.06968390177158207
-0.1119818966408177
-0.04034946277315632
0.010308089062280423
-0.10362785951350878
-0.046588954164270446
0.0022213059291802395
-0.10441868063226689
-0.09449720281284157
-0.036048157662467606
-0.11444954949308173
-0.09598140763346674
-0.06469000683631015
-0.09907530512361495
-0.05381754410010858
-0.018463976068900878
-0.05172445222761096
-0.07201676929087913
-0.02934294650488606
-0.10702242054467731
-0.08162372832093429
-0.0844295790880128
-0.08609131383756335
-0.09468633768173829
-0.05640073277538493
-0.09474905215314311
-0.09183612997481783
-0.07856175345273464
-0.04674999375055772
-0.10454318060601614
-0.09853400280893343
-0.04560718573797312
-0.04394134706564212
-0.027494984927717347
-0.055749597429357034
-0.06522530543950789
0.09221636788946819
-0.023630937009179953
-0.0849245597744801
-0.01714331776785455
-0.07920063051752663
0.023388285052279967
-0.09139343426949076
-0.07233300776883944
-0.09278105098683564
-0.014245558349228138
0.005379242494761405
0.006755377468072865
-0.049615791792729624
-0.0885381886205806
-0.004313969460309708
-0.06738584503613854
-0.018680160727789608
-0.014168854045866486
-0.04876418181381287
-0.0605837817998201
-0.05343337375374796
-0.09752193654987407
-0.018694486597189364
-0.0982307561348808
-0.06315284041826585
0.01217324370202677
-0.09584546703042163
-0.01051386115499825
-0.09283587062860604
-0.06272875066368194
-0.07350201636771192
-0.10285478782875895
-0.05804903392287192
-0.033140057774892484
-0.0744926896373958
-0.03752027368367361
-0.10163501820726895
-0.06672095902134673
-0.06777494834361447
-0.0019793001548195077
-0.026709469936148533
-0.09220279389189079
-0.005646494424748627
0.041811783826085525
-0.07335970330013458
-0.08939901214027929
-0.05851409585973
-0.08114731652356333
-0.06886139708430405
-0.095609452578028
-0.09202123412467605
-0.07890593358441855
-0.09675128064138094
-0.10451448542616443
-0.0832189127848667
-0.04740605309696444
-0.03313241273426032
-0.08404004093098077
-0.10475226423315215
-0.06954068766143873
-0.0904937284521733
-0.08827743079206829
-0.09884337190955572
-0.0785535141071359
-0.02637224747975142
-0.09743683722755159
-0.047720564837342605
-0.06325626785000599
-0.044674962426352716
-0.04437627759014895
-0.09238209605575326
-0.09172036855483878
-0.10607613028872898
-0.10921985638654308
-0.09899778085000538
-0.10557645138558563
-0.011967696463160371
-0.06942289683068847
-0.024750679896799077
-0.0016263837419717708
-0.0462656143723057
-0.03229856673711273
0.01118335169225515
0.020321321195656106
-0.043653949493544064
-0.09352768652519483
-0.08371301015841931
-0.01775148500976309
-0.06491117302683735
-0.06965762504036299
-0.06257187171793693
-0.06786476152579224
-0.09796993478695193
0.014176160763558432
0.025438519570488483
-0.0006333625575695723
-0.04264807849837737
-0.041963339144431844
-0.08036325946131784
-0.08381317429257157
-0.06105865503719882
-0.06270438083134144
-0.04100845491749111
-0.08039019280167642
-0.1005659727693996
0.032390411953114984
-0.09724849541045305
-0.09301779735296029
-0.0987820020019089
-0.06662980811304886
-0.0264128829628813
-0.05321147337666743
0.0258032794275721
-0.08481896266131894
-0.06159239403976502
-0.08613349405811538
-0.003816070845011399
-0.08464935923070571
-0.027501695627967393
-0.07683318283491525
-0.04886186461870484
-0.10429046796732216
-0.07755790921955791
-0.025568363238445413
-0.017370974428872255
-0.09216942656065452
-0.07680112235296382
0.061315284213863896
-0.04633517815304
-0.05471492053928362
-0.0917299597124075
-0.02646103279591122
-0.09999796045997283
-0.06132303876645684
-0.05464412494443488
-0.100054954693304
0.009159816487634198
-0.05473835891777851
-0.016237923403262744
-0.06991425271087215
-0.08331242621326485
-0.09455060331084864
-0.0884250553546338
-0.08392272754501268
-0.08012602509054245
-0.06558065483509551
-0.10293737904705769
-0.10672284491304118
-0.08467884024905903
-0.048577347366977164
-0.08827706826446968
-0.09877604811712398
-0.06480470582133113
-0.04725823339711155
-0.10152278500569539
-0.06870888316904827
-0.10406988574178089
-0.07767670982497049
-0.05337652756593997
-0.08637376393979551
-0.08979087061980812
-0.01951994620724995
-0.0813443660553349
-0.1025419782197845
-0.047813542985433055
0.022573532601537605
-0.034840512830231374
-0.024520623088263027
-0.03077933120880788
-0.05662507775970771
-0.048024671741927094
-0.03701531058546853
-0.10558015854512853
-0.11233272278056056
0.011888594236064809
-0.08939356821720257
-0.05343139865237212
-0.07950333876774679
-0.07356662372192063
-0.09244377431493539
-0.0004020382131778577
-0.09075327742768075
-0.036018463624607144
-0.03937150409484258
0.04021819876181765
-0.11237457267823431
-0.09356060217565149
-0.07604658784541624
-0.11451975108631007
