Model: IForest
Dataset 17: speech.mat
Time taken: 3.1061348915100098 seg.
Accuracy: 0.01639344262295082
@scores
-0.07393093145619001
-0.08959557207931468
-0.07703968294756042
-0.07208765900963982
-0.09456524670287025
-0.07307327910769063
-0.10963957172367855
-0.07805021013417429
-0.09647035162100565
-0.1168560143116294
-0.06246855528253853
-0.070955284636876
-0.06816464842601777
-0.09056637886294977
-0.05662509328542775
-0.10420359980974142
-0.07064156422993767
-0.1102310898949112
-0.08002620701894209
-0.038873053918946354
-0.0848906942716301
-0.0983716835323612
-0.0854552376596932
-0.11709702435688124
-0.0490753354757828
-0.061225730996552485
-0.10376367425112742
-0.0749538819087962
-0.10622093166329966
-0.06823317855544253
-0.06458515314856328
-0.10573319959939564
-0.059793001657290956
-0.04361080482137547
-0.057220917251342485
-0.079088080553116
-0.084853427505722
-0.1105987322970079
-0.06344023199877374
-0.08124890730428136
-0.09308542447353679
-0.07731320224460486
-0.06278521273850002
-0.054112267822304994
-0.04428380028374662
-0.0845551838608179
-0.055721954516524674
-0.02497003666051706
-0.06923918938506024
-0.046876062214662895
-0.03517450391005639
-0.05640230771714361
-0.03718901193110852
-0.058778967503632595
-0.08428205854084153
-0.0852827836911953
-0.10545844997407455
-0.07909768352113394
-0.07473979900748112
-0.03962012140195803
-0.05389808269059776
-0.08457741551167314
-0.0711343262256599
-0.0552972125381353
-0.06976884526871335
-0.0780575697648278
-0.07507337914925555
-0.08892363392933084
-0.09855325435612422
-0.05786915747734439
-0.09416736016894506
-0.09325011863867555
-0.07746795319120309
-0.10111729656570834
-0.07085562155195219
-0.07351555282758487
-0.07200064611889867
-0.08064074818391759
-0.08563321001096968
-0.06208740740818136
-0.09401877005301057
-0.030259313590327686
-0.0834110886481449
-0.08312188081582572
-0.07033991278696716
-0.062252117409857366
-0.07420580849497693
-0.0820769736683013
-0.05394022448920871
-0.08905046796173754
-0.09055196064377258
-0.10585442385051114
-0.09975916195034606
-0.07811767814456738
-0.08577470268937809
-0.10588471010065204
-0.07039499934588728
-0.08152333176208987
-0.09051514799471294
-0.08463124001495187
-0.08114930712900242
-0.05262414438772961
-0.10475592628301333
-0.06548864911828822
-0.08041658945532726
-0.09207854845946362
-0.044307560307948246
-0.10401538790018944
-0.0485063461971697
-0.11001022006885841
-0.09765217733976539
-0.0907210868661329
-0.04477691580138038
-0.05176352507648696
-0.051124793331122076
-0.0645406371117968
-0.08069208285695717
-0.08651225303871146
-0.06859067346048614
-0.06305235461175185
-0.06208817968748087
-0.09364497708567221
-0.08325700710972078
-0.07346963700889225
-0.08084534768714163
-0.09052043523938347
-0.08215741669614246
-0.09038564666095106
-0.03759461879048387
-0.07930634223627991
-0.05798461055189974
-0.030485757410478487
-0.05258229036025658
-0.09317943899192899
-0.048169914239380496
-0.05695044586208897
-0.0761908399251156
-0.08545664228800798
-0.0927418209777196
-0.053299703439333546
-0.0845678936229961
-0.06922927430176878
-0.06776229115312377
-0.05014958977430689
-0.07993188693061815
-0.06506561315366455
-0.10101109990281287
-0.09859564586685715
-0.08651864105025625
-0.09421270191462655
-0.07506968912212603
-0.08923359644940926
-0.09165007624516619
-0.07551216398386801
-0.0550973861382702
-0.08124714283313006
-0.09777896305772749
-0.08026765296277727
-0.05651902703029982
-0.07571335455562583
-0.07540476232385085
-0.09855445120294781
-0.011794474101961216
-0.08387482408572916
-0.09427262051445606
-0.06535160890741365
-0.08767738215380816
-0.09797936215748149
-0.08577419889614979
-0.07465085150895756
-0.07333891043304314
-0.07578081382350543
-0.08254488330828136
-0.08344361226325236
-0.06031929592751317
-0.08465378241108018
-0.08765106466075162
-0.0691120999118357
-0.06652329363490911
-0.0863898347094913
-0.09585155998474748
-0.09080613332554766
-0.0915890620125242
-0.07042522814223556
-0.0894396380412339
-0.05438285062339465
-0.0774745894394604
-0.07521046782410934
-0.08127626703684288
-0.08115673456428674
-0.049464179985579615
-0.0911395251552869
-0.053166714561433404
-0.07822238123775588
-0.10272726258325182
-0.05354079351369956
-0.04899476831739874
-0.06765939999787263
-0.054154764146395196
-0.07699679907396273
-0.0850846082353165
-0.06807976361720064
-0.03898053317967509
-0.06550697363083852
-0.06157660443970214
-0.07144633818444923
-0.058095123472957755
-0.08196446386297723
-0.09736153667572234
-0.03585582501205631
-0.06580752935678463
-0.09375908389586368
-0.06661859777701462
-0.05373947078605634
-0.07646111560893881
-0.0879706128784446
-0.05263828590340636
-0.09773455971231942
-0.10178347345993188
-0.07092226613302688
-0.07709095515047537
-0.07538479363766498
-0.05173732113582885
-0.05668608065153935
-0.10014945247792378
-0.07488559479339824
-0.11144638731412443
-0.05371050875823896
-0.0692287511392422
-0.07397246532280877
-0.05710570728247122
-0.11362742616694771
-0.10200486812950255
-0.07541796488212565
-0.06630089450415422
-0.0644899772597704
-0.08599570823704494
-0.04428226846170791
-0.08685456021431015
-0.07304870374256811
-0.038155608439156496
-0.066725938202982
-0.07751930568703314
-0.09803289794531694
-0.09760249587686581
-0.07139833610706042
-0.05556471075163838
-0.05061630674514078
-0.07108306130987374
-0.0669424427473061
-0.057105489254648756
-0.067898233117697
-0.04181383621938839
-0.049220021501745925
-0.06610919278511462
-0.051949520586862974
-0.07953457604582448
-0.09573471884058593
-0.07066727846313586
-0.09012846605140268
-0.05195235893226502
-0.05381606986264281
-0.047964535001520314
-0.07029071875944476
-0.08701150117115375
-0.06547760614479281
-0.07682484664592598
-0.06417477713426617
-0.06645949128247558
-0.08938280711641144
-0.07847170218090638
-0.04933020352278411
-0.044211152383618335
-0.08038384371952484
-0.0965688934735412
-0.061243103494343754
-0.04671769774000478
-0.08987736786337319
-0.04752270540218523
-0.08885688738731806
-0.08313508277881715
-0.09889211066086334
-0.07450679802983828
-0.07807427788134041
-0.0720403250236602
-0.09798368390026085
-0.0955826423557039
-0.057998583465682096
-0.03813002684554895
-0.03255137291389448
-0.07853769846192155
-0.09627188020246452
-0.08986201082983891
-0.08428822924719503
-0.06804004844479433
-0.09658247066456349
-0.04909737557885219
-0.05184101718874767
-0.07407275456680917
-0.09221686839017423
-0.07106378872721836
-0.08822403103217485
-0.06214056018057745
-0.08493519203610778
-0.08235900184842165
-0.09292100695849365
-0.050570566776746095
-0.09749722730320648
-0.0819027477850664
-0.0884564351686381
-0.04592295146307601
-0.06605923956497123
-0.06371795859016577
-0.0596417068012402
-0.06122885102315956
-0.07833596375956775
-0.0658414961338768
-0.05216721563539112
-0.07279366216925576
-0.034062512268393075
-0.028919924297922728
-0.09041814472015708
-0.08444835721057847
-0.042431978995658426
-0.09975167161937804
-0.05135268759615469
-0.03503379439160642
-0.05957083587463213
-0.098941416944964
-0.083581726556067
-0.0830457744421837
-0.10116635006908964
-0.06458787957674084
-0.03414771715890108
-0.09085330753269771
-0.05408151630374797
-0.0879546745201471
-0.06005089153669091
-0.07664022509122564
-0.07989340257085259
-0.09125729812209354
-0.07027400238198173
-0.043011414167136885
-0.07580220406852123
-0.08287436676829751
-0.099651759855937
-0.08222642853964707
-0.10868122166614097
-0.06500206024132799
-0.07375305392533238
-0.06720968585327047
-0.05172040944628464
-0.07376440100754073
-0.04694545514202347
-0.04146373216758914
-0.05647732177883619
-0.05479062322240508
-0.07211624670933287
-0.07029835014622204
-0.059009948878538165
-0.0950344738640509
-0.051065344676010704
-0.06727282384705846
-0.10119466634756358
-0.05670233523721918
-0.08115307737495803
-0.09504671577234525
-0.0919166880308378
-0.08938885594707074
-0.041963935712413636
-0.06781636476898745
-0.06997761576403982
-0.05314737587480983
-0.06728833277132179
-0.07702068870424256
-0.05352515921737866
-0.09042136473807061
-0.07048762966089062
-0.06760504620642549
-0.07550517513204325
-0.07513055900913718
-0.0782584506701508
-0.07183140750423833
-0.04967507308893204
-0.0794514562941645
-0.0633387590346583
-0.05026486227205207
-0.09016398405835835
-0.10817601021326273
-0.0626756984841974
-0.10521393476515739
-0.11227484580803343
-0.10501465908915675
-0.11322770701750384
-0.08543829751660109
-0.0348941146834954
-0.06030900965132269
-0.0827232669860522
-0.08624101031849934
-0.09326969633630561
-0.07219622398695963
-0.06733117975707448
-0.036821964766847126
-0.09961266898387072
-0.09783888696096826
-0.09953526258046214
-0.07198581052947711
-0.08250501192801607
-0.08910728904676474
-0.043224350152005986
-0.08131315396184341
-0.08684464057928659
-0.05215942988188593
-0.028517614841111705
-0.09286480666239727
-0.03524023461932507
-0.03722759414201593
-0.06555655701637086
-0.05100036719637158
-0.08147392442637136
-0.06894054090286672
-0.09917647340965519
-0.07660375573720446
-0.09072459517724729
-0.08989986444054276
-0.0801478249429019
-0.060700852401914474
-0.08479059855560106
-0.09307739447972757
-0.06345422902783743
-0.08508251799117422
-0.06467076171802993
-0.09642222739382156
-0.07728109031654462
-0.06091136016185905
-0.08831934071188341
-0.0650167784308115
-0.08752750545597454
-0.05756483472905649
-0.10969363624283218
-0.06967498799897576
-0.07400138155384584
-0.10033888542463987
-0.06956551652622722
-0.06894458517760765
-0.10397525688047826
-0.0694510468732008
-0.053901463028732055
-0.09108512038618072
-0.0742773677740669
-0.07162245931360778
-0.07332267571035833
-0.0576384343407062
-0.09895993554962451
-0.0715386776292542
-0.09003821353279245
-0.07975249498141579
-0.07023895828765137
-0.08170082750003427
-0.0993313704667887
-0.05592630987306407
-0.10164551502822883
-0.057758343262660494
-0.06385021348609682
-0.07718326935446801
-0.07936524268060341
-0.09437677836247871
-0.08141969905198182
-0.07537837903766426
-0.0487704185503397
-0.050209482162909824
-0.06690004500622687
-0.10101255308804502
-0.08893008599816304
-0.06848235191413132
-0.09473491184393229
-0.07750126913391797
-0.09150840537673771
-0.09165289218465772
-0.09719145125852408
-0.07991174369898368
-0.06154982118346458
-0.08278957686424027
-0.0646347332978704
-0.0897571016920014
-0.09535200197799165
-0.05913578882052739
-0.035621560058038626
-0.09748409394118951
-0.06204352210938008
-0.0984986176811285
-0.09760623586753642
-0.07454709996156
-0.0968058554409934
-0.08281154851596922
-0.05682745120731536
-0.07739389701054505
-0.09987234205207784
-0.07369588251320253
-0.10690919127134979
-0.06110631009283357
-0.09686026691492405
-0.061720842755131344
-0.06239041322745109
-0.0988253370223755
-0.04865708308762712
-0.0972431048880879
-0.07578037673788801
-0.07033961774301406
-0.08252457387030465
-0.07632278295857475
-0.06551399134719554
-0.0805677207371
-0.10781124265469216
-0.07141122004909473
-0.05463220817653136
-0.058919465962512685
-0.05476779006370064
-0.07024058776685149
-0.09791592559569046
-0.061979238652069
-0.09191772001598991
-0.07039970221247521
-0.06872451453921807
-0.07852606576797011
-0.05967688611026484
-0.07402118458110063
-0.0666598990066985
-0.08062960198033181
-0.0727209415730129
-0.05940539732014449
-0.07290714651747271
-0.09878199326081655
-0.025531878038593414
-0.04207527154424068
-0.08358462706040776
-0.07185386865152832
-0.056375325219945815
-0.05276583970316234
-0.07788214725463138
-0.07510566105796374
-0.052007986692717834
-0.08662038673821032
-0.08410241968790999
-0.0866877445145044
-0.08808746660421335
-0.03801870758606807
-0.05417453306481046
-0.09187832897503329
-0.04390680432743965
-0.0861325186407157
-0.08126853466422446
-0.08000809854190916
-0.08765939492933034
-0.09980023154051404
-0.08712657142532476
-0.06635545665967801
-0.06404220552267564
-0.07688902170340933
-0.07615652948364504
-0.06870227685828328
-0.045723406499643626
-0.07511635499070479
-0.04145657581246054
-0.07610075346370682
-0.06855932731715142
-0.0636493670899832
-0.07437469312235084
-0.07891235749035369
-0.0806267699342425
-0.08182774634254558
-0.04787536320858321
-0.09878667900218435
-0.08848757022599857
-0.06132639687276109
-0.11586184158407847
-0.10035586358250237
-0.07104764674399594
-0.0869092624872172
-0.09425975739666703
-0.07734099922242138
-0.07561483723957396
-0.07043005777928563
-0.05148344732147686
-0.06466954570069572
-0.07608291029792752
-0.09221812762919901
-0.023411482427987518
-0.08207148846026618
-0.05059518997367485
-0.060296562182510116
-0.07894558855526085
-0.04937126197855951
-0.08751053818841387
-0.061580704469095804
-0.06176119539624031
-0.10088453866554437
-0.04454320409027679
-0.10634174458787338
-0.061032177511161745
-0.06297506845604312
-0.09717428043045884
-0.05922414564297718
-0.07143099973152095
-0.04337586619142575
-0.08615930980304509
-0.09263626176092632
-0.09147604703684703
-0.0910999692097808
-0.06928540434288943
-0.07556925157552558
-0.08809643614642376
-0.10040728743394889
-0.08991669181044937
-0.029401050467586176
-0.05217805901786676
-0.08289760108877853
-0.09408528492964313
-0.0824103299444997
-0.06100933144107035
-0.06358240718655833
-0.09046702122444117
-0.05779157160907111
-0.06579440841703715
-0.04230293390799367
-0.09393727286767778
-0.04454300082064405
-0.0636927671385753
-0.05965119133769686
-0.06487560766897199
-0.09769909006823957
-0.07050805940295213
-0.07393923125958823
-0.040712151019689724
-0.07648057150068127
-0.037297061492876815
-0.04701439562928039
-0.060893585595503785
-0.08110539585600418
-0.09456765353360924
-0.04748654604686764
-0.07666706403220497
-0.0696372719757768
-0.06397536351730548
-0.0694856001822633
-0.07809339780471419
-0.06398060180839454
-0.09859470643980056
-0.08411516342120784
-0.09255506323096108
-0.0616710191327795
-0.06490577696340544
-0.06127977371925952
-0.09375084973863795
-0.069941660213924
-0.08185173332747842
-0.06085845871626411
-0.06313372460453442
-0.06478928631669562
-0.044241367042206825
-0.07561040358178672
-0.09438808574348018
-0.0798672620614932
-0.08665926073289287
-0.08353288665253628
-0.08878914164113583
-0.10494924997564103
-0.08343939744646067
-0.09172683912744528
-0.07834518367722831
-0.08862116285460686
-0.06468479515692199
-0.07308673674348443
-0.08508074833171086
-0.09485350766695488
-0.10520783361751818
-0.1086929265459678
-0.06380402057740037
-0.07430260488569351
-0.06942025841022953
-0.05798787603349159
-0.10353826539669025
-0.04678336797203486
-0.05896173145456307
-0.04586327033553117
-0.07817175451826913
-0.09337141209478622
-0.0609155915105869
-0.04393550917293071
-0.04660771423734972
-0.07111782893657315
-0.07188197346021458
-0.08102354024804287
-0.07157172718750093
-0.06577020242363685
-0.07266254218085999
-0.0662804618667941
-0.08699823385774852
-0.052971146184647155
-0.09330560594681137
-0.05986351807521462
-0.09790828558822612
-0.020442337242917274
-0.06852724005603128
-0.073910084037699
-0.10010878056339212
-0.07392084385648212
-0.08015020124207017
-0.07088715544046309
-0.09447388566831877
-0.0825597197066209
-0.09607784183173934
-0.06951201378677135
-0.04927752778801059
-0.09014630321021355
-0.059852857687281824
-0.05690201980827242
-0.09964055310381315
-0.06423597895376787
-0.11340645526718901
-0.0478490470764687
-0.10011590133741044
-0.09849461448060232
-0.06266804766999606
-0.08083536316963447
-0.04273666259341102
-0.040807621840116326
-0.07411807082884742
-0.10490959982552561
-0.07255155598148383
-0.0692360661444017
-0.08429807337661382
-0.052444220901135874
-0.06334030179929118
-0.07883952142856182
-0.027765582362516805
-0.04910798090314056
-0.09310657589778992
-0.08387538779051279
-0.03054806061750065
-0.07923301089897605
-0.09357875861648157
-0.08922070372545648
-0.09048920087086787
-0.057955550448087256
-0.0746915779546048
-0.07146685152303622
-0.0611704111338669
-0.045181255533008946
-0.07191244906656635
-0.07466304533624313
-0.08834686751674309
-0.09462198797529003
-0.06268208564264349
-0.0935442565346169
-0.07482570734802063
-0.10054809629322103
-0.09734344994109662
-0.058213668637425886
-0.035678518365983736
-0.09648788793464552
-0.10525651068351616
-0.06807435183348132
-0.07745518590183464
-0.05152778932504193
-0.07860578023078552
-0.05646272209576242
-0.062055041967162494
-0.05459588787530589
-0.04059786457747122
-0.11259288251202221
-0.08195503354461975
-0.06961679955225403
-0.04795891752194037
-0.06310632176948716
-0.07262530122781202
-0.06861039784037953
-0.06890379112110734
-0.042551027252374696
-0.09351009096367463
-0.07500436473152855
-0.06882359958246409
-0.06182715000835581
-0.10456877369184914
-0.0733681833732941
-0.09932749770663535
-0.07511077946387096
-0.0829717826331865
-0.10174679233373451
-0.1000400736287454
-0.031098860595355382
-0.06069903692596351
-0.03217080404998446
-0.05205217696059056
-0.09763155978018717
-0.0448077292810225
-0.09050814684458153
-0.061580673391472274
-0.06250650459094692
-0.07158905665479537
-0.07599635967428214
-0.04503617880081168
-0.10596498306972835
-0.07172324406990388
-0.0573080269937149
-0.06280415443558146
-0.10099709582862748
-0.059431318955435575
-0.05362308450547926
-0.058656069583299886
-0.05901200909685267
-0.062281944939632794
-0.05064843070639696
-0.08940351958257453
-0.07030123313302933
-0.0830584176023268
-0.07911498767013103
-0.05947159485103859
-0.05844141114581419
-0.059226584695605655
-0.1050407747058904
-0.08812695778536872
-0.0637657815667893
-0.06347552062563172
-0.07332863965873276
-0.08131719386271824
-0.08943001290961655
-0.06538780895297308
-0.09476452064506591
-0.0766217972035641
-0.09943469390925969
-0.03857082783264859
-0.040530554721160295
-0.07255538300973002
-0.08139672318688085
-0.06951166905550837
-0.10559802537558305
-0.06809694433985453
-0.09924094037099268
-0.06538763831221406
-0.04558088425483653
-0.07466558588482008
-0.07393126764415076
-0.05303939939183244
-0.10800391318309183
-0.09432230587514734
-0.07902237715288413
-0.07075819138957046
-0.04043874773685152
-0.053307491253966444
-0.08172087463804806
-0.04264458271621929
-0.061190184215554166
-0.05182494488862499
-0.10158219167044646
-0.062459327296494005
-0.07984847025270503
-0.08086623256335079
-0.060350244682769505
-0.09054393160721319
-0.021224297604058584
-0.053232301665603055
-0.09172402813550173
-0.06472041415279584
-0.09161460727304566
-0.06786362094129927
-0.07292648928188977
-0.09815007362626504
-0.07651079113199666
-0.0487629003522565
-0.07470954554027354
-0.08978778162439566
-0.07459426200754327
-0.06507023295129266
-0.05753216641931164
-0.07305345956094111
-0.0440926930382613
-0.05652822087300513
-0.10017990681034894
-0.06731423029508077
-0.09337038675163284
-0.08334821474598159
-0.0709741845992109
-0.10786252251253231
-0.05444466178341678
-0.06691777037501123
-0.10432039010591665
-0.08075290704176108
-0.06909305594109372
-0.062483672554939806
-0.092896949848285
-0.046073966000678146
-0.0757017060508825
-0.04740882518634121
-0.05835435987668547
-0.09507860977149613
-0.08014913109397548
-0.09151029079622108
-0.05289714429722525
-0.09814577564617732
-0.03902300164464173
-0.06112601043664967
-0.07445329291556341
-0.08437740060995202
-0.05469908919012456
-0.06737875456615677
-0.05824729068652962
-0.06507967843300438
-0.06343041344057487
-0.0734324032203334
-0.09065289486765699
-0.07648089860843238
-0.06078333814379683
-0.09005847947238171
-0.053903456280121886
-0.07234895718547368
-0.07302869030511744
-0.09336196425400312
-0.0918033011819736
-0.07019745923708998
-0.0758427057259104
-0.0808889998620489
-0.03507719210314658
-0.0799017723111306
-0.05518264061884398
-0.0517207872593452
-0.08819151278844795
-0.10239910674225011
-0.04574827305683954
-0.08880986289304416
-0.07932322849553569
-0.09431754825507865
-0.05107976449480639
-0.09330899380255941
-0.09441397884437447
-0.07350630838693994
-0.06905999245049149
-0.08510012732560335
-0.07294672462174151
-0.07259471621759755
-0.05653980514201057
-0.05568531231165774
-0.07558249018773538
-0.077999718374966
-0.10325677958659624
-0.10101856324946351
-0.06697948121637437
-0.08044597587875113
-0.08493113658053214
-0.06641498388052336
-0.06304999629757052
-0.09109714047287848
-0.05294124150101698
-0.044707694665392095
-0.09426559586061445
-0.057464899003855596
-0.09599688199340056
-0.07109072061503463
-0.08081392079020827
-0.06285110636444491
-0.06345515382461003
-0.07760324197306723
-0.04230060396807328
-0.06640568883207931
-0.05690862943120828
-0.06456070664763536
-0.06213920044194743
-0.07375755954693025
-0.042946608372704476
-0.09431482304102279
-0.0692346883986798
-0.09362042469331161
-0.09617909210896913
-0.06009777841520747
-0.07677278155386108
-0.06830901746808138
-0.09207889027213179
-0.074894702318545
-0.05514956081571648
-0.08015142208238518
-0.0914482855109135
-0.04192471322195246
-0.09513083792725752
-0.08293588087940057
-0.057983299738047944
-0.0719005549292166
-0.06151249630790079
-0.052865861396559855
-0.07756882678331134
-0.08702439058661865
-0.10583527502485807
-0.0795185658857046
-0.0958867478088064
-0.05629723182493318
-0.10249360296074689
-0.07689275560443498
-0.0880153682586558
-0.08001296903716038
-0.0808009420856663
-0.10064817023497374
-0.08013640256566329
-0.07977313551624249
-0.09424047153643467
-0.10681846358161223
-0.06202164087298656
-0.07480196468147415
-0.0919717652082232
-0.08339951806385165
-0.05349428865240763
-0.07003736449999509
-0.09385983749454174
-0.051618697743790576
-0.09372150491754266
-0.06158440263435594
-0.08038082759418774
-0.09170577999223611
-0.05202988900900912
-0.0688643493904268
-0.0879036576096483
-0.05964751228253934
-0.06558970019218291
-0.10135306232868396
-0.04845529260968828
-0.05234271428467557
-0.08542657766643141
-0.08910131350167172
-0.0640968108757266
-0.06334141630845136
-0.09535358113555747
-0.05171479070170981
-0.07387556860224831
-0.0866257429243007
-0.09078551094612919
-0.1041066064622379
-0.04661022162542228
-0.09036393024287337
-0.08510300369511015
-0.10633424055570784
-0.08756203231421711
-0.07095556530539499
-0.10007433103341368
-0.07941742746428465
-0.0864798817723843
-0.08668594283871672
-0.06850690502369844
-0.06378274472315038
-0.09596802697221529
-0.0821793054217575
-0.036564832269830094
-0.07166976300763167
-0.04541905179416372
-0.0841351713374654
-0.06011308121938724
-0.06956287248316029
-0.10283259979489856
-0.056687559685391076
-0.0627627770099975
-0.0949856523369243
-0.07267237709791685
-0.04634513152473424
-0.06107129655286758
-0.08838669660425258
-0.059362106883986854
-0.10651842660076977
-0.06520273793367187
-0.050043046503377375
-0.06180117268539165
-0.06825169447968604
-0.05763562899685004
-0.08337014001725063
-0.0828626165518529
-0.06334180319983523
-0.06216059360461723
-0.09023450867170568
-0.0848756386411943
-0.0563357242565935
-0.059145593655212936
-0.08311840501932277
-0.07713543023883734
-0.06008397633941526
-0.09795942624435866
-0.08837130186300296
-0.06974931217086583
-0.09251276261690294
-0.08802194364801424
-0.09453157926084188
-0.09199696788127298
-0.09493569849165345
-0.1083600073942883
-0.02456832677518922
-0.04259104098680677
-0.08156775933107197
-0.08577466185686056
-0.06885602174496741
-0.08719362168747258
-0.04852468938162524
-0.056696725350956545
-0.09020451666413071
-0.07177876341680384
-0.1029185919623612
-0.09840060547748342
-0.09078897971970074
-0.06615142580814032
-0.07548925283050839
-0.09042979107268379
-0.05400850092330928
-0.058203262194072514
-0.06327606908368438
-0.062120158856302676
-0.06424006936587906
-0.08395015644988818
-0.10964920469597556
-0.10318165647144084
-0.06379044444022214
-0.08945387267491683
-0.0523984810391378
-0.09049810065272901
-0.0863792461685714
-0.09382021528693973
-0.09749074638947736
-0.06595300240441809
-0.09148255957659251
-0.09119259143894093
-0.0500196090892599
-0.07693407260925411
-0.08473321197169525
-0.07014985976537036
-0.06434064851768301
-0.07366872814543346
-0.10310808865580395
-0.07442643318549552
-0.10209833407520097
-0.1049701692083474
-0.08575277924866576
-0.06220100146054913
-0.08988115455552953
-0.06384799253613277
-0.06660758807919481
-0.06363736276831478
-0.06315992274939564
-0.0889014987279586
-0.0655233480771118
-0.10251852654724997
-0.06262980854171002
-0.0631609637003146
-0.07191375876984107
-0.0789315174059097
-0.07525995907576932
-0.06520745447007364
-0.06002819595148157
-0.10604900198301376
-0.0692975573594099
-0.09224518469502574
-0.0702139589016651
-0.060448522361749524
-0.09857723083282327
-0.04788358711546037
-0.047379553420509646
-0.08290153583071785
-0.07974668260356294
-0.03297933111886037
-0.08357425648487027
-0.06794265406257749
-0.05384413338819749
-0.07341810246631375
-0.07908442281012551
-0.09855641505949209
-0.06570230073531308
-0.10865789568846163
-0.08516399719775508
-0.08996762190227298
-0.0902014402851738
-0.10006238882689783
-0.08808299934443031
-0.09065932740721294
-0.10391446352037637
-0.09680014854011709
-0.07994126480742536
-0.08552900852483514
-0.07910145560453719
-0.06600586023253202
-0.0674487513060501
-0.0775885316666815
-0.08999557550492815
-0.09959250053671853
-0.04444797887325452
-0.09634278776613775
-0.05224754330863618
-0.08864027044212297
-0.11567260347131642
-0.10182688866473605
-0.08750023318370964
-0.08868269869049744
-0.05888765970805898
-0.04469009215926578
-0.04384925341284135
-0.04810242720686725
-0.0927515633053485
-0.0758914519160811
-0.08157297819781772
-0.03875982536597328
-0.04623789827772179
-0.05880803362446679
-0.01727537826493608
-0.06755669681033155
-0.10426495053391466
-0.10724292950516062
-0.07475553522089645
-0.050424347822032645
-0.07187630163296682
-0.09328316347249416
-0.053166759983538925
-0.09691140382296581
-0.07122086354317325
-0.0291862554816143
-0.07295469182689962
-0.06238475746448818
-0.06419508520340628
-0.09529066630244637
-0.09102900303313305
-0.10889484092031931
-0.07768810857831365
-0.08541124671327527
-0.07259199995612997
-0.07545023186267774
-0.06718578482075432
-0.0918243742958868
-0.05651078375215274
-0.07135806440317399
-0.06045059732307051
-0.10359827160974211
-0.10151521861970819
-0.08719923770236371
-0.08533497439486148
-0.07157045347970853
-0.04887257022423991
-0.07394814866374538
-0.05035018393431151
-0.077421931900925
-0.11140221290474361
-0.08378926778033269
-0.0784110420176507
-0.08561797114696562
-0.0680227442965361
-0.09572530941998325
-0.11984606950037152
-0.09454351431663255
-0.062189151592971115
-0.07847659884976116
-0.0936562289045288
-0.07052004218646041
-0.06492711989746575
-0.07253184265251256
-0.07194420744155183
-0.06754709563665506
-0.04394603980014572
-0.055848002589574786
-0.08986487877257388
-0.07020047269111374
-0.05021021656469654
-0.10167237163794268
-0.10384551029245809
-0.05973840209370429
-0.09166484330983621
-0.05240950110604964
-0.03939950684622545
-0.06556665444765647
-0.09482657859204535
-0.12032564367333876
-0.07738640610408226
-0.07333888468603483
-0.06326269886277786
-0.07865723352664317
-0.07436956109155463
-0.0811327032375147
-0.04101520609941728
-0.0554826280634938
-0.07540348238754241
-0.06589809895202903
-0.05115530638324689
-0.08341170918081331
-0.07011449319134494
-0.06662363067180355
-0.0560383725894566
-0.04527739658095642
-0.04243834143133507
-0.06775198127006415
-0.07607868977120363
-0.049784603852688625
-0.044118942858547894
-0.05274753979836666
-0.0591019704357898
-0.09598255826691326
-0.07869254524868036
-0.08753026162538186
-0.06216114650986593
-0.07700255634982917
-0.07916271014538473
-0.10597671156212163
-0.10166721280889551
-0.10191822490162172
-0.0630808843325415
-0.031983100073492754
-0.07143428274094116
-0.03166120640776848
-0.06641696704915379
-0.05758306190861501
-0.10755592551295079
-0.09718907953231842
-0.08578798336261823
-0.07223906806007929
-0.04574000506013082
-0.08345758179682955
-0.054566799097262475
-0.031260258140948516
-0.06640636974499958
-0.05461604775151524
-0.07401777227818307
-0.09718599707015968
-0.07588361659277393
-0.05412210418757718
-0.03381681777478629
-0.06811327054268063
-0.07144151563689882
-0.05929981053255429
-0.06996681557294954
-0.08145312100631791
-0.07580718237341438
-0.09232073340433516
-0.08035652317906
-0.084311330918728
-0.06410035304484912
-0.07703204077625275
-0.051951802483346965
-0.07275190778671464
-0.0644390470403437
-0.06775347499745438
-0.08766982643376353
-0.07107886636939725
-0.06025577967613338
-0.0635270497351636
-0.08336701339805225
-0.07940452571496232
-0.06329550562470065
-0.05983620898119557
-0.09539115559072675
-0.04533138378898832
-0.08649949400633672
-0.05985783882534801
-0.0471710609210797
-0.08982293231843175
-0.09724801229742241
-0.06303133046015469
-0.09312646420658527
-0.0964942726001905
-0.09999037825176582
-0.08786394103855305
-0.06644483509108357
-0.09390045237358491
-0.08389719146014862
-0.05075691196094173
-0.0699102790942665
-0.09445502876403422
-0.10577626017387992
-0.07833594611822386
-0.0651052818028729
-0.06108596473710648
-0.07001249452731856
-0.099875094115701
-0.049056480677896974
-0.08309030166151621
-0.08474854051751202
-0.08748125847605992
-0.0460444648319443
-0.07746860735992384
-0.0924839834479183
-0.09118538684765981
-0.08949599626455967
-0.06957810125048591
-0.07204503851872962
-0.052287016529230124
-0.08689578290718497
-0.08057688125808016
-0.08928740670508034
-0.09234274186804298
-0.09323857909394206
-0.10758108510258874
-0.08767977478289868
-0.04695125057807442
-0.04952910632065116
-0.042113532785085395
-0.10299361522551986
-0.09382873021004368
-0.10425647168992308
-0.035978294132827104
-0.0908062567114058
-0.05483339280295624
-0.07101283842369938
-0.05638506428004125
-0.04841106590268346
-0.09276266693329444
-0.08006337849714462
-0.0770215124440069
-0.04676713645481173
-0.044192512448068155
-0.1026538093621579
-0.04776705650870822
-0.06030459285118822
-0.09312455930878533
-0.04596524067691199
-0.11586022737631452
-0.05657158611056451
-0.07668108297808618
-0.07312592799136797
-0.07894401473982693
-0.07344568975228644
-0.05286218514628199
-0.08511588568941664
-0.036933576228364295
-0.055692214462816136
-0.0667667999284341
-0.0555020118736384
-0.05530302333967885
-0.08172351392459631
-0.07483591150686725
-0.0977692098552243
-0.05545803320123743
-0.06689111779845525
-0.09247975022015364
-0.09406111405115342
-0.08369496336353816
-0.06714706220167371
-0.08375459171217281
-0.0527465417900011
-0.07086895546105587
-0.06916340144288158
-0.04494909306920969
-0.08873578469306864
-0.08007857446747024
-0.053367452155984596
-0.09081112012953635
-0.09526684828360837
-0.044815288029506295
-0.09422259668586319
-0.0653634347591523
-0.07434432198671609
-0.06318271828830035
-0.0686639580731479
-0.06611780365095776
-0.054469595608557186
-0.06248321950094554
-0.09891061217526192
-0.06047561131485257
-0.053851284029456326
-0.08347497110486352
-0.07934687652734851
-0.09025758137775636
-0.10414936385897561
-0.10031718535961193
-0.05692189690457411
-0.05120936823878164
-0.028746549807214916
-0.10057886193267757
-0.04114381909671111
-0.06879531547631984
-0.09953395204958992
-0.09205642242783346
-0.08954206184601343
-0.09178425859363282
-0.07364311573733201
-0.1065245018186387
-0.08253795904725053
-0.09835895650805793
-0.09709971956115909
-0.0997390284890392
-0.08791673076865758
-0.10248535964919991
-0.08889563809541601
-0.06982341340384968
-0.09768637607137182
-0.11219624322645344
-0.09813435961983719
-0.07290743685078416
-0.07233756190160245
-0.07056900475078931
-0.08438178247889083
-0.11744950402519583
-0.076584417340472
-0.090843274250409
-0.09530038535016144
-0.11055071006352885
-0.09525722272866932
-0.09578768060459841
-0.10727529164385952
-0.08796155900203823
-0.10018137905681046
-0.07434954941302929
-0.0923568269150834
-0.12111891520274082
-0.10648905581350765
-0.10733599019711909
-0.09330725118453304
-0.10791164914663143
-0.09075826735933296
-0.10024266350752709
-0.09319165232798765
-0.09711148301112532
-0.09809133694546163
-0.08757321251716188
-0.11283678307150669
-0.09818408008802126
-0.08369338809548821
-0.10254962008503432
-0.10034701933353735
-0.0914260538946664
-0.09002539177331154
-0.0902569919798743
-0.0883980274431922
-0.10723278512705625
-0.09789012093834892
-0.09065150279634732
-0.085907539898191
-0.08055076614215895
-0.09676632847807515
-0.09256735025060175
-0.09697931810963423
-0.11823575173776663
-0.09197944800136071
-0.1066172783260615
-0.08404772624586881
-0.08436396000525254
-0.09167076256387996
-0.10446887614294015
-0.08315124697410348
-0.09191996440046318
-0.08446752701025217
-0.08997353328567942
-0.08516916338482294
-0.10771549727675589
-0.08722827719887838
-0.09864444065737205
-0.08642168992926513
-0.08215113143303443
-0.10085643068639044
-0.08226208473832985
-0.0928847834100987
-0.08558213198228404
-0.09310618154981226
-0.08391266972861755
-0.08330104641392927
-0.08748657578582397
-0.10275060854951201
-0.10157822311732728
-0.09670567014743153
-0.08936753152630372
-0.0896301066812118
-0.08591194734399454
-0.07237559050061099
-0.07921647127045256
-0.09671514558665234
-0.08725148646291303
-0.1035944889879819
-0.09849655355113551
-0.08661170886133795
-0.09471238091704492
-0.055307545501736555
-0.08376750373102798
-0.10228037569939796
-0.10525853576085215
-0.09426015724542264
-0.08637424740022365
-0.09401101417530466
-0.09165814733289479
-0.08240950999411911
-0.10440680202962332
-0.09604931150499241
-0.08296373084771813
-0.09969541595619058
-0.08819178416381745
-0.09227709018482072
-0.05862629585642548
-0.07879207966704249
-0.08982810457348972
-0.09226127371416265
-0.07175873956361628
-0.08517281986644887
-0.09093117377938315
-0.10185934319472073
-0.07006630810014991
-0.09605050127574205
-0.08427391825580133
-0.09326011922873029
-0.07509904419638974
-0.08885512641351889
-0.10595800934721805
-0.09050085020756149
-0.0949521065610931
-0.09356722763073005
-0.08885704658538618
-0.08739139587715111
-0.0805203545036915
-0.09253138373990838
-0.09516164268256566
-0.09560563773782638
-0.08173880155036789
-0.10244575881196621
-0.0925740090846528
-0.0930704495427837
-0.08305390509085026
-0.08326444503648966
-0.07808596710285548
-0.09006747324508751
-0.09814771661383098
-0.08802543097635435
-0.09540499652650153
-0.08895771864743235
-0.08827822890972559
-0.12562978583769818
-0.09324788376964799
-0.09145047578471377
-0.09111707937779123
-0.08732200954512775
-0.09876615116363907
-0.09976172946476292
-0.08868103336041677
-0.09091772509317558
-0.09966332029001262
-0.11014012781965399
-0.07696161438261995
-0.07388277608886373
-0.07621324291586135
-0.10369894326542678
-0.09069561281144412
-0.10889578452267878
-0.07366911116435798
-0.08533285036673177
-0.09134601432573336
-0.07405293559853454
-0.0782149559698721
-0.10682438204639355
-0.06561165711050138
-0.09984353545215213
-0.08004355907414357
-0.08766659019029194
-0.11431841232592593
-0.0888865973651154
-0.09670366641438838
-0.08643755284799837
-0.10439193920650264
-0.06433418199270086
-0.11105631949636563
-0.10912101251264889
-0.09909910631132374
-0.07182572795837561
-0.10065183066851513
-0.09150450612245337
-0.04540898342877242
-0.07632631338360424
-0.08480785054377238
-0.10594753357993597
-0.09754517182233302
-0.09269389735812145
-0.08112338654558116
-0.08804323393124397
-0.09635191927410736
-0.07961858321671872
-0.07643882500210358
-0.08404228163601063
-0.0867159321448372
-0.09094711082007861
-0.098431992981241
-0.09908540163198787
-0.09180701001288555
-0.07827632875854024
-0.08341862476788536
-0.08883522442038627
-0.08726094465509499
-0.09005969265080122
-0.10647157008509289
-0.09995278213126918
-0.09585019904887143
-0.1127273086101413
-0.07748354759808729
-0.09119864342178385
-0.1101619531414943
-0.05141291430355993
-0.07764838207801184
-0.12081097530159368
-0.0879451795377757
-0.07826661564428994
-0.10417087058576074
-0.08586536368113262
-0.08963172277105258
-0.0973762980256958
-0.0866435269937979
-0.09044599032044398
-0.07678598049425028
-0.052986108029872137
-0.08219377376336096
-0.0843253699708828
-0.10280865261157884
-0.10656842547385942
-0.08141154607176354
-0.09591579576121745
-0.08923796337815088
-0.09042696198927569
-0.08728722978116205
-0.09640772563675681
-0.0916968017268906
-0.06627287051514952
-0.07723378414610871
-0.09984057410696834
-0.09176035400163618
-0.07871045765984486
-0.06838243513752723
-0.06452795419179469
-0.07112428116792446
-0.10078478693013299
-0.10264922741916643
-0.06274650898314743
-0.06454741061245967
-0.07844842493347987
-0.062105254930368115
-0.11565896990979274
-0.08850177908226203
-0.07523556486337646
-0.07292468596121776
-0.09767615874767377
-0.09978409867010202
-0.09740769242829034
-0.07999289525930431
-0.087323162458815
-0.085682050044459
-0.09078312910431424
-0.0993247838569502
-0.0824388537853421
-0.08941297028324613
-0.09107657644971073
-0.0905612881703779
-0.0875868177099911
-0.10518505896968278
-0.10827973337241986
-0.08627799751850779
-0.06148267199082896
-0.09548277494009516
-0.08475008194060374
-0.0859844373988663
-0.09420376660134794
-0.09082092557593135
-0.08386423372178892
-0.07144780348791852
-0.08699151978105191
-0.0973410072144133
-0.12627089898851412
-0.08942053144411144
-0.08686016229093063
-0.08961713839036856
-0.08947985170952327
-0.07274909697215187
-0.09928038786591092
-0.09146359131039772
-0.09021705882722802
-0.08546757343583777
-0.09151706774047658
-0.08418848445205274
-0.052566600373826655
-0.08184823617292863
-0.10422680859785655
-0.08592012611096567
-0.09200191704905636
-0.086350391100953
-0.1143134702836443
-0.08582943905763246
-0.10433834772410577
-0.09963827792005381
-0.10233893803264532
-0.08670628560712773
-0.07986826511754502
-0.07783466369112207
-0.07866136566936605
-0.08405547535737934
-0.09900726004933641
-0.05266022277156657
-0.09388861076837285
-0.06861018433375743
-0.0894661332907612
-0.10133713677304895
-0.10136710999911658
-0.0572942703312701
-0.09364062513154764
-0.08009007658845185
-0.07835635722330775
-0.09295016795492
-0.09433252374354228
-0.08610641819014042
-0.09002182779930301
-0.06948813273315502
-0.06658063622726612
-0.08938324555822935
-0.10432283574776141
-0.09779872982984511
-0.09106197516954823
-0.08299554986637964
-0.08296686985451368
-0.08387638637213601
-0.07371647609850773
-0.08578231455038143
-0.11286364155759165
-0.09075825660269704
-0.10241324188789108
-0.10046979021108648
-0.08120852721231847
-0.07807878362923654
-0.07002858711883059
-0.09447404546912619
-0.0937699959023518
-0.10604431449892537
-0.0935670688688362
-0.08767088502546361
-0.08675479514927831
-0.10957484097578407
-0.07433539076853907
-0.08896261965370378
-0.06831162928345247
-0.07892777571521631
-0.07708579396653403
-0.09210452764977556
-0.08661019086738814
-0.11302169873981854
-0.09567140624471526
-0.08550510066714184
-0.07654585632581251
-0.07244982554138596
-0.07238408126491619
-0.08258238660696199
-0.10197293389154666
-0.06922896986464883
-0.07073408126405978
-0.1056914713597229
-0.08133255918522131
-0.09051826052803691
-0.08238385360989431
-0.07529348615140902
-0.10232359284113846
-0.0832032115849527
-0.09276444814726598
-0.0820799415381796
-0.09020413402345107
-0.07919021350684768
-0.09033836348113061
-0.09870336926210688
-0.08562046565745979
-0.07440216984689035
-0.07508610534805954
-0.09455562613084001
-0.0866937836738168
-0.09760024124250327
-0.09738208693296763
-0.10162371581921542
-0.09471408169189255
-0.1014778492805552
-0.11282810815793531
-0.07725874473270294
-0.08588559780725585
-0.07782101821225451
-0.08796681649837518
-0.08279664331133191
-0.09264419562255999
-0.10931386844918395
-0.07997984240798106
-0.10231754971733648
-0.0913925423217814
-0.09529604838981559
-0.09459287156184637
-0.09954097872832479
-0.0950608859167964
-0.08760376456726232
-0.07625298322784252
-0.08536529546056482
-0.08517791397678526
-0.08360776227379868
-0.09826171152106072
-0.09881642074787217
-0.09474333849391525
-0.10470720342580891
-0.08589331398058131
-0.08350424578366944
-0.0851817451903869
-0.09498801039954863
-0.07752632306935281
-0.09485168024195928
-0.07491881223374497
-0.09590418170826936
-0.09601260630714964
-0.10957567837718452
-0.0762651645344567
-0.08927779452625034
-0.07913372103839805
-0.09768530905843625
-0.08443504865207385
-0.08342515797847178
-0.09416883137216475
-0.09152985514371786
-0.09660509387337207
-0.10454413620669745
-0.06308584480418489
-0.07003864051143693
-0.09045813396912011
-0.0873463705756688
-0.08999214306706121
-0.0855044131344867
-0.09144444956093645
-0.09149329581179094
-0.09503392420443096
-0.09989882650914816
-0.07591619501946495
-0.09342972986981757
-0.10252867791113329
-0.08183790198264151
-0.09771172731778455
-0.09927997054115395
-0.0914624083364513
-0.09444953716430943
-0.08326344684189169
-0.10821021199427033
-0.08898955711817802
-0.08860500365849067
-0.07496856169483285
-0.09261638091009061
-0.07713429964124541
-0.06154196543402357
-0.10896382752180583
-0.07674373774305099
-0.0837855091144955
-0.09818918514490271
-0.08989062527480324
-0.0906337143587207
-0.09541944701653954
-0.07215126254967702
-0.0858106284239305
-0.10250908463986896
-0.1005753939953839
-0.0870975597629417
-0.09381263091541892
-0.08511493828408073
-0.08240318580843486
-0.07090681209150418
-0.09852794869824888
-0.06848497557688937
-0.10158461200367347
-0.08846360797260439
-0.10436523775408313
-0.09376386386085789
-0.08376421711050241
-0.08165608046444478
-0.10525223211716156
-0.09312341181736039
-0.07984015330467881
-0.09523958847567798
-0.08739714899666695
-0.08858265384598596
-0.10544183791516837
-0.0925441166068634
-0.08349893332336716
-0.09746926879691847
-0.08240009531283427
-0.08533024439120479
-0.06108371374255034
-0.08194795017279705
-0.10414643544462682
-0.0982939569192518
-0.10554217146201905
-0.08188188592065143
-0.0997479485166538
-0.10101346398551503
-0.09824460378518068
-0.1088447393374386
-0.09557513607806006
-0.10137515528668734
-0.07463575165548175
-0.1093411482873648
-0.10446366848856037
-0.09371414635716419
-0.06843832331645255
-0.08712902651417331
-0.09630404230590939
-0.08809334604363717
-0.09020057100445894
-0.10699915940251198
-0.09097067177517487
-0.08753117260418569
-0.10498427229374069
-0.09362092708137382
-0.0820061883840878
-0.08494820513895218
-0.0695603131329125
-0.06736471415302592
-0.08352879892630932
-0.10510459079166523
-0.10249456339582852
-0.09028534784204978
-0.07053624002779602
-0.0982363439635155
-0.09513000689165813
-0.09705440259572612
-0.08181920912860668
-0.0910078424565473
-0.09354666843725207
-0.08838185989117514
-0.08386646214353
-0.1063403718335948
-0.10690600029017827
-0.09351542402010776
-0.06337596257064565
-0.09837413380306365
-0.06836921931901002
-0.09441913382674821
-0.07779149334689744
-0.10441507215895379
-0.08750976955949252
-0.09314243327200883
-0.10724010731140105
-0.07754949343409945
-0.09899371745056668
-0.0951508400543073
-0.11440998653545309
-0.09385640059719047
-0.08971753310403557
-0.08795163310794041
-0.10555561439093208
-0.10861627355137454
-0.08439166630484529
-0.06888230697171072
-0.07816059547362686
-0.07942095323665427
-0.09152897798001369
-0.1026186542486584
-0.09254659599024229
-0.10690668422992733
-0.10629054814645711
-0.08137326047400317
-0.09083923995030452
-0.09720626116711462
-0.07366418831307792
-0.0829496447734071
-0.09126369646631194
-0.0862703468977426
-0.09547488149190092
-0.10325637530130666
-0.08442884880429818
-0.09414772001204247
-0.0989986790456095
-0.0776162618361983
-0.08363593075412573
-0.07128157472189334
-0.0899112235028296
-0.10042522336989901
-0.09715056443423226
-0.07320832144197126
-0.09017804828097747
-0.09766597444750175
-0.09150578558399591
-0.10463161804878274
-0.07798930652698843
-0.09016804470757983
-0.08590020662452852
-0.07304465330202692
-0.09964906492717251
-0.09530082383521143
-0.0689477546125486
-0.04666107649928941
-0.07394519123323462
-0.08746016671472229
-0.06645833629421483
-0.057854948078360335
-0.05091891840512808
-0.07839970317742795
-0.05975993350714198
-0.05930601747806635
-0.07493067132177395
-0.05387219678667243
-0.04918923987811297
-0.06414499339197005
-0.04104073679219811
-0.057420347717871356
-0.09522639992282722
-0.05400278322189639
-0.049020006953201856
-0.06524164274012068
-0.07857683991272263
-0.08653182742859222
-0.07519418665447536
-0.04385603875515531
-0.08076859785407303
-0.07713253590917596
-0.056730116435303846
-0.06614542758315367
-0.03056780075105836
-0.06544047116641544
-0.06298220316663672
-0.04486665239785037
-0.05094821605689165
-0.0883486843549014
-0.09321640891143884
-0.08039921005099371
-0.08013266844639899
-0.07604880246200385
-0.08486560027373347
-0.08061254375495108
-0.08379942597972584
-0.06731685011834365
-0.05596229533948205
-0.06119653926040741
-0.04824803570471442
-0.08158355325227035
-0.04713098684405037
-0.0840803929019483
-0.052227953648675385
-0.06867110110113311
-0.053500516753300975
-0.05258333581337099
-0.061803583501626846
-0.05831553928233396
-0.04695903293061382
-0.05419108698563274
-0.07418205335476297
-0.10038806811358647
-0.10859362373167375
-0.04387990861815522
-0.0742574082463196
-0.060960920171473365
-0.039495547662787955
-0.047468313396932194
-0.0739320563185849
-0.056694687602018345
-0.0456149313935752
-0.07129155726025493
-0.0751634241980717
-0.06835770870502228
-0.04994902317546979
-0.06900047847842267
-0.07315883024194547
-0.0368582327635506
-0.049313747003930763
-0.06387276209403114
-0.06749445859877817
-0.05993549163898315
-0.0693899577608888
-0.05751258930766745
-0.058316004730692095
-0.07653581615022226
-0.08229801547415233
-0.06287865481368343
-0.058247678361434296
-0.06028942816917088
-0.06650149683027973
-0.0707245196929045
-0.0662508257840011
-0.07563732168318127
-0.056382212158073264
-0.06349057323902652
-0.03260521382673254
-0.06840160697418762
-0.06931590567848545
-0.08676324190797369
-0.05990444703405001
-0.08885220838746005
-0.07186536680611216
-0.07768292733087778
-0.07227975798030156
-0.04721809421039996
-0.07085459112055525
-0.04799679783155303
-0.07634131643423892
-0.05854028452094795
-0.06759397799926126
-0.04992836760415392
-0.052087052739825834
-0.0638458230864466
-0.06647887568860811
-0.0730693172888578
-0.07596428544919182
-0.05447229429838346
-0.0720020877349134
-0.04581995047340226
-0.08916158948706177
-0.05205706208221961
-0.05991621740455161
-0.03153731574467089
-0.030675609478542698
-0.036022449250257826
-0.05703710002295437
-0.06024329527337474
-0.06903668555204856
-0.06418330290776963
-0.09137481402918435
-0.06733049270720115
-0.054887301573149805
-0.0687988162454366
-0.053994287186877266
-0.06600983120934795
-0.04235681648879602
-0.06694302383885803
-0.07201265870100804
-0.07301979738164033
-0.051127543552450416
-0.05646558139903546
-0.050049103971974374
-0.09474460322909628
-0.04677438214941376
-0.049184372795317954
-0.10321239171378355
-0.07226579484821782
-0.04823218762187409
-0.054604470996586885
-0.06423966399274256
-0.053290119961813154
-0.06795617903950402
-0.07004770232911256
-0.07891768053840875
-0.08269396363777931
-0.08024068416581315
-0.06233378112140747
-0.10405041150092398
-0.05687116391998487
-0.04926804640904575
-0.08986795670153658
-0.04125037603234899
-0.07224688856178191
-0.06767876756728647
-0.05217324772133841
-0.04742742967338465
-0.04584979154803387
-0.051738731162549845
-0.0675729205401715
-0.044872744045317436
-0.056610411113817205
-0.03404418536035997
-0.07947940941789283
-0.06517484786815059
-0.08459044664662702
-0.06439317513460519
-0.045187184725643315
-0.06523463334782054
-0.04585007533255425
-0.06357215404724426
-0.06170773134556501
-0.05826274102170931
-0.04245145497153907
-0.05368310514965524
-0.043040758076940744
-0.03684133641861104
-0.04661895784860809
-0.07073358166249377
-0.08167250859488279
-0.07596839399453348
-0.08324617489721692
-0.053990268151283716
-0.08967519303762861
-0.08218698866403346
-0.042450542752605236
-0.05772320933401082
-0.048899027460661826
-0.058141263503841634
-0.06238320679348225
-0.050250847765158035
-0.07616812571165005
-0.0579041191274034
-0.06233240955530217
-0.061936090130726706
-0.07825323162489811
-0.05152902459676112
-0.07364311328498269
-0.05778298209138216
-0.08274209568920593
-0.05258427813355776
-0.07175876425036976
-0.05089361580716373
-0.06398302689009272
-0.051880484265681204
-0.08227338299665315
-0.034933124153355866
-0.08095802443917804
-0.056083341811884846
-0.05246432207347651
-0.060805939983651525
-0.08356789282763222
-0.06730764539124945
-0.05901743376239715
-0.0940316210445219
-0.0876428337918358
-0.04426755139821581
-0.07850015177990938
-0.05058696632759074
-0.06833188336430152
-0.07787681443409628
-0.05576654803906267
-0.06784408378103912
-0.04798775214902823
-0.019000496732622385
-0.09833855984960671
-0.03476722101047691
-0.057468379585779494
-0.05553499135632545
-0.034853695641089255
-0.061669063974695515
-0.052629798262030236
-0.06781671576924553
-0.03939128549419063
-0.05456299189384656
-0.07283817078827054
-0.06462165543305709
-0.057602860194264194
-0.06060459389083983
-0.05714915457864578
-0.03749084636639766
-0.06486920187730011
-0.039006002398429385
-0.029637964255345706
-0.045580257262413104
-0.07088045220316203
-0.05900440646605154
-0.06345005307154061
-0.05263040403286595
-0.0698715157445865
-0.06519827617506546
-0.06186681931270094
-0.08076256583607205
-0.07063613490249665
-0.07928454154128839
-0.09320488336123994
-0.05030522259480863
-0.0697701274734504
-0.08565795532482923
-0.02661718370823951
-0.05193916176529223
-0.08877126385805945
-0.07221097805984733
-0.04901355207928931
-0.054498961479126695
-0.07178510594839366
-0.03939014577874611
-0.06803225296670118
-0.04980827543076499
-0.06780107659095203
-0.04967514773325038
-0.0635674898474301
-0.08476241562947284
-0.08101067138562912
-0.0687312209080378
-0.06274025262836191
-0.06712600981274103
-0.06915878055874236
-0.055935604401435246
-0.06725164674410877
-0.07634367125085467
-0.06885666408237118
-0.07278324687159488
-0.042901189594449496
-0.04947326368818489
-0.08796607666614026
-0.0494972416171236
-0.06637111328456641
-0.054139319441451894
-0.08177491536886883
-0.07232251365914594
-0.06531041908212742
-0.07766828544646437
-0.030876212284471405
-0.08262883351061784
-0.05579871541820247
-0.0825843205432113
-0.05434729073935041
-0.05881669396155631
-0.07136891117733535
-0.040127793274351065
-0.030929926518669715
-0.050064541894280945
-0.05213090016088501
-0.035102117551043865
-0.06201629326289482
-0.052689207671655136
-0.07016842647956062
-0.061036939097381004
-0.057857190554587434
-0.076690039152017
-0.05911457894260852
-0.05854641725716064
-0.057021515371834086
-0.07228411133598572
-0.06684533529722358
-0.08198791196578897
-0.061259375612945643
-0.04969562743188488
-0.07894798553598231
-0.06888581074319933
-0.06790792905507537
-0.05482004611900981
-0.08825248831371485
-0.08474924308202075
-0.04724541159897222
-0.07395259542276528
-0.0830533553743748
-0.09523430845337777
-0.06299202572644413
-0.06549250608110874
-0.07281043383160785
-0.06353896201381809
-0.0730833607477332
-0.056531438352522445
-0.05503775097224278
-0.08342301210958519
-0.05070743363343444
-0.0798849647139166
-0.061749517130667675
-0.07245280399843584
-0.05730503950321353
-0.03396189346598183
-0.06251976769614115
-0.0445401166230221
-0.09459320104340757
-0.07422906669628793
-0.06370219305106922
-0.08483743172295438
-0.05264570265112695
-0.06726909989335322
-0.03777339115458156
-0.05896939274367918
-0.07353588571993874
-0.061907772855529786
-0.02501361497570992
-0.07135529894263065
-0.05494340276927029
-0.1001246641234883
-0.04814429366958961
-0.07168528821541892
-0.06722437965367861
-0.05664005020682239
-0.05509401308045886
-0.07992054470934384
-0.05691791771365434
-0.06374186802641701
-0.05364741943879925
-0.0463276509859899
-0.0610233959725896
-0.07381195643255772
-0.0862540293788267
-0.056668338529172746
-0.05278345275152041
-0.048740138633978414
-0.03993912025099655
-0.04987668052009436
-0.04570659870363136
-0.049640103827568005
-0.05523468433464884
-0.08140246394330841
-0.05619502496807938
-0.05180612743374213
-0.05404005872437717
-0.08171970578349841
-0.05157013754030282
-0.07495067022063523
-0.06422635107007613
-0.06311162301250689
-0.07301968933109937
-0.054821900196586226
-0.09844110835226677
-0.05869306061225432
-0.05594560775964208
-0.040639170569773175
-0.055098089711935805
-0.06667176862583002
-0.05445624864245213
-0.05117392216081773
-0.07652503787883369
-0.06428926242384048
-0.07404348965991081
-0.06435427404610827
-0.025499430849765914
-0.08928192878080177
-0.0708309697955648
-0.07353835498252081
-0.08829409356919016
-0.05773389678011376
-0.05102751350406276
-0.05844919935273157
-0.07868703601467358
-0.0742745413800161
-0.08746898455921315
-0.03044645145695607
-0.05710786708852433
-0.045907000838986745
-0.0630589962391907
-0.031258862906103246
-0.04445122781555211
-0.061604875834888884
-0.07405742716696478
-0.08108995861292073
-0.043999001209354405
-0.09755812132914032
-0.060319835914577624
-0.0797071581771604
-0.08023496824736859
-0.07942133770776832
-0.05488291819674307
-0.06061319096301748
-0.05488942249073586
-0.03269409568394105
-0.07275183212390207
-0.07945530281320251
-0.0498516302256255
-0.07562546358806371
-0.054876488358480746
-0.05977037291314574
-0.08451939308649825
-0.08257019103949681
-0.056185035969599895
-0.0648731206749047
-0.07524129181477712
-0.08265309322635106
-0.08342393157765698
-0.06928447163276896
-0.0438313319656482
-0.06065976165719755
-0.06724617274722372
-0.042675809153479294
-0.05086774689561635
-0.06595141579269986
-0.05892941251566619
-0.035458762593062576
-0.07890212188041312
-0.0722079667040032
-0.09391328441518942
-0.05893603901328909
-0.05057488277710642
-0.05956654444886095
-0.06633785044313073
-0.058808370939787025
-0.07954744871460318
-0.03358000161434238
-0.05656731936304177
-0.06757529400095452
-0.04869778404190239
-0.05865681179684712
-0.07214983949006581
-0.06655675677241263
-0.04831046155121799
-0.08582900485117251
-0.05060769278491689
-0.06618496103694133
-0.07978513930891801
-0.07053844255057734
-0.03637283536775754
-0.046412119263042506
-0.07203890984632733
-0.04047068280959726
-0.07727484761070713
-0.05627991572580532
-0.047147466628860046
-0.045345443794133855
-0.07633164332844256
-0.057439870888116584
-0.04250152893973086
-0.060178397274790185
-0.06585795999573352
-0.05568910175458247
-0.09365415416748568
-0.06953605567641852
-0.06481798953329865
-0.07026440812179646
-0.0691521322429306
-0.09579615133609226
-0.0412280119878084
-0.03303127009751772
-0.07734672252746261
-0.07016741809216342
-0.061603685186296275
-0.04889494410515216
-0.0527283785407312
-0.08767284055088564
-0.022626398870632447
-0.05240956955277287
-0.0559171887090531
-0.029321603448048295
-0.05702999522227714
-0.07148249441780646
-0.069138727683063
-0.09527814623369418
-0.04235303459408091
-0.0721316603770712
-0.062078740830331325
-0.08545390731879438
-0.05213783826331764
-0.08154417977524986
-0.061408328727796724
-0.07171198124438954
-0.030389441494531932
-0.06961456820992362
-0.06657607680050265
-0.06664678548381314
-0.08870601739016831
-0.062223240352762665
-0.05543830961264917
-0.05630131740727928
-0.03838859818347584
-0.038997376047669896
-0.02910861763553313
-0.05894569947941042
-0.08561041793243274
-0.05691428390621567
-0.07337574571910932
-0.04985541210918171
-0.05452135836439692
-0.059197863908131254
-0.0556423190271656
-0.05231135390586089
-0.07397956706783154
-0.0878439291438245
-0.040778210895878075
-0.06472321112583174
-0.05406962948416577
-0.053988552118464705
-0.07646917244272611
-0.06895794966314983
-0.05028142970937782
-0.04752831327334972
-0.045262592332356744
-0.08863594368433797
-0.06751465152206526
-0.05910579572176683
-0.055081460105877944
-0.06104437325710066
-0.06133916879580131
-0.0668296078921728
-0.06983536166727555
-0.07964588064736233
-0.048530971421070934
-0.04799012664964031
-0.054446733537295844
-0.056535898709157706
-0.07408616009546387
-0.06043110267845381
-0.044399884409767165
-0.06979839047076025
-0.07189489933115928
-0.041245155687148594
-0.08704004576845847
-0.06361080073526526
-0.07033414668058507
-0.07279109413276946
-0.05970388217937728
-0.06670333559817676
-0.05508377574985063
-0.07146901016752732
-0.05827755412886498
-0.06806849356037264
-0.07144409600288931
-0.06862087904519087
-0.08233168123156431
-0.0646649172165526
-0.07171954105175232
-0.045347505579080016
-0.05820494298898354
-0.055897900459373095
-0.07072803678401257
-0.07786078206405661
-0.07149040907843124
-0.07692417687835207
-0.054767721886524956
-0.06272533867856078
-0.06628411569440129
-0.06750969540451313
-0.04650765104505933
-0.05507786782429758
-0.037344092953276675
-0.03149082650140267
-0.0590636479878488
-0.040537295229232884
-0.08197888130341713
-0.061232218742298006
-0.09646006390536388
-0.0669412785573208
-0.0426194945864552
-0.06101421438920024
-0.050082978028916925
-0.06572319048417474
-0.06892337760401979
-0.09539818104643377
-0.06631654217118532
-0.07151792053021594
-0.06341353757557672
-0.046558523564049326
-0.0620097557912489
-0.0764276307915524
-0.06575362696311188
-0.059494642168121836
-0.07903680099368543
-0.06469111029839542
-0.08350354930571696
-0.08050680292261692
-0.027601028547029727
-0.07904683817027724
-0.07384040111262602
-0.07830138605421749
-0.053637286099239845
-0.07691635641809585
-0.07077296503231334
-0.061567576901297605
-0.07246035438045123
-0.08290339810102659
-0.05982455210043458
-0.08937352715297125
-0.08453303904064885
-0.055981746075088434
-0.06863341039968823
-0.05538357897039786
-0.06802679366445707
-0.07507843696920069
-0.04232906077621651
-0.06347782466062102
-0.058698260173666084
-0.0684939659166447
-0.06651318121893246
-0.0662167497775803
-0.08362785200752054
-0.056375211067889175
-0.07653065765371397
-0.08603280302113864
-0.038462224700416214
-0.058675828845906886
-0.040893190167655136
-0.07683496404604168
-0.05222837480015374
-0.052375023305765545
-0.04572432071542604
-0.07365073799866528
-0.05852344151450262
-0.040760430310493645
-0.07810860720851348
-0.06134985643346308
-0.07601623117345052
-0.04228925633282843
-0.06117518544907774
-0.07279950658523959
-0.07334773627553487
-0.07910759223485764
-0.03282619761484484
-0.09923622278457267
-0.07625755571403325
-0.07135578820643657
-0.07319119171521832
-0.03388114509726986
-0.05194635644893447
-0.07476066715647095
-0.0591249120086198
-0.06680223042344952
-0.04724930256294235
-0.05568177256476592
-0.050723888292741826
-0.08391932694786708
-0.04047416613506516
-0.03504730968724801
-0.044742435428353156
-0.04887102869747312
-0.06280750904627935
-0.05895454092920788
-0.04784659131832891
-0.06637549183183578
-0.05499797285611341
-0.05990853842480942
-0.07135280407464467
-0.05835202814126167
-0.07903936071953982
-0.06621406525395979
-0.06101081544510428
-0.06952434909174571
-0.07124894311059432
-0.08144055941323558
-0.07432099512820028
-0.058877897482338515
-0.07437449151691172
-0.06070747108308
-0.08702074716369435
-0.040487349269818174
-0.045236531038005456
-0.08368610908098373
-0.0567496309314236
-0.03599237378524711
-0.07287648154238635
-0.06497365157702578
-0.06471184123766743
-0.05674820606941783
-0.04929923466954517
-0.06111814201764498
-0.05135902588480268
-0.040560666466051665
-0.06737645784648166
-0.07377917305413612
-0.10343467349461588
-0.055998894058801374
-0.07315770687066542
-0.05050870154584064
-0.04723296607501415
-0.06907412553864856
-0.054944765837488696
-0.07686912107133864
-0.08571866807428141
-0.07646838728734279
-0.0531190535592988
-0.07807892426469704
-0.02439348383825507
-0.045899449795553826
-0.07259092104909598
-0.06304051805593297
-0.05389625108868196
-0.0526154957707059
-0.0950192795800322
-0.0624575597543125
-0.07800288502330166
-0.08624147594525272
-0.04500209649181125
-0.05918622791413364
-0.054370946663840125
-0.059393687323651134
-0.06827356527648548
-0.04955107258524344
-0.05578661552037073
-0.08261087438911235
-0.06305827108462114
-0.06017593294572099
-0.058728188749250676
-0.07477249028103905
-0.06937840730277034
-0.06994461717104444
-0.08364672154632463
-0.05951206611267573
-0.1156904913060599
-0.06581568267841675
-0.024621738419574546
-0.06217009897391251
-0.05901402798952782
-0.057536307790060526
-0.06506777268976194
-0.07564957069937361
-0.04530258840252732
-0.08452370496554096
-0.04525556613476206
-0.03529341722728402
-0.0796474977460987
-0.061510368061759024
-0.06171209002708816
-0.08559085498874591
-0.06281886256297942
-0.06952151786095306
-0.09245706917022006
-0.04995667873214743
-0.04909270966867341
-0.04980462137794067
-0.08785125150155842
-0.061855815986918694
-0.04946196372076489
-0.07333283905946325
-0.040292476206732264
-0.07437331170351225
-0.06898071198810735
-0.07340885892508087
-0.06005987176452232
-0.047615549227158493
-0.06895644328654388
-0.05750984665800246
-0.05579665844964954
-0.07142165973136966
-0.06992548376096674
-0.07360949733021249
-0.041949238079560525
-0.04759232449776574
-0.04679605269391701
-0.06609386997745964
-0.05916754109118494
-0.06854864115618292
-0.043984025394495696
-0.07377537346488339
-0.06536029642250735
-0.07395505823092036
-0.09317585417468038
-0.06974378547895738
-0.06617742673204996
-0.05762157036734056
-0.05249329968924149
-0.07273333244680963
-0.06567630924428985
-0.04594854591846187
-0.050673779119764284
-0.05594557601507122
-0.07545756013320981
-0.039087921608629894
-0.06614562225501003
-0.0649822497695986
-0.06704739427421053
-0.08147703655764099
-0.04294067840338428
-0.05889338311248404
-0.08529411905389755
-0.0544864829212619
-0.0629203992630093
-0.06284713533554204
-0.055273147089484165
-0.07215217610884972
-0.08226451989119749
-0.060199740245213906
-0.08472327468765667
-0.05525047161201635
-0.039452790236152
-0.05936572868577383
-0.039706289507948134
-0.05539427448296069
-0.04581023306903914
-0.034174060502168646
-0.0812620268194289
-0.05399740550825555
-0.08005352362904417
-0.07296612405935882
-0.06603616292807984
-0.09230058304740496
-0.06484466950806117
-0.041106437048805566
-0.035458872925802354
-0.04394908482378418
-0.053904279032530034
-0.10006094184264669
-0.07048845718776753
-0.06272918147596868
-0.06174591564959092
-0.06232993971174711
-0.04610229372914787
-0.0708750711691834
-0.059484686703243306
-0.06432985369441374
-0.0765140780501366
-0.07950634556928415
-0.04807543911252965
-0.04129220949865181
-0.01886858225581095
-0.08375479772372785
-0.05892670542513817
-0.04264096867410927
-0.048917369684138234
-0.09116415194046407
-0.05651348748177315
-0.0960390700791271
-0.04838719634923344
-0.0367897068468111
-0.033170534507453
-0.0718315349912142
-0.08059458959188248
-0.042095101163101
-0.07250916716587003
-0.031056419615296538
-0.09215831199090146
-0.0833475377463278
-0.07297464693234557
-0.051468822519779356
-0.07275407432405134
-0.05264939338047386
-0.03743655437940108
-0.05743752979805039
-0.06978006440223805
-0.05912373064081056
-0.036457727067674195
-0.09843689997332333
-0.05260945962341901
-0.03841054281057543
-0.07374663974011858
-0.07658975721758443
-0.07873832600952013
-0.04863222320347965
-0.06480145463178422
-0.04888273939072629
-0.08178620505235962
-0.06247422929166907
-0.020992065177177832
-0.044370611198049914
-0.06890369153971238
-0.05633593561781686
-0.06044890568932104
-0.06190543317995334
-0.07434660895212081
-0.037225548293862765
-0.06928440003616515
-0.07577038019826526
-0.08476452619423819
-0.06210826680469439
-0.05830932491552887
-0.05934674048606953
-0.04574137046853821
-0.053377505116874224
-0.09063360394115372
-0.053629385413350605
-0.05895110496609568
-0.06861900905940133
-0.0882725813016545
-0.1025330078243667
-0.06845353965624101
-0.04184165867603107
-0.0386096964215214
-0.06611034310120767
-0.07437187501076703
-0.0849261668138594
-0.07147257221677095
-0.043808237078296064
-0.07952550780479911
-0.06467264406953932
-0.029252825908293867
-0.047707086044846136
-0.05131705048086871
-0.05820124550978606
-0.07937463728567057
-0.06773620909285455
-0.054250186650109444
-0.03872308345793857
-0.05585317160614656
-0.052297227653125555
-0.0526251876616467
-0.04600362560952892
-0.05400341282517068
-0.06496048070687849
-0.06002042267975494
-0.0610423333445998
-0.07139993255005989
-0.056764188568493856
-0.0652352846686855
-0.0625540594111606
-0.03685314818306917
-0.06609555541433676
-0.052955801373615996
-0.06825323535837508
-0.03277820377714219
-0.06600240148444991
-0.04785716745111557
-0.05456577987059963
-0.07410965807176018
-0.04707825401620247
-0.05653146739969134
-0.06790035445402082
-0.07138883307163885
-0.06752485095152333
-0.07269641616930678
-0.04267929470162307
-0.0564028959886505
-0.051098530458228375
-0.05660829407518703
-0.048971297165217254
-0.0395465392651827
-0.07283409344023384
-0.05079993619786155
-0.0532241653735378
-0.028186917636393638
-0.049703956275053474
-0.06543715135532013
-0.05952343275968075
-0.058530818383697725
-0.08499919160063335
-0.05910011634436724
-0.08304117302495134
-0.05274613778734821
-0.05847721731678657
-0.06887759536494031
-0.03653368696722337
-0.05493533345029633
-0.05070834536713997
-0.09444478827106301
-0.07531443679418603
-0.06632970630336216
-0.03206390161143047
-0.07629239578417107
-0.08875465174041608
-0.06688567203847973
-0.06226782263305908
-0.05455055142058357
-0.05368713610991355
-0.06031781898907179
-0.057657676326282103
-0.06341945750089051
-0.06400210346711677
-0.05924820615976628
-0.07985521160946785
-0.07536199007510758
-0.05082534242207337
-0.0459009868736272
-0.07655539262138988
-0.08567387802858212
-0.08435899872895775
-0.06662172150921469
-0.02931795316792779
-0.055897354980901204
-0.06606478553676098
-0.06361565132884567
-0.06981348246071323
-0.06875690877165386
-0.05435588759163784
-0.041666096291763544
-0.07324573200076695
-0.034188067593385274
-0.061516356118116455
-0.060488637239145826
-0.07108414084098946
-0.0702243111120403
-0.0473385085977957
-0.062450238099307165
-0.03913807417454823
-0.06791531380455085
-0.07178792884477064
-0.065781477167979
-0.030071243335903608
-0.06175309377871485
-0.06771513840154303
-0.0559343006008205
-0.08844140009228052
-0.05757374393565179
-0.0482101897262861
-0.05362088506242213
-0.0658958197961495
-0.07032870156943893
-0.02686794394913089
-0.07027671905868216
-0.0520945733746041
-0.038570784079514364
-0.07338848031199846
-0.06332608491124636
-0.040728799356000656
-0.05715452779148911
-0.04529052549149487
-0.05604776777825199
-0.054183255404724295
-0.07157238007117706
-0.05770452610107002
-0.05594146277580708
-0.05379868724681297
-0.06421043767117557
-0.05619196925772524
-0.04648855709521654
-0.06507715451525797
-0.04917224739245357
-0.042957005315546914
-0.06539406577730955
-0.043554302359101016
-0.08248569497428182
-0.07228715463941171
-0.055912429643405315
-0.06892611687590205
-0.08609066093705936
-0.08101354142924427
-0.044810631503198306
-0.03817170021207006
-0.02689802254910839
-0.09349337320051393
-0.06579557461169849
-0.05697947364776279
-0.038825540184865226
-0.04921765950878543
-0.04504181459085982
-0.05640967423439097
-0.06036436797394468
-0.07138795895373856
-0.06785737140702996
-0.03524649932910562
-0.06116397504530935
-0.05291931330452371
-0.055357243883416174
-0.06711219277705605
-0.05715853855612946
-0.044028164030307015
-0.07723367181390284
-0.05974982571364451
-0.07726256833750339
-0.07178285014618768
-0.05596389941870189
-0.059849836763882336
-0.0510236234849038
-0.07172301443062429
-0.05973964939195642
-0.060871844993139745
-0.09410215263711175
-0.04211139622277288
-0.030164736473592135
-0.047450225871184304
-0.06565068899359677
-0.04735556946626979
-0.06168812470298679
-0.056117290423696176
-0.045759064621055334
-0.0413707576726241
-0.08143653188808375
-0.04262818016158637
-0.012589028323268303
-0.06789424889892365
-0.06480861468052834
-0.06781860475620938
-0.08622408521484398
-0.08805582654017957
-0.06073474276851887
-0.0541758630794566
-0.057299386726474555
-0.06083241675695833
-0.0756497846613639
-0.052533687542085705
-0.05661709947840682
-0.06275820938868837
-0.07457601350180959
-0.04820062175116602
-0.06026939789020386
-0.015692239843488387
-0.05653353276841705
-0.04874232577542148
-0.07216146427432857
-0.06958750201358088
-0.059775045603353116
-0.024336377003890797
-0.07445567482765952
-0.04491753140743793
-0.07173650568483331
-0.07717897176818533
-0.047579045455998614
-0.07654557438404386
-0.04113983829394918
-0.06273463255275186
-0.0768118607996458
-0.05717556649570871
-0.0683518046711748
-0.0478506316749433
-0.09825216314499313
-0.06678052712515165
-0.1023307959879387
-0.06645957314307444
-0.07987255491629847
-0.04988014385185441
-0.05099400265954329
-0.058134740560821574
-0.03897742417262223
-0.04189958933540694
-0.05484622620923146
-0.052367972097133286
-0.08518470690311464
-0.05716939685689598
-0.044040156721158186
-0.06949991055663157
-0.05425462809332071
-0.042554634866859675
-0.04836043827171671
-0.04044653190227926
-0.033248809968299375
-0.04216824015210746
-0.08665484786867644
-0.06733738327667477
-0.05265048212312795
-0.08183257937765298
-0.07208298717947398
-0.054327727056014685
-0.036099052053316594
-0.02024191747012899
-0.041421248098000685
-0.051663547242887575
-0.039484378595121106
-0.07778263265925622
-0.08991834390725356
-0.06299640978321369
-0.037954646049002894
-0.07096637800883088
-0.06607395197833787
-0.060497337749835844
-0.06712398313172652
-0.07528456718580501
-0.04800297583235147
-0.07039790240280813
-0.04892473980387663
-0.07035621400760073
-0.04743018997567694
-0.05354058384113419
-0.06414327442965917
-0.07953143866749235
-0.06141930769628301
-0.03334610438773966
-0.07191057774529208
-0.07828638686107375
-0.0789452445372068
-0.048718403260371634
-0.0608025696849096
-0.06361084620301616
-0.0397717223665176
-0.038115630007512336
-0.031252645356392716
-0.017324317689884572
-0.05798614196333285
-0.025451117394242828
-0.036101958191347705
-0.046972004804258394
-0.05687242346152299
-0.04002625213916999
-0.04910259443898346
-0.03409769375574506
-0.06181635065748137
-0.07242363743481861
-0.057883460983099544
-0.04617511301099941
-0.055710354612331814
-0.05146995754079481
-0.05214736294124117
-0.07170340988290791
-0.052780031432279606
-0.04288885649375346
-0.057038251632446246
-0.06339405120219627
-0.03929799366321335
-0.0883919139800513
-0.05346329260895094
-0.05879327424990177
-0.04811605016914633
-0.05964599889631661
-0.03582170848722899
-0.04778816797543545
-0.07415478582177532
-0.049341987161515055
-0.039886931423458005
-0.10296224989896213
-0.059483592449063316
-0.0567141694913329
-0.04694497001264447
-0.07379110550080387
-0.057282049084615094
-0.06429864095121429
-0.0643173095584012
-0.06181895841759122
-0.04653816170828362
-0.07087734381834315
-0.045506585541659206
-0.06611535875864555
-0.05853429721211517
-0.06330003623255454
-0.05751121720353186
-0.06078610032656273
-0.03927789661629255
-0.06233945438693589
-0.0560232859656013
-0.0640810767751761
-0.07756204554238338
-0.059630633582171855
-0.0371762047140381
-0.045452621539107174
-0.07668041376235585
-0.05283281362159209
-0.06861417572048889
-0.058902987482523816
-0.0542141796529656
-0.05957190167859461
-0.07309912259378037
-0.029777535553752843
-0.06354367786022708
-0.04495620492517299
-0.0598118147951377
-0.07435399930172865
-0.05168929471968248
-0.023751374413145787
-0.07413086180274275
-0.05991850619837602
-0.05397571719556338
-0.05452070304291573
-0.05226775530383898
-0.04170451943928155
-0.050217571190899146
-0.05602663576005862
-0.077733985599371
-0.04686548329419499
-0.028702543573812245
-0.05690751204304523
-0.04315437493092733
-0.06563368949610027
-0.05092050899841338
-0.07051719453581512
-0.06895430852631568
-0.028627488853980476
-0.07270892036513843
-0.050738721367701356
-0.10012730138807924
-0.06754098093697392
-0.07736574095168536
-0.038572868661579995
-0.054735586663562874
-0.05169527971316101
-0.07967878972205872
-0.0682509368796742
-0.04703388384791857
-0.06461568411248553
-0.06570133592960353
-0.06883151298565893
-0.05552705859076257
-0.06310763690281063
-0.08323701081088564
-0.04544167243966324
-0.03179817049742051
-0.08094497943438234
-0.06445799529728863
-0.018454062520772474
-0.025601232863801893
-0.05003006370073526
-0.04531624044691773
-0.04266924247652065
-0.06266627340520253
-0.06557236041892417
-0.043514019572215956
-0.010621096195757407
-0.05389574276570358
-0.07064556031652147
-0.07719760256931568
-0.03017219375169572
-0.09189104715856067
-0.06112720287843337
-0.058799055511594034
-0.06549064604569088
-0.05443659268946616
-0.06562252390004814
-0.053028235357964026
-0.06567952517809011
-0.06575676877864667
-0.04980816222181633
-0.04942247134911626
-0.0633596696574652
-0.06817029886618875
-0.08285401752119043
-0.03912768095146796
-0.03831079321156611
-0.06821778474923201
-0.07802403224097104
-0.0754091699359325
-0.07551983189630312
-0.06960444762812212
-0.060612712270750824
-0.054329505498582176
-0.05419556955376292
-0.049234935345513375
-0.08016951151365259
-0.05791470624147482
-0.05860436862202306
-0.061282938378399376
-0.05216748510825858
-0.042247557482484766
-0.038048215888234316
-0.0710414295512436
-0.04203453768576498
-0.05168831511140182
-0.0627885689622878
-0.018010049906161618
-0.06960447464340858
-0.04507980180734428
-0.0668086737525263
-0.06385217398518833
-0.06719255537372032
-0.021785399328120403
-0.03530418908885735
-0.05548429347254802
-0.04762764949845433
-0.06652448155858376
-0.060682512846795045
-0.04811967350364443
-0.04395909764666406
-0.05643233020066302
-0.05288322365558268
-0.03997310621416528
-0.05094626941565322
-0.06608522413717888
-0.03796602257519427
-0.03805252125850617
-0.06450367110017308
-0.051794531490149565
-0.07436537215119127
-0.05193181634694616
-0.028370614741824396
-0.07456899249279886
-0.06900776267338748
-0.0601768392476586
-0.05355778583350784
-0.0508943615242376
-0.08413261211906248
-0.06835165413519562
-0.06482451422436158
-0.07343685091262347
-0.060994260271374334
-0.04543383437145593
-0.09051772378775041
-0.05372305648924952
-0.06732333453983891
-0.09639554098441755
-0.02915628886366517
-0.05983570482044809
-0.06428176753359899
-0.08692470688178161
-0.05097798277283422
-0.05359020121607477
-0.05209368420702715
-0.08418814365428812
-0.04230605252497166
-0.061208428995293274
-0.05076037533050787
-0.038582177992408595
-0.06779209747633314
-0.09219944019240833
-0.05825205993684357
-0.0531476706074393
-0.03228888874150365
-0.041224458125602215
-0.052465185038902795
-0.04446641370331644
-0.028032195919450165
-0.06060995577675837
-0.06705379160507197
-0.041380548639267656
-0.03623820904869224
-0.043178889967935896
-0.05945803514884934
-0.07155052100605636
-0.10186617126424657
-0.04194674892801309
-0.04570985099250835
-0.05449947232114011
-0.06655638406434539
-0.03404509693290231
-0.039657293904915014
-0.05411290495639909
-0.03163558655119486
-0.04922282713337045
-0.0631192303906773
-0.07273334178377872
-0.04473076195018488
-0.04828014085517979
-0.03742326526198103
-0.037514304240775675
-0.07891353162087195
-0.09539214726103162
-0.05580317621292202
-0.04794468008970726
-0.036002714500216026
-0.086152281032842
-0.0666558949808092
-0.029952591342284063
-0.052298782441437985
-0.06328527983605708
-0.05763344879696042
-0.05570172945369206
-0.07092208655570581
-0.05008895365411625
-0.02924587680934687
-0.039475073168178054
-0.06838614850078295
-0.06212459395688674
-0.05744835557981931
-0.06086217873521321
-0.05408119816628848
-0.04636574568440771
-0.04601217111717398
-0.07761413450022192
-0.059911922335368184
-0.040259245847005576
-0.06438738253775383
-0.06201741879244671
-0.048205953415712766
-0.07012689212082357
-0.07562749470315705
-0.04235442207180351
-0.06891259499571162
-0.039329856281119346
-0.06630109472804491
-0.07959589722312327
-0.04662305656888205
-0.06577521069295234
-0.04299442930379571
-0.07025056130853885
-0.05303967000093662
-0.04485141869235021
-0.0486428634868219
-0.07659231057406213
-0.0765561617726902
-0.05336274456707535
-0.04193580492275917
-0.08137613985913089
-0.07203618062734563
-0.04167072131068761
-0.07500594650684733
-0.04047864955689495
-0.0763019217729275
-0.07492183887979115
-0.05024023695393959
-0.04291721003164417
-0.047821090413101786
-0.065825932256936
-0.05633932146786186
-0.06037507945939197
-0.06818824596703399
-0.048692615041599274
-0.07081148284303723
-0.053243133617681015
-0.051304606369806494
-0.04766105791785297
-0.04802768153871356
-0.09456431292273759
-0.062190797135193876
-0.055137356566912044
-0.09380793489759981
-0.06441325525592706
-0.05226365201318367
-0.0632655075535935
-0.05011309049546775
-0.050967062855605705
-0.07349746101410148
-0.059289561914030287
-0.06704208309436033
-0.059464110209849985
-0.08204795722381159
-0.05047036628696849
-0.06631248813917234
-0.06524290675273547
-0.048133213037813316
-0.05066916547314404
-0.06014263335471809
-0.05784406439255557
-0.055917783340782456
-0.06514572747665931
-0.04722941480594656
-0.043729190000292295
-0.046006766647458064
-0.054438022114953966
-0.06270160238076528
-0.04673665283576839
-0.04075866896409891
-0.04942536099964506
-0.061834799623409153
-0.05064696949170411
-0.10031514746490416
-0.06993956884596475
-0.05496470705733819
-0.07858644248525837
-0.0595428311743188
-0.03767794769318822
-0.09939593163145499
-0.057486339834467715
-0.04414672404683151
-0.06838860085313592
-0.06830214554017944
-0.05314204039120096
-0.07530196822729723
-0.048998638776172776
-0.09899416543130918
-0.04608987472911674
-0.06634786611526333
-0.07296436743538448
-0.07647075275417003
-0.03369279034704192
-0.04916391998906111
-0.06122309583017044
-0.0602382783077719
-0.0668077259386134
-0.045561920473087325
-0.052401294285574884
-0.036662248366807426
-0.05076225583099403
-0.05370343017929624
-0.07069193981734756
-0.06381952455732104
-0.0911992153948224
-0.054807710242882224
-0.027221279227464257
-0.05553676221273435
-0.07147204033090754
-0.05563293008252368
-0.03840570410171407
-0.0652144009364315
-0.034549991181553164
-0.07103542557480658
-0.07431784259919838
-0.03062857457124457
-0.04986610298795291
-0.0304015046220798
-0.0487485694001642
-0.055345708661272586
-0.057365897659223286
-0.0697399060782033
-0.07094313445778322
-0.0489843561660695
