Model: IForest
Dataset 6: ionosphere.mat
Time taken: 0.13576507568359375 seg.
Accuracy: 0.6666666666666666
@scores
-0.06500080940182723
0.023812323269714164
-0.10249920428965015
0.03684775678775787
-0.04850646170387718
-0.08592047088918447
-0.012781952002540953
0.05531753075285051
-0.04538253323937075
-0.048526436021839536
-0.022775307090007413
0.018573105013804714
-0.07229430681807136
-0.02986344001096669
-0.08927918247522193
0.03580519011799288
-0.12932594799213043
0.14159407832082627
-0.08914682410847119
0.0875096820890956
-0.09537000883000046
0.09000420894058336
-0.1264447879742362
0.07114609318894283
-0.10739832043840442
0.036396971006984025
-0.006359645379506396
0.0873101773230176
0.0013448548833749907
0.08578421765824018
-0.06845780055902251
0.03870084714946631
-0.06845493050990176
-0.005695529251472209
-0.06824889659942729
0.012533052718936899
-0.1273945523443335
0.09193022956573793
-0.12891141865484518
-0.058090915681018485
-0.03886500430937234
0.10599799525389297
-0.05408201938300833
0.05888509383373852
-0.047313935506901605
0.06820142668780171
-0.0925329196135678
0.03485782475344812
-0.12590972643059117
0.02809605078781141
-0.08084238815335193
0.08081999542380403
0.06680198033558282
0.11261305273213995
-0.1001080347047259
0.09189769026049577
-0.09145824495417548
0.10930812660337863
-0.11331987156490053
0.04690994757824474
-0.08622145267327719
-0.019999189002670226
-0.05364538165107802
0.05569933842166275
-0.08685605069170438
-0.06763614993925027
-0.11434355513789152
0.06213662516064711
0.02444359296453269
0.05193249061181926
-0.04287197186170766
0.0891590520633917
-0.02816970054042911
-0.05162206139614678
-0.05165092637784802
0.07728164589130915
-0.07059129195981279
0.09260566894660116
0.026614682117390487
0.08478150511095162
-0.03696044927232395
0.061133380507820356
-0.03319720080701116
-0.06276493210488349
-0.12593408215379415
-0.06263653445548273
-0.12684991670125406
-0.059069443796467114
-0.11083764407507996
-0.032026228948154656
-0.08126677271104826
0.005800603211756794
-0.08474163359549658
-0.009235005667621254
-0.09960028572346563
0.019074780481783016
-0.014379358157957767
-0.0070171095483977375
0.06814131118582722
-0.1249677891222215
0.047057081122479194
-0.12059868613475472
-0.07438202524066462
-0.09856660612439166
-0.00846739363299126
-0.07461389368776328
-0.046812683718459036
-0.1263395561887059
-0.013285282174923196
0.008620072201833362
-0.02143198812381336
-0.030383393830447913
-0.009508490165379024
-0.026466976633451544
-0.04307366927961537
-0.0982154303307109
-0.10372484422682693
-0.12033661130832934
0.008890873026714097
-0.1187121168761665
-0.07317219109216305
-0.07244982845237902
-0.005966929008710098
-0.10080489625520639
0.022729382475623172
-0.04925704490157917
-0.014221100553793942
-0.129948252399264
-0.01014762624989457
-0.13286231753730893
-0.06016921224836591
-0.09483996917914739
0.014142788110343307
-0.031483077249628344
-0.00656536357241555
-0.023115037138665362
0.06789274992671646
-0.08956571342286224
-0.08015974685768468
-0.08482882906521905
0.04594101933936279
-0.13435509162485615
-0.042363209599711904
-0.09255273964798005
-0.11297625254808796
-0.08674638439523613
-0.05645510711424928
-0.1319051453466893
-0.04099581860195828
-0.1315403396197916
-0.0475554503642695
-0.12923715570044042
-0.09531276209406048
-0.05170686594088553
-0.086677491992529
-0.13593831038074
-0.1016962054798079
-0.05887647510493971
-0.09145174948170015
0.00603702955190677
-0.09917449488002045
-0.13382921964289624
0.11094656625731625
-0.006330342941905931
0.03572071117165365
0.022663528797831956
0.07918923356474694
0.03592293035153771
-0.08145444304419674
-0.09392270693240451
0.08631437349649584
-0.12457332797593113
0.031109251655086823
-0.09834713818695279
-0.0386257070552925
-0.09179077906104333
0.04727721327387391
-0.11789998326782353
-0.09503087823239137
-0.025528294193624124
0.03816383398507406
-0.043028222821580586
0.07184262160296417
-0.027290287902215216
0.08055225178166925
-0.010659562580342119
0.07780229656553439
0.06361656113955771
0.11244806235516824
0.0019315888312738672
0.02693040766066146
-0.05849550668447001
-0.0052453523564571225
-0.08196413939128044
0.10669492122437041
-0.10404772417261404
0.048181135898246574
-0.11380495244218941
-0.0004753738428999732
-0.11445928734345961
0.03306479925241346
-0.014353233166822577
0.08238574921960862
-0.13131122271505258
0.09890752207544351
-0.12297511451520671
0.11649591329810438
-0.115492876411245
-0.04050204583881656
-0.0644982428984548
0.06955041722925903
-0.10294361838699251
0.01609934425246018
-0.07904630708073468
0.059044927263215086
-0.006791870098557196
0.06008675124368357
-0.06880617962846425
0.04895995909388917
-0.006725590009822313
0.1093745233734934
-0.04563051310215599
0.06772701296990369
-0.022901335867939743
-0.011929180694090047
-0.01286276458166613
0.0291189010761026
-0.0391544226947525
0.04446553854224855
-0.07244489557882788
-0.0691347792700523
-0.13232836463290787
0.08894397878427696
-0.12364037627845714
-0.05789444787051712
-0.07692125474662648
-0.06310545362873049
-0.12095244476652561
-0.08320046038044454
-0.13118788864933995
-0.024203067742284257
-0.13372525127293972
-0.019708832226203676
-0.13439128434772146
-0.03825293528330409
-0.13678726879294906
-0.04534537480429113
-0.11182092949312522
-0.07438202524066462
-0.0518138688806854
0.0303497541859854
-0.03408719348865158
-0.0134200357037636
-0.010194720395995838
-0.039813479469008095
-0.0070834927617128285
-0.12873680793074005
-0.11490519770766322
-0.12069050341118431
-0.1333097415509356
-0.1129280630891682
-0.03319774036674189
-0.010240813219265787
-0.024854449624194697
0.008472117317376182
-0.011797693336889237
-0.05252856491256308
-0.07664758891034806
-0.10231483754304305
-0.12630186463623688
-0.13503654599701687
-0.08628457586130506
-0.0923356952384004
-0.12165475456968039
-0.11667643132496203
-0.12427522215735048
-0.12172174234107064
-0.10208875467408418
-0.027352374368618315
-0.00904835995604042
-0.03233369279495374
-0.015621642834084237
-0.01852987262430561
-0.04573111946792807
-0.08719691484445607
-0.08844213650237492
-0.10001405777219502
-0.1349157162448797
-0.12203588021773687
-0.1306549951807544
-0.09723522877579766
-0.10929513897163967
-0.11901934755333143
-0.12842001556706345
-0.10892883926419877
-0.11616831368776914
-0.002135074089748168
0.014530106123555653
-0.00039233209302358407
-0.032479807390888626
0.0016730032630041247
-0.03761820689937062
-0.1294256155321265
-0.13556353144566274
-0.12355383483499172
-0.0959026990944783
-0.08516575687506761
0.045533731354188034
-0.009090391565903244
-0.03479913587468475
-0.005935065969370934
-0.008313420986562181
-0.12666295963747576
-0.11230892468980586
-0.049877129763643224
-0.03835805761792993
-0.01685656642383787
-0.11659093256274677
-0.1323786674700903
-0.13415926712405646
-0.13271272673378037
-0.1377441404683098
-0.1347339337813343
-0.09514382902595253
-0.049364907935799396
-0.031121400064602178
-0.012833669101491751
0.010849932900387826
-0.00986059486248575
-0.13559313196869816
-0.1281541623889853
-0.13699973591276987
-0.1415006078701585
-0.1334905633307849
-0.1332572719280129
-0.1309821509169199
-0.04302085772201236
-0.016471053944279723
-0.033949777528195946
-0.006494910472838011
-0.031743918782664304
-0.13321530318357955
-0.1321226610097312
-0.10793464981201911
-0.13920425562090938
-0.08381798796222206
-0.12724737625282134
-0.13466646870827387
-0.1391819070526119
-0.1358393686418249
-0.12794963485271238
