Model: IForest
Dataset 3: breastw.mat
Time taken: 0.1461958885192871 seg.
Accuracy: 0.9246861924686193
@scores
-0.14836033531484594
0.0063475561214469955
-0.14176090559451132
0.0463399333865786
-0.1128696215543315
0.03363834953773148
-0.0063077062838496345
-0.1451290853206701
-0.031064679036703458
-0.14549643115648225
-0.11404645594019192
-0.15997038297231586
-0.037038244429720146
-0.11625760544191938
0.059580548928258925
0.01800389230907684
-0.15902171527404702
-0.1569081178438368
0.03653524350716575
-0.13145640033672257
0.06530957907188728
0.04238198501596613
-0.1607028754112706
-0.15091590967854263
0.018351734030927602
-0.10426788052783542
-0.15187488366622676
-0.15997038297231586
-0.10367535408176337
-0.12800100666612696
-0.1580469528370846
0.06253746689494932
-0.1337930038805265
-0.14576142100538275
-0.15997038297231586
0.06796546471813047
0.011776289499377035
0.03154416107605584
0.04886575113601299
0.03620127918273597
0.05119683869698366
0.056396332358724655
0.06800419951838843
-0.08821437446631947
0.033452909121104546
-0.153623126788485
-0.1128696215543315
0.0461565743744653
0.08227483610390662
-0.03322528552879267
0.05617555776749328
0.08960487878365542
0.04213818279785975
0.02121871672326714
0.06721555539544077
0.05950598484555891
0.039105276969398584
0.006800553615999627
0.029800609648116372
-0.13087899786783774
0.08070230092858721
0.03157219597945404
-0.153623126788485
0.11087682674288413
-0.1569081178438368
0.05105489802447838
0.09507198579644371
-0.112883137592792
-0.12541187524840902
0.14005559219895503
0.01928276488522007
0.052407540597269486
0.026671824161325408
-0.055710303320643695
-0.09685885891113027
-0.08980762735363645
-0.13180412125465735
-0.13346550465446633
0.0020318794211576785
-0.13277918316120413
-0.13532611729794236
-0.043389393409282606
0.08624384389671058
0.14368820160314633
0.007552058807370199
0.03315150182046567
-0.1569081178438368
-0.11484572355599765
-0.15091590967854263
-0.12887640012796892
-0.1569081178438368
-0.153623126788485
-0.1580469528370846
-0.15091590967854263
-0.12960118004617455
-0.14836033531484594
0.13711722017630534
0.031350735452434386
0.09778665478255599
0.011113826988134679
-0.14654404744834704
0.03909064041705246
0.11376849512588938
0.06006974165280643
0.05226322204372014
0.06809840484018248
-0.09865325247960788
0.02115198362906756
0.04387287639830817
0.0031264139947075886
0.07476360508004565
0.07144745871776592
-0.09088600883065656
-0.06644857931530418
-0.059257283755746404
0.06904518022852002
-0.07632721959417355
-0.13058007153133216
-0.10585958764472492
-0.12918244064485201
0.0669712603955791
0.025549236595000746
0.05606922131779457
-0.153623126788485
0.028783862760005774
-0.1581519524748446
0.03727163177005899
-0.0006355678140662069
-0.12541187524840902
-0.1580469528370846
0.06505986442173983
-0.13040220532372415
-0.13283840815571735
-0.08876342173092666
-0.15902171527404702
-0.15087744642906237
-0.14717735210040134
-0.15087744642906237
-0.15294777784502578
0.028902239939736507
-0.06644857931530418
-0.15997038297231586
0.01711451665954089
-0.10831826538768041
0.0838898789901652
0.06976190117454684
-0.11404645594019192
0.046488420114647155
0.046838278518180676
-0.11785225935341304
-0.1465432745658553
0.007306066666680877
-0.12133236046460033
-0.1580469528370846
0.057032894798478395
0.022387344684452137
-0.12453284472178783
-0.1581519524748446
0.07402686421735993
-0.10957408687276754
0.060287206656021275
0.1420778548644338
-0.1581519524748446
-0.08536796630335863
-0.15087744642906237
-0.15091590967854263
-0.153623126788485
0.06401582954226148
0.0019665119085712224
0.039944693935555775
-0.1580469528370846
0.0875532430720094
-0.1569081178438368
0.0013860635039972813
-0.11404645594019192
-0.1465432745658553
-0.13145640033672257
0.015398762140284905
0.0051342624863032205
-0.12396761567943804
0.06736699988644712
0.08390034540338154
0.06103008446564062
-0.10691653418135816
0.0390080145454037
0.07157472169979562
-0.15187488366622676
-0.15091590967854263
-0.1581519524748446
-0.1569081178438368
0.02140073353606209
-0.09926864602236335
-0.1465432745658553
-0.1607028754112706
0.01193116097027902
0.05665633530316516
-0.15091590967854263
-0.14836033531484594
-0.15091590967854263
0.041372534185746934
0.06373003234963426
-0.11404645594019192
-0.11404645594019192
-0.11160524255040472
0.04560340276490815
0.026838401723685346
-0.15091590967854263
0.04127982640377548
0.06095521365604806
0.052046936878006766
-0.153623126788485
-0.15091590967854263
0.05204213739123753
-0.10952814923846005
-0.1217719398362328
0.0799214561161462
-0.027047842807763234
0.01073875491163856
0.02787607302080708
-0.153623126788485
0.02613930224097538
0.03451231076920935
-0.11404645594019192
0.07330470653064103
0.01762878339330609
0.031045279318550834
0.003100078348744484
0.007385843248283952
-0.00787933867294971
0.10374717085330198
0.07030544017184381
0.10155095646838375
0.021154873774666294
-0.04294009683664002
-0.08373917066412667
-0.1580469528370846
-0.030184186920153178
-0.15091590967854263
-0.10882715994766229
0.017967505933280226
-0.0042390361723883
-0.05187827124662148
-0.11080677100393221
0.05694695822580076
0.02492375290608173
0.05119683869698366
0.08070230092858721
0.015766833195552277
-0.15087744642906237
-0.1607028754112706
-0.1581519524748446
0.021924975178907458
0.05736439039215058
0.07558003656717716
0.011289856472713966
0.03566037789744214
0.09947853701028564
-0.08485521324069611
0.04309377088051847
0.028826622774923982
0.09779926346556445
-0.15091590967854263
0.04396938990090826
-0.14836033531484594
0.028826622774923982
-0.030732292978168096
-0.12709304164642227
-0.1607028754112706
-0.153623126788485
-0.15091590967854263
0.09274579900671864
-0.1581519524748446
-0.1337930038805265
0.06898031645332459
0.027315541210751304
0.064348823459632
0.051639483451481394
0.09629865726268005
-0.13283840815571735
0.055562090923006346
0.05295250633515747
-0.1465432745658553
-0.15091590967854263
0.02649028694405753
0.01250283351753867
-0.0003984996239785321
-0.02141888079269061
0.07140711232624253
0.05372760922741071
-0.15091590967854263
0.09310702177624608
-0.15091590967854263
0.019244155098459226
0.06804788129999428
-0.15091590967854263
-0.15091590967854263
0.054971161119834244
-0.047306550359352495
-0.13346550465446633
-0.1465432745658553
0.09111032007844078
-0.1465432745658553
-0.11842770006771353
-0.0031381025160960307
0.03019405784747531
-0.0986581792047328
0.027116350393777022
0.06771844491289891
-0.1581519524748446
0.03810254990536266
-0.15091590967854263
-0.08741122107976435
0.05530982706152088
-0.153623126788485
0.076728828158936
0.017796276149109835
0.03772897034885592
-0.09023389844322349
-0.08185483252864989
-0.000808030360480605
0.019408446805058488
-0.1465432745658553
0.005097011242442551
-0.15091590967854263
-0.11842770006771353
0.008493666842956715
0.048510148642768036
-0.15091590967854263
-0.15294777784502578
-0.1465432745658553
0.06409140264322277
-0.1465432745658553
-0.037656486549956736
-0.05385724897347477
0.05872342168008515
0.03709723156008127
-0.10547741025488677
-0.1580469528370846
0.03371040681011217
0.08528815774820242
-0.153623126788485
-0.10230154908100575
-0.010027302301899743
0.08950159928372359
0.07606648717672748
0.03734614149316817
0.08793121556214756
0.09762480405581675
-0.07018017543891947
-0.04394520190773049
-0.1580469528370846
-0.15997038297231586
0.04880397725374219
0.04058129776560071
-0.10367535408176337
-0.0858547437429234
-0.08471001480906848
-0.10367535408176337
-0.14717735210040134
-0.1264385790331784
-0.14576142100538275
-0.1465432745658553
-0.153623126788485
-0.11842770006771353
-0.05782458922670475
-0.059655869503416115
-0.1465432745658553
0.03837779379708095
-0.0854937165021839
-0.15294777784502578
-0.15294777784502578
0.008597523349279212
0.026668253985738688
-0.06859373491199999
-0.12387704823749024
-0.08446791500413936
-0.12535424911191168
0.024557277135258015
-0.1607028754112706
-0.1088802257269636
-0.10685881663287505
-0.1607028754112706
-0.1581519524748446
-0.1499964173996602
-0.1199139743013437
-0.09240401805332771
0.10775086070720785
-0.15087744642906237
-0.1044137974333007
-0.10045261735612843
-0.05695708152972062
-0.153623126788485
-0.13532062580104287
-0.153623126788485
-0.07545850858528347
-0.14576142100538275
-0.153623126788485
0.05700028061215101
-0.1401430769445714
0.012193646727726049
0.015689637559650138
0.031349537794367444
-0.153623126788485
-0.028038026021922235
-0.04796642452689032
-0.07276083885578027
0.05197674107568673
-0.07111571648799453
-0.12541187524840902
-0.15087744642906237
0.07275886181021807
-0.05019449221899491
0.052949973318341725
-0.153623126788485
-0.15997038297231586
-0.07429154284763728
-0.05526748298466255
-0.12003046150462404
-0.08482980963608783
0.018260579783201947
0.051261949989829025
0.08422473126764751
-0.1499964173996602
-0.07451764051115134
-0.14277615757421996
0.07332078079387061
-0.03697258375231072
-0.05964676464554558
-0.12400913982142825
-0.031324905119219204
-0.15294777784502578
-0.1465432745658553
-0.14277615757421996
-0.1088802257269636
0.02921592505174886
-0.08499806795980253
-0.14277615757421996
-0.10845892140306768
0.05446147242569466
-0.0818010862044562
0.032631735036106724
0.01660350981490566
0.061475963718198856
-0.13031698985996198
-0.11299400332757964
-0.10547741025488677
-0.0756552730889859
-0.08800526583212026
-0.12202717732389684
-0.1499964173996602
0.051804901917994806
0.03163279209642289
-0.0017725439626236072
-0.1499964173996602
-0.13933703372776524
-0.12800100666612696
-0.08800526583212026
-0.08221809566039884
-0.1499964173996602
-0.14277615757421996
-0.15087744642906237
-0.13752906980479002
-0.1499964173996602
-0.1296247923941664
0.03472478764717102
-0.10404965334957916
-0.056980253332613695
0.12055195406948782
0.018478045844058433
-0.13031698985996198
-0.028551289326475215
-0.12800100666612696
0.07980177987239812
0.03925947377585026
-0.04796728009649748
-0.1465432745658553
0.03399673194937569
-0.12329704074250775
0.04192807919879349
0.04340886625503204
-0.12800100666612696
-0.1088802257269636
-0.13551286437365861
-0.15902171527404702
-0.15902171527404702
-0.13145640033672257
-0.15902171527404702
-0.13277918316120413
-0.1569081178438368
-0.1465432745658553
-0.10472472777238939
0.09439405473703111
-0.0883175644721585
-0.14277615757421996
-0.15294777784502578
-0.1465432745658553
-0.15187488366622676
-0.14277615757421996
-0.12800100666612696
0.04356998540481616
0.06280402376136962
-0.1088802257269636
-0.11842770006771353
-0.1109082861685356
0.04956948432814956
-0.12134968085905212
-0.11685884323210799
0.019758585768471337
0.019090638616127364
-0.1607028754112706
-0.12887640012796892
-0.1499964173996602
-0.1569081178438368
-0.06867077806033045
-0.12329704074250775
0.01950076089897812
-0.13532062580104287
-0.11404645594019192
-0.1607028754112706
-0.15997038297231586
-0.08920262708008692
-0.14836033531484594
-0.1401430769445714
-0.15902171527404702
-0.1334457059432782
-0.13586411121926356
-0.15087744642906237
-0.10027955317166615
-0.15902171527404702
-0.10551300773558792
-0.15187488366622676
0.03804886377620453
-0.11815083802404741
-0.11585790235862853
0.051282703344092795
-0.1607028754112706
-0.15091590967854263
-0.054694574056561196
-0.00032507499475248336
-0.15087744642906237
0.021744546279978794
-0.07204745446774036
-0.10547741025488677
-0.15997038297231586
-0.15187488366622676
-0.14836033531484594
-0.14836033531484594
-0.15091590967854263
-0.1607028754112706
-0.12453284472178783
0.059489098420402065
-0.14489310150599416
-0.13222327216422675
0.03792177905911731
0.08513643580946595
0.040773012240647666
0.05217646277184429
-0.1607028754112706
-0.153623126788485
0.04473434708748103
-0.1401430769445714
-0.15187488366622676
-0.153623126788485
-0.153623126788485
-0.15091590967854263
-0.14015517918709203
0.01842303065811035
0.03853385446411106
-0.15087744642906237
-0.015177863832704364
-0.1465432745658553
0.039320254154662115
-0.12003046150462404
0.06887651502954195
-0.14277615757421996
0.10206124408187367
0.031665865296841234
0.008373574919391169
-0.13031698985996198
0.03292118064778027
-0.15187488366622676
-0.14717735210040134
-0.12505944783023948
-0.1607028754112706
-0.05206432953818296
-0.1607028754112706
-0.11842770006771353
-0.15902171527404702
0.061713242298473414
0.061677111222222414
0.050845154855369334
-0.1245560766415379
-0.1465432745658553
0.08376358473225842
-0.14277615757421996
0.05637017055939819
0.07606331713950476
0.07566841335896746
-0.11374937419685976
-0.12684749032202097
-0.13001041383173223
-0.1607028754112706
-0.15902171527404702
-0.15187488366622676
-0.1607028754112706
-0.01416282157686699
-0.06934221463585472
-0.1465432745658553
-0.09332814671542422
-0.04349716127696357
0.05452381793647798
-0.0755791253462812
-0.15294777784502578
-0.1499964173996602
-0.08548849909611622
-0.15187488366622676
-0.1465432745658553
0.040019786469683405
-0.15087744642906237
-0.0954763019639488
0.09302328482783273
-0.05871404730173152
-0.1499964173996602
-0.10547741025488677
-0.10667598282340673
-0.1607028754112706
-0.1607028754112706
-0.1465432745658553
-0.15294777784502578
-0.1607028754112706
-0.11080677100393221
-0.09936095581637472
0.12420709912715522
-0.1607028754112706
-0.06082678568467936
-0.08762618781212678
-0.12003046150462404
-0.15902171527404702
-0.1581519524748446
-0.1607028754112706
-0.15187488366622676
0.043245353808078035
0.03516984252084121
-0.1465432745658553
-0.153623126788485
-0.1569081178438368
-0.11976097568940891
-0.11976097568940891
-0.11732274955278221
-0.1465432745658553
-0.05420107177832173
-0.1581519524748446
0.08320438985301737
0.047826009410807946
0.048441289658978426
-0.12252325344295523
-0.1580469528370846
-0.07281722713077654
-0.153623126788485
-0.09883577813076533
-0.13933703372776524
-0.14277615757421996
-0.1465432745658553
-0.15294777784502578
0.06787501503953186
0.04586519049427196
-0.11660901058712658
-0.1465432745658553
-0.1465432745658553
-0.1465432745658553
-0.1465432745658553
-0.10922181544400106
-0.1499964173996602
0.011757706513248922
-0.09936095581637472
0.04948824790074524
-0.15087744642906237
-0.09151748212637445
-0.10502140780314723
-0.15294777784502578
0.06920397886107277
0.06099526685575196
0.06395583205824729
