Model: IForest
Dataset 2: arrhythmia.mat
Time taken: 0.20012617111206055 seg.
Accuracy: 0.4696969696969697
@scores
-0.14273185658122006
-0.17101783067039894
-0.06482982837119722
-0.14214932701880967
-0.14976568201338947
-0.05415585678055007
-0.16536515347702607
-0.16007543215965792
-0.15253262734800205
-0.1518759132299028
-0.13282532388945772
-0.16738676806649144
-0.14643625978686947
-0.108837214593411
-0.12399656668554543
-0.16534146788131687
-0.1326683505633514
-0.14903855272719752
-0.15812263547099137
-0.1375816170267063
-0.1453369420952113
-0.15089757134772064
-0.16355139648150985
-0.17068490368042316
-0.16538573284710184
-0.09446492445294769
-0.0891844182648337
-0.15282534932279773
-0.13517934790636393
-0.0776647052324485
-0.11008795230366625
-0.15642867505247532
-0.15686743639302986
-0.1628935773806468
-0.15688584539949796
-0.1636811034395943
-0.11844182942424697
-0.13876579148747253
-0.13174178024988392
-0.09716437532889438
-0.16349582396108503
-0.16802293908225036
-0.13102123802981164
-0.09744654189971846
-0.14880842368439218
-0.14119636980524475
-0.14015048313825657
-0.16982210125359481
-0.16272427922272115
-0.1525044799832851
-0.15431187118688328
-0.17277007431876928
-0.14749098561524204
-0.08385042391133296
-0.152421977790683
-0.14871702505368073
-0.15635253642987668
-0.15583766270851934
-0.1547286693266487
-0.14505745037675138
-0.07181093494939483
-0.16611315912386876
-0.1647687488493192
-0.14478128854946393
-0.12320112609850042
-0.1707751499464621
-0.16222767893977263
-0.14400636013966822
-0.13938254111120046
-0.15263786079767339
-0.1612947734672695
-0.15716790382687645
-0.1517673296192975
-0.14026494746658474
-0.1582016712517973
-0.10487800719265211
-0.004886958403127306
-0.15641742179011248
-0.1403647966212811
-0.1647290622069969
-0.15842076621992346
-0.13337871035895854
-0.15839232903507078
-0.09935966938264185
-0.1390379263289097
0.008797356192128292
-0.06503781452024388
-0.08670084321961607
-0.030999611991263776
-0.0649278359535776
-0.15691262488285362
-0.13860900113635538
-0.15485779788223886
-0.1448390254466866
-0.1338992289023196
-0.1188841328867854
-0.11387595590639121
-0.1446780892812788
-0.14628134212017596
-0.15254467641718145
-0.13606767800577307
-0.09528901265690787
-0.07227231423722602
-0.13606536701932054
-0.15238742773431968
-0.11179417237834172
-0.10389872606898415
-0.1620215536009798
0.005161156789370014
-0.15185777948414525
-0.1433475806636092
-0.14544155172129997
-0.14634519985500966
-0.09079783423604271
-0.15458978253559524
-0.16002274657931936
-0.121334509415991
-0.12948171033064337
-0.1331362873381805
-0.17040495232058467
-0.16256928438499663
-0.1643238248468219
-0.1351389594261504
-0.1395794082197266
-0.16207785652170187
-0.15379300035811572
-0.11748563405306678
-0.13848764544835013
-0.1602521914895097
-0.10612603641928225
-0.14818418633229408
-0.16675389069146268
-0.17242763082861534
-0.10526484155862631
-0.16160371898848996
-0.13910616327716718
-0.14177167425153941
-0.12626399358947388
-0.14986356199364037
-0.15387748993792205
-0.15163651965238062
-0.03203215983756502
-0.15756225805550017
-0.15677925841643237
-0.1548621334282851
-0.15214370864643728
-0.08746183322964834
-0.14641947700915298
-0.16901865934008653
-0.15423671306678455
-0.16142843088754893
-0.152053508316696
-0.1503288883384788
-0.1416584055333993
-0.1632575745526248
-0.16225529267550515
-0.16953365139366672
-0.15156332139655476
-0.09350166352286154
-0.1586497020280067
-0.13831590719394993
-0.15971540990706895
-0.1337952535045136
-0.14125723755867947
-0.1636896615371562
-0.16749823931692331
-0.15574466700497225
-0.13597427511487659
-0.16526019557426674
-0.1209250000292803
-0.15507057807741526
-0.13122231511148819
-0.15671187267644937
-0.1207173546569606
-0.13061192965461
-0.16493924071087673
-0.15943556376452012
-0.15424465491638178
-0.10447640179930662
-0.1531832238451451
-0.16355521236903903
-0.14831071567709292
-0.12215427568815168
-0.1438665103020615
-0.12300854633603925
-0.11200220916606907
-0.16541921838933432
-0.06448532765498877
-0.13392751410665849
-0.06188336983978848
-0.08863379051945064
-0.1581815916129452
-0.12247394823681784
-0.14181308383430835
-0.14689119502232906
-0.16308987667179375
-0.13884684267667396
-0.1316712592147874
-0.04915989306144236
-0.11892578630609418
-0.15774312172254695
-0.1617552033770614
-0.12147460808055804
-0.16542479848314884
-0.011845914537793267
-0.1522579743858622
-0.16425354821036003
-0.02536997101527033
-0.13181806852032352
-0.15373165777593922
-0.04744220688058998
-0.12977050208301816
-0.14673868934503775
-0.06072676744235406
-0.1443890361456887
-0.1640119919597261
-0.1480565698001427
-0.10719652830716664
-0.017304455605460622
-0.14161819761256206
-0.16583582919739315
-0.15155085875352586
-0.14737447602842874
-0.1513912034814731
-0.14417120087392132
-0.0861606137058904
-0.1597422812289192
-0.12210383124933827
-0.1501659545376121
-0.11660359543619209
-0.16202576078022907
-0.09625233290802654
-0.14866753578546588
-0.1235445334389828
-0.09812857054285201
-0.1410203883341581
-0.15735740665693182
-0.11991484074471576
-0.16371237342919315
-0.12206647453885416
-0.15461945978164926
-0.14339227025291523
-0.11999238846711602
-0.13849520971549523
-0.16511139023975574
-0.15799502482707078
-0.1108906213119158
-0.16167491440542942
-0.13509346909303466
-0.14949975871055854
-0.14240062676109572
-0.10647282100416827
-0.08443367909763105
-0.0804969830897238
-0.140594019293325
-0.15757618652427785
-0.11085683543512165
-0.049629450981460155
-0.1459612452706423
-0.13757553165480174
-0.15671394871327854
-0.16222356638857305
-0.1452730071448856
-0.17029424727317177
-0.16175436558678635
-0.16688618666634653
-0.15883421783533225
-0.11444517431559065
-0.14561030839638917
-0.15549246805944544
-0.16472071361419632
-0.13709565451971367
-0.1578012279728241
-0.16848465599608076
-0.16429881558697457
-0.1503451471007608
-0.12505900778065127
-0.15692927534327789
-0.15650482629541052
-0.15272744933033028
-0.11120854641872724
-0.12742013966680704
-0.16635545752017167
-0.15489462973519186
-0.11934082499401838
-0.10741123486617382
-0.16051990539514227
-0.17283066263643665
-0.13839240798589547
-0.14980293561007485
-0.1424760324087897
-0.04877300875967999
-0.12443312779498689
-0.06907775065543337
-0.14827477742629924
-0.09937207589313268
-0.09161243310199424
0.004146786647831302
-0.11934484411779595
-0.11849932991223894
-0.08221637288324574
-0.15750203970242688
-0.14366393192006904
-0.06195035686471767
-0.14636641253902793
-0.14051404515199556
-0.1249091648727802
-0.13994230226672227
-0.0863670523943017
-0.15610194043331693
-0.13990285203209768
-0.14697868213929727
-0.0900348472681054
-0.08559585217990745
-0.1665971042394263
-0.14842370719783604
-0.060456527731129917
-0.16898116707964006
-0.1286272626646433
-0.12673916980595745
-0.10030887059192256
-0.12888524905733223
-0.13001315175300737
-0.07496987789239229
-0.13365243051032344
-0.1641702033546248
-0.16026136728133789
-0.05474135666045049
-0.14828984062384942
-0.13487109959141103
-0.11660510488805609
-0.12792700991348094
-0.11807351426139678
-0.14561158710774286
-0.09967341283018921
-0.1414653195752556
-0.10550210961730294
-0.16111210570732898
-0.15669144208627406
-0.11536741526069455
-0.14537317169816028
-0.1570724728648611
-0.1701330560215053
-0.16095086165445943
-0.13241891153821383
-0.1575092681744117
-0.14072990769007
-0.12994643841632536
-0.11668012158383301
-0.1568943211410933
-0.1239127376402629
-0.14319194854017148
-0.11684256472592319
-0.09434837188207212
-0.01285311295618985
-0.15576562996394494
-0.057143789975769355
-0.16123914249530719
-0.14395596502023106
-0.09471218609520277
-0.13978301133659476
-0.08458361837280143
-0.15208161044002488
-0.13670734326699907
-0.16294802186507013
-0.11520633368742195
-0.0898214688546079
-0.08727723688531636
-0.10092628104467238
-0.15330799422035546
-0.026446428298422087
-0.1600065040322659
-0.14624348435345397
-0.14206860458830955
-0.12379752746298545
-0.16537772960403635
-0.11640384222326583
-0.1609485827626453
-0.16510508788633732
0.0034454808363318934
-0.14196348704803502
-0.07023558782243322
-0.16125670782764345
-0.1398980338703158
-0.13186235050735434
-0.12011530844402107
-0.13659119342116294
-0.13804254169989533
0.0407887071987455
-0.08653385370248856
-0.16131007453499568
-0.1327983632781498
-0.16567026721274813
-0.07874625535546587
-0.14735736033145186
-0.04312472568146003
-0.14476045050979397
-0.13156183891783046
-0.07321524936481988
-0.16948735590272668
-0.1590934880178721
-0.07861371193437672
-0.15338025423532475
0.009904223623618535
-0.15037380335937328
-0.14562666125091556
-0.15853511211587085
-0.10032569101198646
-0.14798008740891666
-0.13574580294165062
-0.10304713744842409
-0.14956909810311286
-0.09320734401557929
-0.13633564983792873
-0.1390078867972221
-0.14463967041308734
-0.1405548199558741
-0.11445531870395576
-0.16291395398317876
-0.12968677697096664
-0.138808770606057
-0.16106364726082262
-0.1456757897531808
-0.1567753925955997
-0.03498718331522588
-0.16183644410823467
-0.14306865569647292
-0.08242470827309567
-0.1618684220965807
-0.13171451044390287
-0.03165987538555176
-0.16848466897568115
-0.11680574825252177
-0.10470738093652454
-0.1343169110684847
-0.169456589571719
-0.13791282745332079
-0.16609895207307834
-0.16184947888196793
-0.15946173245962492
-0.14882974820832023
-0.13848361765977124
-0.14463962824982968
-0.1522943192205713
-0.156593481198757
-0.14005152016294126
-0.15735473448762233
-0.14268847196592566
-0.11725802272227481
0.018118476852770793
-0.1492848570726688
-0.15129041125783016
