Model: IForest
Dataset 20: vowels.mat
Time taken: 0.18163299560546875 seg.
Accuracy: 0.14
@scores
-0.006870749661127384
-0.030721894715809883
-0.04345872356138997
-0.03887141161241897
-0.07102082880209526
-0.07578522644324653
-0.07059111519590161
-0.0769078783943834
-0.063261805778355
-0.07996487721247098
-0.07251790665054125
-0.06375215891801722
-0.044356761309925274
-0.029911550567237932
-0.009699594111248155
0.006011905835382025
0.005284227570732658
0.0018840002250560817
-0.015052092504879155
-0.02685528377395313
-0.03948848210150041
-0.06095720940719723
-0.07573327778556294
-0.06244165387060607
-0.053014557060862666
-0.022179337815962263
-0.01325063999319237
-0.05196010061600337
-0.05539301978904804
-0.05471622446659763
-0.05817122057921342
-0.044625305839366525
-0.04301539266080723
0.016496437426892774
-0.011116660555066049
-0.03477339118396322
-0.029754919765605514
-0.027481110960428212
-0.05684838800867337
-0.07787533248962492
-0.08651923945201279
-0.0796295452461317
-0.08968117308223111
-0.09277910872059703
-0.09372732781851056
-0.0840171904656003
-0.08427796921067648
-0.053017778844780816
-0.015518083622828527
0.037745886662288064
-0.01054137928861304
-0.018944304348240237
-0.025239570258247024
-0.02607809812575068
-0.024230996919508807
-0.023866011595751246
-0.025688864773453335
-0.029194563633001158
-0.02435416767935339
-0.03581259270891618
-0.01679323515796316
-0.006496739461910428
-0.020886817019783455
-0.032790182592462636
-0.005465332175665305
-0.009604500787707249
-0.016691091241615663
-0.01267174242920055
-0.003550804568054511
-0.0006588479574723971
-0.0147054701939065
-0.03269778158020875
-0.02198748326736827
-0.05406248890082904
-0.06851124547091303
-0.05743119294472526
-0.05066122769208281
-0.058816274576897365
-0.05882004617588893
-0.061607737384955286
-0.056409289104351945
-0.08093569636062536
-0.060484185322553286
-0.060961226549663516
-0.039217781927408824
-0.024494776845233712
-0.01813883067826494
-0.003999460904171415
-0.045189584950865946
-0.07529390724241158
-0.07994439532183778
-0.07951517329956909
-0.06337856497562183
-0.06408972322136147
-0.06170948640579316
-0.04303971794826783
-0.03845974774587252
-0.05319477715489779
-0.0543189838912011
-0.034708671668616464
-0.028196953973625538
0.0010960472669986343
-0.01893969712116378
-0.027940340471344693
-0.04505853586233327
-0.07089027411039767
-0.062448767969851826
-0.07667740580576443
-0.07068815463493638
-0.08192764987420448
-0.09123612532811781
-0.08895614664943752
-0.0891923736062214
-0.0822415899228433
-0.07748949266373434
-0.06916790608788004
-0.0610642215629118
-0.04495410744286504
-0.030827114634727537
-0.04233143199915046
-0.05974492657364244
-0.07958289481583347
-0.0837401995290955
-0.06347382441961064
-0.07534966216943267
-0.07481829331787082
-0.08170757338731494
-0.09334076322251861
-0.07674908364691319
-0.05678195207869374
-0.06056293344281638
-0.0715067208735497
-0.06438631374345516
-0.047434597376617704
0.03686379638588122
-0.012221484697727047
-0.025143340527063074
-0.02652252382982151
-0.03202564649746159
-0.05909076730884549
-0.07009597201958906
-0.07535103606551014
-0.07585468125080369
-0.08199797577401385
-0.08780174749872616
-0.08968188846656872
-0.09411424575817201
-0.08604683109553679
-0.07344013415204359
-0.07009064655473923
-0.05930441249791574
-0.04684195934609314
-0.042562143635002436
-0.0383641277962774
-0.03972025653560868
0.06346527452800599
0.07093146680514684
0.04173955348357472
0.028612326539884325
0.011419073779042277
0.004476785816522777
0.00504622628517748
-0.01144333353451632
-0.023632164479886197
-0.03773750039356638
-0.04509775698728086
-0.060895492511455485
-0.061458982902919346
-0.07794812507985976
-0.07305901846116725
-0.05793803595429742
-0.04648185919222175
-0.041104138247324784
-0.03920003694665586
-0.04466182675872504
-0.0406730428993195
-0.04112876766431117
-0.04035298682156818
0.008071268428617273
-0.018126472905359403
-0.0269722959678802
-0.04259793177757659
-0.05026102109416841
-0.03825126572320936
-0.053297079682227855
-0.07232694084527441
-0.07670070425256914
-0.0839687444496911
-0.09067061851016112
-0.08059112882861047
-0.06817364458678749
-0.07430921674745583
-0.08194321380173109
-0.07564183537733238
-0.06922324339344171
-0.06855122777307066
-0.06254047253430506
-0.015007688487057691
-0.019511196180428958
-0.03447345597162321
-0.04918431576638571
-0.06799621831958813
-0.0713627241417436
-0.08522233281469493
-0.08717771906651356
-0.08592815088983563
-0.07330233853696755
-0.07687142997665236
-0.08567309091783587
-0.08888841348027254
-0.08448152462606057
-0.07429994454836508
-0.06699460837829285
0.007132925210187602
0.01240438852521697
0.0002847251143428542
-0.007276407084678416
0.010340650631149195
0.007922231977192662
-0.020808780865554433
-0.009316994606637874
-0.012053641880885146
0.013274844219869353
0.009761783613810526
0.014807305925627956
0.010405134207097988
0.009337514078626818
0.009645426188609862
0.010057893189880485
0.019287347667202748
-0.001398268563167493
-0.022337902191171655
-0.02564371730595688
-0.048455952148360126
-0.05422295284054657
-0.06333582477456873
-0.08651626872028989
-0.07990978445480418
-0.08778283239078222
-0.08238089107142327
-0.08197677071084014
-0.07980421843850793
-0.08294973796995797
-0.078765464834401
-0.08173333342120176
-0.07496065948364833
-0.060487379667904406
-0.05419673208116582
-0.040014191514082365
-0.030380069782706742
-0.04085758608513429
-0.04678888157533451
-0.055374345999900154
-0.05518938368975668
-0.06374059027363227
-0.0784455774014296
-0.07471504696451187
-0.0688958127350005
-0.06502344636932078
-0.06632507196054832
-0.06690897187949107
-0.0708048776110779
-0.06952314967077355
-0.0566083425777939
-0.03701418566343728
-0.03813827293495392
-0.03911662630548446
-0.05365123681733969
-0.05520004026556641
-0.05928172204781479
-0.06009728548487214
-0.06955648589245023
-0.08461258162146679
-0.08252423572698964
-0.08892704972646087
-0.08552007686517771
-0.07808351616717635
-0.057755541719821224
-0.029230245934847576
-0.0013916223454208398
-0.031969967286753
-0.016643521165611352
-0.04899978522960502
-0.07308468220147385
-0.07279789755469479
-0.0682516247539886
-0.06476782286765237
-0.08335024549788561
-0.08795310898526176
-0.09185884628933055
-0.0921203933122286
-0.09459078126419529
-0.07469833288460737
-0.07376387098500664
-0.05556435822218092
-0.046746853922744136
-0.036361736845281156
-0.02456586834147767
0.016762318323918057
0.010027203757120962
0.015329704337711636
0.011665277543130959
0.0003654838798075044
-0.02275971179717129
-0.04701153066423164
-0.06641575734188998
-0.07423650398646914
-0.0788374278704918
-0.046363236711159495
-0.038597006087868035
-0.06319823402709313
-0.06329880980874492
-0.08247065595587338
-0.06682111784260442
-0.03449662116402952
-0.05752746934490138
-0.03227270464997428
-0.03954282404688103
-0.06451712907512352
-0.06419900583357019
-0.0724574383008556
-0.05070627156436547
-0.052520149541835426
-0.06880078608679391
-0.07117253474826113
-0.08462737821916733
-0.0674171208129285
-0.06588150865859504
-0.07819845588114355
-0.06972334346452014
-0.07889853659994361
-0.07043479697147914
-0.05645347069321521
-0.05559951725924622
-0.0634467590920808
-0.059433473679528004
-0.0863974815112617
-0.08116326449218159
-0.07941650814305617
-0.08841101945784818
-0.09342811846522725
-0.08502740149356874
-0.06887710671127062
-0.07035835178635202
-0.05861139607570609
-0.0553526959726694
-0.04295004131649788
-0.034339245033187915
-0.029556445265284115
-0.08216274182838607
-0.07397728995410052
-0.07770439587416139
-0.0846744579323942
-0.0913405545984029
-0.08931403443520386
-0.10066009201075427
-0.09776579081383613
-0.08724026050023614
-0.07704818713585243
-0.0716440957654253
-0.06969594843269267
-0.06336069364554037
-0.05939550197361365
-0.05689592409880012
-0.04840259728534213
-0.03182069938321075
-0.018784548963578063
-0.0668637769615909
-0.06733254524402726
-0.07019363381095756
-0.06724084772140365
-0.058950133889219936
-0.061806584937415365
-0.055584421832482356
-0.05101704115878536
-0.04950569946084671
-0.05756068973917472
-0.056801124473015496
-0.04667068204467778
-0.04552090571378259
-0.04201401649324027
-0.03909203402646061
-0.04843240644800917
-0.0688308321826287
-0.06648341095902621
-0.06725289499567721
-0.08317371713734817
-0.08168502391601473
-0.08938334862255581
-0.09495793880412723
-0.08186807306107402
-0.08202486987496865
-0.08313347590827813
-0.057821406840163514
-0.03838279086287644
-0.036498903700785956
-0.026593921335501203
-0.022884155659350203
-0.02751632776970847
-0.042682213303163075
-0.029536818969149337
-0.03823263973145363
-0.04339049185178545
-0.03609955134118564
-0.04602620583704309
-0.0487929027939869
-0.041839427906032234
-0.047087798491769806
-0.08461491059853471
-0.08325574513529249
-0.06713420836243461
-0.06467760938056055
-0.060406548865352794
-0.04867808032837634
-0.03311480035973435
-0.022775176297831434
-0.01129365476666816
-0.031762213337566014
-0.055378478368377504
-0.05411059438460719
-0.061710243369409945
-0.06955494380415506
-0.07779394376507681
-0.08468138569177142
-0.06436844996644303
-0.03744341367915344
-0.028097851472979274
-0.03076675657222061
-0.03191753868072411
-0.03244526776506601
-0.015279560235996859
-0.034504760957450864
-0.026729750917667217
-0.020193698153976647
-0.02661722857626997
-0.009336513712513927
-0.009247275394359156
0.004764433236403409
0.015174383916157885
-0.033791865410730426
-0.03839692877887152
-0.07845103761663219
-0.07006209491364279
-0.07755587194823893
-0.08309396263186825
-0.09438196772285512
-0.09123754830562608
-0.08565745848656675
-0.07423855481125746
-0.0690565427209795
-0.07490160815087377
-0.06845648468781435
-0.06688792716062997
-0.048846381539495776
-0.047291146974775766
-0.030048049611647643
-0.05316014409427472
-0.07163000588638269
-0.07457860936522781
-0.0698758166600178
-0.07241824232732941
-0.07624661972070068
-0.07317885363973858
-0.07215970419443712
-0.06987743035747324
-0.06064350364183746
-0.0635848537677346
-0.06683487038222441
-0.07188345396212137
-0.06038279668877644
-0.06581268921593991
-0.05036584163583485
-0.04420509728123234
-0.03197586406902114
-0.021960958019433374
-0.04802688850240311
-0.06462601423017034
-0.06797543834801328
-0.06699598038897342
-0.07914923710932809
-0.09204705101178606
-0.09870582305893116
-0.09522478138205681
-0.07616785318664732
-0.06429874989424328
-0.06567745574143669
-0.07376905555482727
-0.06258235850908911
-0.05762925910802763
-0.04831475868928098
-0.05357855575351039
-0.04901454818252149
-0.05251303974750621
-0.055968772493959706
-0.07946763095147097
-0.07259038061114853
-0.07527822964141284
-0.08840533525809435
-0.08868564499711828
-0.08553531586140345
-0.08955563595256671
-0.08263917225527717
-0.07303266463689634
-0.0546197154358638
-0.04031088147835621
-0.019304840526559952
-0.001128961440372389
-0.0005100467627063288
-0.041166256705034265
-0.0576101053958169
-0.05476206118392485
-0.06828811192383788
-0.07867570264650348
-0.08634548835120387
-0.0850028074480107
-0.08942979744328405
-0.09253089075076265
-0.0967165733956028
-0.09047618013854486
-0.0872784605525746
-0.08252676940062004
-0.06144069538856717
-0.04056775089815945
-0.012704455677833848
-0.007694322405229492
-0.03388721527825417
-0.044034986610452076
-0.039238958715422656
-0.04951884601621226
-0.03955222019132404
-0.05389095164943791
-0.05450886839605984
-0.054696886695556224
-0.04964381892213743
-0.045604113194283036
-0.043005677614056825
-0.0324872515397821
-0.04281576612780824
-0.042658345337065695
-0.06090579240585131
-0.05552594126796101
-0.060809496172613775
-0.04893885872988096
-0.08383504600965669
-0.06501057956888867
-0.07885288408363661
-0.09296683163484465
-0.0778591309534209
-0.09485147650026704
-0.05857710545744671
-0.06314759420718347
-0.07287792518107056
-0.0359713274748778
-0.031663648920948084
-0.07024717342758152
-0.08139599952477922
-0.09396370726078901
-0.0980579658596677
-0.0968763165634633
-0.06940861536354426
-0.04956526016723917
-0.04568212990988607
-0.05235610823249626
-0.0641843938455301
-0.06457211056563572
-0.0800910956531693
-0.06092471552583467
-0.043164326583365775
-0.05140384023216332
-0.00246659205496641
-0.026764326772118652
-0.021193538555921543
-0.03561756932048765
-0.026899382409305228
-0.03218202191840919
-0.05690930712579989
-0.06858324853165365
-0.07395959804786523
-0.04191076559743506
-0.028482717617542175
-0.05315625030985044
-0.0439961487748618
-0.039602274815150273
-0.046196940164207945
-0.028651434282989885
-0.03547911637164508
-0.031232701270273444
-0.05182027539722561
-0.020592480927192347
-0.047364931275874655
-0.04168202940433674
-0.04296238698059529
-0.022448148985639016
-0.0285013004098727
-0.05891459589636733
-0.053839714568718555
-0.03464189693171432
-0.05604850144351775
-0.05068136819950286
-0.046294050704043854
-0.030920273641875495
-0.020746043975797213
-0.03526085295129122
-0.050309552908450406
-0.04961776644478094
-0.054257145516709515
-0.0539626284212798
-0.04747653769515103
-0.05629709157066193
-0.05771471023852709
-0.03266780741418823
-0.02356798491006923
-0.04930150194714478
-0.007051437870382815
-0.0033453818092424314
-0.025668523734589666
-0.04322298830631005
-0.037522104469133066
-0.05810967691763386
-0.07030611087139371
-0.045873351634272086
-0.02692728760162294
-0.029386830778054207
-0.0251596697274325
-0.017396430262210605
-0.015621920718116078
-0.004614616608851541
-0.028612127939066256
-0.04328191465092063
0.002667644391207591
0.00895955461668796
0.019635261173380658
0.013522970031557002
0.01945206525445553
0.021014926568094117
0.005178684507496589
-0.040283455621130615
0.0022157981477489708
-0.02253985179159923
-0.04149667370535998
-0.043729453861015566
-0.01160578793649214
0.0020749382169102937
-0.016604479269987427
-0.01620210028003516
-0.00956956791017377
-0.021914532574914658
0.0017982045878119912
-0.0578578686631534
-0.04397924564933808
-0.03484554203956236
-0.010642707969431286
-0.029359308029136777
-0.06020068360791153
-0.06704952201041642
-0.06770360223922861
-0.03497503838886451
-0.028427758516482993
-0.03352648246071688
-0.01281186540634166
-0.048320904636309725
-0.04226972760958564
-0.02848993624126095
-0.04231866452582067
-0.05044653158122564
-0.043853091293140356
-0.055333747412617595
-0.056115308665261376
-0.04910111643519027
-0.06333562241324547
-0.06660937302680531
-0.037961019260897066
-0.006808116775342765
0.01396263353031868
0.008210514469811026
-0.003942266879713163
-0.017476846429638815
-0.026105010007254792
-0.03770421485301789
-0.04266172415024122
-0.02742418618186615
-0.03856151958250037
-0.032182708316513375
-0.05051109306379303
-0.05689729734052956
-0.05132000049271224
-0.033517466312254496
-0.04598331979571141
-0.06434173019691797
-0.06867433605303425
-0.06998060800114836
-0.06391230621123578
-0.04427340938867391
-0.015208273875178924
0.0033895767873515226
0.021673690760892428
-0.025285925391525854
-0.057210203090398815
-0.05891700460649896
-0.027532059271972054
-0.030172451415695967
-0.03779948280615969
-0.047527956056649834
-0.04024052029259756
-0.01876625662838871
-0.01537769372126313
-0.06807975247402182
-0.07419508947276399
-0.04497121226672268
-0.04853636357596325
-0.0833496150148591
-0.07844297709749842
-0.07315766767039394
-0.0772572132953635
-0.07860604879728444
-0.06359561061685054
-0.06134317411636697
-0.0761431525847619
-0.026376539737147986
-0.007269032376415463
-0.05271169703161299
-0.016358632361032244
-0.028715030613714387
-0.054312288315569224
-0.06952540050166783
-0.060270772548386864
-0.05248428947145389
-0.04770482580735913
-0.05277750073205789
-0.04869003129881033
-0.02304768555327713
-0.014714438350331649
-0.0126531508022511
-0.012770093915177638
-0.027338898607895068
-0.02948427039310414
-0.03107809178540727
-0.014382832289632663
-0.017015398541458115
-0.011905659410736624
-0.020996769791606307
-0.0460526374616298
-0.05208467302004288
-0.03318270031779047
-0.04586872307039652
-0.044435033755489406
-0.054994468732065926
-0.05099557220025319
-0.03155304966258343
-0.03075624648770653
-0.043861096712334624
-0.05110173655847078
-0.04789823998561382
-0.04417515789782317
-0.056953143242365556
-0.05040010160181618
-0.03251095802480791
-0.017525278724826787
-0.012645068571803697
0.009980256002247945
-0.0038619802160973493
-0.01756993251338429
-0.018132999600662725
-0.014580532927535528
-0.013471504681929092
-0.029788966578623677
-0.03598941054855098
-0.05123694921012922
-0.06521625977347778
-0.06077293969087749
-0.08076702920782486
-0.056142751864506346
-0.044562202205448875
-0.03160087328306721
-0.04385697985297021
-0.04361845904737671
-0.055709751475835956
-0.04483014291695647
-0.013985379200943449
-0.029940513819286307
-0.019081746416612422
-0.050794532832315
-0.06803915367301833
-0.05522541159405914
-0.07012817143597405
-0.08722444042042876
-0.07393530783826219
-0.0780662591671602
-0.05710239783803256
-0.03207786099997045
-0.04821905745445332
-0.06430429048266206
-0.06373180894928943
-0.052003434037786456
-0.062414717007417464
-0.05865943793548323
-0.05613788327360264
-0.036646137016948355
0.006770609149047924
-0.011063775759081074
-0.009929644854036745
-0.027284559222741644
-0.06260576094246362
-0.032272328311891973
-0.04024833661777849
-0.03322503129117793
-0.023837214760006775
-0.06672892615594023
-0.061483719269878945
-0.07021882228601506
-0.07049346476756863
-0.07132251743496948
-0.060447668257336495
-0.04894173843560268
-0.04711849447326055
-0.0426644360656771
-0.05637200428300465
-0.04775541534161282
0.024229045103345448
-0.005561891129701013
-0.019574266205208024
-0.03198840192002522
-0.04670966636673757
-0.05282494642126373
-0.03384105721444053
-0.051737809953772196
-0.08118478724231898
-0.060310274600400615
-0.048914908294801274
-0.05856348167751835
-0.05211566127280487
-0.039575892646436794
-0.051019095948983795
-0.05792925418330669
-0.0395594271062249
-0.04069561031136193
-0.024414603547660896
-0.01912126751575094
-0.0657647133465794
-0.08775100536496916
-0.09468808711723387
-0.09268102030215003
-0.07798500623836241
-0.07598813474810451
-0.051060411609469
-0.04592761610037116
-0.013125886466800352
-0.013170480473891633
-0.04482929501152472
-0.019792828045081534
-0.018334070309822537
-0.02028238113316322
-0.05583374603625485
-0.04174444203714828
-0.05194512270693258
-0.04330233473582712
-0.060676025261652944
-0.03543474253252621
-0.032681134735498996
-0.07383321124818915
-0.059182367292130666
-0.03237233879814594
-0.05610693017024537
-0.023685052786884098
-0.04367805620086346
-0.035446659994339935
-0.054261847040783184
-0.05955258066065039
-0.0771205963091739
-0.06868923297892665
-0.07171106648443148
-0.08049880532304321
-0.08766121086349965
-0.04231556735964398
-0.06556820694112975
-0.09725310351177147
-0.09707448805580832
-0.09409006710926077
-0.06055579046740628
-0.0595444463826485
-0.05667179371281955
-0.06870999295254404
-0.08169830543407774
-0.09253374572068906
-0.0887353419734574
-0.07792570403259796
-0.05713785899806689
-0.07665599282823515
-0.10153177104103012
-0.10656325386749055
-0.09534097431046218
-0.08655404630266911
-0.07456016019875694
-0.08845335712949692
-0.033831730905996005
-0.0434961080554942
-0.056846018685716204
-0.044505760820638895
-0.05709881226453678
-0.06268197412489385
-0.07374254575844869
-0.06751702767375745
-0.06960937076758067
-0.08351422458042113
-0.07189628318880598
-0.08162487259698098
-0.08269381465174858
-0.09126245278564221
-0.0716478732593242
-0.08482173507996327
-0.08555255464374789
-0.08453345281551744
-0.08156204494980218
-0.06837037404334168
-0.07214151190112694
-0.023826657350820346
-0.04736593088001584
-0.05026449062777261
-0.04636582584639132
-0.06979088427240049
-0.07747770054138675
-0.07539389155574128
-0.0701806565102816
-0.07048561139595372
-0.0513173946021766
-0.06080370897195214
-0.08819098734834574
-0.08298070034228688
-0.08301767575640734
-0.07718026806011946
-0.08521635386691895
-0.04454183595776795
-0.04181255771054837
-0.0606928336597109
-0.07287163629607468
-0.07732797380733353
-0.0687187743308641
-0.07114462434662883
-0.06489201584436366
-0.05080447831277446
-0.04461699262860802
-0.04654348524187768
-0.04635086732397237
-0.043506274634905695
-0.07188238487401666
-0.049844976660648965
-0.0649131879864846
-0.04607214642569896
-0.04743665959060955
-0.051351680362226704
-0.08241584839282107
-0.08920638544450549
-0.08494163595940724
-0.09345950580523177
-0.09492865217091528
-0.08704340035464075
-0.07802061570150959
-0.07027773125267045
-0.09487441202935509
-0.10820693738616521
-0.10702955730504787
-0.09504712195880838
-0.09163956995314076
-0.07024868061514716
-0.08608182380293916
-0.06674790552458326
-0.07485964120872901
-0.03974850477252778
-0.041837985129220934
-0.034392130729362536
-0.03718117292552059
-0.04631483699334765
-0.05745574832304012
-0.05774027528428144
-0.055393384880156826
-0.051923285669168595
-0.055924839751970545
-0.06260198366108888
-0.06840865747055735
-0.08365501695716965
-0.07004793412316607
-0.08330359819437189
-0.08590701179742344
-0.05248999843621255
-0.02600097862172812
-0.031430121509445685
-0.052101500257279665
-0.024932725227290342
-0.03691320281353838
-0.047951793136970455
-0.042631758075577675
-0.027441733614298303
-0.04064030603199187
-0.058664995256479
-0.07695364984639125
-0.08265633041179038
-0.06812031181833655
-0.06879746816654025
-0.0594611182261654
-0.06371487303623158
-0.0664674905622138
-0.0720202553028122
-0.06365868184359025
-0.046573738251718066
-0.043079941222975315
-0.012778966460078534
-0.03404113959680949
-0.03558379783100568
-0.0317452433221716
-0.03153091384952833
-0.031056151336849025
-0.012970413441438677
-0.02555495201421043
-0.0767487268660677
-0.07418272067504006
-0.020604160212421174
-0.06705571145665934
-0.059669125473722606
-0.06302176484497951
-0.06299309251046264
-0.06776155287140645
-0.07925322229266518
-0.07576968169569359
-0.0409059446260549
-0.046556866083268866
-0.07336356577318592
-0.0577777980742859
-0.07465172755839822
-0.055316383176529815
-0.006747828864691718
-0.005553676692103937
-0.0423781405792108
-0.03214415000271825
-0.03791988984115158
-0.06694172414235788
-0.07203812977964563
-0.08258415563979149
-0.07243093221159985
-0.044429145121036406
-0.04743539324306467
-0.05607674266035595
-0.044523768870514346
-0.005069038026095207
-0.007008786396929756
-0.0011333379840718916
-0.014082128704989871
-0.013241996314466042
-0.006154209439107661
-0.002201742279742791
0.018360023582165597
0.024550728239449926
0.009269060970681031
-0.00640304225093874
0.00668538902961513
-0.004278173674456098
-0.023780891094738632
-0.01286653298240703
-0.04896092241120026
-0.04892299604063988
-0.0567418965798423
-0.03914974807477006
-0.011622188438083492
-0.03895323378890536
-0.04178262212374545
-0.05427108678481002
-0.072897930454356
-0.07778066847145981
-0.08074800124542303
-0.09138191081522884
-0.09167704841656432
-0.08412534368417007
-0.07967811027113597
-0.05466205455331141
-0.041533441734727006
-0.058108668692150534
-0.07407452963689876
-0.06160993358100636
-0.08111739269319385
-0.07931979040077985
-0.07823438635831637
-0.07456684277028697
-0.03162840815994472
-0.0013400833595644257
-0.004596069398742242
-0.045192378666986055
-0.023977829224687164
-0.05307622869046191
-0.08367337763953403
-0.06304512811989249
-0.06244220103777759
-0.06852199551687438
-0.079320587700703
-0.08087115626149016
-0.07999350026072771
-0.022316661421280137
-0.04933334101578679
-0.04931552068703382
-0.05285751651906184
-0.060827218942821226
-0.07327250684024067
-0.06402484058855684
-0.056721655157642714
-0.04220275268075657
-0.022577575534123817
0.0030053636311069276
-0.03459457441970393
-0.07591052858447589
-0.07477973095412405
-0.07897623745484145
-0.06936653010581728
-0.05276776765774849
-0.037312756001926684
-0.06830511075220719
-0.0759844476385903
-0.0567192740096909
-0.02324955499192599
-0.0012672076548070899
0.013260256237522694
0.025747909043719708
-0.032503780482907974
-0.037307487306925013
-0.06035271846734419
-0.07404740601543874
-0.07210181233792529
-0.08902079086388087
-0.10180113244738098
-0.09468710305619327
-0.07314716976852415
-0.05472359732103127
-0.04500534600129591
-0.04862014658116243
-0.036558652726488616
-0.08435165899950803
-0.09093864642062949
-0.10667454955210748
-0.09712591966256151
-0.09780114410017626
-0.10219329318284515
-0.09233146551810395
-0.08467054924872408
-0.07290935241795277
-0.06234735932186258
-0.05481947630571238
-0.029445154209181867
-0.045999526864950624
-0.06222285277975703
-0.0724165082116427
-0.07053371809906145
-0.07562460201777049
-0.07111671501773437
-0.09057631185966758
-0.09708735635801008
-0.08941947154638408
-0.07193932698727029
-0.0618106654468758
-0.038982276337652555
0.01750427149539968
0.002662174343920909
-0.01536891254305911
-0.00880276666868901
-0.03999626438673587
-0.04101252642404868
-0.06928728804977535
-0.06822839137879894
-0.06172218316703526
-0.07176684256279825
-0.06714632892260003
-0.05452971591664535
-0.03253743738642445
-0.040240674173157354
-0.0324092852117448
-0.053460694457330316
-0.07730293979958536
-0.06659677542707898
-0.08587371833464447
-0.08973531532342377
-0.09976411053004935
-0.09527176554614097
-0.08459857615147454
-0.08143891445937279
-0.07525232662558945
-0.06893295128460764
-0.05466820723185589
-0.03380077416269772
-0.011848342438027903
0.021577209068044056
-0.008217146686263999
-0.025227758740731188
-0.038360385574777334
-0.045049558729461925
-0.07348561945044585
-0.09209762844489572
-0.09369047836982414
-0.07649652512664046
-0.059341787441491656
-0.041707445887904315
-0.025251708770529624
-0.01172300703280671
0.004835880245787738
-0.03853018487387799
-0.06210896283103484
-0.07453870636618709
-0.08834749618832888
-0.09330245676450188
-0.08894196785550113
-0.06843209842233833
-0.08106777335959936
-0.07946358641080153
-0.043027931412082165
-0.02490945926364857
-0.04675705479711739
-0.06607785151455392
-0.0722715542603593
-0.07800425003110695
-0.10682818323355481
-0.09868281339840135
-0.0790073090970766
-0.08915268802661802
-0.08804952182032105
-0.06259292639951425
-0.029507445090167284
-0.03545082370983388
-0.029003260559928412
-0.05175062554587806
-0.08159176209724794
-0.0859284446170675
-0.08331256166949808
-0.07407429913203878
-0.0643789426410154
-0.07956825543496032
-0.08834394046174404
-0.07816269769040263
-0.0540058273287119
-0.028491672771411958
-0.009705806223234692
-0.004473622468701199
-0.03526652244747264
-0.03709345360627031
-0.05424716443829869
-0.06398423298394906
-0.06316598442308685
-0.06804060880590612
-0.07159296414084332
-0.05077712759686265
-0.02691103635428954
-0.01088073461759953
-0.023837794169119575
-0.029427802434717987
-0.054434283751702395
-0.07407282142696381
-0.07779900228698983
-0.07596530263105822
-0.06847442097773992
-0.06915346644880227
-0.0695684446067733
-0.05345080946385322
-0.04292474290659781
-0.07913461980624908
-0.09974844779961206
-0.09706618545482038
-0.08793144008303572
-0.0863529059889957
-0.09020348560300429
-0.08156277963476755
-0.08382889271845606
-0.08553112137137264
-0.04073658792459178
-0.02269640355081204
-0.012126593609640135
0.002602682570557846
-0.015972828120593363
-0.027447736914985144
-0.056339681189929325
-0.06862421235077742
-0.05049617375821003
-0.0586037234689426
-0.06723994388233406
-0.08390272019191292
-0.10074003610952165
-0.0860606573976132
-0.05002707881736851
-0.02657869317758005
-0.002665558600296769
-0.01875836429966704
-0.0335904934263459
-0.0617516103207566
-0.07674442465664116
-0.08572734712232255
-0.06537065285270072
-0.054090956057408046
-0.05288184877990204
-0.038182957404297835
-0.029009246455035054
-0.008159999231314996
-0.019391072144261
-0.015110377127487473
-0.00979362965876801
-0.00786780907833834
0.007157338767282528
-0.01806285632516691
-0.027504364517135116
-0.05476637028645026
-0.05770411272111886
-0.07947211536563731
-0.08172947949966186
-0.07997129345717424
-0.07864782947460092
-0.06289781897480207
-0.04052412859319776
-0.01574605363405751
-0.004777754748678309
0.0015915079884681882
-0.008599968462189078
-0.03150191532596042
-0.05386422514427086
-0.05706166474777069
-0.07332251384211153
-0.08903685563087188
-0.08070267345485416
-0.08564704323789618
-0.07516179536698536
-0.056165970350466554
-0.018348231486391864
-0.004901678424222289
0.01793194553141364
0.03487394981602443
0.014408809590687577
-0.0036640665529965033
-0.009989047870776036
-0.02027918135271828
-0.035708529002420275
-0.03973324240865361
-0.03869140131204546
-0.04609199408000131
-0.06328260636421085
-0.0632159490432534
-0.06512501607597876
-0.06976951043906615
-0.042231132059013354
-0.044122605857352726
-0.06978293831517685
-0.06820179783947583
-0.09123079019549896
-0.0748165263024832
-0.06312228692232008
-0.05172547354434942
-0.04942355664816078
-0.0458532700759281
-0.02990872465143668
-0.04047681892505128
-0.0497040208694694
-0.07705499172715141
-0.08157401774366552
-0.08624960623559158
-0.09791833640711556
-0.10658017955492538
-0.09563332402864405
-0.07339714721276347
-0.07359576919885519
-0.07094243549634716
-0.04242446153373386
-0.0037029677988194565
-0.020676284213200502
-0.027297727142084116
-0.03440028227549108
-0.032526350136269366
-0.049312567302727595
-0.07278866120653993
-0.06069140083719565
-0.0792098030066043
-0.09151295283386168
-0.09414221123870553
-0.08390790968872724
-0.035402752238555546
0.005768562619525408
0.03173187139452016
0.03739482876304645
-0.0267783388957038
-0.019085963909044046
-0.024653430363370255
-0.031616599655923894
-0.05227929915578561
-0.06185035483337298
-0.09045064538691183
-0.10548211870909752
-0.09987814837822767
-0.07959182388641584
-0.06476865138737425
-0.044360949739589595
-0.0036622315179639653
0.022843372375667803
0.010224095884900919
-0.001631556270819956
-0.009983905376921398
0.0026669472602951494
-0.0030306568749508545
-0.031447071940467974
-0.053897155784470574
-0.0723753434793929
-0.07633765632350303
-0.08293846760012086
-0.09328468446721572
-0.0711932825967313
-0.026463531203160917
-0.01333127653916566
0.012295553341435395
-0.0498780493247134
-0.050224306813117736
0.004763293982663508
-0.0479749716400259
-0.02084061912669516
-0.04285432337515688
-0.019229727022452348
-0.008581406359619403
-0.04032676488218301
-0.011698823376597722
-0.03938831638166662
-0.032909137180442194
0.023176229925673697
0.007187971886892797
-0.06322688763477141
0.017348719361625298
-0.035450733653970556
-0.007135762923360989
0.004553211053270556
-0.049061121494602844
-0.05727910852091439
-0.02389253390642182
-0.002248989417116376
-0.04205209451978176
-0.07703861237577209
-0.0632776244690928
-0.060039402540402076
-0.014366404301587754
-0.019229727022452348
0.045736074657553916
0.0329527347797709
-0.07629567809737697
-0.03721656395393802
0.0006715374828332177
-0.050573583148922296
-0.006021540283837834
-0.04920334938592852
-0.03651865425912976
0.034547559363854896
0.014989312622036954
-0.04917105237246122
-0.048019337423403585
-0.06322688763477141
0.006394236837493628
-0.060039402540402076
-0.03001455868810643
-0.05347946676742377
-0.04879722761944416
0.005876222681054144
0.045736074657553916
