Model: IForest
Dataset 22: wine.mat
Time taken: 0.10902857780456543 seg.
Accuracy: 0.2
@scores
-0.02906077255758116
-0.0051574924102229525
-0.05530839959364531
0.007620925829713299
-0.013428939069726864
-0.04089128193112046
-0.009689136978974222
-0.07335680608941642
0.014629758139601212
-0.018630536952164878
0.01784375242027325
-0.03873820673039874
-0.06148373806625518
-0.06961861280611609
-0.04795640959921016
-0.05794704321951205
-0.08060519439090003
0.012392187816217759
-0.06490832439410499
-0.03545092128143035
0.011555544616412061
-0.07487770751636325
-0.023231981959935644
-0.08498053654327609
0.030353260989928743
-0.04291693790423512
-0.048997298867810735
-0.03538245021695102
-0.08358621258005755
-0.01078930504641501
-0.056154171553555066
-0.052323959795582076
-0.09797326870150891
-0.0593190814599433
-0.06911225592225345
-0.05078385194715768
-0.09609565558384653
-0.09137334767914557
-0.05553189002214026
-0.09485653947077183
-0.06635702445721242
-0.09577085094904125
-0.08716441457132351
-0.07995051949313958
-0.06547297761458581
-0.05585545817839499
0.005152198969659683
-0.035411713428699254
-0.08423458885188462
-0.023536427279579497
-0.02227845490304048
-0.069121486315459
-0.10346616950701693
-0.09247780725780569
-0.0936210219900867
-0.10158422582451043
-0.051188583083570494
-0.10510104944090864
-0.10706224259321762
-0.09187943771388851
-0.053447172847252256
0.02609364385192059
-0.08166693783586115
-0.031010951681030907
-0.06395723315469176
-0.08801873709546798
-0.007643706745920076
-0.09339125289596889
-0.09014292452868616
-0.0382308010582626
-0.07308405231576293
-0.0717313316405438
0.08869818623812553
-0.030841302356290456
-0.035132479002626116
-0.0018182755699996944
-0.0876511627531571
-0.07335829458448834
-0.026697930083598553
-0.08548798200039542
-0.08687957327881396
-0.05112144430607912
-0.08477153704995183
-0.0755257542354632
-0.06646958141501885
-0.04539558442065711
-0.07140264903939747
-0.0447767758002523
-0.025814669122008693
-0.06905189485424568
-0.061012124705581317
-0.07892580574996522
-0.07551257047128718
-0.05741095167907723
-0.07864290281573566
-0.05375976786814318
-0.07635516312938967
0.004015345229376854
-0.07627592167933223
-0.09658277340037574
-0.0768550017414607
-0.026818013577917355
-0.04245823863114323
-0.04423428353452008
-0.037849792929886106
-0.0697968927785983
-0.04778040345936391
-0.06430950984396339
-0.00976354539973423
0.03404978580660978
-0.026572630248035523
-0.06696691118093778
-0.06526283535288463
-0.07469733670743156
-0.09305303155769834
-0.07894636205250605
-0.07034568846064998
-0.0661175852060264
-0.08813176060769479
-0.07488366356631604
-0.03830969447550425
-0.07211695367842347
-0.053299797064007504
-0.06592260347611989
-0.04934850315692718
-0.09465887284720159
-0.048634281004938384
-0.04918136309776139
-0.02049152071733118
