Model: IForest
Dataset 21: wbc.mat
Time taken: 0.1293790340423584 seg.
Accuracy: 0.5238095238095238
@scores
-0.11407111590736335
-0.11240662098251691
-0.1021830240786939
-0.08999137645851096
-0.08290703111099434
-0.12108618171661906
-0.1094541232166587
-0.11067829588413064
-0.11650406713782302
-0.13215554085042924
-0.12106657678639465
-0.10068774613608933
-0.0542747359464576
-0.04387351787216448
-0.04850983463457542
-0.03898055626342334
-0.08634466677762903
-0.1173117603424842
0.07876733772494549
-0.12974804824373215
0.027850931429812764
-0.14009872131039652
-0.046902965295596954
-0.14537200546286477
-0.09659208829538496
-0.06787098826839205
-0.13108461949982864
-0.12006597957668019
-0.05079441869314966
-0.1056460886403755
-0.06209935229921565
-0.13332465041414593
-0.11602123102869849
-0.06472439159224952
-0.13198000293053003
-0.0075223624058680105
-0.11426834416832438
-0.10782588938397791
-0.11335829886702203
-0.11778288555491867
-0.1115922771569498
-0.10398143249086972
-0.09150991830720628
-0.0789818568585165
0.052554484771915266
-0.09305400009145343
-0.0617932671195745
-0.1300900185809989
-0.0026523685388638585
-0.09325524667385943
-0.0834614324392427
-0.0954210280178544
-0.11463070102953138
-0.0490776177185378
-0.11412365318595946
-0.0789108573520147
-0.06483460272023894
-0.12698926773895064
-0.08387889802315451
-0.07911477105583564
-0.13457255454989586
-0.13007489501453418
-0.10803736633399602
-0.07053517741706289
-0.05680494287946969
-0.1011520683705277
-0.11475471864149184
-0.08490307750772363
0.02627890780436526
0.13606431579824407
-0.11884965702722772
-0.10461654961857897
-0.13440462849075835
-0.0015791711364160355
-0.13490859939884908
-0.1126927446656113
-0.07759347128477895
-0.11508867313281834
-0.08183442280812137
-0.06753182205565422
-0.09902491507254313
-0.12788948801987116
-0.0789068421118087
-0.08408474102891267
-0.06877830886579928
0.008983051808244102
-0.03735922983701806
-0.09680828985430762
-0.08318646503613258
-0.08902907798645554
-0.13032042660277388
-0.11153031690784226
-0.12144788538516105
-0.03024891634939303
0.009508981786743198
-0.13061498165820978
-0.12491533005597394
-0.12470674193596065
-0.11171159039539053
-0.06762396078256278
-0.04227633384232826
-0.1375167007910007
-0.10201890869201652
-0.0897753412577093
-0.09476794136834849
-0.11038212848015655
-0.11773763602125964
-0.12743689957803783
-0.06885278693802371
-0.1273439507328195
-0.08435784233638083
-0.10195167348381695
-0.05674933857947828
-0.06212812125149253
-0.09741679188550717
-0.1090297216431213
-0.032922858543366684
-0.127307107952482
-0.10402148370951242
-0.025381366639717795
-0.08858109676998482
-0.079308980539879
-0.09932605895106139
-0.009723961415721849
-0.10625761411618606
-0.13787572051683034
-0.12122119318725372
-0.09830556368625876
-0.10856487208907611
-0.12231537481553373
-0.09646780297135515
-0.060293722646103776
-0.12712307833650632
-0.09247340844642915
-0.024977260570081983
-0.10594133484877705
-0.10681091858904745
-0.12359989540520727
-0.08222165993754899
-0.08096108524530599
-0.11737488046063171
-0.09372629846011021
-0.08743025893683021
0.0040526393161219865
-0.10748402597993356
0.06906093590259288
-0.10074010912370113
-0.12013331966063079
-0.13179864789988605
-0.12221790725648879
-0.12406235486856765
-0.09052713301757215
-0.09055420491879118
-0.10040177618599577
-0.12369806192137034
-0.09889370294605604
-0.12304643141285354
-0.07986797606033402
-0.11625221295518201
-0.05957504301099942
-0.06615372300220679
-0.09124148071983945
-0.10902134329743918
-0.07451585653747861
-0.12319853416655774
-0.06980319369887555
0.011890640161475674
-0.07677265452245513
-0.10533324440416719
0.014254629638069116
-0.0697559314927072
-0.09140133662199201
-0.11905958494739005
-0.1321168803501898
-0.14027892762377425
-0.09928497748032966
-0.10668467249460478
-0.10803657956816631
-0.0718460344459173
-0.12224036390908816
-0.12450632383985627
-0.09950649237035969
-0.12827571635195067
-0.09010950764691
-0.06773058525627235
-0.10815311428420904
-0.12301632882096841
-0.05682955566330977
-0.13332025401915165
-0.08604140602650312
-0.1317156600961859
-0.09461262593170078
-0.12071977095028985
-0.07860054619560591
-0.08974842800670513
-0.09807849063673152
-0.12549930429897788
-0.067420266202881
-0.10687269981072167
-0.08403914675524454
-0.12094116991237347
-0.14241585194137568
-0.05451885808309348
-0.12901628098665668
-0.13175693591755605
-0.08767718664036867
-0.12207308101702996
-0.07123882359328432
0.042072566999651895
-0.09447947512782195
-0.10875293089824595
-0.09518394076077219
-0.11051458914518653
-0.039232502387188284
-0.10693899997385864
-0.12411692050031409
-0.11850946958879094
-0.10073097082182625
-0.044606729787869004
-0.11775601057928903
-0.03621939939344665
-0.12995041146577646
-0.11674024156541168
-0.1072382621071678
-0.10214715986071193
-0.11107016887422605
-0.1394943269533721
-0.11767313527738688
-0.09122347102676659
-0.12166833238573116
-0.1042616623267068
-0.12211327315121623
-0.07004827592793889
-0.07378044127176203
-0.11598439012595724
-0.112015504891125
-0.1272864210972246
-0.052682250704261246
-0.06900651528170687
-0.12233839638973548
-0.056689466589611104
-0.12635023259034978
-0.12363312360551043
-0.11686774347015666
-0.03222726249293739
-0.11929724702679328
-0.09415120698876761
-0.04029854762466972
-0.0941435672765093
-0.11037875889551729
-0.11912722869924686
-0.11016095498757938
-0.11873110180057095
-0.10635078430144257
-0.1158943018205203
-0.11792748184032192
-0.12074728317359545
-0.11791366297883138
-0.11200831619501389
-0.0708660220697312
-0.08372970829985088
-0.07764169823966632
-0.11004383795872846
-0.1071017760673606
-0.09810597454986131
-0.05945546870491608
-0.10067750892819283
-0.09865457419378937
-0.1208800329593619
-0.07439818075714916
-0.07785642601237924
-0.1122045849973502
-0.10729703631636428
-0.07878830949267779
-0.09316678370498449
-0.12581351026108456
-0.11336360969298276
-0.03646643495361346
-0.10273479098024108
-0.10720805663225341
-0.05946443516651145
-0.10823486347926209
-0.05848095424417388
-0.06709073855566783
-0.013416182267755428
-0.08462416786736093
-0.11191322237012408
-0.10068994206492632
-0.10050229244370629
-0.12308958434328177
-0.13097989271229987
-0.10151693450170785
-0.10597064096653791
-0.12739593375350938
-0.032508794694671994
-0.006926378972121394
-0.0809805923416323
-0.13386409174246744
-0.11309121036293512
0.04121438974160785
-0.09783271657327042
-0.115094579333959
-0.09736884866138473
-0.09248948246775052
-0.12217735607782526
-0.0644606868531094
-0.11676064710515865
0.01653279956379239
0.03048588546544595
-0.08738631544742492
-0.07703018626669711
-0.061785667486286666
-0.08901075434978983
-0.08973804752545156
-0.09092896472396966
-0.13124492935486232
-0.08383920317443633
-0.12474141100251096
-0.019580620032522755
-0.10050404068242696
-0.12326626323743495
-0.10140876576955399
-0.07201805715033982
-0.10514039027624705
-0.09302732453902401
-0.019107889438014225
-0.1277231406878369
-0.11498706378874152
-0.11124103266946334
-0.11008283276730774
-0.103368362295988
-0.043564256637427023
-0.01565707701907698
0.002959057765290485
-0.10733688305398126
-0.0647311550778894
-0.0954271957633614
-0.09980627296891553
-0.11617321519172763
-0.1211549319948555
-0.12228568570297299
-0.09010894399876868
-0.11192763098176994
-0.0847680319906976
-0.07933613872798678
-0.09599766936006399
-0.09963173378218315
-0.07203300411890234
-0.09934565353798319
-0.06819421181281515
-0.09935096646963654
-0.018574750546939578
-0.07401037592564502
-0.06096456602294392
-0.08661998206914684
-0.0004514834047945615
-0.02341911229985022
-0.06198136440493873
0.12070705052994612
-0.006092780899893069
0.06033937284900781
0.06500643359762992
0.08582302730494173
0.004621721844447979
0.1405203021875665
-0.05070764213535184
0.09693848607387012
0.0155631233955833
0.09907701841983874
-0.0616675465208994
0.04674353493456218
-0.02433801358659332
0.07161852266011282
0.011828463005989165
-0.06198136440493873
0.19820833390785253
0.14323310355643548
-0.008962318889242815
