Model: KNN
Dataset 12: optdigits.mat
Time taken: 2.389191150665283 seg.
Accuracy: 0.03333333333333333
@scores
18.788294228055936
25.942243542145693
17.916472867168917
18.303005217723125
23.0
14.933184523068078
17.776388834631177
21.817424229271428
26.570660511172846
15.0996688705415
19.078784028338912
18.16590212458495
17.663521732655695
19.849433241279208
18.547236990991408
20.199009876724155
20.952326839756964
22.891046284519195
15.362291495737216
15.556349186104045
20.149441679609886
20.615528128088304
21.095023109728988
16.34013463836819
24.758836806279895
23.130067012440755
19.1049731745428
22.135943621178654
18.681541692269406
24.124676163629637
15.165750888103101
20.8806130178211
25.25866188063018
24.839484696748443
18.0
18.411952639521967
15.427248620541512
14.352700094407323
22.693611435820433
16.34013463836819
19.209372712298546
26.40075756488817
16.186414056238647
24.939927826679853
23.769728648009426
19.05255888325765
26.324893162176366
26.589471600616662
15.684387141358123
24.879710609249457
14.89966442575134
19.364916731037084
17.944358444926362
20.223748416156685
18.0
17.378147196982766
17.291616465790582
13.379088160259652
14.212670403551895
16.76305461424021
19.72308292331602
25.514701644346147
14.071247279470288
19.8997487421324
19.131126469708992
22.24859546128699
28.548204847240395
18.138357147217054
30.659419433511783
19.44222209522358
15.716233645501712
13.638181696985855
19.131126469708992
17.74823934929885
17.291616465790582
22.759613353482084
27.202941017470888
14.798648586948742
18.65475810617763
17.175564037317667
18.627936010197157
22.494443758403985
17.60681686165901
17.233687939614086
18.57417562100671
23.130067012440755
17.175564037317667
20.904544960366874
14.798648586948742
17.86057109949175
16.703293088490067
24.06241883103193
18.466185312619388
21.0
18.24828759089466
15.0
22.293496809607955
17.916472867168917
20.663978319771825
16.06237840420901
17.146428199482248
23.811761799581316
19.697715603592208
24.73863375370596
21.540659228538015
17.549928774784245
18.083141320025124
19.28730152198591
22.02271554554524
23.280893453645632
21.470910553583888
22.045407685048602
14.0
27.16615541441225
24.71841418861655
18.947295321496416
20.518284528683193
18.110770276274835
16.822603841260722
23.302360395462088
24.0
17.74823934929885
15.329709716755891
18.547236990991408
21.354156504062622
17.578395831246947
15.7797338380595
19.157244060668017
20.09975124224178
19.924858845171276
19.519221295943137
15.329709716755891
18.681541692269406
18.547236990991408
17.4928556845359
13.674794331177344
19.79898987322333
19.82422760159901
17.804493814764857
19.82422760159901
14.212670403551895
17.832554500127006
23.93741840717165
17.578395831246947
22.40535650240808
17.60681686165901
20.518284528683193
13.820274961085254
15.652475842498529
17.944358444926362
21.166010488516726
17.86057109949175
24.839484696748443
22.293496809607955
19.390719429665317
16.673332000533065
16.217274740226856
16.61324772583615
18.708286933869708
19.28730152198591
18.384776310850235
15.620499351813308
17.029386365926403
17.578395831246947
18.788294228055936
15.84297951775486
19.697715603592208
15.748015748023622
18.466185312619388
20.29778313018444
23.727621035409346
21.071307505705477
18.681541692269406
22.67156809750927
13.0
13.601470508735444
15.0996688705415
22.24859546128699
16.97056274847714
15.491933384829668
17.378147196982766
21.95449840010015
20.445048300260872
20.92844953645635
22.737634001804146
16.881943016134134
16.73320053068151
24.310491562286437
15.811388300841896
18.33030277982336
16.3707055437449
21.97726097583591
19.544820285692065
22.045407685048602
13.674794331177344
16.73320053068151
18.681541692269406
17.72004514666935
17.4928556845359
14.89966442575134
22.360679774997898
20.024984394500787
21.236760581595302
14.7648230602334
18.57417562100671
16.431676725154983
25.099800796022265
15.684387141358123
18.57417562100671
15.524174696260024
20.85665361461421
17.05872210923198
19.078784028338912
21.494185260204677
20.174241001832016
19.79898987322333
17.663521732655695
18.867962264113206
18.76166303929372
20.784609690826528
19.849433241279208
19.748417658131498
20.445048300260872
18.734993995195193
19.570385790780925
22.24859546128699
17.08800749063506
22.06807649071391
20.396078054371138
19.949937343260004
14.730919862656235
17.86057109949175
14.071247279470288
16.06237840420901
19.0
13.638181696985855
18.303005217723125
18.547236990991408
22.06807649071391
21.213203435596427
16.0312195418814
18.547236990991408
15.620499351813308
21.047565179849187
12.84523257866513
15.0996688705415
19.44222209522358
20.518284528683193
19.79898987322333
19.05255888325765
16.431676725154983
17.204650534085253
18.76166303929372
14.89966442575134
21.863211109075447
21.656407827707714
19.6468827043885
17.26267650163207
17.175564037317667
21.587033144922902
15.0
23.83275057562597
20.42057785666214
22.825424421026653
20.92844953645635
20.808652046684813
15.362291495737216
15.362291495737216
16.492422502470642
15.905973720586866
16.911534525287763
19.79898987322333
20.71231517720798
18.734993995195193
17.72004514666935
17.175564037317667
18.24828759089466
14.866068747318506
18.384776310850235
18.973665961010276
20.85665361461421
18.439088914585774
15.716233645501712
16.881943016134134
18.788294228055936
13.490737563232042
16.792855623746664
15.905973720586866
15.165750888103101
14.106735979665885
21.563858652847824
17.4928556845359
11.313708498984761
25.238858928247925
19.748417658131498
18.49324200890693
16.792855623746664
18.547236990991408
17.175564037317667
21.61018278497431
18.2208671582886
15.748015748023622
15.427248620541512
17.320508075688775
25.298221281347036
16.46207763315433
17.88854381999832
13.674794331177344
16.61324772583615
15.652475842498529
14.866068747318506
18.303005217723125
12.569805089976535
20.42057785666214
13.114877048604
21.517434791350013
14.730919862656235
19.6468827043885
13.45362404707371
18.681541692269406
17.86057109949175
15.716233645501712
12.767145334803704
18.110770276274835
18.788294228055936
18.734993995195193
21.702534414210707
17.776388834631177
18.708286933869708
17.320508075688775
15.874507866387544
19.28730152198591
18.439088914585774
19.6468827043885
16.278820596099706
19.8997487421324
20.46948949045872
18.411952639521967
19.44222209522358
16.15549442140351
22.825424421026653
21.6794833886788
15.556349186104045
17.69180601295413
20.024984394500787
16.431676725154983
15.874507866387544
17.944358444926362
15.748015748023622
21.354156504062622
21.37755832643195
21.72556098240043
18.33030277982336
21.517434791350013
24.20743687382041
18.65475810617763
16.34013463836819
16.55294535724685
20.049937655763422
21.587033144922902
21.42428528562855
23.08679276123039
17.74823934929885
19.595917942265423
17.175564037317667
15.165750888103101
16.522711641858304
25.079872407968907
17.146428199482248
19.924858845171276
18.0
17.349351572897472
24.677925358506133
18.303005217723125
18.920887928424502
23.323807579381203
20.42057785666214
23.0
28.827070610799147
17.635192088548397
19.261360284258224
16.0
20.566963801203133
19.697715603592208
16.15549442140351
18.083141320025124
24.454038521274967
16.46207763315433
24.515301344262525
15.556349186104045
21.118712081942874
16.76305461424021
17.349351572897472
22.15851980616034
19.364916731037084
18.384776310850235
17.88854381999832
24.331050121192877
22.15851980616034
19.924858845171276
21.79449471770337
19.6468827043885
18.05547008526779
18.193405398660254
15.968719422671311
18.867962264113206
17.578395831246947
18.35755975068582
16.278820596099706
16.0
21.118712081942874
18.520259177452136
17.320508075688775
20.149441679609886
23.473389188611005
15.394804318340652
15.0
20.024984394500787
13.74772708486752
16.792855623746664
16.1245154965971
16.34013463836819
22.737634001804146
18.439088914585774
18.0
18.439088914585774
15.264337522473747
20.83266665599966
18.083141320025124
16.522711641858304
25.612496949731394
20.784609690826528
25.632011235952593
20.273134932713294
17.663521732655695
16.522711641858304
17.72004514666935
22.045407685048602
21.95449840010015
15.620499351813308
19.849433241279208
24.819347291981714
14.966629547095765
18.601075237738275
19.339079605813716
20.493901531919196
20.54263858417414
19.595917942265423
15.905973720586866
22.978250586152114
14.317821063276353
28.948229652260256
17.663521732655695
20.688160865577203
19.339079605813716
24.08318915758459
19.235384061671343
22.38302928559939
19.949937343260004
20.591260281974
23.15167380558045
17.916472867168917
16.76305461424021
19.467922333931785
16.186414056238647
21.517434791350013
22.24859546128699
16.852299546352718
23.323807579381203
12.569805089976535
24.08318915758459
23.0
21.330729007701542
17.08800749063506
21.93171219946131
21.02379604162864
20.223748416156685
20.688160865577203
17.175564037317667
16.76305461424021
20.639767440550294
22.427661492005804
18.303005217723125
22.60530911091463
24.474476501040833
18.384776310850235
18.05547008526779
16.492422502470642
15.362291495737216
19.28730152198591
21.79449471770337
26.095976701399778
20.29778313018444
18.708286933869708
16.55294535724685
19.697715603592208
21.817424229271428
22.64950330581225
24.020824298928627
18.384776310850235
19.544820285692065
19.0
16.186414056238647
18.193405398660254
20.639767440550294
17.029386365926403
22.338307903688676
20.42057785666214
20.615528128088304
18.65475810617763
24.228082879171435
20.29778313018444
18.57417562100671
20.396078054371138
21.93171219946131
21.095023109728988
26.570660511172846
15.198684153570664
27.110883423451916
19.261360284258224
17.46424919657298
18.466185312619388
13.856406460551018
18.275666882497067
19.748417658131498
21.633307652783937
19.8997487421324
17.60681686165901
20.808652046684813
22.956480566497994
21.2602916254693
21.071307505705477
21.2602916254693
19.949937343260004
14.832396974191326
18.2208671582886
25.298221281347036
23.280893453645632
19.849433241279208
15.362291495737216
18.24828759089466
20.12461179749811
25.39685019840059
23.643180835073778
22.045407685048602
22.693611435820433
20.71231517720798
15.652475842498529
14.45683229480096
17.74823934929885
17.204650534085253
19.261360284258224
17.4928556845359
17.60681686165901
18.894443627691185
21.213203435596427
12.68857754044952
21.330729007701542
18.384776310850235
24.55605831561735
14.45683229480096
16.522711641858304
23.600847442411894
19.87460691435179
21.470910553583888
22.627416997969522
25.019992006393608
16.881943016134134
23.916521486202797
25.942243542145693
15.968719422671311
18.734993995195193
18.303005217723125
20.0
25.612496949731394
24.24871130596428
18.973665961010276
19.44222209522358
22.538855339169288
20.199009876724155
21.702534414210707
17.86057109949175
19.79898987322333
17.88854381999832
19.44222209522358
21.470910553583888
13.152946437965905
17.46424919657298
17.52141546793523
17.663521732655695
14.933184523068078
19.339079605813716
20.688160865577203
19.157244060668017
19.6468827043885
14.832396974191326
17.804493814764857
22.271057451320086
17.233687939614086
15.748015748023622
19.6468827043885
19.209372712298546
26.115129714401192
20.199009876724155
14.491376746189438
26.888659319497503
19.79898987322333
20.566963801203133
19.595917942265423
28.372521918222215
19.77371993328519
15.7797338380595
22.693611435820433
21.748563170931547
20.248456731316587
16.401219466856727
18.788294228055936
21.61018278497431
22.24859546128699
23.979157616563597
23.280893453645632
19.44222209522358
16.64331697709324
18.973665961010276
18.920887928424502
20.12461179749811
16.852299546352718
18.894443627691185
23.664319132398465
16.703293088490067
20.71231517720798
17.11724276862369
16.64331697709324
17.291616465790582
19.078784028338912
17.69180601295413
15.165750888103101
21.42428528562855
13.228756555322953
15.0
18.24828759089466
17.72004514666935
17.944358444926362
17.175564037317667
23.748684174075834
21.748563170931547
20.396078054371138
21.863211109075447
23.40939982143925
20.322401432901575
19.519221295943137
17.635192088548397
16.852299546352718
18.083141320025124
18.547236990991408
21.494185260204677
23.323807579381203
17.804493814764857
18.627936010197157
22.47220505424423
18.65475810617763
20.566963801203133
21.307275752662516
17.233687939614086
18.303005217723125
11.789826122551595
21.307275752662516
19.44222209522358
17.86057109949175
21.540659228538015
23.065125189341593
21.307275752662516
18.920887928424502
15.684387141358123
22.360679774997898
14.933184523068078
20.29778313018444
17.233687939614086
21.748563170931547
28.19574435974337
24.124676163629637
20.024984394500787
16.55294535724685
23.895606290697042
18.57417562100671
16.431676725154983
18.867962264113206
16.0312195418814
17.378147196982766
19.157244060668017
25.238858928247925
18.16590212458495
25.179356624028344
19.28730152198591
20.42057785666214
21.0
23.2379000772445
19.313207915827967
10.295630140987
17.46424919657298
22.80350850198276
23.2163735324878
20.445048300260872
20.223748416156685
15.556349186104045
26.981475126464083
16.881943016134134
18.65475810617763
16.24807680927192
15.165750888103101
20.0
19.131126469708992
27.730849247724095
16.15549442140351
25.37715508089904
25.357444666211933
14.45683229480096
15.84297951775486
15.033296378372908
19.672315572906
15.716233645501712
17.291616465790582
16.186414056238647
24.0
23.194827009486403
20.83266665599966
24.351591323771842
20.493901531919196
18.05547008526779
21.633307652783937
27.784887978899608
19.849433241279208
18.303005217723125
23.194827009486403
15.84297951775486
17.029386365926403
16.76305461424021
15.066519173319364
19.131126469708992
20.493901531919196
15.0996688705415
15.394804318340652
16.0312195418814
20.8806130178211
22.825424421026653
16.34013463836819
15.556349186104045
15.524174696260024
16.09347693943108
19.1049731745428
20.322401432901575
16.76305461424021
22.80350850198276
21.908902300206645
15.329709716755891
15.198684153570664
21.656407827707714
25.13961017995307
18.76166303929372
21.540659228538015
13.341664064126334
21.2602916254693
17.578395831246947
19.974984355438178
19.519221295943137
23.021728866442675
16.15549442140351
17.60681686165901
20.049937655763422
16.30950643030009
17.029386365926403
19.390719429665317
16.1245154965971
16.278820596099706
18.681541692269406
18.76166303929372
15.905973720586866
16.401219466856727
16.24807680927192
20.615528128088304
13.74772708486752
17.146428199482248
16.3707055437449
23.45207879911715
22.60530911091463
19.849433241279208
11.61895003862225
20.174241001832016
21.283796653792763
18.65475810617763
17.349351572897472
16.792855623746664
15.329709716755891
20.223748416156685
18.24828759089466
16.431676725154983
16.673332000533065
17.72004514666935
16.0312195418814
18.303005217723125
21.02379604162864
27.09243436828813
19.157244060668017
21.095023109728988
18.920887928424502
20.591260281974
17.08800749063506
19.209372712298546
22.47220505424423
24.124676163629637
17.663521732655695
22.22611077089287
22.737634001804146
20.09975124224178
28.35489375751565
17.349351572897472
17.320508075688775
19.697715603592208
16.64331697709324
19.748417658131498
13.30413469565007
24.0
17.60681686165901
17.916472867168917
16.217274740226856
19.621416870348583
20.73644135332772
15.556349186104045
18.05547008526779
14.142135623730951
23.043437243605826
18.57417562100671
16.492422502470642
21.071307505705477
13.527749258468683
17.88854381999832
15.198684153570664
19.87460691435179
14.071247279470288
18.193405398660254
21.236760581595302
17.916472867168917
17.26267650163207
18.193405398660254
14.628738838327793
13.784048752090222
17.916472867168917
18.947295321496416
16.941074346097416
16.911534525287763
19.8997487421324
19.8997487421324
21.77154105707724
18.973665961010276
20.615528128088304
21.88606862823929
23.53720459187964
15.748015748023622
15.394804318340652
20.784609690826528
17.776388834631177
17.406895185529212
14.52583904633395
15.394804318340652
15.394804318340652
16.64331697709324
20.024984394500787
20.784609690826528
23.388031127053
23.515952032609693
20.71231517720798
14.317821063276353
16.15549442140351
13.490737563232042
16.76305461424021
19.28730152198591
19.183326093250876
17.05872210923198
18.920887928424502
18.384776310850235
16.15549442140351
17.69180601295413
15.84297951775486
14.52583904633395
13.638181696985855
13.114877048604
30.54504869860253
13.96424004376894
16.46207763315433
22.427661492005804
14.352700094407323
18.841443681416774
13.96424004376894
25.495097567963924
19.6468827043885
18.24828759089466
20.248456731316587
18.76166303929372
21.748563170931547
23.558437978779494
19.235384061671343
20.71231517720798
21.72556098240043
17.635192088548397
24.413111231467404
11.445523142259598
20.639767440550294
15.231546211727817
14.177446878757825
20.396078054371138
19.28730152198591
15.556349186104045
17.05872210923198
18.466185312619388
16.24807680927192
20.54263858417414
15.748015748023622
16.3707055437449
16.64331697709324
18.973665961010276
21.908902300206645
20.396078054371138
20.952326839756964
19.313207915827967
28.407745422683583
16.822603841260722
17.320508075688775
18.027756377319946
14.933184523068078
16.492422502470642
18.138357147217054
15.811388300841896
18.303005217723125
15.394804318340652
19.157244060668017
26.70205984563738
23.388031127053
13.784048752090222
20.73644135332772
19.77371993328519
17.08800749063506
22.516660498395403
12.767145334803704
18.193405398660254
22.737634001804146
26.362852652928137
11.313708498984761
17.029386365926403
19.849433241279208
16.46207763315433
19.77371993328519
15.459624833740307
22.494443758403985
26.589471600616662
23.45207879911715
25.0
18.520259177452136
22.978250586152114
14.035668847618199
23.259406699226016
23.2379000772445
25.942243542145693
22.80350850198276
18.734993995195193
20.8806130178211
15.0996688705415
24.515301344262525
22.494443758403985
18.411952639521967
16.46207763315433
11.224972160321824
23.194827009486403
24.71841418861655
19.8997487421324
17.029386365926403
15.329709716755891
20.223748416156685
20.074859899884732
18.734993995195193
27.331300737432898
19.697715603592208
19.157244060668017
16.06237840420901
13.638181696985855
13.19090595827292
15.297058540778355
21.447610589527216
24.413111231467404
10.677078252031311
22.293496809607955
28.635642126552707
20.591260281974
16.64331697709324
24.899799195977465
19.131126469708992
13.114877048604
23.643180835073778
15.905973720586866
18.35755975068582
16.24807680927192
12.569805089976535
33.58571124749333
16.73320053068151
14.2828568570857
18.466185312619388
18.708286933869708
27.055498516937366
25.709920264364882
13.490737563232042
21.071307505705477
15.264337522473747
23.600847442411894
18.303005217723125
19.467922333931785
14.0
16.06237840420901
20.46948949045872
22.22611077089287
17.72004514666935
21.071307505705477
13.784048752090222
10.954451150103322
20.322401432901575
21.540659228538015
18.33030277982336
17.804493814764857
21.563858652847824
15.132745950421556
23.706539182259394
22.781571499789035
19.72308292331602
16.76305461424021
25.612496949731394
24.596747752497688
20.92844953645635
15.0996688705415
33.823069050575526
26.476404589747453
19.8997487421324
29.34280150224242
30.033314835362415
27.386127875258307
22.11334438749598
15.905973720586866
15.811388300841896
17.11724276862369
15.491933384829668
22.293496809607955
15.231546211727817
14.832396974191326
26.13426869074396
17.60681686165901
14.071247279470288
18.110770276274835
19.748417658131498
16.3707055437449
22.06807649071391
18.0
16.61324772583615
19.77371993328519
20.346989949375804
19.77371993328519
21.656407827707714
22.293496809607955
19.339079605813716
18.05547008526779
15.297058540778355
18.275666882497067
17.46424919657298
21.863211109075447
16.941074346097416
19.026297590440446
22.22611077089287
14.696938456699069
22.38302928559939
20.396078054371138
26.40075756488817
17.72004514666935
27.073972741361768
15.620499351813308
13.674794331177344
19.078784028338912
14.352700094407323
24.331050121192877
19.672315572906
18.547236990991408
19.209372712298546
17.349351572897472
16.492422502470642
26.419689627245813
16.792855623746664
10.099504938362077
18.734993995195193
16.55294535724685
23.043437243605826
18.627936010197157
20.049937655763422
19.949937343260004
20.8806130178211
20.97617696340303
11.445523142259598
13.341664064126334
15.427248620541512
17.4928556845359
18.947295321496416
12.409673645990857
18.734993995195193
20.174241001832016
19.748417658131498
19.390719429665317
22.11334438749598
21.656407827707714
10.099504938362077
16.09347693943108
15.748015748023622
17.320508075688775
20.760539492026695
20.396078054371138
20.273134932713294
15.684387141358123
14.66287829861518
18.33030277982336
12.409673645990857
22.0
19.339079605813716
11.575836902790225
19.570385790780925
15.0996688705415
20.639767440550294
15.748015748023622
20.346989949375804
16.0
15.459624833740307
21.93171219946131
19.078784028338912
13.228756555322953
19.313207915827967
15.033296378372908
25.099800796022265
18.627936010197157
17.74823934929885
16.34013463836819
14.730919862656235
17.97220075561143
19.493588689617926
26.851443164195103
19.05255888325765
21.283796653792763
26.70205984563738
21.540659228538015
16.278820596099706
21.6794833886788
17.378147196982766
19.131126469708992
21.540659228538015
19.4164878389476
17.86057109949175
19.339079605813716
23.021728866442675
18.0
22.978250586152114
24.61706725018234
20.174241001832016
15.297058540778355
20.149441679609886
19.364916731037084
18.627936010197157
17.804493814764857
24.596747752497688
15.297058540778355
22.293496809607955
18.384776310850235
20.12461179749811
23.515952032609693
18.788294228055936
18.627936010197157
19.1049731745428
20.46948949045872
18.083141320025124
21.540659228538015
19.748417658131498
20.37154878746336
19.595917942265423
20.663978319771825
19.72308292331602
19.183326093250876
19.72308292331602
19.390719429665317
19.261360284258224
17.804493814764857
17.029386365926403
19.79898987322333
19.519221295943137
18.920887928424502
21.354156504062622
17.11724276862369
17.74823934929885
11.090536506409418
18.788294228055936
21.0
17.832554500127006
17.97220075561143
10.295630140987
22.181073012818835
22.315913604421397
18.841443681416774
19.183326093250876
21.6794833886788
16.401219466856727
19.570385790780925
14.696938456699069
18.547236990991408
19.697715603592208
20.808652046684813
20.09975124224178
18.275666882497067
13.96424004376894
16.0312195418814
15.491933384829668
14.66287829861518
15.524174696260024
16.911534525287763
13.114877048604
18.708286933869708
19.339079605813716
21.470910553583888
17.46424919657298
20.273134932713294
20.663978319771825
15.066519173319364
17.916472867168917
19.924858845171276
17.86057109949175
17.804493814764857
17.74823934929885
19.131126469708992
19.209372712298546
19.493588689617926
19.313207915827967
11.575836902790225
18.16590212458495
20.54263858417414
12.84523257866513
17.349351572897472
18.627936010197157
19.026297590440446
16.0
18.110770276274835
12.36931687685298
14.52583904633395
25.337718918639855
17.46424919657298
24.899799195977465
20.074859899884732
19.77371993328519
11.61895003862225
20.92844953645635
20.322401432901575
19.364916731037084
18.894443627691185
18.920887928424502
24.576411454889016
20.174241001832016
16.792855623746664
19.390719429665317
24.186773244895647
18.520259177452136
21.563858652847824
21.213203435596427
16.97056274847714
19.131126469708992
18.35755975068582
15.937377450509228
26.68332812825267
19.313207915827967
18.24828759089466
15.165750888103101
17.916472867168917
19.748417658131498
18.49324200890693
13.92838827718412
15.748015748023622
19.82422760159901
19.078784028338912
17.88854381999832
18.275666882497067
14.071247279470288
14.317821063276353
16.852299546352718
13.076696830622021
19.261360284258224
18.35755975068582
19.261360284258224
14.696938456699069
14.247806848775006
14.247806848775006
15.524174696260024
24.392621835300936
13.416407864998739
15.297058540778355
19.026297590440446
16.64331697709324
18.05547008526779
16.673332000533065
16.34013463836819
16.3707055437449
18.0
16.941074346097416
18.547236990991408
18.76166303929372
20.42057785666214
17.72004514666935
18.303005217723125
17.291616465790582
21.840329667841555
15.84297951775486
15.84297951775486
16.3707055437449
16.492422502470642
15.329709716755891
20.83266665599966
27.129319932501073
14.966629547095765
17.69180601295413
16.61324772583615
19.05255888325765
16.76305461424021
17.635192088548397
15.297058540778355
17.291616465790582
16.46207763315433
19.0
14.866068747318506
16.30950643030009
14.352700094407323
15.684387141358123
16.822603841260722
17.146428199482248
20.688160865577203
20.71231517720798
20.0
14.966629547095765
23.558437978779494
15.297058540778355
22.360679774997898
19.621416870348583
14.422205101855956
13.784048752090222
16.583123951777
20.199009876724155
17.291616465790582
15.329709716755891
14.317821063276353
16.15549442140351
17.320508075688775
17.69180601295413
16.73320053068151
17.378147196982766
16.822603841260722
15.198684153570664
23.021728866442675
16.34013463836819
17.291616465790582
19.157244060668017
15.459624833740307
16.278820596099706
14.352700094407323
14.422205101855956
18.2208671582886
13.96424004376894
19.131126469708992
21.071307505705477
20.049937655763422
13.527749258468683
19.544820285692065
16.703293088490067
16.492422502470642
21.0
19.1049731745428
17.52141546793523
20.09975124224178
18.083141320025124
19.493588689617926
17.291616465790582
13.96424004376894
20.273134932713294
19.8997487421324
17.05872210923198
24.413111231467404
22.561028345356956
20.97617696340303
20.663978319771825
16.0
19.621416870348583
19.748417658131498
15.811388300841896
20.37154878746336
31.0
26.343879744638983
26.19160170741759
21.72556098240043
17.549928774784245
20.223748416156685
20.0
15.7797338380595
18.49324200890693
22.045407685048602
23.15167380558045
18.65475810617763
22.271057451320086
18.2208671582886
17.776388834631177
16.822603841260722
20.518284528683193
20.566963801203133
26.77685567799177
28.861739379323623
20.8806130178211
26.19160170741759
24.372115213907882
17.635192088548397
21.517434791350013
28.319604517012593
30.495901363953813
24.535688292770594
23.748684174075834
15.0996688705415
10.392304845413264
17.46424919657298
23.68543856465402
21.540659228538015
19.235384061671343
12.68857754044952
26.68332812825267
14.422205101855956
32.0624390837628
19.183326093250876
26.40075756488817
20.29778313018444
18.24828759089466
19.1049731745428
23.916521486202797
23.280893453645632
24.351591323771842
25.729360660537214
23.811761799581316
18.411952639521967
17.88854381999832
17.320508075688775
16.64331697709324
25.553864678361276
20.396078054371138
13.45362404707371
18.303005217723125
17.776388834631177
21.0
20.591260281974
23.173260452512935
10.392304845413264
18.627936010197157
18.681541692269406
17.60681686165901
17.60681686165901
14.317821063276353
24.61706725018234
25.39685019840059
18.33030277982336
19.131126469708992
11.575836902790225
21.470910553583888
19.570385790780925
10.099504938362077
24.20743687382041
18.788294228055936
24.331050121192877
17.916472867168917
17.60681686165901
11.313708498984761
17.52141546793523
23.194827009486403
18.466185312619388
17.97220075561143
20.346989949375804
19.621416870348583
11.489125293076057
21.88606862823929
17.72004514666935
17.52141546793523
19.949937343260004
19.748417658131498
22.847319317591726
21.517434791350013
20.149441679609886
27.147743920996454
23.53720459187964
21.470910553583888
23.021728866442675
14.628738838327793
27.0
25.514701644346147
21.908902300206645
26.0
21.61018278497431
15.684387141358123
22.02271554554524
23.83275057562597
19.261360284258224
15.7797338380595
14.594519519326424
27.294688127912362
15.652475842498529
17.378147196982766
21.213203435596427
23.108440016582687
16.941074346097416
18.601075237738275
15.132745950421556
19.131126469708992
28.77498913987632
17.291616465790582
16.1245154965971
20.85665361461421
24.474476501040833
16.583123951777
19.72308292331602
16.401219466856727
16.186414056238647
25.317977802344327
16.881943016134134
16.278820596099706
20.396078054371138
18.947295321496416
15.198684153570664
21.863211109075447
21.447610589527216
23.15167380558045
18.708286933869708
26.19160170741759
21.18962010041709
17.74823934929885
24.124676163629637
16.583123951777
27.367864366808018
17.916472867168917
16.431676725154983
17.0
16.703293088490067
16.15549442140351
20.663978319771825
17.406895185529212
21.307275752662516
21.97726097583591
14.933184523068078
23.366642891095847
31.11269837220809
25.534290669607408
26.68332812825267
24.331050121192877
18.734993995195193
18.24828759089466
14.491376746189438
20.29778313018444
17.52141546793523
14.730919862656235
18.65475810617763
22.15851980616034
16.3707055437449
22.38302928559939
26.38181191654584
23.259406699226016
19.87460691435179
17.029386365926403
21.840329667841555
15.716233645501712
22.561028345356956
20.199009876724155
17.635192088548397
22.090722034374522
17.549928774784245
17.05872210923198
18.2208671582886
15.620499351813308
21.283796653792763
16.24807680927192
14.2828568570857
18.05547008526779
17.46424919657298
24.145392935299274
17.4928556845359
25.41653005427767
14.730919862656235
18.0
20.591260281974
17.97220075561143
16.941074346097416
19.82422760159901
15.198684153570664
14.247806848775006
19.1049731745428
20.445048300260872
18.439088914585774
17.26267650163207
19.183326093250876
17.4928556845359
25.099800796022265
15.459624833740307
20.273134932713294
19.697715603592208
19.131126469708992
21.540659228538015
21.2602916254693
15.937377450509228
25.03996805109783
21.166010488516726
16.73320053068151
17.320508075688775
22.315913604421397
21.095023109728988
23.2379000772445
14.832396974191326
22.9128784747792
18.708286933869708
19.05255888325765
24.145392935299274
19.44222209522358
25.573423705088842
21.61018278497431
15.588457268119896
20.396078054371138
19.078784028338912
23.515952032609693
23.0
19.697715603592208
23.57965224510319
23.130067012440755
15.0996688705415
21.400934559032695
20.92844953645635
22.135943621178654
18.49324200890693
16.15549442140351
14.628738838327793
12.68857754044952
23.979157616563597
15.033296378372908
21.142374511865974
14.933184523068078
22.22611077089287
13.856406460551018
26.570660511172846
22.715633383201094
19.544820285692065
21.517434791350013
18.16590212458495
19.4164878389476
16.881943016134134
20.149441679609886
16.0312195418814
15.394804318340652
24.331050121192877
21.095023109728988
17.204650534085253
23.979157616563597
15.198684153570664
19.0
15.132745950421556
17.08800749063506
14.035668847618199
17.029386365926403
20.42057785666214
15.297058540778355
20.049937655763422
18.0
15.84297951775486
18.35755975068582
15.198684153570664
20.904544960366874
18.681541692269406
15.905973720586866
18.138357147217054
13.638181696985855
17.549928774784245
20.71231517720798
18.275666882497067
22.38302928559939
18.083141320025124
18.601075237738275
16.0312195418814
17.832554500127006
17.776388834631177
21.283796653792763
15.84297951775486
17.291616465790582
15.231546211727817
18.384776310850235
17.435595774162696
22.271057451320086
17.4928556845359
18.681541692269406
17.08800749063506
18.57417562100671
14.422205101855956
13.152946437965905
18.57417562100671
16.3707055437449
15.0996688705415
19.544820285692065
14.628738838327793
18.734993995195193
17.029386365926403
14.66287829861518
16.06237840420901
17.05872210923198
20.493901531919196
18.681541692269406
20.42057785666214
14.177446878757825
19.82422760159901
14.491376746189438
17.0
14.798648586948742
19.621416870348583
20.42057785666214
17.69180601295413
19.77371993328519
19.183326093250876
18.681541692269406
14.66287829861518
18.16590212458495
17.4928556845359
16.0
21.166010488516726
14.352700094407323
19.949937343260004
16.06237840420901
22.271057451320086
21.494185260204677
20.199009876724155
22.181073012818835
16.911534525287763
22.93468988235943
26.962937525425527
22.64950330581225
15.716233645501712
16.30950643030009
15.968719422671311
14.352700094407323
15.937377450509228
15.84297951775486
16.583123951777
14.491376746189438
14.106735979665885
19.544820285692065
15.748015748023622
16.881943016134134
19.6468827043885
17.804493814764857
25.238858928247925
28.178005607210743
19.078784028338912
15.362291495737216
30.822070014844883
12.884098726725126
17.635192088548397
14.933184523068078
20.12461179749811
17.88854381999832
16.61324772583615
15.748015748023622
16.583123951777
18.138357147217054
27.910571473905726
14.730919862656235
14.38749456993816
17.378147196982766
18.547236990991408
18.411952639521967
24.020824298928627
24.61706725018234
20.663978319771825
17.74823934929885
20.09975124224178
13.856406460551018
16.06237840420901
16.822603841260722
15.0
20.149441679609886
20.12461179749811
14.66287829861518
18.920887928424502
22.759613353482084
20.346989949375804
15.362291495737216
14.730919862656235
14.317821063276353
18.81488772222678
16.881943016134134
22.11334438749598
16.822603841260722
26.153393661244042
24.73863375370596
20.074859899884732
16.73320053068151
14.730919862656235
26.019223662515376
22.869193252058544
17.435595774162696
13.784048752090222
23.108440016582687
18.920887928424502
17.944358444926362
24.372115213907882
15.968719422671311
24.515301344262525
20.615528128088304
24.576411454889016
18.947295321496416
20.024984394500787
22.67156809750927
22.271057451320086
21.494185260204677
19.131126469708992
13.74772708486752
20.322401432901575
21.93171219946131
19.570385790780925
20.566963801203133
17.233687939614086
26.019223662515376
19.364916731037084
17.029386365926403
24.73863375370596
20.248456731316587
20.12461179749811
16.73320053068151
16.881943016134134
20.808652046684813
14.52583904633395
15.937377450509228
22.360679774997898
21.400934559032695
21.37755832643195
16.822603841260722
15.620499351813308
17.97220075561143
22.93468988235943
16.73320053068151
31.654383582688826
16.217274740226856
20.42057785666214
14.696938456699069
23.280893453645632
15.491933384829668
23.53720459187964
17.804493814764857
19.672315572906
17.146428199482248
17.916472867168917
16.15549442140351
13.674794331177344
24.124676163629637
20.0
20.346989949375804
14.832396974191326
27.640549922170507
13.076696830622021
17.916472867168917
18.027756377319946
24.145392935299274
22.627416997969522
20.049937655763422
20.784609690826528
26.115129714401192
19.235384061671343
20.09975124224178
16.431676725154983
17.435595774162696
15.362291495737216
16.217274740226856
23.643180835073778
23.62202362203543
23.2163735324878
19.519221295943137
24.49489742783178
22.360679774997898
18.33030277982336
15.297058540778355
19.28730152198591
18.110770276274835
15.652475842498529
24.43358344574123
17.26267650163207
22.561028345356956
19.949937343260004
18.0
21.863211109075447
17.69180601295413
16.55294535724685
21.236760581595302
21.095023109728988
23.68543856465402
22.715633383201094
17.4928556845359
22.47220505424423
21.071307505705477
19.078784028338912
20.396078054371138
17.832554500127006
23.366642891095847
20.46948949045872
19.570385790780925
20.8806130178211
19.72308292331602
15.0996688705415
19.949937343260004
19.949937343260004
15.0996688705415
24.166091947189145
17.72004514666935
23.280893453645632
22.80350850198276
15.556349186104045
20.396078054371138
21.283796653792763
17.349351572897472
19.131126469708992
25.92296279363144
20.808652046684813
23.790754506740637
28.53068523537421
19.544820285692065
13.601470508735444
16.881943016134134
19.544820285692065
18.193405398660254
16.822603841260722
20.518284528683193
21.02379604162864
26.870057685088806
16.34013463836819
14.89966442575134
22.9128784747792
21.142374511865974
18.520259177452136
21.97726097583591
16.46207763315433
22.781571499789035
15.066519173319364
20.493901531919196
16.217274740226856
23.130067012440755
23.68543856465402
21.587033144922902
18.0
15.716233645501712
20.12461179749811
15.84297951775486
19.28730152198591
17.349351572897472
20.904544960366874
25.729360660537214
16.15549442140351
19.974984355438178
17.86057109949175
21.470910553583888
21.72556098240043
14.730919862656235
15.556349186104045
19.28730152198591
14.628738838327793
20.049937655763422
17.60681686165901
16.0
15.620499351813308
17.204650534085253
18.49324200890693
16.492422502470642
17.74823934929885
17.406895185529212
19.87460691435179
15.7797338380595
15.132745950421556
17.26267650163207
16.278820596099706
19.672315572906
14.352700094407323
15.84297951775486
16.911534525287763
21.142374511865974
19.6468827043885
20.518284528683193
18.973665961010276
17.233687939614086
18.2208671582886
17.05872210923198
17.349351572897472
15.0
15.905973720586866
18.24828759089466
16.34013463836819
15.874507866387544
20.518284528683193
16.852299546352718
20.639767440550294
15.459624833740307
14.071247279470288
19.078784028338912
14.52583904633395
21.142374511865974
21.354156504062622
21.047565179849187
19.467922333931785
16.431676725154983
16.09347693943108
20.248456731316587
16.76305461424021
18.65475810617763
18.384776310850235
17.378147196982766
16.278820596099706
18.57417562100671
15.132745950421556
16.09347693943108
20.8806130178211
15.264337522473747
15.066519173319364
18.734993995195193
16.97056274847714
16.911534525287763
21.0
19.235384061671343
19.697715603592208
19.748417658131498
23.043437243605826
21.447610589527216
21.95449840010015
20.952326839756964
20.493901531919196
23.600847442411894
19.82422760159901
15.264337522473747
20.518284528683193
21.6794833886788
20.808652046684813
20.73644135332772
16.76305461424021
18.65475810617763
16.34013463836819
17.46424919657298
18.894443627691185
16.792855623746664
21.470910553583888
21.283796653792763
23.021728866442675
20.97617696340303
18.2208671582886
16.401219466856727
16.881943016134134
17.74823934929885
23.430749027719962
21.6794833886788
25.099800796022265
18.973665961010276
22.627416997969522
20.322401432901575
27.54995462791182
26.057628441590765
14.89966442575134
18.193405398660254
22.24859546128699
22.891046284519195
25.709920264364882
24.71841418861655
20.73644135332772
17.635192088548397
21.047565179849187
20.024984394500787
20.199009876724155
17.349351572897472
27.440845468024488
15.937377450509228
19.261360284258224
22.20360331117452
20.688160865577203
23.043437243605826
20.074859899884732
21.817424229271428
20.174241001832016
18.734993995195193
19.697715603592208
14.352700094407323
17.320508075688775
15.588457268119896
14.628738838327793
21.330729007701542
15.748015748023622
15.362291495737216
15.684387141358123
15.165750888103101
13.96424004376894
13.527749258468683
14.491376746189438
17.204650534085253
15.556349186104045
22.0
17.97220075561143
13.30413469565007
15.427248620541512
16.431676725154983
14.0
20.46948949045872
17.46424919657298
16.09347693943108
17.349351572897472
19.078784028338912
19.849433241279208
21.166010488516726
16.852299546352718
18.0
21.400934559032695
16.1245154965971
16.34013463836819
16.09347693943108
17.05872210923198
17.349351572897472
21.166010488516726
16.34013463836819
11.874342087037917
16.61324772583615
21.071307505705477
14.52583904633395
20.92844953645635
18.973665961010276
16.64331697709324
19.078784028338912
15.588457268119896
17.26267650163207
15.7797338380595
16.30950643030009
14.730919862656235
16.15549442140351
15.556349186104045
16.431676725154983
14.247806848775006
19.0
14.177446878757825
15.459624833740307
15.968719422671311
15.716233645501712
15.905973720586866
24.677925358506133
16.583123951777
18.788294228055936
18.138357147217054
19.313207915827967
24.269322199023193
15.427248620541512
24.576411454889016
21.702534414210707
21.470910553583888
16.673332000533065
15.937377450509228
16.73320053068151
14.798648586948742
20.37154878746336
17.349351572897472
20.37154878746336
18.466185312619388
16.522711641858304
18.193405398660254
27.748873851023216
19.519221295943137
13.379088160259652
15.874507866387544
18.05547008526779
23.643180835073778
17.549928774784245
18.920887928424502
18.920887928424502
18.973665961010276
16.06237840420901
18.384776310850235
17.146428199482248
18.466185312619388
18.947295321496416
20.445048300260872
17.320508075688775
14.89966442575134
20.71231517720798
22.20360331117452
17.97220075561143
18.083141320025124
20.248456731316587
14.106735979665885
21.166010488516726
20.73644135332772
20.223748416156685
15.652475842498529
18.193405398660254
18.65475810617763
21.0
15.968719422671311
21.447610589527216
21.118712081942874
17.0
17.663521732655695
23.874672772626646
17.291616465790582
25.612496949731394
16.97056274847714
14.52583904633395
15.165750888103101
18.601075237738275
17.204650534085253
13.490737563232042
15.198684153570664
19.79898987322333
14.966629547095765
15.0
21.236760581595302
18.788294228055936
16.3707055437449
17.029386365926403
18.16590212458495
23.388031127053
19.339079605813716
18.681541692269406
19.467922333931785
19.570385790780925
19.261360284258224
22.360679774997898
18.33030277982336
26.77685567799177
15.033296378372908
16.76305461424021
14.52583904633395
15.811388300841896
17.11724276862369
18.16590212458495
15.362291495737216
19.8997487421324
15.297058540778355
17.233687939614086
18.35755975068582
18.601075237738275
17.86057109949175
17.11724276862369
15.0996688705415
16.911534525287763
15.874507866387544
20.445048300260872
18.35755975068582
18.466185312619388
25.298221281347036
14.560219778561036
15.7797338380595
17.832554500127006
21.2602916254693
19.44222209522358
17.52141546793523
17.46424919657298
18.973665961010276
19.519221295943137
17.146428199482248
16.61324772583615
21.330729007701542
18.384776310850235
20.83266665599966
22.64950330581225
22.9128784747792
16.492422502470642
17.944358444926362
25.337718918639855
16.61324772583615
17.804493814764857
19.261360284258224
17.86057109949175
15.84297951775486
21.330729007701542
21.0
19.026297590440446
12.96148139681572
14.696938456699069
16.24807680927192
22.24859546128699
23.93741840717165
15.394804318340652
17.11724276862369
26.758176320519304
12.0
22.781571499789035
15.556349186104045
15.297058540778355
15.0996688705415
15.811388300841896
20.396078054371138
20.199009876724155
20.322401432901575
22.516660498395403
17.72004514666935
16.06237840420901
22.20360331117452
19.4164878389476
25.96150997149434
17.46424919657298
20.784609690826528
17.69180601295413
17.378147196982766
17.05872210923198
18.083141320025124
17.146428199482248
17.204650534085253
20.784609690826528
21.283796653792763
19.261360284258224
20.518284528683193
17.97220075561143
16.792855623746664
20.074859899884732
23.302360395462088
19.467922333931785
17.74823934929885
17.349351572897472
16.24807680927192
17.08800749063506
15.620499351813308
16.522711641858304
18.547236990991408
14.696938456699069
19.390719429665317
15.491933384829668
16.0
21.02379604162864
21.071307505705477
20.0
12.083045973594572
25.278449319529077
18.708286933869708
15.394804318340652
16.1245154965971
19.849433241279208
12.727922061357855
19.364916731037084
15.459624833740307
14.247806848775006
15.231546211727817
26.362852652928137
18.110770276274835
18.81488772222678
13.341664064126334
16.34013463836819
15.7797338380595
20.493901531919196
16.278820596099706
18.681541692269406
15.811388300841896
13.74772708486752
21.2602916254693
14.594519519326424
17.86057109949175
18.275666882497067
13.45362404707371
15.0996688705415
18.466185312619388
20.322401432901575
16.15549442140351
16.881943016134134
14.035668847618199
19.544820285692065
19.313207915827967
24.61706725018234
17.88854381999832
16.76305461424021
20.42057785666214
15.524174696260024
35.94440151122286
16.822603841260722
23.345235059857504
21.2602916254693
24.1039415863879
18.466185312619388
16.73320053068151
16.64331697709324
18.384776310850235
19.4164878389476
20.024984394500787
23.727621035409346
17.46424919657298
25.317977802344327
27.820855486487112
18.138357147217054
24.474476501040833
15.937377450509228
18.57417562100671
20.37154878746336
18.303005217723125
21.02379604162864
25.238858928247925
18.947295321496416
19.672315572906
18.947295321496416
20.8806130178211
15.362291495737216
19.261360284258224
22.781571499789035
19.544820285692065
19.544820285692065
23.08679276123039
17.549928774784245
16.911534525287763
17.776388834631177
16.15549442140351
28.77498913987632
24.819347291981714
23.302360395462088
22.538855339169288
15.231546211727817
17.4928556845359
18.303005217723125
21.540659228538015
25.337718918639855
15.362291495737216
15.362291495737216
20.46948949045872
20.322401432901575
23.15167380558045
18.65475810617763
17.663521732655695
18.894443627691185
23.790754506740637
22.11334438749598
22.271057451320086
16.46207763315433
18.681541692269406
20.71231517720798
19.621416870348583
18.65475810617763
21.447610589527216
17.578395831246947
17.320508075688775
26.229754097208
15.905973720586866
23.108440016582687
18.384776310850235
19.05255888325765
15.459624833740307
23.430749027719962
16.97056274847714
22.80350850198276
26.49528259898354
15.132745950421556
19.570385790780925
15.459624833740307
15.165750888103101
14.52583904633395
12.569805089976535
14.594519519326424
19.313207915827967
13.892443989449804
23.021728866442675
21.047565179849187
23.194827009486403
16.911534525287763
16.3707055437449
20.97617696340303
24.839484696748443
23.15167380558045
18.788294228055936
24.63736998950984
13.674794331177344
18.275666882497067
24.819347291981714
23.643180835073778
23.173260452512935
16.61324772583615
24.779023386727733
14.832396974191326
25.219040425836983
26.362852652928137
16.822603841260722
17.944358444926362
22.847319317591726
15.588457268119896
22.38302928559939
20.273134932713294
24.041630560342615
23.40939982143925
20.223748416156685
22.978250586152114
16.431676725154983
17.52141546793523
21.748563170931547
23.664319132398465
19.621416870348583
15.0996688705415
18.867962264113206
19.364916731037084
24.124676163629637
15.620499351813308
20.688160865577203
16.822603841260722
22.93468988235943
20.493901531919196
16.431676725154983
25.099800796022265
18.027756377319946
19.209372712298546
14.628738838327793
18.384776310850235
20.760539492026695
20.248456731316587
22.737634001804146
15.716233645501712
19.87460691435179
17.320508075688775
12.165525060596439
18.275666882497067
25.65151067676132
19.949937343260004
21.354156504062622
25.495097567963924
16.24807680927192
23.323807579381203
13.379088160259652
21.42428528562855
18.384776310850235
12.884098726725126
14.696938456699069
17.88854381999832
18.05547008526779
19.595917942265423
19.79898987322333
20.808652046684813
16.278820596099706
25.059928172283335
25.748786379167466
20.248456731316587
19.313207915827967
16.64331697709324
15.748015748023622
17.944358444926362
16.881943016134134
16.852299546352718
14.071247279470288
16.822603841260722
19.621416870348583
23.45207879911715
23.874672772626646
17.175564037317667
17.26267650163207
18.193405398660254
17.635192088548397
18.083141320025124
25.11971337416094
20.445048300260872
21.633307652783937
18.76166303929372
20.248456731316587
17.88854381999832
18.33030277982336
18.708286933869708
16.492422502470642
23.021728866442675
21.236760581595302
16.881943016134134
15.066519173319364
21.118712081942874
18.439088914585774
16.09347693943108
15.033296378372908
15.0996688705415
17.944358444926362
19.595917942265423
15.231546211727817
15.394804318340652
17.804493814764857
21.0
17.378147196982766
17.663521732655695
19.6468827043885
17.635192088548397
20.904544960366874
16.522711641858304
19.078784028338912
15.556349186104045
18.411952639521967
20.174241001832016
19.6468827043885
17.233687939614086
18.65475810617763
18.601075237738275
15.620499351813308
17.291616465790582
17.944358444926362
22.360679774997898
15.198684153570664
16.76305461424021
14.7648230602334
14.142135623730951
24.535688292770594
17.349351572897472
19.0
17.46424919657298
15.874507866387544
23.790754506740637
16.431676725154983
19.493588689617926
15.198684153570664
16.186414056238647
18.411952639521967
16.217274740226856
21.307275752662516
14.832396974191326
15.874507866387544
18.303005217723125
17.291616465790582
19.313207915827967
18.65475810617763
18.973665961010276
20.09975124224178
15.362291495737216
22.561028345356956
20.049937655763422
15.329709716755891
20.0
15.7797338380595
18.138357147217054
20.566963801203133
28.687976575562104
17.804493814764857
19.0
17.944358444926362
25.92296279363144
15.84297951775486
16.911534525287763
19.6468827043885
17.549928774784245
19.974984355438178
26.70205984563738
21.61018278497431
16.06237840420901
16.06237840420901
19.924858845171276
17.86057109949175
19.026297590440446
20.396078054371138
23.259406699226016
22.64950330581225
16.0
16.822603841260722
17.804493814764857
20.46948949045872
15.066519173319364
18.05547008526779
17.69180601295413
20.396078054371138
19.974984355438178
16.64331697709324
19.621416870348583
15.033296378372908
15.905973720586866
16.73320053068151
22.427661492005804
17.832554500127006
18.35755975068582
17.832554500127006
19.44222209522358
14.832396974191326
19.697715603592208
16.431676725154983
19.28730152198591
19.72308292331602
18.138357147217054
21.633307652783937
20.174241001832016
16.24807680927192
14.071247279470288
27.184554438136374
16.522711641858304
16.97056274847714
16.46207763315433
21.748563170931547
18.083141320025124
16.09347693943108
17.320508075688775
17.46424919657298
15.066519173319364
15.0996688705415
17.635192088548397
26.019223662515376
18.681541692269406
15.297058540778355
19.595917942265423
17.406895185529212
18.193405398660254
22.60530911091463
21.61018278497431
21.142374511865974
18.627936010197157
19.209372712298546
20.566963801203133
16.583123951777
23.0
21.93171219946131
24.95996794869737
18.411952639521967
20.952326839756964
17.378147196982766
17.60681686165901
18.49324200890693
13.96424004376894
19.544820285692065
18.49324200890693
15.811388300841896
16.97056274847714
15.427248620541512
24.515301344262525
15.7797338380595
16.703293088490067
20.12461179749811
18.973665961010276
22.80350850198276
18.16590212458495
16.24807680927192
21.633307652783937
18.384776310850235
18.867962264113206
19.235384061671343
17.175564037317667
13.601470508735444
18.947295321496416
15.748015748023622
20.760539492026695
15.748015748023622
16.55294535724685
17.435595774162696
19.570385790780925
21.748563170931547
21.563858652847824
19.519221295943137
15.329709716755891
19.748417658131498
17.0
26.229754097208
13.379088160259652
18.0
15.0
17.635192088548397
21.540659228538015
23.08679276123039
14.866068747318506
19.078784028338912
17.08800749063506
15.874507866387544
19.4164878389476
18.867962264113206
19.77371993328519
15.874507866387544
25.592967784139454
17.52141546793523
22.494443758403985
19.79898987322333
16.522711641858304
16.97056274847714
18.57417562100671
16.522711641858304
20.396078054371138
13.527749258468683
19.131126469708992
22.60530911091463
21.6794833886788
19.72308292331602
19.05255888325765
17.60681686165901
16.46207763315433
14.177446878757825
14.422205101855956
13.341664064126334
22.38302928559939
17.916472867168917
19.595917942265423
21.213203435596427
17.549928774784245
24.186773244895647
22.360679774997898
19.849433241279208
21.540659228538015
18.601075237738275
19.697715603592208
15.716233645501712
17.776388834631177
18.681541692269406
28.142494558940577
18.894443627691185
22.956480566497994
15.556349186104045
18.193405398660254
18.411952639521967
20.518284528683193
20.248456731316587
18.920887928424502
19.313207915827967
17.05872210923198
17.291616465790582
19.390719429665317
20.663978319771825
13.856406460551018
22.67156809750927
18.520259177452136
23.473389188611005
14.212670403551895
15.684387141358123
10.295630140987
20.024984394500787
19.77371993328519
17.029386365926403
18.788294228055936
21.307275752662516
21.79449471770337
31.448370387032774
20.8806130178211
24.677925358506133
19.974984355438178
19.519221295943137
17.26267650163207
14.66287829861518
19.87460691435179
18.734993995195193
15.905973720586866
18.81488772222678
16.431676725154983
19.157244060668017
13.638181696985855
17.578395831246947
18.193405398660254
16.76305461424021
20.445048300260872
22.759613353482084
15.394804318340652
14.142135623730951
19.672315572906
17.60681686165901
19.1049731745428
11.532562594670797
17.74823934929885
15.684387141358123
16.522711641858304
13.674794331177344
21.330729007701542
20.29778313018444
21.42428528562855
14.177446878757825
23.769728648009426
16.673332000533065
18.520259177452136
19.544820285692065
21.633307652783937
18.520259177452136
20.71231517720798
11.357816691600547
22.715633383201094
18.110770276274835
18.193405398660254
22.22611077089287
18.81488772222678
14.7648230602334
20.591260281974
18.81488772222678
17.944358444926362
22.360679774997898
20.97617696340303
16.881943016134134
22.715633383201094
20.784609690826528
18.384776310850235
17.60681686165901
19.131126469708992
18.920887928424502
21.748563170931547
16.15549442140351
15.427248620541512
21.587033144922902
27.147743920996454
11.532562594670797
19.82422760159901
18.708286933869708
17.60681686165901
19.87460691435179
25.337718918639855
16.30950643030009
18.33030277982336
18.894443627691185
18.193405398660254
20.29778313018444
10.344080432788601
22.869193252058544
19.390719429665317
21.95449840010015
22.135943621178654
28.142494558940577
14.866068747318506
20.346989949375804
24.289915602982237
18.411952639521967
18.734993995195193
18.867962264113206
23.345235059857504
15.362291495737216
17.916472867168917
17.320508075688775
20.591260281974
15.748015748023622
16.15549442140351
22.627416997969522
13.076696830622021
20.149441679609886
16.401219466856727
23.194827009486403
18.2208671582886
21.95449840010015
15.7797338380595
18.841443681416774
21.540659228538015
21.071307505705477
19.8997487421324
23.958297101421877
24.839484696748443
20.784609690826528
20.09975124224178
23.748684174075834
27.60434748368452
19.4164878389476
24.55605831561735
23.194827009486403
19.621416870348583
21.283796653792763
19.493588689617926
20.566963801203133
20.223748416156685
15.748015748023622
17.291616465790582
22.045407685048602
15.588457268119896
15.264337522473747
20.074859899884732
16.703293088490067
17.60681686165901
20.445048300260872
22.135943621178654
18.16590212458495
22.24859546128699
18.973665961010276
17.233687939614086
17.146428199482248
21.42428528562855
21.354156504062622
22.24859546128699
16.492422502470642
26.457513110645905
11.0
22.47220505424423
21.42428528562855
26.1725046566048
13.74772708486752
16.0
15.033296378372908
27.258026340878022
20.049937655763422
21.470910553583888
19.078784028338912
20.493901531919196
20.074859899884732
16.822603841260722
14.966629547095765
15.297058540778355
15.620499351813308
13.674794331177344
21.166010488516726
15.066519173319364
19.28730152198591
16.278820596099706
16.492422502470642
19.570385790780925
16.97056274847714
17.549928774784245
15.0996688705415
18.973665961010276
13.74772708486752
16.522711641858304
19.390719429665317
20.8806130178211
20.92844953645635
17.549928774784245
22.93468988235943
12.68857754044952
20.396078054371138
16.76305461424021
20.074859899884732
14.52583904633395
14.106735979665885
15.524174696260024
19.974984355438178
17.291616465790582
17.0
19.924858845171276
15.937377450509228
17.86057109949175
18.439088914585774
17.74823934929885
15.329709716755891
15.905973720586866
14.352700094407323
20.29778313018444
17.349351572897472
19.390719429665317
14.106735979665885
20.591260281974
16.401219466856727
18.49324200890693
17.146428199482248
16.97056274847714
17.72004514666935
14.696938456699069
16.55294535724685
16.30950643030009
14.317821063276353
17.69180601295413
20.83266665599966
18.138357147217054
17.46424919657298
20.97617696340303
15.684387141358123
22.0
19.1049731745428
15.033296378372908
14.66287829861518
17.204650534085253
16.431676725154983
17.916472867168917
21.307275752662516
20.73644135332772
21.307275752662516
19.364916731037084
15.811388300841896
20.445048300260872
18.411952639521967
16.941074346097416
19.519221295943137
21.095023109728988
14.45683229480096
19.131126469708992
17.74823934929885
16.186414056238647
16.15549442140351
19.28730152198591
16.522711641858304
14.696938456699069
20.42057785666214
14.594519519326424
17.175564037317667
20.760539492026695
16.852299546352718
17.378147196982766
16.97056274847714
14.560219778561036
22.293496809607955
20.784609690826528
22.11334438749598
16.703293088490067
18.303005217723125
21.37755832643195
16.3707055437449
18.627936010197157
20.71231517720798
21.77154105707724
17.944358444926362
17.406895185529212
18.33030277982336
22.02271554554524
16.186414056238647
17.635192088548397
19.849433241279208
19.026297590440446
12.922847983320086
19.1049731745428
15.588457268119896
24.979991993593593
22.06807649071391
20.37154878746336
25.69046515733026
14.832396974191326
17.029386365926403
19.697715603592208
21.93171219946131
18.867962264113206
21.2602916254693
13.856406460551018
13.674794331177344
18.867962264113206
21.37755832643195
20.46948949045872
16.64331697709324
18.24828759089466
19.77371993328519
18.466185312619388
19.467922333931785
20.09975124224178
20.223748416156685
17.97220075561143
22.045407685048602
20.37154878746336
26.589471600616662
20.29778313018444
20.92844953645635
19.364916731037084
15.811388300841896
16.792855623746664
19.77371993328519
31.080540535840107
20.12461179749811
18.601075237738275
19.28730152198591
19.44222209522358
19.544820285692065
24.08318915758459
17.72004514666935
16.15549442140351
21.72556098240043
19.364916731037084
12.806248474865697
15.165750888103101
23.259406699226016
14.866068747318506
25.903667693977237
26.115129714401192
19.621416870348583
16.881943016134134
16.278820596099706
18.601075237738275
23.40939982143925
20.83266665599966
17.832554500127006
28.372521918222215
17.776388834631177
22.64950330581225
15.329709716755891
20.049937655763422
23.2163735324878
15.329709716755891
23.021728866442675
20.074859899884732
20.904544960366874
18.788294228055936
23.065125189341593
26.115129714401192
24.819347291981714
28.106938645110393
12.489995996796797
25.019992006393608
17.233687939614086
25.278449319529077
32.78719262151
22.978250586152114
23.68543856465402
24.1039415863879
17.72004514666935
17.549928774784245
21.095023109728988
19.72308292331602
19.078784028338912
21.93171219946131
24.779023386727733
19.77371993328519
26.664583251946766
22.516660498395403
22.693611435820433
22.737634001804146
18.411952639521967
21.142374511865974
25.059928172283335
22.759613353482084
19.672315572906
19.4164878389476
22.737634001804146
16.401219466856727
18.33030277982336
21.748563170931547
15.459624833740307
16.881943016134134
22.67156809750927
17.175564037317667
22.38302928559939
20.92844953645635
16.217274740226856
18.083141320025124
15.132745950421556
14.52583904633395
19.313207915827967
18.920887928424502
16.431676725154983
14.594519519326424
19.313207915827967
19.0
17.635192088548397
21.6794833886788
21.142374511865974
16.64331697709324
15.427248620541512
21.118712081942874
18.627936010197157
22.06807649071391
18.520259177452136
19.157244060668017
21.72556098240043
14.866068747318506
14.933184523068078
17.146428199482248
14.628738838327793
17.635192088548397
15.231546211727817
16.217274740226856
25.179356624028344
22.360679774997898
26.229754097208
16.73320053068151
20.85665361461421
17.776388834631177
18.49324200890693
19.209372712298546
21.2602916254693
18.110770276274835
26.343879744638983
16.06237840420901
17.0
18.76166303929372
18.083141320025124
18.2208671582886
15.491933384829668
20.445048300260872
22.80350850198276
22.759613353482084
17.320508075688775
25.92296279363144
18.33030277982336
18.81488772222678
19.8997487421324
17.97220075561143
17.72004514666935
28.827070610799147
23.345235059857504
20.09975124224178
22.494443758403985
23.108440016582687
17.60681686165901
20.97617696340303
21.400934559032695
17.86057109949175
17.804493814764857
20.024984394500787
24.413111231467404
26.92582403567252
25.436194683953808
24.698178070456937
19.87460691435179
19.621416870348583
25.534290669607408
18.734993995195193
23.45207879911715
22.135943621178654
29.154759474226502
22.737634001804146
21.93171219946131
20.92844953645635
19.672315572906
20.97617696340303
18.894443627691185
26.13426869074396
17.291616465790582
13.74772708486752
22.271057451320086
12.288205727444508
23.08679276123039
18.81488772222678
17.74823934929885
15.7797338380595
24.08318915758459
18.788294228055936
17.804493814764857
25.099800796022265
16.1245154965971
18.601075237738275
15.811388300841896
15.620499351813308
15.427248620541512
17.291616465790582
23.473389188611005
22.427661492005804
15.7797338380595
16.0
18.384776310850235
23.53720459187964
15.297058540778355
18.16590212458495
13.416407864998739
12.165525060596439
18.439088914585774
15.394804318340652
17.175564037317667
24.186773244895647
17.944358444926362
16.64331697709324
24.899799195977465
17.52141546793523
21.213203435596427
19.026297590440446
18.627936010197157
17.233687939614086
21.908902300206645
16.522711641858304
14.594519519326424
18.110770276274835
21.6794833886788
17.233687939614086
20.46948949045872
20.952326839756964
21.61018278497431
21.77154105707724
20.174241001832016
38.0
18.547236990991408
25.768197453450252
20.92844953645635
19.235384061671343
14.035668847618199
16.0312195418814
22.781571499789035
24.041630560342615
18.973665961010276
16.76305461424021
22.825424421026653
26.1725046566048
21.908902300206645
22.627416997969522
22.847319317591726
19.544820285692065
18.973665961010276
16.1245154965971
19.77371993328519
20.784609690826528
14.52583904633395
25.573423705088842
13.820274961085254
14.317821063276353
12.68857754044952
20.174241001832016
17.578395831246947
19.621416870348583
20.445048300260872
21.702534414210707
16.492422502470642
21.236760581595302
21.563858652847824
15.459624833740307
27.09243436828813
19.28730152198591
13.416407864998739
14.38749456993816
21.2602916254693
16.186414056238647
16.492422502470642
23.515952032609693
15.165750888103101
23.345235059857504
19.183326093250876
20.42057785666214
19.949937343260004
20.09975124224178
15.7797338380595
21.42428528562855
18.0
20.223748416156685
21.863211109075447
23.600847442411894
13.2664991614216
20.199009876724155
13.638181696985855
20.29778313018444
16.73320053068151
22.427661492005804
20.09975124224178
26.229754097208
19.72308292331602
14.2828568570857
19.28730152198591
14.89966442575134
16.401219466856727
15.905973720586866
15.491933384829668
19.364916731037084
19.493588689617926
15.427248620541512
15.7797338380595
19.949937343260004
20.273134932713294
19.261360284258224
20.346989949375804
16.822603841260722
18.788294228055936
17.578395831246947
18.384776310850235
14.832396974191326
17.578395831246947
15.7797338380595
18.708286933869708
18.788294228055936
11.958260743101398
16.852299546352718
16.46207763315433
18.275666882497067
18.110770276274835
19.519221295943137
14.966629547095765
13.638181696985855
16.401219466856727
25.80697580112788
12.84523257866513
18.76166303929372
16.911534525287763
14.866068747318506
22.38302928559939
12.083045973594572
16.673332000533065
18.35755975068582
14.89966442575134
16.76305461424021
24.95996794869737
14.422205101855956
20.615528128088304
14.38749456993816
19.974984355438178
15.491933384829668
26.0
18.601075237738275
20.346989949375804
14.38749456993816
14.247806848775006
16.792855623746664
16.278820596099706
17.11724276862369
19.924858845171276
16.1245154965971
20.0
16.911534525287763
15.362291495737216
14.866068747318506
15.7797338380595
26.758176320519304
22.293496809607955
21.587033144922902
21.330729007701542
16.1245154965971
21.02379604162864
15.905973720586866
22.22611077089287
16.852299546352718
20.952326839756964
16.881943016134134
16.15549442140351
17.05872210923198
21.307275752662516
20.149441679609886
18.841443681416774
17.435595774162696
18.303005217723125
14.0
17.406895185529212
24.454038521274967
24.819347291981714
18.867962264113206
22.978250586152114
27.294688127912362
21.6794833886788
16.673332000533065
20.149441679609886
26.40075756488817
19.235384061671343
16.583123951777
17.05872210923198
20.688160865577203
21.908902300206645
28.91366458960192
25.278449319529077
21.354156504062622
16.673332000533065
18.947295321496416
20.322401432901575
23.021728866442675
23.83275057562597
19.183326093250876
20.42057785666214
19.595917942265423
15.033296378372908
20.54263858417414
17.26267650163207
18.547236990991408
15.394804318340652
19.949937343260004
21.540659228538015
17.776388834631177
18.65475810617763
14.832396974191326
23.280893453645632
19.235384061671343
24.79919353527449
21.517434791350013
19.4164878389476
14.89966442575134
22.781571499789035
20.784609690826528
23.323807579381203
19.595917942265423
16.73320053068151
18.083141320025124
16.278820596099706
13.45362404707371
20.46948949045872
17.378147196982766
21.213203435596427
21.587033144922902
15.748015748023622
16.941074346097416
15.7797338380595
18.973665961010276
20.149441679609886
20.0
18.708286933869708
18.303005217723125
17.88854381999832
16.401219466856727
16.881943016134134
17.578395831246947
16.852299546352718
16.64331697709324
21.142374511865974
16.73320053068151
20.518284528683193
13.601470508735444
14.247806848775006
25.92296279363144
18.138357147217054
18.384776310850235
15.0
20.12461179749811
17.944358444926362
19.313207915827967
16.217274740226856
15.033296378372908
15.165750888103101
15.491933384829668
17.832554500127006
18.788294228055936
28.460498941515414
26.362852652928137
20.97617696340303
22.338307903688676
17.74823934929885
16.522711641858304
17.804493814764857
29.88310559496787
23.790754506740637
17.204650534085253
19.82422760159901
18.65475810617763
16.583123951777
16.881943016134134
21.77154105707724
25.942243542145693
28.284271247461902
15.588457268119896
16.186414056238647
17.663521732655695
16.941074346097416
19.0
18.24828759089466
20.42057785666214
25.45584412271571
22.181073012818835
28.372521918222215
21.72556098240043
14.491376746189438
17.88854381999832
17.378147196982766
17.88854381999832
15.588457268119896
20.199009876724155
16.673332000533065
16.97056274847714
15.937377450509228
14.7648230602334
15.937377450509228
16.46207763315433
19.05255888325765
18.947295321496416
23.979157616563597
18.411952639521967
17.578395831246947
20.688160865577203
16.522711641858304
15.620499351813308
18.841443681416774
19.77371993328519
20.0
16.822603841260722
20.85665361461421
17.435595774162696
17.832554500127006
18.788294228055936
23.065125189341593
27.422618401604176
18.303005217723125
20.0
22.58317958127243
21.587033144922902
24.186773244895647
18.2208671582886
14.832396974191326
15.968719422671311
19.078784028338912
21.213203435596427
23.323807579381203
19.924858845171276
16.55294535724685
15.7797338380595
17.69180601295413
19.261360284258224
20.174241001832016
21.447610589527216
18.384776310850235
15.811388300841896
21.142374511865974
23.2163735324878
16.09347693943108
20.174241001832016
22.847319317591726
17.549928774784245
20.049937655763422
16.55294535724685
18.547236990991408
16.941074346097416
17.26267650163207
22.781571499789035
16.492422502470642
20.85665361461421
14.594519519326424
21.283796653792763
17.4928556845359
14.66287829861518
18.110770276274835
15.066519173319364
19.8997487421324
18.627936010197157
17.97220075561143
24.24871130596428
18.33030277982336
20.074859899884732
23.93741840717165
24.819347291981714
15.652475842498529
17.233687939614086
19.544820285692065
14.798648586948742
21.6794833886788
19.621416870348583
18.627936010197157
18.275666882497067
30.854497241083024
18.466185312619388
19.467922333931785
16.15549442140351
22.360679774997898
18.138357147217054
15.905973720586866
19.078784028338912
22.561028345356956
19.493588689617926
17.52141546793523
17.97220075561143
20.784609690826528
17.88854381999832
24.61706725018234
19.026297590440446
19.77371993328519
15.588457268119896
18.411952639521967
18.920887928424502
17.635192088548397
16.24807680927192
17.05872210923198
16.278820596099706
13.892443989449804
22.494443758403985
17.320508075688775
18.0
19.621416870348583
16.97056274847714
16.34013463836819
16.55294535724685
16.0312195418814
19.467922333931785
16.55294535724685
16.881943016134134
18.05547008526779
18.2208671582886
20.615528128088304
15.556349186104045
17.46424919657298
16.911534525287763
18.49324200890693
16.46207763315433
35.0
14.177446878757825
18.24828759089466
21.142374511865974
21.748563170931547
17.46424919657298
19.595917942265423
19.974984355438178
18.33030277982336
18.76166303929372
20.591260281974
15.620499351813308
18.788294228055936
16.97056274847714
13.711309200802088
17.26267650163207
15.427248620541512
18.303005217723125
19.748417658131498
16.55294535724685
21.817424229271428
23.280893453645632
20.199009876724155
23.2379000772445
21.97726097583591
22.02271554554524
22.80350850198276
21.118712081942874
20.322401432901575
23.388031127053
23.2379000772445
16.09347693943108
14.2828568570857
17.05872210923198
19.467922333931785
16.217274740226856
17.776388834631177
23.958297101421877
16.911534525287763
21.817424229271428
25.357444666211933
16.673332000533065
22.135943621178654
19.6468827043885
24.979991993593593
19.157244060668017
21.72556098240043
22.759613353482084
24.166091947189145
21.236760581595302
17.11724276862369
24.289915602982237
15.556349186104045
18.81488772222678
24.20743687382041
18.303005217723125
21.0
18.0
26.324893162176366
22.759613353482084
16.24807680927192
26.90724809414742
21.118712081942874
15.264337522473747
26.514147167125703
21.6794833886788
24.145392935299274
23.748684174075834
14.52583904633395
15.716233645501712
24.819347291981714
22.338307903688676
20.73644135332772
15.905973720586866
18.627936010197157
16.431676725154983
17.69180601295413
20.42057785666214
17.944358444926362
20.8806130178211
19.672315572906
15.556349186104045
17.320508075688775
19.313207915827967
16.431676725154983
24.228082879171435
14.832396974191326
21.42428528562855
16.792855623746664
16.941074346097416
15.264337522473747
20.591260281974
23.49468024894146
19.519221295943137
18.275666882497067
15.874507866387544
24.819347291981714
19.28730152198591
23.345235059857504
18.49324200890693
16.881943016134134
19.77371993328519
18.027756377319946
15.0996688705415
16.24807680927192
18.16590212458495
14.594519519326424
14.247806848775006
15.748015748023622
15.491933384829668
17.72004514666935
17.72004514666935
16.15549442140351
16.911534525287763
16.30950643030009
16.64331697709324
16.15549442140351
15.165750888103101
13.0
18.49324200890693
17.52141546793523
26.476404589747453
17.233687939614086
23.108440016582687
15.066519173319364
16.73320053068151
15.874507866387544
20.518284528683193
18.33030277982336
16.703293088490067
20.049937655763422
14.628738838327793
14.628738838327793
17.663521732655695
17.029386365926403
20.149441679609886
19.44222209522358
21.0
18.601075237738275
20.199009876724155
19.924858845171276
17.029386365926403
20.074859899884732
18.027756377319946
16.0
14.730919862656235
19.261360284258224
19.390719429665317
17.72004514666935
18.16590212458495
14.866068747318506
16.522711641858304
18.734993995195193
18.083141320025124
20.784609690826528
17.804493814764857
21.354156504062622
17.435595774162696
17.320508075688775
21.400934559032695
20.71231517720798
18.81488772222678
16.881943016134134
16.30950643030009
14.89966442575134
15.588457268119896
20.493901531919196
17.029386365926403
19.519221295943137
16.64331697709324
14.594519519326424
15.066519173319364
22.338307903688676
21.447610589527216
15.874507866387544
20.273134932713294
15.524174696260024
16.97056274847714
20.29778313018444
22.315913604421397
19.595917942265423
21.400934559032695
20.37154878746336
19.1049731745428
17.804493814764857
17.97220075561143
17.4928556845359
20.42057785666214
15.968719422671311
16.0312195418814
18.708286933869708
13.601470508735444
14.212670403551895
17.406895185529212
14.832396974191326
16.522711641858304
14.7648230602334
19.6468827043885
15.588457268119896
16.76305461424021
14.560219778561036
16.46207763315433
18.466185312619388
15.394804318340652
20.760539492026695
21.2602916254693
17.08800749063506
18.841443681416774
23.0
16.30950643030009
16.55294535724685
24.372115213907882
15.491933384829668
18.947295321496416
18.520259177452136
12.884098726725126
19.570385790780925
15.297058540778355
18.920887928424502
15.524174696260024
16.881943016134134
21.213203435596427
16.34013463836819
19.82422760159901
16.792855623746664
17.578395831246947
16.46207763315433
18.947295321496416
19.544820285692065
26.457513110645905
18.894443627691185
20.049937655763422
17.74823934929885
20.493901531919196
12.529964086141668
22.02271554554524
22.67156809750927
23.0
19.078784028338912
15.748015748023622
14.933184523068078
16.401219466856727
14.247806848775006
18.083141320025124
15.874507866387544
17.0
15.811388300841896
23.323807579381203
22.67156809750927
19.849433241279208
9.486832980505138
18.2208671582886
24.413111231467404
18.841443681416774
19.621416870348583
18.49324200890693
18.411952639521967
10.14889156509222
22.891046284519195
9.848857801796104
17.320508075688775
19.235384061671343
19.131126469708992
20.688160865577203
13.784048752090222
24.310491562286437
17.4928556845359
19.519221295943137
16.30950643030009
23.769728648009426
18.681541692269406
10.583005244258363
15.874507866387544
14.798648586948742
9.539392014169456
25.337718918639855
19.1049731745428
19.544820285692065
22.315913604421397
26.870057685088806
13.0
20.952326839756964
18.920887928424502
21.908902300206645
22.67156809750927
24.413111231467404
18.894443627691185
22.825424421026653
16.492422502470642
20.54263858417414
17.233687939614086
25.632011235952593
22.181073012818835
14.832396974191326
12.884098726725126
23.68543856465402
24.166091947189145
14.933184523068078
18.788294228055936
18.138357147217054
18.2208671582886
18.734993995195193
29.03446228191595
16.0
19.77371993328519
21.166010488516726
15.588457268119896
17.86057109949175
12.96148139681572
18.083141320025124
15.7797338380595
16.492422502470642
15.0
20.784609690826528
16.0312195418814
24.166091947189145
20.46948949045872
18.275666882497067
20.09975124224178
20.8806130178211
17.804493814764857
16.792855623746664
18.708286933869708
17.663521732655695
16.55294535724685
18.303005217723125
18.466185312619388
16.911534525287763
21.817424229271428
15.7797338380595
19.183326093250876
15.84297951775486
16.0312195418814
15.968719422671311
20.518284528683193
18.384776310850235
16.0
20.493901531919196
19.339079605813716
15.297058540778355
19.131126469708992
18.466185312619388
16.0312195418814
18.57417562100671
16.46207763315433
19.339079605813716
20.29778313018444
23.83275057562597
16.881943016134134
19.235384061671343
20.396078054371138
16.64331697709324
16.941074346097416
20.8806130178211
17.11724276862369
19.339079605813716
17.08800749063506
20.29778313018444
17.26267650163207
18.24828759089466
15.620499351813308
18.35755975068582
21.400934559032695
21.095023109728988
19.209372712298546
25.65151067676132
22.759613353482084
18.083141320025124
18.110770276274835
20.37154878746336
18.110770276274835
17.663521732655695
17.175564037317667
15.329709716755891
15.716233645501712
13.601470508735444
15.620499351813308
19.209372712298546
20.049937655763422
23.895606290697042
16.852299546352718
18.05547008526779
19.0
17.69180601295413
14.212670403551895
19.544820285692065
22.47220505424423
23.259406699226016
18.57417562100671
20.663978319771825
15.165750888103101
24.228082879171435
21.587033144922902
19.672315572906
21.307275752662516
24.413111231467404
21.213203435596427
24.919871588754223
20.12461179749811
20.346989949375804
17.11724276862369
25.179356624028344
22.759613353482084
20.049937655763422
17.635192088548397
24.758836806279895
20.688160865577203
21.02379604162864
24.919871588754223
20.049937655763422
19.82422760159901
28.178005607210743
19.0
17.05872210923198
16.30950643030009
16.401219466856727
20.784609690826528
21.748563170931547
14.352700094407323
15.132745950421556
19.078784028338912
16.06237840420901
15.556349186104045
25.079872407968907
15.362291495737216
19.209372712298546
24.979991993593593
18.76166303929372
23.173260452512935
16.583123951777
14.730919862656235
21.2602916254693
19.493588689617926
16.15549442140351
25.25866188063018
23.302360395462088
19.87460691435179
22.561028345356956
21.517434791350013
19.131126469708992
18.384776310850235
18.867962264113206
22.11334438749598
18.16590212458495
20.09975124224178
22.11334438749598
20.29778313018444
21.908902300206645
22.956480566497994
20.248456731316587
14.560219778561036
16.06237840420901
17.291616465790582
15.524174696260024
18.627936010197157
21.071307505705477
24.0
26.476404589747453
19.44222209522358
18.275666882497067
14.866068747318506
18.16590212458495
20.396078054371138
18.49324200890693
16.881943016134134
23.748684174075834
22.847319317591726
28.0178514522438
32.01562118716424
18.275666882497067
22.02271554554524
17.635192088548397
14.696938456699069
21.97726097583591
14.2828568570857
18.734993995195193
23.173260452512935
17.69180601295413
22.715633383201094
17.832554500127006
17.08800749063506
16.673332000533065
20.688160865577203
28.42534080710379
22.44994432064365
14.45683229480096
26.343879744638983
24.06241883103193
15.556349186104045
21.61018278497431
20.445048300260872
18.867962264113206
22.80350850198276
18.547236990991408
27.820855486487112
15.0
15.394804318340652
21.400934559032695
17.029386365926403
21.330729007701542
20.322401432901575
22.781571499789035
19.8997487421324
18.466185312619388
17.029386365926403
23.2163735324878
19.364916731037084
17.52141546793523
23.57965224510319
24.06241883103193
27.60434748368452
19.621416870348583
20.29778313018444
16.61324772583615
18.65475810617763
26.153393661244042
19.748417658131498
16.217274740226856
21.118712081942874
21.587033144922902
14.66287829861518
21.02379604162864
19.8997487421324
19.44222209522358
16.0312195418814
21.400934559032695
19.390719429665317
20.8806130178211
22.93468988235943
23.811761799581316
20.71231517720798
15.556349186104045
19.849433241279208
24.24871130596428
22.427661492005804
12.288205727444508
21.283796653792763
15.588457268119896
16.34013463836819
20.199009876724155
21.470910553583888
12.206555615733702
15.811388300841896
16.09347693943108
17.663521732655695
13.379088160259652
18.841443681416774
13.856406460551018
18.49324200890693
16.822603841260722
18.439088914585774
15.684387141358123
17.97220075561143
20.615528128088304
18.57417562100671
14.317821063276353
16.09347693943108
17.635192088548397
19.078784028338912
17.663521732655695
17.204650534085253
13.711309200802088
14.89966442575134
16.34013463836819
17.26267650163207
20.445048300260872
15.684387141358123
21.908902300206645
14.730919862656235
25.748786379167466
18.16590212458495
15.329709716755891
19.44222209522358
17.635192088548397
20.566963801203133
18.193405398660254
24.0
21.72556098240043
18.894443627691185
14.866068747318506
19.390719429665317
24.698178070456937
11.313708498984761
17.05872210923198
17.175564037317667
17.776388834631177
23.473389188611005
20.396078054371138
15.491933384829668
24.515301344262525
17.804493814764857
14.0
18.65475810617763
18.947295321496416
28.930952282978865
17.69180601295413
16.09347693943108
26.739483914241877
21.97726097583591
26.851443164195103
14.035668847618199
20.445048300260872
17.72004514666935
17.832554500127006
18.601075237738275
17.08800749063506
20.199009876724155
21.6794833886788
18.65475810617763
21.817424229271428
33.31666249791537
16.401219466856727
19.672315572906
21.587033144922902
16.278820596099706
23.68543856465402
19.131126469708992
22.38302928559939
14.2828568570857
19.183326093250876
18.708286933869708
23.259406699226016
27.129319932501073
19.493588689617926
18.65475810617763
15.620499351813308
20.37154878746336
22.338307903688676
24.269322199023193
21.702534414210707
22.67156809750927
22.693611435820433
23.958297101421877
18.920887928424502
19.1049731745428
24.041630560342615
21.587033144922902
17.233687939614086
16.46207763315433
22.44994432064365
16.97056274847714
17.578395831246947
13.30413469565007
22.11334438749598
20.174241001832016
20.42057785666214
16.217274740226856
15.7797338380595
17.08800749063506
19.026297590440446
14.832396974191326
19.748417658131498
17.88854381999832
17.08800749063506
20.049937655763422
15.620499351813308
15.811388300841896
21.330729007701542
20.223748416156685
17.435595774162696
25.11971337416094
18.947295321496416
19.570385790780925
25.475478405713993
17.46424919657298
19.6468827043885
23.706539182259394
16.492422502470642
15.427248620541512
17.944358444926362
18.24828759089466
18.138357147217054
22.427661492005804
21.908902300206645
20.54263858417414
16.0312195418814
23.065125189341593
18.81488772222678
20.8806130178211
14.66287829861518
20.174241001832016
14.177446878757825
13.416407864998739
17.0
18.76166303929372
15.748015748023622
19.44222209522358
14.560219778561036
16.0
15.066519173319364
16.24807680927192
16.911534525287763
18.0
20.29778313018444
15.198684153570664
17.97220075561143
20.248456731316587
16.911534525287763
17.916472867168917
31.336879231984796
15.7797338380595
18.083141320025124
20.83266665599966
17.88854381999832
15.620499351813308
26.570660511172846
18.35755975068582
23.302360395462088
21.863211109075447
21.93171219946131
18.788294228055936
18.303005217723125
17.406895185529212
17.435595774162696
21.633307652783937
15.811388300841896
25.317977802344327
21.37755832643195
20.591260281974
23.021728866442675
20.493901531919196
17.663521732655695
24.145392935299274
21.236760581595302
20.71231517720798
21.517434791350013
18.57417562100671
18.734993995195193
15.937377450509228
26.038433132583073
18.05547008526779
17.05872210923198
17.46424919657298
25.96150997149434
17.378147196982766
15.556349186104045
17.578395831246947
15.556349186104045
19.570385790780925
14.966629547095765
14.422205101855956
18.027756377319946
19.28730152198591
16.0312195418814
16.76305461424021
16.55294535724685
21.330729007701542
15.874507866387544
18.0
14.422205101855956
16.30950643030009
19.924858845171276
15.684387141358123
20.445048300260872
17.60681686165901
15.652475842498529
20.445048300260872
16.673332000533065
15.556349186104045
18.788294228055936
22.956480566497994
18.138357147217054
21.071307505705477
22.427661492005804
26.38181191654584
14.560219778561036
19.544820285692065
19.672315572906
22.135943621178654
19.261360284258224
20.952326839756964
16.881943016134134
18.894443627691185
19.82422760159901
15.620499351813308
18.734993995195193
18.138357147217054
21.587033144922902
19.924858845171276
21.118712081942874
20.591260281974
22.24859546128699
24.515301344262525
19.261360284258224
20.566963801203133
20.904544960366874
21.400934559032695
16.822603841260722
20.42057785666214
24.61706725018234
17.378147196982766
17.26267650163207
19.313207915827967
24.657656011875904
18.49324200890693
17.204650534085253
18.466185312619388
18.947295321496416
19.87460691435179
22.40535650240808
18.466185312619388
16.97056274847714
19.313207915827967
18.384776310850235
20.0
17.435595774162696
19.493588689617926
17.74823934929885
15.198684153570664
20.074859899884732
26.94438717061496
20.074859899884732
17.05872210923198
16.97056274847714
14.0
13.341664064126334
23.15167380558045
21.37755832643195
19.078784028338912
17.97220075561143
19.235384061671343
18.466185312619388
27.331300737432898
17.86057109949175
18.24828759089466
20.37154878746336
14.560219778561036
18.16590212458495
19.544820285692065
18.708286933869708
16.703293088490067
18.81488772222678
17.832554500127006
15.329709716755891
20.904544960366874
20.42057785666214
17.204650534085253
16.46207763315433
20.904544960366874
20.85665361461421
18.788294228055936
21.517434791350013
18.49324200890693
16.76305461424021
17.97220075561143
21.37755832643195
18.841443681416774
16.792855623746664
13.96424004376894
21.61018278497431
17.549928774784245
13.45362404707371
13.379088160259652
15.297058540778355
13.379088160259652
22.44994432064365
14.035668847618199
18.384776310850235
18.466185312619388
18.601075237738275
17.97220075561143
20.615528128088304
12.569805089976535
12.96148139681572
16.34013463836819
21.97726097583591
17.804493814764857
18.35755975068582
17.146428199482248
21.2602916254693
21.095023109728988
22.67156809750927
12.041594578792296
17.549928774784245
17.663521732655695
18.16590212458495
19.0
18.708286933869708
21.6794833886788
27.110883423451916
24.145392935299274
21.02379604162864
22.181073012818835
23.45207879911715
22.38302928559939
24.979991993593593
18.947295321496416
16.97056274847714
27.748873851023216
15.231546211727817
18.466185312619388
20.223748416156685
21.93171219946131
22.759613353482084
18.49324200890693
16.24807680927192
15.874507866387544
23.895606290697042
22.271057451320086
18.275666882497067
21.587033144922902
15.0
14.38749456993816
16.3707055437449
17.05872210923198
28.178005607210743
14.933184523068078
23.0
16.0
25.787593916455254
27.331300737432898
22.693611435820433
19.261360284258224
20.273134932713294
25.019992006393608
29.68164415931166
16.941074346097416
20.42057785666214
22.627416997969522
16.822603841260722
20.518284528683193
24.228082879171435
19.77371993328519
21.166010488516726
22.045407685048602
18.303005217723125
21.97726097583591
18.627936010197157
23.430749027719962
20.248456731316587
16.852299546352718
13.711309200802088
17.663521732655695
13.228756555322953
17.635192088548397
19.87460691435179
15.556349186104045
15.716233645501712
19.05255888325765
17.146428199482248
18.303005217723125
12.449899597988733
18.547236990991408
18.894443627691185
15.652475842498529
18.083141320025124
15.748015748023622
17.378147196982766
18.24828759089466
18.466185312619388
25.475478405713993
27.27636339397171
21.213203435596427
17.916472867168917
20.09975124224178
19.390719429665317
16.852299546352718
18.601075237738275
21.02379604162864
25.03996805109783
16.0
16.941074346097416
16.55294535724685
14.212670403551895
16.34013463836819
22.60530911091463
20.273134932713294
17.349351572897472
15.329709716755891
17.86057109949175
18.384776310850235
17.88854381999832
16.30950643030009
20.615528128088304
16.941074346097416
16.46207763315433
16.73320053068151
13.490737563232042
16.55294535724685
16.24807680927192
18.520259177452136
16.0312195418814
19.183326093250876
13.341664064126334
17.146428199482248
16.61324772583615
17.804493814764857
17.406895185529212
19.570385790780925
17.291616465790582
18.894443627691185
18.973665961010276
18.083141320025124
18.920887928424502
19.748417658131498
23.979157616563597
17.663521732655695
20.54263858417414
20.024984394500787
21.166010488516726
22.0
14.866068747318506
17.204650534085253
16.492422502470642
19.28730152198591
18.867962264113206
18.57417562100671
20.12461179749811
16.30950643030009
19.28730152198591
18.973665961010276
21.656407827707714
18.49324200890693
24.49489742783178
19.157244060668017
18.16590212458495
19.748417658131498
20.199009876724155
22.538855339169288
19.974984355438178
16.852299546352718
23.93741840717165
17.60681686165901
16.703293088490067
18.920887928424502
13.856406460551018
21.18962010041709
15.84297951775486
15.0
18.110770276274835
16.64331697709324
19.72308292331602
16.703293088490067
13.784048752090222
15.716233645501712
20.808652046684813
14.2828568570857
23.280893453645632
17.549928774784245
17.233687939614086
14.177446878757825
19.467922333931785
20.566963801203133
17.4928556845359
17.86057109949175
16.30950643030009
19.05255888325765
14.966629547095765
26.153393661244042
21.97726097583591
20.518284528683193
17.26267650163207
15.652475842498529
18.083141320025124
15.033296378372908
16.792855623746664
21.118712081942874
18.547236990991408
16.911534525287763
22.561028345356956
16.0
20.049937655763422
15.132745950421556
16.911534525287763
18.894443627691185
15.329709716755891
14.071247279470288
14.352700094407323
15.297058540778355
15.394804318340652
19.849433241279208
23.811761799581316
20.024984394500787
22.0
16.46207763315433
18.275666882497067
18.411952639521967
20.273134932713294
22.15851980616034
20.663978319771825
16.0
18.439088914585774
18.894443627691185
19.209372712298546
17.029386365926403
23.558437978779494
25.11971337416094
23.811761799581316
19.8997487421324
23.280893453645632
13.74772708486752
21.563858652847824
14.7648230602334
20.952326839756964
22.22611077089287
11.789826122551595
20.83266665599966
17.86057109949175
16.911534525287763
20.591260281974
21.817424229271428
17.804493814764857
18.894443627691185
22.759613353482084
16.09347693943108
20.273134932713294
15.7797338380595
9.327379053088816
15.362291495737216
17.204650534085253
20.688160865577203
21.633307652783937
15.937377450509228
17.776388834631177
17.11724276862369
18.57417562100671
11.357816691600547
18.439088914585774
23.302360395462088
20.615528128088304
19.570385790780925
21.6794833886788
18.57417562100671
17.776388834631177
10.862780491200215
23.2163735324878
9.486832980505138
21.071307505705477
19.697715603592208
20.396078054371138
11.704699910719626
19.209372712298546
15.748015748023622
21.118712081942874
21.0
27.92848008753788
27.640549922170507
18.110770276274835
19.261360284258224
17.11724276862369
18.734993995195193
19.493588689617926
19.157244060668017
21.02379604162864
19.570385790780925
21.283796653792763
16.0
22.715633383201094
25.03996805109783
18.193405398660254
17.4928556845359
14.45683229480096
18.973665961010276
18.0
21.02379604162864
18.05547008526779
24.758836806279895
18.466185312619388
16.0
15.459624833740307
16.24807680927192
19.157244060668017
16.34013463836819
18.411952639521967
17.74823934929885
13.0
17.11724276862369
19.261360284258224
16.97056274847714
19.157244060668017
13.784048752090222
15.066519173319364
14.035668847618199
21.93171219946131
17.97220075561143
16.881943016134134
16.583123951777
15.84297951775486
16.881943016134134
16.911534525287763
21.470910553583888
16.55294535724685
16.492422502470642
17.776388834631177
20.83266665599966
17.175564037317667
15.937377450509228
22.759613353482084
18.973665961010276
21.587033144922902
24.677925358506133
15.066519173319364
18.867962264113206
13.711309200802088
16.881943016134134
15.0
16.24807680927192
21.633307652783937
14.933184523068078
19.364916731037084
17.97220075561143
18.303005217723125
20.445048300260872
16.822603841260722
18.81488772222678
18.57417562100671
21.307275752662516
16.76305461424021
24.49489742783178
18.384776310850235
13.527749258468683
21.748563170931547
19.05255888325765
21.470910553583888
23.280893453645632
23.53720459187964
16.822603841260722
19.77371993328519
19.595917942265423
21.166010488516726
17.291616465790582
22.561028345356956
18.547236990991408
22.20360331117452
18.65475810617763
18.601075237738275
19.209372712298546
18.601075237738275
27.055498516937366
19.313207915827967
19.026297590440446
19.8997487421324
21.79449471770337
19.87460691435179
14.696938456699069
18.973665961010276
20.29778313018444
20.199009876724155
22.20360331117452
24.677925358506133
15.491933384829668
22.627416997969522
25.67099530598687
17.72004514666935
20.12461179749811
28.231188426986208
22.271057451320086
16.24807680927192
19.595917942265423
22.22611077089287
25.278449319529077
23.366642891095847
16.852299546352718
17.776388834631177
24.677925358506133
26.60826939130014
16.73320053068151
16.522711641858304
15.165750888103101
19.467922333931785
23.769728648009426
25.534290669607408
31.448370387032774
21.0
17.635192088548397
14.352700094407323
14.7648230602334
20.322401432901575
21.095023109728988
24.919871588754223
15.066519173319364
15.556349186104045
22.693611435820433
17.578395831246947
19.493588689617926
17.69180601295413
14.798648586948742
22.627416997969522
17.175564037317667
18.627936010197157
16.492422502470642
20.46948949045872
20.149441679609886
15.033296378372908
16.24807680927192
16.0
22.737634001804146
19.77371993328519
19.339079605813716
23.345235059857504
20.808652046684813
21.748563170931547
18.35755975068582
20.024984394500787
15.491933384829668
17.578395831246947
15.362291495737216
15.459624833740307
15.652475842498529
18.734993995195193
18.520259177452136
17.11724276862369
20.273134932713294
16.46207763315433
20.42057785666214
25.25866188063018
17.74823934929885
17.916472867168917
22.80350850198276
19.697715603592208
26.153393661244042
16.941074346097416
15.459624833740307
24.454038521274967
25.13961017995307
18.027756377319946
20.615528128088304
16.522711641858304
19.570385790780925
16.911534525287763
19.8997487421324
16.522711641858304
18.303005217723125
19.8997487421324
18.947295321496416
22.338307903688676
16.673332000533065
18.24828759089466
19.748417658131498
16.822603841260722
19.595917942265423
16.73320053068151
18.894443627691185
18.411952639521967
16.09347693943108
30.14962686336267
16.76305461424021
22.181073012818835
23.558437978779494
18.867962264113206
18.894443627691185
16.822603841260722
17.916472867168917
18.24828759089466
14.177446878757825
17.406895185529212
19.28730152198591
30.0
15.652475842498529
19.849433241279208
17.435595774162696
18.894443627691185
13.038404810405298
22.045407685048602
15.066519173319364
19.339079605813716
15.748015748023622
16.24807680927192
20.42057785666214
16.583123951777
16.34013463836819
17.74823934929885
20.639767440550294
12.767145334803704
15.748015748023622
16.852299546352718
18.193405398660254
17.60681686165901
15.620499351813308
22.60530911091463
15.968719422671311
13.784048752090222
18.466185312619388
16.55294535724685
17.86057109949175
20.273134932713294
17.69180601295413
24.310491562286437
15.198684153570664
20.518284528683193
15.329709716755891
15.524174696260024
16.46207763315433
20.248456731316587
19.026297590440446
17.549928774784245
17.578395831246947
16.941074346097416
17.0
24.899799195977465
20.273134932713294
15.968719422671311
14.212670403551895
15.165750888103101
15.394804318340652
18.411952639521967
12.569805089976535
12.84523257866513
21.95449840010015
14.491376746189438
17.88854381999832
20.273134932713294
17.0
16.703293088490067
16.881943016134134
17.549928774784245
13.114877048604
20.42057785666214
16.703293088490067
14.560219778561036
20.273134932713294
19.849433241279208
15.297058540778355
19.849433241279208
18.867962264113206
15.524174696260024
20.688160865577203
17.378147196982766
24.49489742783178
20.566963801203133
12.569805089976535
16.64331697709324
20.248456731316587
16.24807680927192
13.490737563232042
24.1039415863879
15.329709716755891
30.0
16.822603841260722
33.13608305156178
15.524174696260024
19.209372712298546
16.34013463836819
21.330729007701542
18.027756377319946
12.884098726725126
21.702534414210707
19.570385790780925
19.209372712298546
23.958297101421877
21.0
16.431676725154983
14.933184523068078
21.95449840010015
16.34013463836819
19.849433241279208
15.198684153570664
23.345235059857504
15.716233645501712
17.804493814764857
12.449899597988733
14.352700094407323
18.920887928424502
29.478805945967352
15.716233645501712
17.378147196982766
15.0
19.697715603592208
23.45207879911715
19.544820285692065
21.0
19.05255888325765
15.524174696260024
15.165750888103101
17.320508075688775
25.495097567963924
19.6468827043885
20.784609690826528
13.638181696985855
23.515952032609693
15.811388300841896
16.73320053068151
20.0
17.291616465790582
22.9128784747792
19.544820285692065
15.524174696260024
21.656407827707714
17.635192088548397
16.30950643030009
23.173260452512935
20.42057785666214
16.217274740226856
24.71841418861655
30.0
16.673332000533065
16.1245154965971
18.0
14.933184523068078
20.493901531919196
16.217274740226856
24.71841418861655
15.748015748023622
19.82422760159901
16.703293088490067
18.466185312619388
19.339079605813716
