Model: KNN
Dataset 2: arrhythmia.mat
Time taken: 0.07597017288208008 seg.
Accuracy: 0.48484848484848486
@scores
166.90488309213723
111.96102000249905
229.3671292927563
159.50601869522043
158.50624593371708
253.95105827698376
107.08613355612387
163.1500229849816
107.08613355612387
116.26491302194312
165.7749679535484
105.19776613597841
149.76227829463596
142.46343390498492
123.95922716764574
106.44012401345651
146.26113632814423
146.12296191906324
145.39738649645668
161.68515701820002
165.18970912257214
123.87303984322013
94.69002059351345
110.77120564478847
112.5590067475722
189.04118598866228
169.8443110616308
141.35285635600013
254.49011768632585
216.5224930578807
195.34602632252347
124.44295882049737
102.71869352751722
114.13194119088661
107.87854281552008
124.36104695603044
118.31779240672134
139.84012299765755
127.7088877095091
189.56661098410765
123.93389366916546
103.47444128865837
136.432547436453
136.5492218945242
140.49217060035764
137.5530079642027
124.83565195888558
102.27756352201591
131.68879982747205
128.5459061969692
121.4692553694144
110.18833876595112
130.63927433968703
157.65281475444704
119.03356669444129
112.88680170861429
171.07527582909228
113.90430193807431
122.73186220374889
126.58096223366293
194.86225904469035
100.43390861656236
96.88895705909938
127.21690139285744
182.4542956468825
95.95837639310078
117.13547711944489
107.32385568921758
156.19071675358944
112.87843018043795
101.59950787282386
172.16730235442503
123.81478102391493
140.72483789296047
132.1861566125591
137.8877804593286
308.2762397590835
114.5430050243139
126.37369188244838
128.34091319606546
134.07535194807434
141.87568502037269
114.81537353508024
177.12969824397038
175.27786511707635
421.3839104664535
151.02460064506047
174.15254807208532
348.46532108661836
253.10922543439617
159.31330766762707
156.0065703744557
123.54703557754839
116.49648063353675
209.95466177248844
189.85623508328612
154.36100543854974
125.40426627511525
166.31608460999794
150.55381097800213
142.46992665120595
184.46368206235067
253.11600107460615
214.48482463801494
122.76770748042824
188.67604511437057
264.04620807729856
109.14082645829654
241.09458724741205
121.36717019029489
190.17723312741728
127.84768281044443
84.71764869258352
165.9286292355843
114.2758504671919
122.30515115889439
157.5091108475951
132.0940952503177
131.25025714260528
93.83554763521126
108.32358930537708
114.43137681597649
135.1579816363059
154.36647952194807
115.34847203149249
131.94131271137178
159.6074872930465
151.61665475797838
120.96400290995665
145.57362398456664
119.83209086050367
105.22414171662321
111.37100161173018
155.70327549541142
89.91117839290062
138.76602610149214
110.23293518726604
149.64347630284456
146.2000341997224
120.28146158074404
116.09026660319115
638.8884800964873
111.56518274085337
106.5874289022866
113.07289684093176
127.96784752429025
159.16617102889674
117.71253119358195
89.19103093921495
119.58256561890617
103.08758412146443
137.04926121654213
116.67591868076292
151.21488022016877
112.30779135928195
122.19312582956536
96.28530521320477
117.67714306525289
175.03402526366125
117.34781634099548
125.8487584364661
117.55947430981482
162.45931798453418
137.7640736912204
99.44284790773045
107.4604113150513
116.21914644326037
155.53041503191588
106.43298360940562
136.62309468021868
131.89780134634543
125.28790843493239
119.63063988794846
137.0382428375379
199.66291593583423
107.0104200533761
115.25259216173842
113.7005277032609
153.5979492050594
147.56120763940635
119.92556024467845
116.8579479539154
170.06542858558876
137.90743272209806
162.67476755784838
169.36997963039377
109.81712070528894
173.5489556292402
170.19844300110387
280.0999642984627
201.15339917585288
125.05402832376096
158.3854475638466
129.650954489352
130.35616594545883
112.23283833174675
131.1115555548023
153.44774354808874
184.35002034174013
167.90404998093402
118.85836108578984
118.22059888192076
164.93568443487297
106.35915569427958
270.30708462783593
132.1861566125591
106.18483884246376
322.2630757626446
139.36610061273868
127.94686397094695
192.120847385181
141.4055515176119
171.7248962730798
195.9864281015397
139.2028016959429
104.32660255179408
151.5703467040964
236.5200414341246
247.75893525764113
206.76926754235026
110.41847671472378
115.89706639945639
132.7188758240515
143.42259236257024
123.87303984322013
213.59431172201198
159.54613752767568
163.72596006742486
121.9496617461484
128.62068262919462
110.01581704464137
167.78271663076626
113.49735679741623
123.44646613005978
178.0532785432495
159.34970975812908
116.65577568213247
151.27564245442818
114.68644209321349
134.92345978368627
101.99088194539746
144.03829351946658
147.54602671708918
202.12795452386098
96.95622723683093
128.36050794539574
185.09513769950846
115.40333617361331
178.81233178950492
129.11885997018408
132.0940952503177
157.09134285504086
211.95015923560905
213.44371623451465
122.33952754527049
122.52452815661036
159.0173261000197
233.5119483024369
110.66471885836067
166.08901227956048
118.46425621258084
108.65109295354557
110.46741601033311
100.36333992051081
94.38760511846881
118.94948507664927
112.67732691185041
155.98179380940587
144.6892877859311
125.84776517681992
106.11677529966693
187.61327245160456
111.42706134507898
99.80751474713719
105.19776613597841
108.49377862347684
158.90110131776933
109.48844687911141
127.09409899755377
124.2310347698996
170.19844300110387
160.85813625676508
116.14852560407301
103.96908194266221
195.2013575772464
178.50792699485362
101.90103041677254
98.73282129059211
129.25877146252012
117.5797601630485
132.00670437519452
172.77948373577223
160.09790754410253
271.97687401689143
165.66306166433114
151.57354650465894
190.27201580894655
547.1030798670394
210.42701822722293
158.1012333917734
226.7521333967996
123.02223376284469
156.56918598498245
224.37965594055095
139.18649359761886
147.96208973923015
226.21976041009333
147.2020380293697
199.22908924150613
113.89122003034298
193.08112284736697
148.13699740442968
240.1076425272632
263.6909744378825
115.21562394050561
125.88518578450763
489.96798875028566
98.19373707115949
137.81567399973056
157.51904646740346
196.49949109348861
147.1659947134528
152.14207176188967
192.94576958306186
161.23299910378145
90.24738223350302
139.34873519339885
226.65674488088808
133.44290914095063
190.38040865593288
137.0382428375379
147.01408095825383
168.03053293970123
119.91230128723241
152.8750143090754
177.23171273787318
169.04253902494483
119.91705466696558
120.7565319144269
131.07978486402854
132.69638276908682
136.93987731847866
96.03390026443785
125.60342352022101
141.53755685329597
117.18434195744753
123.6867818321748
134.2231723660263
196.19347593638278
112.42481932384861
207.5261188380875
176.43126140228097
154.677115307986
231.10510595830632
259.71492063414456
142.08226490311876
187.96151201775325
132.77285114058523
150.51348776770803
188.27461326477345
130.11199022380686
237.78444019741917
125.68102482077401
157.26588949928077
110.57960933191978
143.64031467523316
167.61223105728294
179.70378404474405
168.86772930314424
131.07978486402854
304.7840711060864
142.96793346761365
147.31951669755097
133.82794924827923
151.27349404307415
105.96834432980448
153.12527550995623
107.7149478948953
111.25250558976192
268.00544770582553
182.54210473203156
237.78444019741917
98.7145379364154
130.49934865737833
145.1691082840974
145.5628043148386
151.94811614495256
136.87746344815136
416.4525062957361
187.44452512676915
94.05812032993217
170.33370189131688
97.42545868508911
365.5148970972318
131.5772776736166
357.16784569722955
129.17275254479947
166.91899232861422
188.19681187522812
103.36629044325817
110.23293518726604
161.8372948365116
145.22010880039994
319.68317128056657
125.99761902512289
121.8997128790712
117.6294605955498
187.9201692208689
142.17580666203366
118.89280886580147
178.21509475911407
118.26652104463041
142.5566554040884
130.35505360360986
139.04326664747202
125.14395710540722
121.55340390133057
218.9107809131382
115.91820391983309
160.74625967654742
202.12795452386098
129.8392082539015
110.1979582387986
129.62642477519776
384.19193120105996
109.70068368064075
133.1736835865105
288.2254326044112
165.1449363438068
160.96397112397543
248.73578351334967
103.6339712642529
178.71821395705587
188.25360554316083
143.90208476599636
90.8346299601644
127.18757800980411
110.82355345322583
113.32012177896743
118.44137790485216
113.75451639385581
124.2310347698996
118.085689226087
140.58172000654994
122.15748032764924
121.45855260128864
110.1979582387986
132.0592669978143
197.08515925863114
341.5659526357977
131.52813387256734
133.62918842827716
