Model: KNN
Dataset 6: ionosphere.mat
Time taken: 0.0071179866790771484 seg.
Accuracy: 0.873015873015873
@scores
1.2187053236119059
2.6958254973755253
0.916497021162644
3.776382463972631
1.6823906593000335
0.5994046660645879
1.2851972775803722
3.7546281696860477
0.7718587212048588
1.3105968778384909
1.1107693463091246
2.940078712721821
0.7629895635590306
2.2004240348169257
0.9622270959602001
3.259588348994394
0.47309786376605
5.43909677335309
1.2741566052098934
4.793481384891361
0.7224591894356387
4.5055673023272
0.7282938322545373
4.4875820048551756
0.7607883741882495
2.4329784185643732
1.7844920931458341
4.495676695815658
1.6878117079816692
5.279396587565666
1.138489542507967
3.662507648196793
0.9054257749810307
2.5275758009404976
1.6220769935487034
3.0967667125729696
0.4035192727739284
4.633363352587405
0.5079799666325435
1.6683508005812206
0.5978806805709648
4.905142424170781
1.2727694817601498
3.9891310144817256
0.746237588305494
3.7897292569522696
0.6858523814932773
3.136755533349706
0.4701729531778705
3.1871508749665427
1.52651284039801
4.575624209580591
2.2044974801301094
5.147966881060911
0.6035746485729832
4.461349005682026
1.1698237530500055
5.102465702971457
0.6049093025404717
3.6209714672170508
0.9310850105119296
2.579376515788263
0.7321479952851063
3.9758281628988947
1.3988975234448018
1.7509534545212788
0.8005074944058925
3.893838767822828
1.5097053023355256
3.7516227571545624
1.2233860188427854
4.767389183851052
0.9211953494237799
1.89393758173283
0.9211953494237799
4.286514986139673
0.916406303775787
4.7290307994873535
2.1657756659220273
4.839750780246851
1.7910965538183585
4.0
0.8305927807295223
1.6047759947419453
0.7709700669286713
1.726186679649684
0.6239560101481515
1.947220772254651
0.7541868283787512
1.8625259423159723
1.2289218004006601
2.6978798899135596
1.132147550675264
2.347814618192842
0.9001263594629367
2.052506166324477
0.7840344394221468
0.9146168483578246
4.125004243040243
0.5777282529009637
3.6581072721695844
0.4721778640512492
1.6852552122749835
0.710803636245623
2.384149004194159
1.299621563802325
2.0765998205480036
0.49056748006772727
2.7034485693831867
1.7127487575823839
2.8262065969776518
0.7575403055943624
2.6408893906598965
0.8876195142063968
1.8987875243955021
0.89986915365513
1.2011092823302967
0.6290626664331623
2.7725044253887132
0.5650029867177695
1.3983390757251974
2.028078506986354
2.4105592784040804
0.9185642972595877
3.4290255062189314
1.3600897783969998
2.0845411862565824
0.2746888324996122
2.8829224402158307
0.2372539976480902
1.8960598145891918
0.9318409946981299
3.3923880882499278
1.359598933546213
2.982276546063426
0.8608275188445128
3.695561828802219
0.8869756934662866
0.7066518419985899
1.263123226332253
3.7829898030922577
0.23344913043316307
1.8989867760729668
0.5852463436024185
0.8410846825379714
0.7497887801907949
1.4834125215529226
0.2983663643911626
2.1593152473874677
0.2570547056562085
1.7124221930061523
0.5939299140471037
0.5010315222618233
0.6394840567989167
0.5462367057421169
0.38431613978598395
0.4703989217674717
1.3471160983374815
0.6972746928578436
1.0992914954187536
0.4666777123454687
0.45434771244059324
5.334936665228557
0.7734559018457355
3.50603038546445
0.8717231495147986
4.554259653028141
1.6637400292413476
1.3626610475463075
1.1283020638995571
4.58257569495584
0.690222397926929
3.44391255839924
0.9713415410657571
1.9594639136763912
0.9708853442090885
3.3422132029539946
0.6709026582150349
0.5852463436024185
1.0660807241480355
3.3234277299649526
1.2694126662358463
4.242640687119285
1.2871881165548416
4.356931222133304
0.7255385749221057
4.771599194483962
2.329874422817676
4.929798546583825
2.204861231188938
3.5648961103936823
1.4111486063133112
2.4752678668984496
1.2456731379459058
4.761805934947371
0.8718833416231785
3.5831549860423286
0.9503869835493328
3.1646730849963007
0.7286506380289528
3.5453481394215722
0.9689043882138216
4.133540578704895
0.42503893092280387
4.655495190181169
0.4740650647326799
4.9037358017026165
0.8651977291925818
2.1008223573400966
1.6234712311279187
4.416854504044706
0.8150908822947291
2.8220462053977777
1.4882565388063982
3.792856250228843
0.834371970825962
4.051278462103043
0.9247602026471511
4.045681266152835
1.1574601645845097
5.097325817906876
1.1513380574792096
3.999393311541139
0.8783262901109133
3.1352884572077255
0.7549505722893387
3.6683033407148873
0.6024348919177905
3.9115182500532963
1.4027986082471
1.7331456814993942
0.21334094567147674
4.123105625617661
0.6866288834588887
1.7601917283352968
1.5567500714629818
1.2728746565157152
0.5902935246976712
0.6477323477332284
0.5929521360953175
2.0180034721724343
0.4477464296898413
2.362348149257429
0.3610344014079545
2.2376049782971075
0.4119902582586146
2.316878901755549
0.6091468818766128
1.6852552122749835
1.5324296748953932
3.7433067510023808
0.7756952290687368
2.8565870493650287
1.1337394579443727
1.8948598270584553
0.6990765287148467
0.5793146176301787
0.8591803074442523
0.6263280843136446
0.49502548762664733
0.8104498076377094
1.0324191751415701
1.0952133967862152
0.9048474880332044
1.0952133967862152
0.8622953202934596
1.5124961466727775
1.2602522917257482
0.9587333298159609
0.7365784202649436
0.2695722591440002
1.1278702695345775
1.0497120679976961
0.6118949459670344
0.7802412258398039
0.6464082019126923
0.6217910912838812
0.7958242925420158
1.142047512890773
0.7840344394221468
0.7756223548222421
0.8876195142063968
1.1179361091314657
0.9307162376900923
0.7261323346332952
1.1672656960178347
1.0567911335263938
0.44173926857366885
0.7582681223023952
0.5638321282970667
0.9859971430993092
0.8981834710681331
0.7210357695704145
0.583418522074848
0.8437739260607666
0.6680778346121058
1.1120311264078897
1.377512200163759
1.248346196653797
1.038056261866379
0.916396126737777
0.754749288307051
0.3343361639129097
0.2746888324996122
0.5404773518844245
1.0459417466570498
1.0952531901345917
1.5498847504895323
1.1806894543443673
0.7963417629385011
0.9048949148381816
0.9990150833696155
0.4133065167644953
0.924593474830966
0.6864146262282004
0.6101153683525764
0.8467805379789973
0.9240861762303341
0.542380326892486
0.34109350741402283
0.26107980121028124
0.2943346049991404
0.28578261126247695
0.9145022567495392
0.5777603714343862
0.6086340112908578
1.1337394579443727
1.6946084907730163
1.3395343008299565
0.2570547056562085
0.4444434149585299
0.43384627358086175
0.38431613978598395
0.21487105342507176
0.20400119141808956
0.282061141066968
0.45825600858035676
1.2308956200263286
1.7528861240822233
0.8029773012358443
1.465804020017683
0.21409388828268786
0.4817336819239444
0.7713393116521418
0.4380349064857731
1.5082046643277565
0.48851306922128496
0.23550331292786522
0.2515106729345695
0.4094841717331697
0.4732882058534736
