Model: KNN
Dataset 22: wine.mat
Time taken: 0.0010907649993896484 seg.
Accuracy: 0.8
@scores
180.28933301779117
176.40691029548702
78.62146526235695
191.39563108911344
85.92779992528611
91.28019883852137
77.6287060306946
136.51289169891612
345.3091839207292
270.54627423049095
15.601804382827007
10.061128167357774
20.70472168371263
17.19380702462372
13.473440540559787
21.401836369807146
10.141424949187368
16.39191874064778
15.18314196732679
31.340043075911687
56.92899876161533
39.67248991429703
11.884178558066182
16.39653317015521
84.00636344944351
55.06237735514151
17.503579633892034
15.155566634078713
23.330782241493747
43.13764249469366
18.78235302990552
64.27898645747302
28.229011672391223
19.26901139135062
11.47861489901983
10.490490932268136
19.71704592478295
17.02366294309189
14.706124574475766
17.23621478167408
25.30519907054675
15.22631603507559
18.348961823492903
15.163818780241341
52.422945357925094
22.302123217308257
87.02543306413362
37.67989649667313
15.508346140062777
15.070122759951229
14.429844074001632
22.694448660410327
13.4766538873713
17.127051701912972
9.695663979326016
15.329556418892231
31.36365412384214
14.164515522953831
11.799834744605537
33.592067516007404
11.671418080079215
19.463065020700103
27.184990343937958
19.42397745056352
16.24859686249862
15.349153071098092
13.784382467125612
16.0360219505961
23.225018837451994
21.1067501051204
15.467068241913204
17.495639456733212
27.593829020271905
22.302123217308257
14.288883791255353
14.392595318426764
15.155566634078713
21.831378792920983
18.348961823492903
21.401836369807146
23.552747185838005
28.05711674424156
19.16276597988923
12.756939288089443
27.020749434462395
20.862183490708734
17.8844150030131
25.930252601931976
10.742630031793892
19.671359891985098
20.736706585183676
21.654329821077354
51.717945628185966
11.168419762884989
15.467068241913204
30.400814133835297
50.73972506823426
13.408944775783066
11.843639643285336
15.120201718231142
21.70266573488151
33.1162558270104
23.285982908178905
30.996261064844578
11.469407133762408
20.862183490708734
26.63012016495607
17.05155418136423
50.73972506823426
19.736076104433728
17.87593633911242
10.742630031793892
14.099804963190094
20.484372091914363
14.001639189752035
16.97788267128737
10.053760490483151
22.694448660410327
14.22355792338893
33.02106751757126
23.80129408246535
13.219595303941798
18.78235302990552
15.329556418892231
21.318710092310933
32.9298967505214
51.11650320591188
46.71431044123417
14.099578007869596
