Model: KNN
Dataset 7: letter.mat
Time taken: 0.08870983123779297 seg.
Accuracy: 0.43
@scores
8.774964387392123
3.4641016151377544
6.708203932499369
5.0
5.0
3.7416573867739413
5.744562646538029
4.123105625617661
7.14142842854285
3.605551275463989
9.055385138137417
5.916079783099616
3.7416573867739413
8.888194417315589
4.795831523312719
5.196152422706632
4.58257569495584
6.324555320336759
4.242640687119285
7.745966692414834
3.7416573867739413
5.0
7.0
7.416198487095663
4.123105625617661
4.795831523312719
6.48074069840786
8.774964387392123
7.280109889280518
5.196152422706632
3.872983346207417
4.47213595499958
6.164414002968976
10.862780491200215
4.795831523312719
5.385164807134504
3.1622776601683795
7.615773105863909
6.782329983125268
10.099504938362077
3.605551275463989
4.795831523312719
7.615773105863909
5.0
4.69041575982343
7.874007874011811
3.872983346207417
6.557438524302
3.605551275463989
6.4031242374328485
3.4641016151377544
3.872983346207417
4.242640687119285
3.7416573867739413
4.123105625617661
5.477225575051661
9.219544457292887
4.0
7.416198487095663
8.54400374531753
6.557438524302
4.123105625617661
3.0
3.0
7.615773105863909
8.774964387392123
7.810249675906654
3.7416573867739413
3.872983346207417
8.888194417315589
8.660254037844387
6.48074069840786
9.746794344808963
3.605551275463989
3.1622776601683795
6.6332495807108
7.681145747868608
9.1104335791443
7.14142842854285
7.810249675906654
3.3166247903554
8.54400374531753
5.385164807134504
5.196152422706632
7.54983443527075
6.855654600401044
4.69041575982343
5.291502622129181
4.0
5.196152422706632
4.795831523312719
8.426149773176359
4.123105625617661
9.433981132056603
5.656854249492381
4.358898943540674
6.48074069840786
3.872983346207417
4.69041575982343
6.082762530298219
2.8284271247461903
8.48528137423857
4.123105625617661
4.242640687119285
4.58257569495584
4.0
8.06225774829855
4.242640687119285
6.0
6.855654600401044
8.18535277187245
8.18535277187245
9.539392014169456
6.082762530298219
2.6457513110645907
6.48074069840786
4.58257569495584
5.916079783099616
9.16515138991168
4.58257569495584
5.196152422706632
4.47213595499958
8.12403840463596
5.744562646538029
5.291502622129181
2.449489742783178
3.0
4.898979485566356
10.723805294763608
4.795831523312719
4.58257569495584
4.123105625617661
5.744562646538029
4.795831523312719
5.5677643628300215
4.795831523312719
6.082762530298219
9.327379053088816
5.5677643628300215
5.0
4.47213595499958
10.099504938362077
7.483314773547883
3.4641016151377544
4.58257569495584
6.557438524302
7.874007874011811
5.916079783099616
4.358898943540674
8.06225774829855
5.385164807134504
4.242640687119285
6.0
8.94427190999916
7.483314773547883
7.483314773547883
4.58257569495584
8.12403840463596
4.69041575982343
8.54400374531753
7.416198487095663
6.324555320336759
4.795831523312719
4.358898943540674
6.708203932499369
6.557438524302
7.280109889280518
3.1622776601683795
6.928203230275509
7.745966692414834
6.855654600401044
9.0
10.392304845413264
5.196152422706632
3.4641016151377544
6.324555320336759
8.717797887081348
8.602325267042627
3.7416573867739413
5.477225575051661
6.855654600401044
7.681145747868608
9.695359714832659
6.855654600401044
8.660254037844387
7.483314773547883
4.358898943540674
5.196152422706632
3.872983346207417
8.774964387392123
4.242640687119285
4.898979485566356
5.385164807134504
7.0
3.605551275463989
4.795831523312719
4.0
4.58257569495584
7.14142842854285
4.358898943540674
3.0
7.810249675906654
5.385164807134504
4.0
8.831760866327848
3.7416573867739413
5.5677643628300215
4.242640687119285
7.874007874011811
3.3166247903554
6.557438524302
4.358898943540674
4.358898943540674
7.211102550927978
4.47213595499958
6.4031242374328485
7.416198487095663
3.4641016151377544
7.14142842854285
9.486832980505138
7.0710678118654755
4.69041575982343
8.94427190999916
5.0990195135927845
8.306623862918075
4.0
4.0
3.872983346207417
8.602325267042627
8.18535277187245
4.358898943540674
8.306623862918075
7.937253933193772
5.291502622129181
8.12403840463596
4.58257569495584
5.5677643628300215
3.872983346207417
5.385164807134504
6.557438524302
8.06225774829855
4.47213595499958
3.872983346207417
4.58257569495584
6.782329983125268
10.099504938362077
7.14142842854285
5.0
9.16515138991168
7.483314773547883
3.605551275463989
11.313708498984761
8.602325267042627
6.48074069840786
8.660254037844387
8.18535277187245
5.744562646538029
4.242640687119285
6.782329983125268
5.5677643628300215
5.0990195135927845
3.3166247903554
4.69041575982343
6.928203230275509
6.782329983125268
4.898979485566356
4.358898943540674
8.660254037844387
7.0
3.3166247903554
4.358898943540674
5.656854249492381
2.8284271247461903
6.082762530298219
2.6457513110645907
4.47213595499958
4.898979485566356
5.0
8.0
9.273618495495704
9.899494936611665
5.830951894845301
3.3166247903554
3.7416573867739413
8.426149773176359
3.4641016151377544
7.280109889280518
10.44030650891055
3.4641016151377544
7.745966692414834
5.744562646538029
5.656854249492381
10.198039027185569
3.1622776601683795
7.54983443527075
4.358898943540674
3.4641016151377544
5.5677643628300215
9.327379053088816
5.0990195135927845
7.211102550927978
7.483314773547883
7.874007874011811
7.681145747868608
10.099504938362077
6.164414002968976
2.8284271247461903
5.0990195135927845
8.602325267042627
7.681145747868608
4.69041575982343
6.6332495807108
4.47213595499958
3.605551275463989
5.0990195135927845
5.5677643628300215
5.385164807134504
9.797958971132712
6.0
8.774964387392123
3.4641016151377544
4.795831523312719
5.916079783099616
6.0
6.082762530298219
4.123105625617661
3.872983346207417
7.483314773547883
5.0
5.0990195135927845
8.888194417315589
9.1104335791443
5.0
3.1622776601683795
4.0
5.744562646538029
8.54400374531753
4.0
4.242640687119285
6.164414002968976
8.306623862918075
8.48528137423857
4.0
4.242640687119285
4.0
5.196152422706632
5.196152422706632
4.242640687119285
4.358898943540674
5.5677643628300215
4.898979485566356
4.358898943540674
10.535653752852738
6.557438524302
7.937253933193772
3.4641016151377544
3.605551275463989
5.0990195135927845
4.47213595499958
7.0710678118654755
6.0
6.6332495807108
5.0990195135927845
5.744562646538029
9.797958971132712
4.123105625617661
10.392304845413264
4.69041575982343
7.280109889280518
4.69041575982343
4.47213595499958
8.54400374531753
7.54983443527075
2.6457513110645907
5.477225575051661
4.795831523312719
3.3166247903554
7.483314773547883
4.898979485566356
4.358898943540674
6.782329983125268
3.4641016151377544
3.7416573867739413
8.54400374531753
5.656854249492381
9.797958971132712
5.385164807134504
4.69041575982343
7.937253933193772
10.488088481701515
6.164414002968976
8.426149773176359
8.06225774829855
4.795831523312719
4.123105625617661
5.656854249492381
7.3484692283495345
5.477225575051661
4.47213595499958
4.242640687119285
9.591663046625438
7.54983443527075
4.123105625617661
5.5677643628300215
3.0
6.557438524302
7.681145747868608
6.708203932499369
7.211102550927978
4.47213595499958
7.211102550927978
5.656854249492381
4.123105625617661
5.0
8.426149773176359
6.855654600401044
9.797958971132712
7.874007874011811
4.58257569495584
6.557438524302
7.211102550927978
5.477225575051661
3.605551275463989
7.3484692283495345
8.06225774829855
7.937253933193772
3.1622776601683795
4.123105625617661
5.0990195135927845
6.557438524302
3.4641016151377544
5.0990195135927845
6.324555320336759
7.681145747868608
9.1104335791443
7.54983443527075
4.242640687119285
3.7416573867739413
2.8284271247461903
8.660254037844387
4.898979485566356
5.477225575051661
6.164414002968976
2.8284271247461903
9.0
8.774964387392123
3.605551275463989
4.58257569495584
4.795831523312719
4.58257569495584
8.18535277187245
3.4641016151377544
4.58257569495584
11.090536506409418
7.874007874011811
7.14142842854285
7.211102550927978
9.055385138137417
8.54400374531753
7.0710678118654755
4.242640687119285
3.1622776601683795
6.782329983125268
3.872983346207417
3.872983346207417
3.0
7.0
4.58257569495584
4.58257569495584
5.477225575051661
8.12403840463596
4.47213595499958
6.0
5.0990195135927845
6.0
4.358898943540674
2.6457513110645907
5.830951894845301
5.744562646538029
7.874007874011811
4.123105625617661
4.47213595499958
8.831760866327848
6.082762530298219
5.385164807134504
5.5677643628300215
4.58257569495584
6.164414002968976
9.797958971132712
5.744562646538029
10.488088481701515
8.0
8.246211251235321
7.0
3.872983346207417
3.3166247903554
6.082762530298219
8.06225774829855
4.242640687119285
7.3484692283495345
6.082762530298219
6.6332495807108
7.745966692414834
7.211102550927978
6.0
7.681145747868608
7.0710678118654755
6.48074069840786
5.477225575051661
9.055385138137417
8.366600265340756
7.483314773547883
6.164414002968976
6.244997998398398
8.12403840463596
6.557438524302
8.0
7.615773105863909
6.48074069840786
8.0
6.48074069840786
6.244997998398398
6.082762530298219
8.602325267042627
9.327379053088816
5.916079783099616
7.483314773547883
5.830951894845301
7.937253933193772
6.782329983125268
8.888194417315589
7.681145747868608
6.855654600401044
4.69041575982343
6.164414002968976
8.12403840463596
6.324555320336759
5.744562646538029
8.426149773176359
5.656854249492381
7.0710678118654755
6.708203932499369
5.291502622129181
5.385164807134504
7.3484692283495345
5.0
5.830951894845301
9.643650760992955
8.306623862918075
6.928203230275509
9.591663046625438
7.211102550927978
6.082762530298219
6.0
6.928203230275509
9.273618495495704
8.12403840463596
8.48528137423857
7.0710678118654755
6.708203932499369
7.14142842854285
6.782329983125268
7.416198487095663
6.928203230275509
5.477225575051661
9.486832980505138
8.366600265340756
6.782329983125268
5.196152422706632
6.48074069840786
5.477225575051661
7.483314773547883
6.928203230275509
6.324555320336759
7.681145747868608
5.744562646538029
5.744562646538029
8.246211251235321
8.94427190999916
8.660254037844387
6.48074069840786
6.48074069840786
8.18535277187245
6.324555320336759
7.0
7.810249675906654
8.0
7.681145747868608
5.196152422706632
5.196152422706632
7.483314773547883
6.48074069840786
7.14142842854285
6.164414002968976
6.708203932499369
6.557438524302
7.14142842854285
9.643650760992955
5.830951894845301
6.6332495807108
7.615773105863909
7.874007874011811
6.855654600401044
5.656854249492381
7.0
8.831760866327848
7.681145747868608
7.0
5.830951894845301
7.483314773547883
7.681145747868608
5.385164807134504
6.6332495807108
5.291502622129181
7.681145747868608
5.656854249492381
7.416198487095663
7.745966692414834
9.797958971132712
6.4031242374328485
6.557438524302
9.899494936611665
7.874007874011811
7.810249675906654
5.830951894845301
7.483314773547883
7.3484692283495345
4.898979485566356
6.708203932499369
8.94427190999916
8.12403840463596
5.744562646538029
7.615773105863909
6.244997998398398
7.0
7.211102550927978
7.3484692283495345
5.5677643628300215
8.18535277187245
5.0
7.483314773547883
4.123105625617661
6.324555320336759
5.5677643628300215
6.082762530298219
6.0
6.855654600401044
9.9498743710662
6.708203932499369
8.306623862918075
7.280109889280518
7.745966692414834
5.477225575051661
6.6332495807108
6.324555320336759
7.211102550927978
7.211102550927978
7.54983443527075
7.681145747868608
6.0
6.164414002968976
5.385164807134504
9.591663046625438
5.291502622129181
6.4031242374328485
5.5677643628300215
5.830951894845301
5.744562646538029
3.605551275463989
7.14142842854285
5.477225575051661
7.745966692414834
7.681145747868608
8.06225774829855
6.0
6.164414002968976
5.385164807134504
5.196152422706632
6.557438524302
4.898979485566356
7.745966692414834
7.0710678118654755
9.899494936611665
5.477225575051661
7.681145747868608
7.211102550927978
6.324555320336759
8.306623862918075
6.244997998398398
5.196152422706632
7.416198487095663
7.280109889280518
6.324555320336759
5.196152422706632
7.0710678118654755
6.244997998398398
6.708203932499369
7.0
7.615773105863909
9.273618495495704
7.14142842854285
6.48074069840786
7.0
7.483314773547883
7.0
8.366600265340756
6.0
7.615773105863909
8.366600265340756
6.708203932499369
6.4031242374328485
5.656854249492381
7.0
5.656854249492381
6.324555320336759
7.54983443527075
8.94427190999916
4.795831523312719
5.744562646538029
5.916079783099616
5.656854249492381
6.0
6.6332495807108
5.656854249492381
7.3484692283495345
9.16515138991168
5.196152422706632
8.06225774829855
8.54400374531753
4.898979485566356
7.54983443527075
7.937253933193772
5.830951894845301
8.306623862918075
5.477225575051661
5.656854249492381
7.0710678118654755
6.48074069840786
5.656854249492381
6.0
9.055385138137417
9.486832980505138
6.6332495807108
7.280109889280518
7.615773105863909
8.12403840463596
5.744562646538029
5.744562646538029
6.557438524302
7.681145747868608
9.695359714832659
6.244997998398398
7.14142842854285
7.280109889280518
8.48528137423857
5.291502622129181
6.164414002968976
8.12403840463596
6.928203230275509
5.291502622129181
5.830951894845301
6.244997998398398
8.602325267042627
6.928203230275509
6.782329983125268
6.164414002968976
7.681145747868608
8.366600265340756
6.708203932499369
5.385164807134504
7.280109889280518
7.54983443527075
5.5677643628300215
7.0710678118654755
4.58257569495584
8.306623862918075
7.14142842854285
11.575836902790225
6.324555320336759
6.928203230275509
6.48074069840786
5.916079783099616
6.082762530298219
7.0710678118654755
6.6332495807108
6.782329983125268
7.937253933193772
9.055385138137417
8.0
7.0710678118654755
8.426149773176359
6.708203932499369
8.602325267042627
6.557438524302
6.4031242374328485
6.782329983125268
6.082762530298219
5.744562646538029
6.48074069840786
8.12403840463596
4.795831523312719
6.4031242374328485
7.14142842854285
7.615773105863909
5.477225575051661
8.246211251235321
7.280109889280518
5.656854249492381
6.48074069840786
4.898979485566356
4.0
6.4031242374328485
6.244997998398398
5.477225575051661
6.708203932499369
6.557438524302
6.557438524302
8.0
6.082762530298219
6.4031242374328485
6.557438524302
6.708203932499369
6.928203230275509
6.557438524302
9.055385138137417
7.3484692283495345
6.928203230275509
5.477225575051661
7.0
9.273618495495704
8.306623862918075
5.0990195135927845
7.211102550927978
6.4031242374328485
5.385164807134504
8.717797887081348
6.782329983125268
7.615773105863909
5.656854249492381
6.782329983125268
6.557438524302
6.082762530298219
6.557438524302
5.656854249492381
6.782329983125268
7.937253933193772
6.708203932499369
6.557438524302
6.082762530298219
5.385164807134504
6.557438524302
6.082762530298219
8.54400374531753
6.708203932499369
8.0
8.246211251235321
6.708203932499369
9.486832980505138
5.477225575051661
7.810249675906654
5.196152422706632
6.6332495807108
6.6332495807108
5.656854249492381
5.5677643628300215
8.246211251235321
6.082762530298219
7.0710678118654755
7.0
6.4031242374328485
4.0
5.744562646538029
5.0
7.0710678118654755
5.385164807134504
8.06225774829855
7.0
7.14142842854285
6.928203230275509
8.660254037844387
4.0
6.244997998398398
7.14142842854285
5.477225575051661
5.385164807134504
5.477225575051661
5.477225575051661
7.3484692283495345
8.366600265340756
6.928203230275509
6.082762530298219
5.656854249492381
9.848857801796104
6.164414002968976
7.0710678118654755
5.744562646538029
10.677078252031311
4.358898943540674
5.744562646538029
8.717797887081348
6.557438524302
6.928203230275509
5.196152422706632
7.211102550927978
5.385164807134504
8.12403840463596
7.211102550927978
7.874007874011811
4.47213595499958
9.0
8.18535277187245
6.164414002968976
5.0990195135927845
6.928203230275509
7.3484692283495345
7.937253933193772
7.483314773547883
6.855654600401044
7.3484692283495345
6.164414002968976
5.656854249492381
6.082762530298219
6.928203230275509
9.16515138991168
4.242640687119285
9.0
8.12403840463596
8.602325267042627
7.745966692414834
6.0
5.477225575051661
5.5677643628300215
6.164414002968976
8.426149773176359
6.782329983125268
6.928203230275509
10.04987562112089
6.855654600401044
7.14142842854285
9.486832980505138
6.164414002968976
7.483314773547883
6.557438524302
7.416198487095663
7.211102550927978
7.14142842854285
8.366600265340756
6.48074069840786
7.681145747868608
8.306623862918075
6.4031242374328485
6.164414002968976
6.855654600401044
7.211102550927978
8.48528137423857
7.3484692283495345
5.656854249492381
7.0
7.416198487095663
6.855654600401044
7.874007874011811
5.0990195135927845
8.306623862918075
7.483314773547883
5.291502622129181
7.483314773547883
5.830951894845301
6.855654600401044
7.211102550927978
8.426149773176359
7.3484692283495345
8.06225774829855
3.7416573867739413
5.291502622129181
6.4031242374328485
4.0
6.928203230275509
6.855654600401044
5.916079783099616
6.0
8.0
6.082762530298219
4.795831523312719
6.855654600401044
9.899494936611665
9.273618495495704
8.48528137423857
7.3484692283495345
8.06225774829855
5.916079783099616
6.855654600401044
7.681145747868608
6.48074069840786
6.928203230275509
5.744562646538029
7.681145747868608
7.810249675906654
5.477225575051661
7.0
7.874007874011811
9.327379053088816
6.48074069840786
7.211102550927978
7.810249675906654
7.681145747868608
10.344080432788601
6.4031242374328485
5.744562646538029
9.0
7.483314773547883
9.16515138991168
6.244997998398398
13.038404810405298
10.954451150103322
5.744562646538029
5.744562646538029
7.483314773547883
11.313708498984761
10.295630140987
11.357816691600547
10.488088481701515
8.06225774829855
5.830951894845301
6.708203932499369
8.366600265340756
8.366600265340756
6.0
6.4031242374328485
8.306623862918075
7.745966692414834
7.937253933193772
10.488088481701515
12.489995996796797
5.830951894845301
6.708203932499369
9.591663046625438
7.14142842854285
7.14142842854285
10.954451150103322
7.874007874011811
7.14142842854285
8.660254037844387
6.0
9.539392014169456
10.392304845413264
7.483314773547883
7.14142842854285
10.14889156509222
8.0
7.211102550927978
8.0
7.280109889280518
10.583005244258363
10.862780491200215
7.14142842854285
6.324555320336759
6.48074069840786
8.0
7.615773105863909
8.774964387392123
7.937253933193772
7.937253933193772
6.244997998398398
6.855654600401044
5.477225575051661
5.744562646538029
6.164414002968976
8.246211251235321
7.14142842854285
5.385164807134504
7.810249675906654
13.711309200802088
7.211102550927978
6.4031242374328485
7.280109889280518
8.06225774829855
7.874007874011811
7.54983443527075
13.379088160259652
12.12435565298214
5.477225575051661
14.628738838327793
6.324555320336759
6.782329983125268
6.082762530298219
9.899494936611665
5.5677643628300215
8.717797887081348
7.681145747868608
7.416198487095663
6.782329983125268
7.54983443527075
8.18535277187245
7.416198487095663
6.782329983125268
7.0
11.445523142259598
8.54400374531753
7.615773105863909
8.426149773176359
7.745966692414834
9.695359714832659
7.14142842854285
9.695359714832659
9.591663046625438
7.211102550927978
7.810249675906654
8.246211251235321
8.94427190999916
9.899494936611665
7.937253933193772
8.831760866327848
9.16515138991168
8.660254037844387
8.306623862918075
8.660254037844387
10.14889156509222
7.3484692283495345
8.306623862918075
7.874007874011811
6.324555320336759
6.164414002968976
6.557438524302
9.591663046625438
5.916079783099616
7.681145747868608
9.273618495495704
9.797958971132712
10.246950765959598
6.782329983125268
6.4031242374328485
7.810249675906654
7.681145747868608
8.94427190999916
7.874007874011811
7.0710678118654755
6.244997998398398
7.937253933193772
7.681145747868608
7.681145747868608
9.1104335791443
10.344080432788601
6.6332495807108
8.426149773176359
8.888194417315589
12.083045973594572
7.615773105863909
7.3484692283495345
10.770329614269007
10.677078252031311
7.810249675906654
6.557438524302
7.3484692283495345
8.426149773176359
7.416198487095663
4.358898943540674
6.082762530298219
6.6332495807108
7.3484692283495345
7.483314773547883
8.12403840463596
7.280109889280518
7.416198487095663
7.483314773547883
11.704699910719626
6.708203932499369
6.48074069840786
9.746794344808963
7.745966692414834
7.0
8.306623862918075
9.38083151964686
5.656854249492381
9.219544457292887
5.0990195135927845
7.14142842854285
7.416198487095663
6.928203230275509
8.306623862918075
7.681145747868608
10.04987562112089
5.196152422706632
12.96148139681572
7.810249675906654
7.874007874011811
6.082762530298219
6.164414002968976
8.12403840463596
7.810249675906654
6.855654600401044
5.830951894845301
6.782329983125268
10.816653826391969
6.48074069840786
5.830951894845301
10.099504938362077
7.416198487095663
9.327379053088816
6.082762530298219
7.54983443527075
10.816653826391969
5.477225575051661
7.615773105863909
9.486832980505138
7.0
5.656854249492381
8.660254037844387
6.244997998398398
9.055385138137417
9.327379053088816
7.810249675906654
8.12403840463596
8.774964387392123
9.643650760992955
5.5677643628300215
7.3484692283495345
6.164414002968976
7.681145747868608
6.557438524302
6.324555320336759
7.54983443527075
7.937253933193772
10.392304845413264
10.04987562112089
6.082762530298219
9.0
7.416198487095663
8.717797887081348
6.928203230275509
8.06225774829855
9.219544457292887
8.774964387392123
6.782329983125268
12.328828005937952
6.244997998398398
10.099504938362077
8.48528137423857
8.366600265340756
8.0
7.615773105863909
10.295630140987
10.14889156509222
10.862780491200215
9.486832980505138
6.6332495807108
6.6332495807108
8.48528137423857
8.660254037844387
9.433981132056603
7.14142842854285
5.916079783099616
8.888194417315589
8.246211251235321
7.0
8.660254037844387
8.54400374531753
8.12403840463596
8.660254037844387
7.416198487095663
6.324555320336759
9.746794344808963
6.708203932499369
7.280109889280518
7.0710678118654755
7.681145747868608
7.280109889280518
5.385164807134504
9.9498743710662
8.12403840463596
7.745966692414834
7.280109889280518
9.591663046625438
9.0
9.539392014169456
9.591663046625438
6.324555320336759
8.660254037844387
9.38083151964686
6.6332495807108
9.539392014169456
7.3484692283495345
6.082762530298219
6.557438524302
8.774964387392123
8.366600265340756
6.6332495807108
7.14142842854285
6.0
8.18535277187245
6.082762530298219
6.928203230275509
6.48074069840786
9.591663046625438
7.54983443527075
8.12403840463596
5.656854249492381
12.206555615733702
9.797958971132712
7.416198487095663
6.0
9.746794344808963
8.660254037844387
6.4031242374328485
5.830951894845301
8.06225774829855
7.615773105863909
7.810249675906654
7.745966692414834
7.14142842854285
6.082762530298219
5.196152422706632
10.816653826391969
12.041594578792296
6.4031242374328485
10.862780491200215
5.291502622129181
5.477225575051661
7.280109889280518
7.615773105863909
6.4031242374328485
9.643650760992955
6.855654600401044
7.483314773547883
11.916375287812984
11.661903789690601
9.591663046625438
6.708203932499369
6.782329983125268
8.774964387392123
6.6332495807108
6.928203230275509
11.269427669584644
8.0
8.12403840463596
6.928203230275509
6.928203230275509
6.164414002968976
7.810249675906654
6.0
8.246211251235321
11.661903789690601
6.244997998398398
7.681145747868608
10.908712114635714
13.638181696985855
6.855654600401044
6.4031242374328485
8.246211251235321
7.0
5.916079783099616
8.888194417315589
8.06225774829855
6.708203932499369
6.557438524302
8.54400374531753
7.54983443527075
11.61895003862225
8.0
6.782329983125268
8.366600265340756
9.9498743710662
8.831760866327848
9.055385138137417
11.575836902790225
10.295630140987
5.744562646538029
5.830951894845301
6.324555320336759
6.244997998398398
8.246211251235321
7.874007874011811
9.848857801796104
8.306623862918075
8.602325267042627
7.54983443527075
6.48074069840786
9.746794344808963
9.746794344808963
11.0
4.795831523312719
12.806248474865697
6.6332495807108
6.782329983125268
9.9498743710662
8.426149773176359
7.54983443527075
6.48074069840786
12.727922061357855
7.483314773547883
7.211102550927978
10.0
6.6332495807108
8.426149773176359
6.244997998398398
6.48074069840786
8.12403840463596
7.810249675906654
7.14142842854285
7.874007874011811
7.745966692414834
11.445523142259598
5.291502622129181
9.327379053088816
6.4031242374328485
8.717797887081348
9.219544457292887
9.591663046625438
8.774964387392123
7.211102550927978
9.433981132056603
19.261360284258224
7.54983443527075
10.246950765959598
7.681145747868608
8.12403840463596
10.14889156509222
7.745966692414834
6.6332495807108
8.48528137423857
6.6332495807108
7.416198487095663
7.14142842854285
9.643650760992955
6.48074069840786
10.0
7.54983443527075
8.426149773176359
9.899494936611665
4.898979485566356
7.280109889280518
8.0
8.0
7.14142842854285
7.0710678118654755
9.0
6.708203932499369
6.244997998398398
8.306623862918075
7.615773105863909
6.48074069840786
10.44030650891055
9.433981132056603
7.874007874011811
7.0
7.615773105863909
7.483314773547883
7.937253933193772
6.244997998398398
10.0
9.0
7.681145747868608
10.0
8.48528137423857
6.557438524302
7.280109889280518
5.5677643628300215
7.3484692283495345
9.327379053088816
9.433981132056603
7.615773105863909
11.74734012447073
7.0710678118654755
7.0710678118654755
12.489995996796797
8.12403840463596
6.324555320336759
5.291502622129181
7.681145747868608
6.928203230275509
6.855654600401044
8.306623862918075
10.677078252031311
6.855654600401044
7.615773105863909
9.433981132056603
7.54983443527075
7.3484692283495345
6.324555320336759
7.681145747868608
6.928203230275509
7.681145747868608
7.0710678118654755
9.539392014169456
11.0
6.708203932499369
9.797958971132712
6.324555320336759
8.48528137423857
11.445523142259598
7.416198487095663
6.782329983125268
7.14142842854285
8.0
5.5677643628300215
7.810249675906654
8.54400374531753
5.0
7.416198487095663
9.16515138991168
6.928203230275509
11.575836902790225
10.14889156509222
9.327379053088816
10.198039027185569
10.723805294763608
11.445523142259598
9.327379053088816
11.313708498984761
11.0
8.717797887081348
8.94427190999916
11.958260743101398
10.099504938362077
12.083045973594572
10.723805294763608
9.433981132056603
9.1104335791443
10.099504938362077
7.874007874011811
11.445523142259598
9.486832980505138
8.48528137423857
8.54400374531753
7.681145747868608
9.899494936611665
8.660254037844387
10.583005244258363
8.0
11.874342087037917
10.246950765959598
10.583005244258363
12.767145334803704
11.575836902790225
10.44030650891055
11.269427669584644
14.730919862656235
11.445523142259598
11.224972160321824
9.16515138991168
11.40175425099138
9.746794344808963
9.848857801796104
8.94427190999916
12.489995996796797
9.539392014169456
7.483314773547883
8.774964387392123
11.704699910719626
7.810249675906654
14.45683229480096
13.0
8.602325267042627
9.055385138137417
10.392304845413264
10.723805294763608
9.1104335791443
12.727922061357855
10.099504938362077
13.341664064126334
9.16515138991168
10.488088481701515
8.888194417315589
14.212670403551895
11.575836902790225
8.366600265340756
9.695359714832659
11.045361017187261
7.54983443527075
8.12403840463596
9.1104335791443
11.045361017187261
12.041594578792296
9.9498743710662
10.246950765959598
11.045361017187261
10.63014581273465
8.48528137423857
9.539392014169456
9.327379053088816
11.180339887498949
10.583005244258363
7.615773105863909
10.392304845413264
7.615773105863909
7.810249675906654
12.409673645990857
11.180339887498949
16.792855623746664
8.94427190999916
9.539392014169456
7.416198487095663
9.38083151964686
7.615773105863909
10.677078252031311
9.38083151964686
9.486832980505138
12.206555615733702
10.198039027185569
9.9498743710662
10.862780491200215
