Model: KNN
Dataset 11: musk.mat
Time taken: 1.1578330993652344 seg.
Accuracy: 0.010309278350515464
@scores
434.35008921375857
415.84853011643554
461.66654632970756
415.13371339846634
415.07710127155894
465.04193359309005
481.6783158914256
365.0753346913483
365.1424379608593
481.69907618761323
365.1383299518143
321.0747576499903
320.60411725366225
321.06229925047256
434.0552960165329
345.67904188712396
345.5879048809434
434.34203112293886
434.0161287325622
321.06229925047256
348.0833233580718
483.3642518846424
490.4161498156438
482.7017712832635
483.16146369510886
365.1424379608593
486.4894654563447
364.89450530256
486.8192683121735
364.949311548878
320.95170976332247
543.6340681009607
626.4359504370739
543.3902833139364
616.9246307289084
542.7411906240395
616.8946425444137
484.8525549071594
484.85358614740596
326.0613439216615
325.671613746117
434.2119298222931
327.1330004753418
314.92856332825704
480.6516410041684
480.95114096964153
314.7220996371243
314.88092987667574
480.84820889756884
542.2139799009243
542.6140433125556
417.8564346758346
434.35008921375857
418.82335178449637
415.84853011643554
393.77658640401665
345.2578746386532
393.14246781542187
345.4258241648994
405.1197353869594
345.5922452833686
405.49475952224094
345.5879048809434
434.1555020957353
332.1731476203337
325.90489410255867
326.0613439216615
572.5967167212889
325.86807146451156
522.6729378875474
522.4375560772789
523.1883026215322
491.04785917464295
487.71303037749567
321.0747576499903
416.746925603537
485.6346363265289
332.1731476203337
331.03323096027685
485.65213888131905
422.15400033637013
481.8640887221209
422.58726909361576
481.29720547703164
481.48416381019223
434.34203112293886
489.465014071486
488.6419957392119
425.3363375024523
425.6359947184918
425.31282604689926
508.75436116066857
610.190953718588
610.7429901357854
536.3263931599861
348.01293079424505
348.147957052745
556.4341829902257
507.53522045272877
539.4608419524071
484.55443450658873
483.8109134775693
542.8894915173805
485.0463895340321
508.77499938577955
396.80977810532846
397.12970173483626
414.1871557641545
556.761169623026
466.2134704188629
410.8259972299708
520.056727674972
552.419224864595
485.0206181184466
482.91096487862023
549.5871177529547
570.2341624280327
559.2736360673548
490.60370972914586
589.7507948277814
521.8448045156721
595.273886542993
562.6197650278561
581.4275535266626
465.02688094345683
523.8158073216194
485.4585461190276
482.3847012499464
497.38415736732105
482.9151064110544
535.6827419284665
510.10881192153505
581.4688297750791
539.4525002259235
589.963558196606
461.5257305936474
487.12934627263013
580.7632908509283
504.10514776185335
572.7914105501234
588.144540057969
506.4543414761098
433.8870820847286
498.40345103139083
504.0446408801506
480.9417844188629
532.7053594624331
477.2829349557765
511.07827189188936
566.7521504149764
506.2430246433031
511.13794615543856
517.7653908866447
535.5520516252366
513.5455189172621
491.5709511352354
501.7230311636092
451.16737470699275
547.8777235843779
529.7697613114588
511.74798485191906
492.425628902477
498.067264533617
505.98122494812
445.89348503874777
520.5391435809606
497.14484810767175
418.2642705276175
511.22206525149124
504.3550336816319
532.7626113007556
449.00334074481003
479.56647088803027
479.85727044611923
499.06612788286884
509.86664923291465
479.2024624310689
539.4608419524071
497.5278886655501
569.5542116427548
593.840887780557
658.6364702929834
705.9270500554572
500.24693902111983
555.5483777314088
569.5015364333972
485.5852139429289
495.27265218261346
523.8091255409742
514.1079653146797
566.9761899762634
483.5824645290604
602.2183989218529
635.9544008810694
690.835002008439
657.1209934251074
657.1209934251074
510.87180388038644
701.9437299385187
622.5865401693165
599.1402173114403
635.9544008810694
598.5657858581628
568.2904187121229
648.6586159144115
547.970802141866
542.2029140460239
530.1801580595034
562.6384274114238
555.0432415587095
626.0798671096204
636.0793975597701
584.2542254875013
657.8784082184184
620.8172033698809
580.9991394141647
609.4604170903964
673.902070036886
635.3558058285137
620.4804589993145
473.15959252666534
617.7038125185888
593.1584948392799
681.1923370091592
599.3471448167581
655.7652018825031
605.0958601742371
608.3165294482799
522.4499976074266
631.5979733976353
549.3587170510722
484.6834018201985
581.0344223882092
452.84765650271396
452.80459361627504
469.7169360370137
433.1789468568388
486.4997430626249
485.7036133281283
455.05274419565916
527.1015082505456
482.1669835233433
473.76787565220167
478.4004598659997
446.43364568544786
476.63927660233793
571.1514685265197
495.91934828155274
496.23180067383834
432.95034357302455
472.09003378592945
434.2188388359031
538.4329113269359
456.0076753740007
448.0546841625473
475.4440030119215
506.4543414761098
417.5104789104101
553.8889780452397
502.98011889139315
523.6945674723006
592.4955696036891
482.28622207149976
476.6403256125105
497.5278886655501
510.80818317642485
479.30887744751817
559.7517306806652
474.36167636098094
483.3290804410593
525.7917838840771
478.7849203974578
581.9845358770283
479.62902330864006
559.6177266670526
456.1819812311749
440.65292464705146
497.8092003970999
524.6627488206115
548.1715060088403
511.23086761266677
456.1962297082255
526.5206548655048
495.91934828155274
466.139464109187
522.43564196942
503.39348426454626
529.5611390576163
549.7572191431414
556.6524948295839
486.82132245825056
397.151104744781
412.05339459832146
559.6436366117281
496.23180067383834
482.05912500439194
532.2527595043542
538.2768804249353
557.3966271874992
566.4247522840082
528.7749994090113
486.41134855181986
566.3814968729116
469.9957446615873
529.7603231651083
560.838657726088
569.5542116427548
551.8432748525618
582.6740083442885
472.5854420102253
498.42150836415556
473.607432374113
590.238934669681
457.16955279195923
504.0446408801506
509.4585360949407
490.9796329788029
451.5860936742849
648.0192898363443
586.2303301604243
686.7139142321204
647.2209823545587
574.3509380161227
601.4224804577893
677.9963126743389
568.7187354044177
696.4107983080102
583.1191987921509
505.0742519669756
649.640669909143
647.6928284302676
590.1084646062959
630.921548213405
599.4322313656482
634.8409249567958
520.2633948299649
581.8779940846706
616.9165259579289
649.373544271708
530.1499787795902
584.3731684463277
556.8877804369566
612.2213651939958
616.9165259579289
608.361734496837
649.5552324475572
588.0943801805965
676.7916961665532
632.1305244963258
655.5936241300703
528.0587088572634
557.9793903003945
694.4710217136493
655.5936241300703
559.1368347730277
643.7631552053907
559.3272745003591
611.5120603880189
512.4041373759584
561.2949313863435
583.8629976287245
471.45095184971257
568.1214658855974
575.2747169831123
517.3828369785763
624.9519981566584
651.4184523023584
575.2747169831123
599.1585766723197
554.9153088535222
584.240532657569
557.0260317076752
494.3591811628464
575.8133378100928
544.8678738923777
557.7203600371785
521.0710124349655
639.4020644320755
653.0826900171218
640.1374852326646
581.7740111074058
624.322032287825
625.5261785089414
557.8019361744812
512.2284646522487
513.5260460775091
556.3299380763182
580.2568396839455
578.4980553122024
574.3283033248492
595.5358931248393
574.3283033248492
655.7873130825268
559.3272745003591
540.3757951648093
640.5872305939293
647.9961419638238
495.7025317667845
607.9777956471765
512.328995861058
504.56218645475207
549.1466106605776
514.9990291252984
513.5260460775091
545.1054943770059
550.9364754669997
594.2499474127028
588.820006453585
623.2399216995009
620.7157159279923
495.7025317667845
527.1015082505456
612.5773420556787
514.9990291252984
521.0710124349655
586.4784736032517
526.2499406175739
589.3080688400593
493.74183537553307
528.3937925449162
491.07433245894657
511.1359897326738
646.7727576204799
500.0359987040933
550.1808793478741
601.4224804577893
504.27968430227287
490.03367231242385
486.8480255685546
496.400040290087
535.9972014852316
511.7020617507809
564.0904182841613
593.509056375722
566.2499448123593
517.6069937703702
559.7517306806652
562.2677298227243
526.2499406175739
483.74683461496676
470.63149065909306
595.2066867903956
498.82762553812114
489.91938112305786
491.07433245894657
494.0313755218387
506.6418853588795
485.58933266701814
509.7165879192083
587.8639298341071
583.4612240757735
646.7727576204799
560.2552989486132
602.3288138550239
576.191808341632
512.328995861058
594.1868393022518
496.26303509328596
582.8876392582022
482.0456409926346
550.8048656284728
526.419984423084
574.3674781879629
562.3850993758637
590.5963088269347
577.6980179990235
477.3604508125909
552.3558635517505
582.8876392582022
598.8330318210578
562.6197650278561
515.8274905431078
508.79956760987915
581.0240958858764
550.2335867611137
544.8054698697508
485.58933266701814
502.4111861811996
507.7912957111416
554.1904004942705
571.3676574675889
542.3246260313098
474.34375720567886
600.5081181799294
577.6157892578768
549.1466106605776
577.556923601475
581.6837628815163
611.0531891742322
510.86886771460246
670.0305963163174
526.419984423084
573.9137565871722
491.5709511352354
463.88899534263584
580.0051723907296
505.47007824400447
568.7187354044177
632.796175715372
540.0870300238657
565.3529870797536
393.66356194090406
454.8329363623527
427.5429802955488
559.3719692655327
494.41581689909555
511.09001164178505
478.8402656418944
482.08298040897483
461.4455547515871
464.9096686454262
495.20904676712036
493.74183537553307
493.5483765549229
428.8904288976381
553.9954873462418
461.7456009535987
447.41144375172166
498.6622103187688
493.3284909672256
477.4871726025737
479.5591725741465
480.1905871630555
462.41215381951196
438.5875055219882
501.24844139408555
455.05274419565916
445.8632077218303
490.79221672720115
489.84283193693875
428.8904288976381
467.3574649024021
439.3256195579766
514.0573897922293
552.9358009751222
552.9041508254392
472.09003378592945
577.8105225763892
622.306998193014
460.0771674404197
470.8948927308513
485.74993566649084
515.6578322880396
509.6400690683573
581.3062875971668
563.1749284192257
452.84765650271396
452.80459361627504
485.2370554687678
469.7169360370137
446.165888431646
508.79956760987915
484.13427889377965
486.8737002550045
491.9308894550128
537.4634871319167
484.7267271360225
461.8874321736845
461.83546853830967
438.3377693058174
526.7447199545526
438.0399525157494
485.7550823202985
439.00683365979626
403.8873605350878
533.3451040367765
426.4997069166637
469.92978198875625
508.25584108793083
486.8737002550045
532.5758161989709
456.1962297082255
510.2352398649078
445.3246007127834
518.5132592325871
440.90588564908046
438.021688960718
432.84985849599167
473.607432374113
485.03401942544195
393.66356194090406
485.0463895340321
513.4627542480564
511.0606617613999
405.8250854740254
405.23696771148605
429.51717078598847
417.0491577739967
439.00683365979626
550.8048656284728
530.4337847460322
485.0206181184466
482.91096487862023
484.21482835617496
515.5657087122843
589.3080688400593
649.3689244181616
484.76489146801873
484.17971869957546
546.6342470061677
510.45567878122387
412.87528383278163
511.0606617613999
500.42681782654296
417.0491577739967
529.0453666747304
583.2838074213959
698.6279410387191
630.723394207001
679.6042966315031
607.9777956471765
480.50910501258977
503.77673626319825
469.7414182292211
389.2544155176663
514.6931124466307
463.82432019030654
460.8578956685021
478.21752372743515
545.7856722194161
486.32910667571605
546.6690040600437
595.470402287133
501.65625681336815
441.6469177974641
493.29605715026753
489.6182186152799
480.24368814175995
473.76787565220167
572.2857677769035
494.9404004524181
496.5420425301366
485.53578652865536
486.22319977557635
500.53471408085176
467.0653059262698
456.8643124604941
512.1903942871245
469.56149756980716
562.9236182645031
523.0812556381657
494.8181484141421
538.2870981177238
444.80445141657475
536.8528662492173
586.8475100057935
445.4020655542585
492.8346578721914
484.2571630858959
485.0
494.98888876418226
474.90314802073067
444.113724174338
534.7691090554877
453.343137148893
428.66653706581764
464.83222779837456
510.1685995825302
509.9245042160653
500.8093449607345
424.0719278613004
572.2857677769035
514.6542528727417
444.63693053996315
504.9316785467119
493.29605715026753
450.16774651234175
497.1508825296401
539.4172781808162
428.2721097620063
497.9046093379735
471.716016264023
418.2869828239937
492.8397305412785
455.04725029385685
421.2255927647322
522.3830012548265
514.5425152501978
507.3716586487661
465.7198728849779
429.0932299629068
497.9046093379735
427.55233597771394
425.4268444750519
476.36435634921304
660.9977307071485
595.6433496648813
423.3497372149887
421.6633728461603
522.3830012548265
588.6153242993254
607.6199470063503
460.0217386167745
462.1341796491577
540.8521054780133
504.2697690720712
424.9929411178496
629.1073040428
654.7549159800177
463.0064794363034
579.0587189568947
596.25414044684
591.3924247063028
593.540226100978
524.9276140574051
554.2625731546376
662.5239618308156
524.3510274615661
666.3317492060543
586.0972615530634
579.2141227559978
521.3482521309533
647.868813881329
655.3182432986282
646.0092878589286
534.8953168611592
616.1493325485308
592.7157834915483
614.2532051198431
531.4348501933233
649.758416644217
656.2522380914216
502.49776118904254
488.1372757739364
736.4923624858577
559.6498905565871
665.9647137799419
670.6183713558703
612.9029286926275
675.2532858120721
640.065621635782
523.9370191158475
582.7057576513209
650.1284488468414
465.001075267574
604.4096293078064
469.99042543439117
484.88349116050546
462.4662149822406
458.9651402884537
426.9531590233289
422.44289554920914
428.3223085481306
426.830177002517
440.477014156244
459.8738957583916
526.9620479693011
423.4760914148519
578.8704518283862
444.80445141657475
453.31446039145936
452.10286440145455
431.8194066968274
413.8767932609897
527.2456732871309
523.1768343495343
482.96687256995176
452.40910689330735
426.65091116743207
427.14634494514877
495.72976509384625
590.6758840514822
436.4962771891646
452.0099556425721
502.50373132943
491.3725674068507
507.3716586487661
450.7061126721048
488.27041687982694
575.8880099463784
576.7729189204362
443.6586525697431
504.6969387662263
427.55233597771394
522.9617576840586
501.716055154706
582.922807925715
448.1048984333914
444.63693053996315
578.1202297100491
501.69612316620504
450.16774651234175
431.6063020855928
561.617307425617
436.2373207326489
456.81177743136175
421.69657337948576
578.5533683248244
449.17702523615344
513.2221741117584
484.1559666058036
481.19226926458407
450.9434554353794
452.5671220935078
624.7231386782469
623.9927884198663
500.53471408085176
505.17620688231153
465.90020390637306
480.61731138193517
480.8981181081914
539.5757592776014
437.83101763123176
418.2869828239937
483.39218032566475
584.622100163858
577.9333871649916
420.65425232606407
583.9683210585999
598.5073098968801
542.0903983654387
589.7287512068579
503.77971376386324
489.9050928496253
581.6528174091483
538.8728978154311
498.3121511663146
532.0657854062785
505.17620688231153
489.93162788291187
435.64779352132615
590.6826559160172
465.001075267574
635.8608338307998
485.82198385828525
505.9051294462233
403.0707133990263
595.9857380843941
530.5874103293443
540.9916820062948
538.4616978021742
588.4878928236332
541.98708471697
544.5456821975545
619.91692991884
535.1439058795307
435.311382805458
532.3382383410006
587.5568057643447
639.9195261905984
634.5896311790793
530.5629086168765
592.4052666882698
502.6609195073753
555.2377868985503
608.6608250906247
543.758218328698
585.9863479638412
532.6321432283261
538.4793403650691
619.288301197431
532.5269946209299
582.4139421408111
527.9318137790144
473.8269726387471
686.0029154456998
588.4878928236332
536.6851963674794
527.2437766346796
645.3541663303956
633.8951017321399
588.3400377332823
582.3160653803053
585.375093423012
590.1313413131013
572.8917873385863
630.8185158981939
570.4471929986158
533.6065966608734
530.478086258047
465.3052761360008
593.3599244977705
594.6940389813908
555.7139551963762
585.375093423012
531.8148173941753
574.6477181717509
619.91692991884
525.1390292103606
640.6590356812272
436.5294949943245
532.6687526033417
541.6585640419618
587.7933310271562
557.6226322523145
501.2953221405522
608.8480927127882
481.36057171313894
598.432953638083
634.9385797067304
576.4963139517893
505.0742519669756
593.9461255029786
608.6608250906247
657.5287065976663
572.4106917240453
619.288301197431
592.4052666882698
459.10347417548473
497.1508825296401
597.5566918711563
492.8600206955318
435.7017328402539
436.59019686658104
529.0803341648601
632.8103981446576
511.75873221665694
586.7759367935942
582.4139421408111
533.671247117549
416.6089293330137
490.2417770855519
593.3599244977705
433.42011951454214
531.82139859167
501.9482044992292
406.4443381325418
586.7759367935942
636.7220743778246
513.4656755811434
538.4616978021742
548.1103903412159
396.66610644218144
442.7053195975851
493.9180093902226
505.8883275980975
496.4836351784417
532.9014918350294
598.9707839285652
523.1768343495343
511.5085532031698
419.4198373944656
569.4488563514725
434.3834711404199
548.4541913414465
506.613264729616
485.0226798820855
505.9051294462233
464.83222779837456
582.3160653803053
533.1116205824068
511.480204895556
549.8517982147553
480.0437480063666
507.2238164755279
480.4268935020187
436.3736930659317
420.055948654462
400.5446292237608
459.2885803065432
426.2499266862107
568.0536946451454
527.6144425619905
525.1390292103606
533.671247117549
486.8993735876028
480.3217671519791
431.0545209135383
435.458379182213
508.2341979835674
565.2176571905729
466.4204112171765
461.3989596867336
436.5294949943245
411.9223227745736
551.3637637712511
481.3003220443552
543.758218328698
447.69744247650107
534.9700926220082
476.3066239304257
512.3875486387233
502.981112965487
568.9305757295876
599.5323177277435
512.3865728139253
423.8584669438609
568.5622217488601
508.8791605086614
502.615160933293
524.1049513217748
587.3099692666557
416.2210950925001
592.0253372956262
510.8669102613713
587.3099692666557
501.2953221405522
599.1235264951628
553.2494916400738
596.5316420777694
492.8600206955318
426.42584349450493
516.0281000100673
594.8487202642366
635.0448803037467
449.17702523615344
601.8961704480267
467.0321188098309
597.9581925185071
382.9399430720175
639.1071897577119
527.2456732871309
422.47603482327844
385.84971167541386
410.3352288068866
399.98499971873946
424.25817611449753
427.71836528257705
441.62993557955286
483.5255939451396
479.48618332544265
428.3223085481306
449.8555323656696
489.24329326011207
402.9714630094791
432.83830699234557
467.53930316070756
480.23431780746364
502.40820057001457
493.94331658602283
412.06188855559066
406.2289994572027
480.4008742706449
464.9096686454262
492.2631410130155
500.84328886389204
489.58758154185244
416.0288451537946
510.1382165648835
503.3467989368761
524.9628558288672
397.8768653742009
420.8301320010249
511.4567430389397
495.3463434810032
524.2556628211087
499.5417900436359
429.78715662523
417.32481354455786
415.1421443313121
423.4453919928755
534.1722568610242
436.875268240261
443.6586525697431
473.4659438650261
469.8223068352545
393.44758227748713
466.6347608140654
445.79703902112226
447.419266460442
397.5550276376844
375.77652933625325
435.6420549028755
443.6135705769155
368.0434756927502
420.7932984257235
435.9598605376417
447.7063769927786
457.33138969460646
455.30319568393105
445.7140338827127
390.54321143760774
536.1044674314886
485.3349358947901
461.2157846388174
454.07708596668914
440.477014156244
403.17862046492496
390.73136551856186
365.587198900618
469.8223068352545
381.9659670703661
479.48618332544265
396.42527669158534
399.69488363000096
469.46884880681915
449.8555323656696
407.3683836529291
453.16001588842767
453.6705853369821
397.21404808994356
453.7455233938953
480.23431780746364
449.00556789420773
393.342090298
482.7483816648172
399.98499971873946
504.4016256912739
516.5820360794595
467.64837217721606
475.25887682398945
393.54923453108125
476.2793298055249
385.362167317966
579.4704479091233
476.54695466449056
505.165319474724
446.12330134168064
521.282073353765
506.269690975077
541.2633370181284
500.9810375652955
501.9482044992292
538.9610375528086
537.9897768545421
580.8140838512785
610.4416434025451
492.4824869982688
510.24895884264185
405.3504656467043
497.1961383599032
507.35589086951575
507.76470928964727
450.64065506787114
435.7350112166797
458.3644837899202
402.79895729755805
424.358339142758
429.3518370753757
513.1481267626338
403.1885415038478
395.38968120071115
402.01243761853937
490.9979633358982
396.12371804778365
379.67881162898726
437.6608275822729
462.3678189493728
379.3613053541439
498.82662318685436
448.13725575988434
423.4442112014285
392.42069262463724
447.51759741936405
485.3009375634875
458.5095418854443
470.3147882004137
446.38772384553766
398.55990766759265
450.33209967756017
446.35187912677145
394.9924049902732
445.14155052073045
474.8873550643352
411.8822647310758
494.4178394839733
419.36261159049457
486.23348300996304
495.99596772554514
443.2459813692618
454.7625754171071
413.59763055414135
434.2038691674684
495.6016545573673
433.923956471638
483.0734933734204
420.8859703054974
470.98407616393996
504.2895993375235
426.738795986491
420.3855373344806
417.50449099380955
430.4184010936335
397.18509539004606
404.33154712438653
506.29339320200495
463.4403953045095
470.6962927408713
498.26699669956065
424.2051390542081
557.4163614390952
464.1465285876864
418.7278352342963
499.94999749974994
460.9945769746104
427.73356192845097
559.2432386716893
465.72953524551133
506.3220319124974
516.4194031986018
471.92160365891283
412.81351722054836
487.7335338071394
492.9462445338234
447.69855930078666
483.81194693806395
522.1733428661406
447.87833169288285
481.39692562375177
515.2795357861595
507.82772669479164
457.0908006074942
413.98067587751
525.8535917914795
423.0460967790626
449.896654799744
506.2973434652803
419.2755657082821
467.3788613106074
406.73578647569235
467.777724993399
408.7138363207196
431.612094362519
494.52401357264745
492.759576264125
505.1574012127309
500.5876546619982
414.7963355672275
448.4339416235127
493.6993011945632
463.5417996254491
523.5083571443727
494.52401357264745
464.0312489477406
521.09500093553
464.49111939842294
480.703650911869
470.98407616393996
439.76016190646465
370.01351326674546
485.2916648779371
496.8993861940262
486.65696337358617
448.6936594158647
487.1857961804716
497.7891119741371
459.7771199179011
411.2942985260068
396.7316473386009
481.7468214736865
400.3223700969008
361.49412166728246
540.8678211910928
367.96059571644355
485.0711288048383
366.9904630913452
496.8993861940262
447.9787941409727
513.2153544078743
466.1941655576569
367.22608839786966
418.86155230577083
450.0277769204919
475.00421050765436
464.81071416222755
503.5652887163689
379.3613053541439
635.2180727907543
425.2857862661295
469.92765400644384
587.0596221850043
490.61899677855934
396.53751398827325
478.4088209889111
569.762231110487
448.689202009587
546.1208657431064
529.5809664253427
429.53230379099546
420.5377509808127
549.6717202112549
438.4552428697825
516.4784603446692
466.702260547343
579.3220175342898
601.7175417087323
519.9490359641029
495.606698905493
481.1070566932063
415.77878733768995
601.7175417087323
643.9860246930829
524.4425612018917
569.6779792128181
479.97604106871836
447.35221023260857
450.00888880109915
501.4508949039776
529.939619202037
476.9433928675394
649.4366789764804
416.4684862027378
639.0993662960401
626.8588357836236
511.77631832666896
339.1268199361413
504.51263611529095
576.8864706335207
462.06493050219683
483.8067796135147
519.6277513759248
475.62485216817674
528.3152467987271
475.7026382100482
423.5327614246624
510.73965970932784
369.3331829121234
490.146916750478
479.05845154845144
502.37635294667285
460.65062683122443
478.2457527255208
453.8391785643897
461.015184131716
528.500709554869
503.3020961609439
394.71382038129855
501.43494094448585
454.7075983530515
374.91732421962047
392.42069262463724
463.38644779492637
339.52614037802743
371.7727800686866
329.4495409011826
354.5574706588482
372.33721275209655
447.87274978502546
428.07359180402614
498.7604635493876
427.7440823670153
450.00444442249676
456.8522737165702
498.4666488342024
441.0646211157726
407.16458588634646
392.85366232224436
411.1836572627857
435.37914511377323
506.83626547436404
500.1409801246045
409.81459222433745
369.3385980370858
373.8916955483232
445.9854257708429
327.64767662841746
485.3009375634875
490.9979633358982
426.847748032012
427.8632959252289
434.58831093346265
450.7981810078652
443.38583649007103
457.1783021972937
455.1142713648958
454.7405853890765
516.0213173891171
456.46686626742144
383.19577241926874
421.43682800628613
433.64732214093056
419.3590347184617
472.0508447190832
498.3964285586324
388.88558728757226
439.09566155907305
442.43869631848435
498.6852714889422
499.8839865408773
508.9420399220328
383.12139068446703
432.89837144530816
484.23341479084235
450.99223940107885
392.9351091465358
387.1692136521188
421.6894591995394
459.9239067498014
448.5431974737773
495.8729676035991
384.9285648013148
454.25323334017116
511.4606534231152
427.26572528111825
493.8805523605885
385.5930497298933
381.04592899019406
477.0377343565182
462.76235801975076
464.88923411926845
589.2580080066796
502.81706414957716
441.649182043848
483.0734933734204
427.99415883864583
361.75544225346493
334.26935246893333
413.7559667243483
403.73506164315233
419.2254763250917
432.2279491194432
418.12079594299064
409.5851559810243
392.1530313538326
398.5097238462319
325.516512637992
418.02153054597557
408.513157682834
372.8632457081282
452.78471705657205
333.98952079369195
378.957781289684
381.24795081416505
378.8416555765746
439.24708308650156
443.96058383599774
415.61159752826916
418.2044954325575
423.94339244762386
408.4617485150843
412.1286206998975
380.6980430735099
406.1477563646019
450.96230441135543
396.1577968436315
379.15827829548965
405.4528332617741
376.267192298239
421.53647529009874
325.516512637992
380.50755577254967
421.8340906090924
370.50371118249274
382.06936542989155
376.85673670507737
375.12397950544295
421.938384127351
376.26054802490256
407.09949643791015
374.79861259081525
418.58213053115395
385.9831602544339
438.8940646670903
375.985372055882
418.57496341754603
384.61019227264376
438.8940646670903
396.9055303217631
370.53879688907074
370.8611600046573
407.11423458287476
363.26161371661607
479.44759880512487
397.15865847290803
448.1885763827543
496.8742295591511
402.9553325121781
399.43334863278506
478.9446732139319
414.1605968703445
555.9739202516607
394.67328260220506
440.39073559737835
487.5233327749555
397.79391649445824
421.61712488939537
393.0470709724218
417.402683268807
391.24544725785626
422.80964984257395
413.0508443279108
391.21860896434873
425.96478727707057
401.61175281607484
477.90689469812
440.77204993057353
452.79465544549
375.1213137106448
546.1208657431064
425.91431063067137
392.7009039969223
395.22019179186685
395.8042445452044
380.92650209718937
445.7689984734246
372.4298591681392
423.2292522971445
376.7120916562143
412.54454304959603
372.700952507503
356.5936062242283
385.59434643158346
347.4622281630048
358.37271101466416
322.08849715567305
345.7209857674249
334.26935246893333
462.67807382671594
384.51527928029077
366.33045191466135
321.822932681933
434.0403207076504
377.1007822850544
451.18399794318947
362.02762325546377
439.0273340009708
356.2302626111375
419.1503310269479
485.17728718479805
384.59849193672096
380.96719018834153
356.5164792825151
399.31316031405726
318.73499964704223
438.70491221320964
526.8016704605254
387.47645089734164
448.42056152678816
401.68146584078283
390.1128041989906
546.7668607368227
377.9245956536833
355.71196212666223
450.784871085976
476.6948709604499
514.6153903644935
483.47595596885685
502.3494799439928
498.7895347739365
386.85010016801084
440.8423754586213
470.9968152758573
389.44319226300513
452.6223591472255
389.65754195190425
378.00264549338806
382.5898587260253
427.45993964347116
379.5391942869669
491.8780336628177
443.96058383599774
482.57538271237996
490.2764526264748
502.5385557347814
447.05928018552527
393.35225943167023
489.4578633549572
500.60862957004645
378.8416555765746
391.98596913665165
487.75813678502584
417.40028749391155
444.2004052226877
444.1294856232808
446.4470853303894
425.5572816907261
430.4532494940653
440.005681781497
499.1883412100086
435.4801947276133
497.7881075317087
449.7288071716109
376.7120916562143
440.8140197407519
433.24588861292153
462.13850737630594
406.2105365447824
385.4620603898651
420.1404527059969
383.4227431960707
459.55521975057576
332.7506573998014
387.54741645378056
384.04426828166567
387.65319552404054
390.31269515607613
436.74134221527504
393.4971410315455
409.47038964985
445.2381385281364
409.5241140641171
409.65961480233807
330.0606004963331
397.79391649445824
393.0470709724218
391.21860896434873
396.16032108226085
461.0184378091618
395.8459296241405
402.2785104874482
450.26880860215044
467.4462535949989
436.7573697145819
354.39243784257025
417.402683268807
426.05868140433427
437.13842201298206
393.14119600977966
420.0452356592085
443.5087372307337
412.3408784003837
469.6285766432873
418.91526589514496
418.5737688866802
325.86346834218773
403.29517725854345
408.513157682834
411.3745252200238
408.83126103565024
441.6978605336458
413.47067610654085
407.5389551932428
369.70799288086806
377.9245956536833
402.5704907218113
367.46700532156626
468.31399722835533
386.5358974273929
389.7845558767048
387.7305765605803
438.304688544396
388.3181685164885
407.27509130807397
478.3116139087572
485.3576001259278
407.27509130807397
340.09557480214295
389.44319226300513
330.7385674516959
341.6313802916822
339.44808144987354
401.6254474009335
439.24708308650156
405.870669056043
343.9084180417804
351.9389151543205
399.5384837534427
377.5327800337343
444.51209207399523
378.00264549338806
327.8978499472054
389.65754195190425
333.75889501255244
409.76578676116924
379.5391942869669
336.6051098839707
390.77870975783725
365.59677241463714
387.2324883064436
404.0792001575929
442.4714680066953
372.97721110008854
391.2198870200747
463.3303357217181
472.0137709855508
364.45301480437774
377.2015376426772
486.7843465026377
412.6657242854075
456.50520259905034
406.83780551959524
418.6979818437151
454.09800704253263
431.13339003143795
499.30351490851734
486.51824220680567
427.0281021197551
474.2710195658174
430.5554551971209
468.86565239949067
463.3983167858942
396.7543320494434
418.567796181216
469.99468082096416
484.51831750719185
455.42068464223274
487.4966666552706
475.6374669850978
524.3014400132809
429.90812972075787
488.94375954704645
383.8150596315887
452.9459128858544
401.61175281607484
397.08941058658314
383.9466108718763
521.9626423413845
394.1750880002439
422.3943654927229
405.1666323872192
422.15873791738574
382.757103134612
456.60486199776716
371.176507877317
460.02608621685795
458.67417629511255
487.61870349690236
434.6159223958552
451.49529344169247
433.8133239078763
461.10953145646425
364.59429507330475
459.94782312779785
515.4706587188062
401.2430684759551
465.3278414193589
450.76601469054873
434.7205999259754
368.7641522707976
419.03341155568967
407.0859860029574
538.0055761792809
456.15457906284354
388.69525337981685
410.27186108725516
376.52091575369354
408.6967090643134
384.20176990742766
412.6923793820283
442.58332548798086
362.02762325546377
388.44562038977864
386.0906629277636
476.8039429367169
431.6480047446067
484.0361556743463
376.52091575369354
418.87348925421384
490.43246222084446
469.0511699164602
470.0425512653083
452.0110618115446
408.25114819189423
450.9733916762717
475.0799932642923
469.0810164566458
500.2489380298573
406.1231340369568
413.0798954197602
430.49157947630056
506.37535485052985
405.1172669734036
393.9923857132267
479.8593543945976
497.4997487436551
420.5948168962618
399.9499968746093
446.0089685196924
479.8593543945976
376.64306710730784
423.02954979528323
511.2572737868871
447.8627021755663
455.44813096553594
488.45777709030284
463.3950798185065
463.3303357217181
437.1464285568395
427.60612717780367
386.96769891038707
427.8983524156175
442.2601044634255
395.6260860964555
494.3925565782721
559.1484597135183
468.86565239949067
398.8859486118808
470.7090396412629
499.5528000121709
472.23511093522046
492.8397305412785
451.24383652300446
470.6824832092225
488.8823989468224
478.56556499606194
479.00208767812273
427.79083674150854
455.61387160621
446.2947456558278
504.22911458978643
532.2828195611803
463.1155363405551
365.093138801594
576.8075935699876
537.4076664879279
560.8912550575201
527.2542081387307
443.3136587113012
550.4516327525971
509.0392912143423
480.4508299503707
501.60043859629945
550.643260196654
443.80739065500023
606.1229248263095
501.2863453157287
526.712445267814
579.7611577192802
482.0114106533164
509.7048165360025
473.66549378226824
484.4656850593239
472.905910303519
550.1363467359705
358.82446962268335
527.9365492178014
518.8169233939849
481.4478164868961
602.7437266367855
484.10226192406907
543.0607700801081
480.5611303465981
479.5716839013746
533.9194695831948
483.9741728646271
363.41573989028046
462.9243998754008
442.9255016365619
525.9657783544477
508.6698339787804
391.7180108190074
423.7924020083418
455.95394504269836
437.05034034994185
359.17266042949313
373.3081836767043
365.5776251358937
452.98565098687175
487.35305477651417
370.7505900197598
435.68107601776785
384.2330022265136
423.4997048405111
405.42570219461913
447.8627021755663
368.7641522707976
397.82533855952414
421.59814990106395
432.68348708958143
388.12626811387037
409.7914103540971
373.6990767984315
498.9088093028625
463.35731352812377
457.61992963593707
430.91762553880295
400.2436757776442
355.96207663176705
425.1211592005272
444.1677610993396
451.5561980529112
353.2676039491875
438.8621651498338
387.9961340013583
383.3718821196985
378.20761494184643
373.0067023526521
375.2492504989184
344.21069129241175
386.1165627113139
397.98241167167174
440.88433857418886
375.91754415030965
368.292003714444
397.16747097414714
397.6254519016608
369.335890484529
413.411417355641
442.4714680066953
383.3718821196985
386.0906629277636
411.0158147808914
405.41090266543154
394.1750880002439
404.0792001575929
396.76441372683615
417.7463345141403
397.91707678861934
444.1024656540425
393.6648320589483
364.91094804075146
482.30177275228834
444.8595283907045
499.90299058917424
474.42175329552504
403.22946320922534
382.757103134612
407.8210391826297
487.79913899063
412.7238786404295
397.11837026257047
383.0717948374691
473.20291630546825
488.8783079663077
490.6332642616071
379.4640957982718
366.02458933792957
414.6625133768424
407.198968564509
487.27302408403443
446.0851936569964
398.03643049349137
398.5398348973412
407.37820265694137
466.17485989701333
470.17868943626104
461.54739734939466
468.70993162082664
472.1281605665987
485.78287330864185
494.88382475081966
454.4084066123777
461.6373035186823
497.5178388761553
433.16163264998437
468.55736041599005
496.2972899381982
444.8943694856117
434.72980114089256
492.5413688209347
486.8387823499685
467.24297747531745
491.74180216857707
471.8262392025268
496.06753572472365
463.5256195724245
497.45050005000496
499.3175342404871
494.58669614133373
450.7416111254873
493.00811352349973
503.8184196712145
495.04141240910343
479.0187887755552
437.0137297614344
489.790771656633
437.4677130943494
488.46187159286035
434.52502804786747
399.80245121809844
486.6590182047385
518.5122949361953
461.418465170175
499.7169198656375
501.791789490422
499.36760007032893
500.2229502931668
417.648177297591
485.6449320233868
489.5845177290638
498.3843898036936
495.70656642816425
488.6164139690766
503.0775288163843
564.027481599966
479.54561826796
480.1937109125858
553.6045520044069
407.27509130807397
419.8392549536072
474.9873682530937
421.6894591995394
469.4624585629824
438.98974931084666
423.1051878670362
493.4875884964079
463.91917399478115
482.840553392111
495.5643247853905
471.89617502158245
403.179860608141
495.93346327909757
540.8909317043501
456.26527371694635
559.303137842083
510.31950775959956
479.0480142950182
506.0197624599261
577.3958780594126
541.1441582425149
424.3371301217936
465.4857677738386
457.4811471525357
497.0523111303276
548.2654466588242
475.4576742466147
427.23529816718093
425.9941314149762
397.4128835354989
496.8842923659391
379.1806957111609
460.0956422310474
514.297579228213
518.3550906473283
399.2893687540403
458.19100820509345
483.0848786704051
423.48199489470625
407.55858474580066
481.07795626072914
414.4164572021724
407.37820265694137
459.5062567582731
498.3944221196702
503.0019880676417
471.0329075553002
396.8803346098166
536.6870596539477
487.14782150801005
543.626710160566
483.96797414705037
441.662767278384
487.328431347895
398.62890010635203
468.7888650554746
530.8643894630718
520.0548048042629
510.008823453085
407.27509130807397
410.20117015922807
467.5168446163197
536.1296484993159
489.7019501696925
505.85768749718534
419.6319816219922
435.62598636904113
559.9580341418454
391.92601342600364
487.1714277336059
544.1056882628594
454.38749982806524
500.6306023406879
466.9389681746427
577.9896192839452
382.7753910585162
528.3152467987271
486.7843465026377
485.16388983517726
481.4478164868961
467.829028599124
517.779876009101
409.88169024732
468.97654525573023
554.3888527017837
419.1574883024279
439.69080044958866
439.09680026162795
480.02604096027954
483.88221707353534
536.4801953474145
403.04218141529554
618.8562030068051
537.3081052803875
439.22773136494925
555.5834770761276
470.8556041930477
550.9564411094583
501.22849081032894
428.2931239233243
434.72980114089256
506.6783989869708
508.6698339787804
437.3614066192855
436.41608586302135
416.7673211757371
456.15457906284354
505.24449526936957
536.3674113888725
548.4149888542435
510.7837115648854
501.36713095295744
570.7354903981353
496.2438916500635
503.95733946436377
496.03124901562404
547.5993060623799
497.92268476139947
504.2866248474175
539.2847114465604
555.0252246519973
468.5050693429048
426.3496217894417
499.7169198656375
475.7762078961074
384.7336741175641
493.151092465585
475.28307354670227
485.2762100082797
588.4725991921799
506.8924935328989
423.6590610384723
490.71580369904535
510.7014783608914
422.1160977740603
473.36244041960066
409.9853655924806
501.099790460942
424.1898160022232
418.0514322424933
418.0514322424933
418.8818449157232
427.9170480361819
427.49502921086696
437.823023606571
474.4586388717145
419.89522502643445
403.35716183055433
431.90971278729074
456.27951959297934
449.67877423778856
515.0718396495774
473.5440845370154
452.30741758233415
505.42952030921185
453.75544073873095
499.71491872866875
500.4977522427049
387.04650883324086
398.5398348973412
478.97077155083275
438.72086797871833
498.62811793961237
486.63641458485205
419.9916665839931
500.6535728425395
383.4996740546203
384.2199890687625
415.12166891165776
417.93899076300596
467.76276038179867
423.2824116355415
427.9030263973369
434.5330827451461
513.0662725223712
441.48725915931027
419.8392549536072
420.39029484515936
419.38884105326406
425.4574009228186
450.429794751635
406.13298314714604
437.0137297614344
453.6606661371471
439.69080044958866
437.9863011556412
498.94388462030474
426.3496217894417
412.40271580095106
433.26781555984513
469.61047688483274
420.42121735231206
481.39069371976854
484.8855535072168
399.80245121809844
471.1326777034257
468.10575728140753
474.43650787012587
463.28608871840737
435.5226744958292
474.7704708593406
473.20291630546825
436.2476360967472
480.36028145549255
422.3884468116996
424.78465132346764
495.68336667675266
413.8622959391203
492.94523022339916
515.2300457077401
419.02028590510986
422.2428211349484
410.42538907820995
424.9976470523102
386.6173819165403
444.7426221985026
383.94400633425704
433.3358974283114
409.6071288442134
447.9765618868916
458.5815085674519
519.8355509197115
446.4594046495157
458.48555048114656
428.94638359589885
393.83118210725775
373.99598928330767
499.3105246237055
511.0851201121003
404.95184898948173
428.9312299192028
466.2381365782941
376.26586345295794
517.7200015452368
448.4941471190009
335.70522784133107
361.19939091864484
404.0581641298688
403.8229810201495
460.8719995833984
465.91200886004214
409.6071288442134
335.86306733548423
488.46903688975004
444.90673179892434
451.03769243822626
420.17734351104656
372.9383327039472
455.3581008393284
336.35398020537826
411.2942985260068
464.8300764795669
491.07331428209375
421.1959164094543
336.35398020537826
379.81706122816547
474.0917632695173
435.17237963823027
375.61017025634436
432.4858379184225
484.11981987933524
461.23096166671206
474.2383367042357
523.4481827268102
369.4536506789451
472.2605213227123
470.2701351351157
359.14342538879924
525.5577989146389
356.2611401766968
450.98226129194927
500.8223237835949
461.3296001775737
493.21800453754724
502.76336382039614
479.66550845354726
471.525184905324
431.3664335573643
421.62068260463695
482.6116451143714
392.32257136188326
418.3180608101926
323.17951667765084
526.0446749088902
456.39347059308375
378.7083310411853
497.5319085244684
452.1437824409399
420.17734351104656
417.00599516074107
380.11051024669126
404.2796062133236
392.82438824492556
492.1310800996011
359.36193454510453
458.9836598398684
324.88459489486416
421.62068260463695
481.21097244348033
444.1598811239034
455.23730075642965
409.1210089936717
405.34183105127454
354.0353089735542
369.5348427415201
455.23730075642965
488.15776138457534
458.9836598398684
397.6355114926231
497.5319085244684
414.42490272665805
486.0102879569526
442.36297313405424
492.7291345151005
390.55857435217064
354.7928973358965
444.3973447265409
412.6414908852477
472.7388285300881
362.7947077894053
491.2972623575263
491.81195593437945
462.4402664128633
520.9635303934432
441.82123081626577
506.933920743128
434.8390506842733
423.8761611603087
448.12609832501386
430.108125940443
483.28252606524063
459.80648103305373
507.6002364065643
467.00963587489287
475.62485216817674
369.5348427415201
432.4869940240978
422.2001894836145
403.0620299656121
492.3261114342809
380.9133759793688
409.10145440953886
389.53177020623104
422.3884468116996
474.3237291133557
520.3652563344328
479.9416631216757
354.9661955736067
465.29023200578797
545.199963316213
537.837336004112
507.6002364065643
488.74737850959366
515.7606033810648
485.4492764439968
452.2919411176812
464.0431014464066
470.17230884006767
374.0347577431809
585.0410242025768
452.09180483614165
452.9878585569375
438.2385195301755
458.34375745721684
380.79390751428787
343.6262504524356
512.2811727947847
481.21097244348033
456.34964665265164
426.64387959983674
480.228070816357
440.42933598932757
482.5525878077953
473.5155752454189
405.7856577061343
383.12139068446703
455.5644850073368
439.0273340009708
497.4917084736187
397.96733534299017
389.38926538876234
385.5411780860768
507.960628395548
452.4787287818069
456.8621236215583
383.18272403645756
376.7757954009254
453.15780915703084
405.3504656467043
461.51814698882646
413.15130400375114
429.64287495546813
487.08931419196625
490.0897876920106
390.1435633199656
401.96766039073344
401.06233929403044
383.7824904812621
392.82438824492556
386.7066071325909
390.62001996825506
462.6748318203617
378.7083310411853
430.7748832046734
463.4501051893289
496.8510843301039
450.08332561871254
455.56009482833326
470.3147882004137
458.2433851131951
466.64547570934405
442.7369422128675
514.1478386612162
515.2610988615384
500.9151624776395
510.31558863119204
460.10650940841947
411.0425768700853
402.5046583581363
385.9326366090331
398.09420995538227
490.0897876920106
445.9854257708429
367.97961900083544
438.83709961670286
506.2509259250792
426.69895711145114
489.18094811633864
482.0373429517676
402.1355492865559
404.33154712438653
419.01670611086615
459.351717097041
413.0278440977073
447.4181489389987
515.899214963543
393.85403387549553
444.24767866585415
475.96113286696004
416.16703377370004
423.08864319430745
421.57087185905056
461.3296001775737
470.6346778553404
427.40496019583117
343.2200460346103
418.3969407153929
415.1060105563397
436.28316492846704
335.286444700647
420.20352211755676
418.01196155134124
332.4650357556415
397.02518811783216
406.61898627585015
380.30514064366787
426.17132705051847
411.45109065355507
366.43826219432924
380.9619403562513
352.59750424527965
412.22930512034196
333.6420237320233
433.10275916922996
319.4636129514596
371.0107815144999
384.59849193672096
433.53661898391005
376.27383645425044
364.7588244306092
441.6321999130045
453.8171437925192
437.55228259032083
496.98692135709166
362.8222705402743
452.8443441183736
414.2499245624554
434.25453365509037
383.6964946412724
391.19815950487293
427.29966065982313
467.5179140952783
479.6165134771738
334.40095693642985
429.19575953170835
331.57050532277447
404.31052422612004
351.3274825572289
395.36944747919
403.4513601414674
450.4708647626392
390.99616366404416
372.1599118658537
328.0304863880795
427.1744374374478
398.4080822473359
407.2382594992764
421.60526562176614
425.1893695754869
335.6322392142924
433.53661898391005
387.5938596004844
332.15508426034967
457.28546882664006
413.4017416509031
377.1060858697457
428.75051020377805
394.1903093684572
463.8825282331724
440.0647679603538
483.1117883057709
400.21119424623794
381.6071278160302
447.6550010890083
417.9473651071388
419.03937762458554
387.88142518042804
379.86576576469747
418.5976588563295
411.8446308985951
423.0685523647438
405.9482725668382
446.6754974251442
388.4070030264645
447.7231287302455
411.9356745900991
475.0199995789651
383.94530860527516
448.6669143139485
498.6341344111933
328.26970618684874
339.26243529161906
572.5111352628873
392.56209699867867
380.5522303179946
652.5120688539025
406.2105365447824
396.547601177967
409.44352479920843
462.13850737630594
459.3201497866167
460.5876680937083
611.2740792803176
444.0698143310351
464.3533137601152
383.09528840746657
349.5339754587528
436.5581290046035
428.2592672669209
447.5310045125365
411.9223227745736
411.92839183528
379.05012861097936
442.39235978936165
346.420264996146
362.8222705402743
319.4636129514596
418.36706371319434
410.6908813207325
449.75660084094375
494.8908970672223
460.4595530554231
489.0787257691751
445.7847013974347
364.7588244306092
485.29681639178307
443.3486212902889
468.88804633942203
453.4523128180074
410.301108943176
424.9552917660869
582.1640662218856
469.3687249913441
434.7217500884905
445.79816060634437
399.83746697877126
404.95678781815724
364.51611761347397
382.60031364336334
380.9619403562513
396.514816873216
386.5358974273929
388.3181685164885
475.0010526304126
311.51404462720456
395.8661389914525
446.98657697966723
353.6580269130053
325.96625592229634
330.4557459025338
327.37745799000885
390.77870975783725
358.70879554312575
365.59677241463714
414.2740638755943
391.28122878563954
405.4885941675795
418.3969407153929
397.68329107469424
335.6679907289344
417.4673639938816
381.33187645409345
408.7199530240725
397.45817390009734
418.5737688866802
404.7258331265747
418.8340960332623
469.12791432614625
433.13854596422146
366.43826219432924
339.26243529161906
433.10275916922996
376.86469720577435
380.9973753190434
444.69315263448794
473.2261615760481
376.10237967872524
375.74991683299146
372.1854376517168
335.6679907289344
341.21693979050923
362.2733774375368
335.6322392142924
351.59635948058394
389.96153656482585
396.63711374504527
392.56209699867867
362.75749475372663
412.26205258306277
413.79946834185273
469.3687249913441
396.547601177967
360.6979345657527
391.11890775057145
401.7511667686853
398.29386136369214
480.6506007486103
404.97530788925883
418.64065736619517
426.05868140433427
424.29706574521583
372.1599118658537
379.2202526237226
406.39758857552295
393.2861553627333
376.52357163927996
388.8945872598383
377.6241517699841
401.3788733852344
405.7166498925081
452.44005127751456
458.2433851131951
428.43319199147027
414.7951301546343
383.0717948374691
379.6564236253616
431.6005097309316
458.0403912320397
442.54378314467374
435.483639187513
375.9534545658545
418.36706371319434
422.98699743609143
387.94587251316386
424.8034839781802
398.9072573919908
453.2659263611153
384.20176990742766
456.4460537675838
441.0011337853906
483.3580453452699
476.9412961780517
429.90812972075787
390.0461511154802
412.4718172190677
375.9534545658545
466.2949710215627
417.39789170526484
341.8727833566164
410.27186108725516
402.318281960937
388.5537285884669
412.11527513548924
380.9960629717845
484.4718774087924
441.18590185997556
343.8226286910156
405.2159917870962
398.77813380374806
475.0799932642923
381.8978921125384
447.9587034537894
366.5528611264684
319.9562470088684
339.6174318258708
395.74486730720844
506.29833102628334
420.51753827872625
456.18855750665205
413.1755075025624
397.08941058658314
351.8749777975126
356.8865365911132
488.7115713792748
383.15793088490284
396.97229122446316
368.5552875756906
316.04746478970526
469.0511699164602
474.414375836146
382.0248683004812
375.5276288104512
491.0285124104302
350.9430153173019
440.6642712995915
464.0668055355823
470.0425512653083
427.31136188966474
462.97516132077754
428.82980306876993
429.59981378022036
402.2051715231916
408.5021419772484
383.3053612982735
435.16088978675464
410.65435587608226
398.4796105197856
463.3950798185065
512.2255362630801
418.7242529398076
457.28546882664006
465.8304412551846
432.0405073601317
458.33612120364245
436.69669107974704
349.84710946354835
439.2504980076858
410.7274035172233
371.39601505670464
442.58332548798086
462.17637326025226
466.2949710215627
425.33398641538156
464.91827238773914
385.4854082841528
397.0302255496425
340.0088234149226
364.2759942680824
464.8246981389866
420.6780241467339
337.6595918969281
408.9034115778444
370.60221262156546
377.8306498948967
413.5855413333498
425.5326074462449
446.4851621274776
456.5117742183656
332.13701991798507
338.57200120506127
365.58036052282677
413.35456934694696
400.05124671721745
448.29789203162665
431.1832557045786
409.5668443612105
436.8970130362532
340.618554984898
322.68095698382945
415.1529838505319
479.9749993489244
372.14110227170556
475.5417962703173
315.32998588779975
420.31416821230283
368.4901626909462
452.59253197550663
385.11686537984804
509.84507450793325
496.98692135709166
416.985611262547
510.48702236197937
437.55228259032083
473.2103126517849
481.0758775910511
466.85222501344043
511.7821802290502
483.84191633218387
379.5457811648023
527.2504148884095
484.2809102163743
462.9211595941581
372.14110227170556
414.81682704538395
340.7418377599088
423.2965863316169
368.4901626909462
434.25453365509037
332.13701991798507
431.4811699251776
382.431693247304
475.5954162941439
509.8931260568238
516.1278911277708
373.0763996824243
503.74894540832537
562.950264232996
497.4535154162648
501.87946760153477
505.7667446560717
441.11223061710723
545.9880951083092
534.1956570396281
471.88240060421833
477.4149138851865
596.177825820451
392.65633829087744
517.6765399358948
484.24270774065354
563.4243516214044
535.5763250928853
395.60080889704966
431.6387378352411
472.21499340872265
446.4851621274776
404.09033643481257
462.44783489600206
406.9877148023021
365.3135639419922
369.6795909973933
379.1200337623956
362.91459050305485
347.37731647302473
353.131703476196
381.26237684828016
550.3680586661984
409.2981798151563
390.1781644326089
398.9072573919908
391.37450095784214
379.4996706190929
365.4203059491905
411.16663288744627
391.37450095784214
406.69644699702013
395.8989770130759
419.3840721820513
474.2710195658174
398.0829059379466
357.3275807994675
347.5111509002265
469.4613935138863
485.52651832829895
369.3196447523473
416.6533331199932
374.88931699903105
454.011013082282
456.4997261773549
415.9735568518749
463.3400479129772
400.6295046548619
342.84982135039826
399.8399679871936
413.5855413333498
401.6889343758426
381.26237684828016
489.3138052415852
473.5979307387227
385.11686537984804
383.3053612982735
481.9595418704769
427.73005505809385
406.1268274812685
469.99468082096416
418.71470000466906
383.99869791445906
387.94587251316386
401.21814515298286
545.2916650747561
470.415773545063
383.7577360783754
451.42551988118703
461.95670792835125
428.3409856644587
453.4192320579267
383.8150596315887
374.8866495355629
366.4368977054576
392.62577602597617
395.8989770130759
379.1714651711017
421.019001946468
447.4092086669652
555.9109640940715
374.88931699903105
439.17194810233497
410.99635034875917
434.75625354904327
365.29440181858797
451.4055825972913
391.44348251056624
448.2142344906061
450.45976512891804
362.88841260089856
441.97963754001154
403.69914540409917
462.02921985519487
492.34337611061653
376.10237967872524
489.6733605169879
489.5426436991981
362.04419619709415
399.0964795635261
392.90329599024744
503.7936085342886
493.3619361077626
460.1249830209179
421.6088234370813
410.126809657696
485.9156305368248
380.97506480083445
385.2661417773433
499.51876841616274
497.0010060351991
392.6130410467793
463.4306852162468
486.07509707863045
418.87348925421384
501.1726249507249
472.3123966190174
500.3218963827188
459.4942872332582
600.0458315828884
469.76483478438445
464.7827449464965
456.55010677909166
418.2044954325575
583.1312030752599
484.2809102163743
469.41665926977925
468.35136382848293
417.9150631408253
407.7818044003435
390.1781644326089
473.189179927014
400.8790341237616
409.35925542242234
424.33477349847254
423.08864319430745
473.020084140198
482.6603360542484
480.736934299831
534.475443776419
395.5894336303739
470.59536759300977
488.74226336587674
454.0451519397603
494.39862459355606
462.9157590750179
414.46833413422553
437.1521474269571
478.56138582213254
400.1174827472551
513.7411799729509
413.4585831736959
495.89212536599126
472.8942799400306
421.3858089684559
516.6149436475874
485.58418425644794
532.913689071692
468.27449215177205
474.33954083546524
504.15374639091993
492.4510127921355
471.0530755658008
506.29833102628334
488.961143650495
499.84197502810827
473.0729330663508
502.31862398282624
465.0139782845243
493.472390311758
486.46890959238084
474.66725187229844
502.85484983243424
495.0
442.3143678426013
580.8993028055723
401.6889343758426
393.97334935246573
564.769864635145
513.1802802134938
427.712520275009
500.5467011178877
429.77784959208867
601.5164170660681
500.8063498
421.2706968209396
420.56628490643425
583.1312030752599
515.553101047797
510.70343644819934
430.07092438340914
506.3259819523387
493.5422980859898
559.9562482908821
459.2907575817306
449.58647666494596
432.7135311034311
415.2673837420897
468.35136382848293
426.0868456077939
442.8735711238592
441.9683246568695
496.1834338226136
382.43561549625576
433.16163264998437
463.6906296228122
432.06828164076103
408.3405441540186
499.98299971099016
456.55010677909166
462.32023533477314
507.1725544624827
446.12105980327806
456.3748459325952
474.727290136137
474.9410489734489
434.3546937699649
474.1676918559509
421.7345136457295
422.1160977740603
500.0939911656608
498.8767382831154
402.66859822936283
396.20196869778425
418.35511231488493
393.69023355933024
421.6088234370813
428.10979900020976
469.80102171025555
397.5047169531451
439.0102504498044
437.6574002573246
438.84849321833155
397.98115533276194
398.4131021941924
424.33477349847254
473.7942591463092
462.97516132077754
471.1326777034257
468.5776349763185
456.7800345899545
451.4066902472758
456.34964665265164
507.0729730522028
492.3494693812516
399.8399679871936
458.0185585759599
482.23645652314593
503.7936085342886
428.8088152078966
498.20578077738116
428.82980306876993
499.7399323648251
402.4189359361709
419.9916665839931
474.9705254013137
414.46833413422553
486.76791184300555
483.9917354666296
424.8034839781802
501.6781836994708
451.769852911856
489.04601010538875
423.5669958814072
416.2042767680313
469.3303740437007
443.59666364840933
391.64397097363826
412.0400465974151
466.68511868282235
481.9595418704769
471.8262392025268
474.9431544932509
427.620158551956
473.10463958832617
409.1332301341459
427.620158551956
449.6231755592676
414.08694739148683
439.0649154737828
441.5325582559003
486.6394969584775
499.08616490541993
474.13078364518793
472.2181699172534
481.17980007477456
495.48461126456795
495.3352400142756
508.0137793406789
443.52113816592777
488.5458013328945
473.44693472447364
614.8528279190069
400.60703937899046
465.3643733677944
495.10705912963914
506.2509259250792
507.0621263711184
495.0191915471561
430.8955789979749
