Model: KNN
Dataset 14: pima.mat
Time taken: 0.003920555114746094 seg.
Accuracy: 0.48134328358208955
@scores
23.607644715218843
12.294773035725386
20.185350356136997
14.341251828205236
30.821111271334782
10.81850433285489
22.92085567774467
16.468530596261463
57.20355516923752
32.90897269742707
15.818979771148328
12.430750942722648
14.675691772451477
304.1286201593004
27.71299336051593
13.230773257825863
27.33785362825692
8.44762712245279
32.52459698443626
15.799016456729198
23.728273767807046
14.524786022520264
23.63515694891828
14.934213605007798
21.893876061583978
15.716319670966227
14.044221907959157
25.011220601961835
30.97899612640797
13.169741834979149
19.814746049344162
30.304249883473442
12.728131402527238
20.961995038640765
15.038206043275242
24.749820221569287
12.57283484342334
15.634386492600214
12.89527680974705
30.644256248112796
40.60591367030177
12.457814254515117
22.579185193447525
48.953619886582445
17.057771513301496
23.672468417974496
18.828774814097702
18.10969640827808
13.677420224589138
23.555865702622775
18.933485257606428
19.31558790200288
20.972445756277452
38.960636660609126
33.9880902081891
18.630398922191656
32.56584236589006
33.23874510266595
16.5005219614411
18.50432392712579
24.211803815494623
10.634409997738473
34.203974973678136
19.804807497170984
9.868367443503509
12.518701570051107
16.735531811089842
19.158570301564783
13.34285966350542
27.285773289390207
14.816544806398014
20.199019778197158
15.898926032911781
35.8114855877273
15.018873493042014
52.38596958155877
23.581444421408964
11.088763501851773
15.971573372714413
8.77441029357529
20.91918279952637
31.46492029228741
18.239747805274064
9.693306762916357
25.887834227683086
17.152828804602464
22.05659991929853
16.59930748555493
23.883888314091575
8.24784117208861
14.66096708952039
20.860758279602397
22.913101077767717
15.395594694587148
34.681389836625634
28.378133906231398
9.668625755504243
28.091638898433818
20.098781679494902
27.024813949405832
11.987996037703716
18.722489578044904
17.43678184184226
15.048196204196701
15.516044631284096
21.28816387103406
37.96265749391104
21.722684571663788
21.39070162477145
22.353579131763215
24.412668514523357
38.41405785646708
18.64786582963316
16.348230515869293
26.716718080632585
16.311207220803738
10.827124456659764
17.271850393052855
8.855794938908646
12.663184788985747
41.50474701766053
14.098367600541561
15.946109745013045
17.10587688486036
12.600253965694503
38.60892663620681
18.366015245556124
18.28365458544872
23.85920704885223
15.491933675303416
26.185824333024158
12.959781016668453
31.78056778913807
15.069117061062336
11.417003503546804
20.91685982646535
15.932376627484048
13.105427310851027
9.859178515474806
45.65084972922191
15.318830764780971
14.260100420403777
19.923939469894
11.499584383794053
30.18058596183977
27.335640197368708
28.75077545041177
17.034814821417932
15.736632422472098
11.310777205833382
26.87892438324123
12.196038742149026
21.286089730150064
36.320080189889445
20.933523377587445
19.65444196613071
15.027342579444975
20.91685982646535
14.535801353898586
28.125298220641145
18.018267647029777
23.006964510773688
38.325894966719304
9.125841111919492
11.896757919702326
26.761631116208143
24.23317593713214
9.233529336066464
8.679039174931749
22.909703642779842
11.933570295598884
17.969311867737172
26.876239041205153
22.69134462741245
18.056622497023078
28.794186236113706
17.00843508380474
45.193995452936
16.439286602526277
11.293878696001654
13.996457266037003
17.15017247726681
57.07339961838615
14.883031982764804
11.77120932614827
25.778438742484
51.23676886767939
32.097602153431964
20.4616738318252
24.381716284954184
11.057500802622625
21.935632222482216
14.689578482720327
24.720963270066967
21.705204928772268
28.53088714008031
9.39419187583477
14.750719609564815
17.949411578099156
32.05075156685097
16.08783170598201
12.748270470930557
11.879943139594566
13.207034527099564
22.120087725865826
11.723645166926538
32.83539555114267
22.89979353618718
12.001036788544564
22.64346442132917
14.669765676383518
25.0722268855401
29.92918735949909
20.442891771958294
21.717278742973303
32.332524321493985
18.15471993725048
13.705614032213221
13.386086844182657
12.710889976708946
40.428916582070315
18.457822867283127
16.426948103649686
36.296196825562866
12.103311282454898
16.882924035841658
12.206968542598938
31.276705772827164
202.40591207027526
28.770780733236975
19.008069891496085
49.142682558037066
16.296444397475174
10.932067508024272
16.296444397475174
17.09233983397241
29.892431416664653
26.834734971674308
24.034256302203318
13.850779761443036
9.125841111919492
15.843630423611879
17.14379187927805
23.057250573301232
22.512463770098552
22.943954672200693
10.47096098741658
146.1950579499868
51.32272307662562
18.093093295509203
18.919533715184418
10.216255723111084
15.233135068002252
11.24566423116038
53.10115841485946
12.252335124375271
17.20546776463808
9.181893105454888
65.17098066624439
22.85473088881162
32.55239616372349
15.577456820675192
11.269320476408504
18.671638412308653
10.789626314196429
19.365043790293893
12.145032276614176
17.799413501573586
12.420959101454283
17.1184724785829
16.250848623994997
19.408952161309482
13.59290347938953
25.09362755760912
14.596088380110611
23.780904019822295
11.953287455758772
17.152828804602464
10.518803401528142
35.8114855877273
15.938734705113829
16.954531223245308
25.72502721086996
15.582367246346108
11.403610130129845
20.582930039233965
59.01775814108835
20.642018893509427
13.636211937338024
18.558053885038703
19.25709284912964
16.370788649298483
22.44413723002067
29.57458023370746
28.953421369503122
18.907091817622298
39.6262761813421
20.642018893509427
24.161132506569306
12.802248279110978
26.444207002668843
18.283405043918926
20.63134595706252
23.13849338224077
16.590685368603673
18.340155288328397
22.975959805849243
25.110141397451347
16.59147277971428
17.38917467851767
15.609930204840763
18.471191082331426
31.925727869541205
19.676630834571245
13.045232424146379
13.18122543620281
17.76614544576285
17.510795413115876
17.108203441624138
27.180759444872027
33.77120216989617
10.649930750948572
15.320451821013636
34.77291474696937
13.02391342876633
27.879228271241654
19.372500200025808
14.84798922413402
24.576882816988814
18.42839181806161
16.219738623048155
12.426640575795215
40.82665708823097
13.400555361625875
12.925021044470295
32.02141839456834
20.16396987202669
12.115944040808376
24.02109314748186
16.1756742054234
17.72403816854387
15.273011621811856
58.80509505136438
11.765227112130052
15.46318932174084
24.429096094616355
31.89536720277727
17.356680442987937
15.04844261044976
58.080138601763
16.65089213826094
11.016679399891784
26.874614415838604
12.542526220821705
17.78119917215934
18.527030010230998
19.932709299039104
36.0724215987782
26.072212334207467
37.50025814577814
42.22887032588014
17.95579641787019
34.51456069545142
17.883183189801528
29.035413291358537
16.5028913830274
9.752857222373347
10.232341667477685
18.11136684516108
28.980036231861412
43.10282126497058
32.46378905796426
16.73207410932667
17.761884162441774
21.16567431007101
42.74380521198364
18.957386423238834
18.325227665707185
17.063979635477768
31.130169948138736
16.28330543839303
10.148899891121205
26.388749799867366
13.535709955521357
14.560666056193995
23.775370133817056
12.83058880176588
21.65523551014858
39.09923079806047
12.942586449392564
23.728559185083277
15.781456491718378
63.04976448013109
22.581156834847942
15.715126980078779
30.18058596183977
23.832960894525883
17.357152300996844
13.908935832765927
26.090052529651985
12.379454753744206
19.377576835094732
23.280906876666123
16.349047953932978
14.148201440465852
21.117303071178384
11.96392176504009
11.42322410705489
20.87792719596464
72.61570353580554
18.32348482139792
20.54805998141917
37.22262989096821
33.27777289723578
21.61597085490263
39.933762357183426
8.855794938908646
15.78849483009701
14.45059863811877
17.351950783701525
22.90027338264764
14.119764303981848
19.73736155112937
10.67830716920992
28.497291537969005
30.896979156545385
20.90465232908694
24.04873819974761
28.36885792554928
27.467199074532516
14.209660411142837
18.25787106976057
17.016899952694086
11.576092993752253
15.871257322594198
14.941867654346293
19.19861164251207
13.337548350427827
11.586630269409653
15.02852757258674
26.834734971674308
11.97044761067856
15.684394314094506
8.927236750529248
14.251151848184062
41.27588750105805
13.65260564873973
22.145326278923957
18.19341078522661
23.890482644768817
21.047884834348558
9.850412427913868
30.472100354258483
45.76331613858419
18.52051845926566
25.75176887128339
26.272632624082423
14.989289809727477
34.365363507461986
53.76917559345689
30.36296586303782
13.928505447462769
20.79596655604158
14.3877951403264
18.276373382047108
20.54128255489418
23.715678548167244
15.946109745013045
16.332843108289506
27.09856765587436
17.081068467751074
17.716611865703893
12.568334217389351
14.666095458573833
8.799861135267987
22.041933127563926
24.094055055137567
19.086708490465295
22.041446776470913
21.172519925601677
31.861353141384313
19.372083935395285
14.177500520190433
27.47741401587857
17.1184724785829
32.02141839456834
42.072286412791975
39.09923079806047
11.310777205833382
28.800166666184417
15.317861600105937
18.710083511304806
12.156451826088071
20.582930039233965
25.397188053010908
20.62148093615005
7.358912963203193
17.328023661110347
39.748844712771216
26.252754826874835
24.799197487015583
12.338804642265798
58.794882098699716
17.468745833630987
14.686606279191938
17.37935674874073
35.356897827722385
19.79954244420815
18.82686062518125
13.609918478815366
17.911352852311296
29.775192963270616
19.51928792246275
11.924584730714946
14.166122440526905
25.28835336671805
27.72778563102362
14.046310405227418
18.949708282715065
52.05255929346798
21.284315727784154
17.585939866836803
27.25521163007178
11.878657331533729
11.923322733198159
11.932262191219232
16.582596298529374
14.976422303073589
18.19368296964636
9.683757328640572
15.874824849427473
13.459809211129256
22.69134462741245
14.286409765927898
17.13909087437254
14.941867654346293
16.039625930800256
37.26306784203362
18.038126981480087
27.365004823679456
28.538773782347413
16.315586290415677
21.097501487142974
21.237186725176198
14.976810875483473
34.32216170348249
35.351781228107875
19.426525062398575
42.59861548219613
32.82581436918207
9.658737443372193
18.94775577740013
17.681632956262835
12.566046952005234
22.33407103508001
22.62859803434583
12.410313291774708
12.160163814686051
18.059975193781415
15.026142685333452
13.207534251327914
36.125081370150575
13.553301590387488
14.821015484777012
14.129416123817714
16.131060225540043
21.05149201363172
28.907162451544774
19.20845907406422
20.089203095195188
16.348230515869293
17.41328001842272
22.358233941883693
19.992498593222408
35.279186852874034
30.430617805098866
27.656251101694895
14.676716799066472
12.74264999911714
74.30658719117707
21.4188218396811
12.153312141140784
20.45247261335411
12.767590571442994
99.09605239362463
13.603369582570343
13.979393978281031
10.259577038065459
29.448634620301156
24.099441985241068
18.158210154087325
22.137635849385543
11.840317732223237
23.514514687741272
26.613812973717238
32.49952639654923
26.215457196089485
38.04339271148145
13.404068374937514
27.822512629164176
18.928581801075325
9.0936224355314
15.005692786406097
22.17648808986671
42.99838835351855
12.924019343841914
36.55442714637996
14.99736563533743
30.304249883473442
23.20155382727631
22.84948754348771
28.230340575345526
35.279186852874034
13.90324512479011
22.930944703609573
9.159728434839105
13.307907574070388
23.611824177729257
15.471964839670493
16.332843108289506
23.345343025965587
12.339976701760827
22.23742973007447
19.801590744180125
9.39419187583477
25.018478790685897
12.869072421895838
10.24843641732728
10.374995373492945
8.81838811801794
8.708914054002369
16.58322236478785
9.78061802750726
19.902390836278943
12.63197229255986
12.12469941895468
11.490877077055519
15.189326021914205
18.86487320392056
13.931162514305832
22.78084318018102
10.422000767606956
14.162260024445251
13.679453534406994
21.68137089761623
46.774475988513224
26.989291969223647
37.78822864332225
22.49284795218249
9.329339151301125
16.854500763890933
16.102083126105143
20.74832320935839
12.390247818344877
17.586669980414143
57.20355516923752
18.15395937529882
25.166720962413837
20.9000095693758
18.13455805913119
16.60114842413018
29.256473881860746
39.54074602229958
22.97062038779101
18.031423266065275
19.39299381219929
20.57386341939695
15.038206043275242
27.83951883564082
24.544376321267567
24.04873819974761
12.218683439716408
40.55860501792437
39.43685110401184
23.62122985790537
23.452856563753592
16.00021012362025
12.3387675235414
15.665567369233711
41.97856368433775
28.401778553463867
22.321515383145474
19.629837518430968
10.24843641732728
30.282859855040112
15.383164953935845
13.055271770438173
14.418412707368313
21.29427678978556
29.75725148598237
11.696999658031968
31.298857231534825
16.32990878725292
25.437610756515635
11.470877255031544
47.265590877508345
22.12155880583464
14.286409765927898
26.78240140465377
14.554445231612233
16.609564593932017
17.891311438796208
23.64518690981317
17.564597234209497
14.667751327316672
17.310871612948898
26.627855790506302
44.05662176109285
15.033416112115038
21.131869865205967
44.39189305492614
26.539685774326717
21.075230224128042
32.837338564506105
9.52331250143562
65.35022313657392
28.39147484721426
22.753067925007386
24.66429840883377
17.317898255850793
16.349047953932978
21.783140843321927
18.77651855376816
21.847821035517477
16.98940952475983
15.634386492600214
17.823939211072283
22.345230385923525
26.457513583101495
14.029831645461753
22.67959091341817
14.993665629191549
33.21648482305134
21.70374198151093
10.916427987212668
12.340883112646356
22.310593918584956
21.50306510709578
25.011220601961835
14.283892466691283
27.61287542071633
18.066199268246766
16.61138176070853
17.980212039906537
23.02872208786237
27.740455097204155
21.44011231313866
20.359242520290383
25.6599897895537
19.13768272283768
11.805228672075774
22.67959091341817
8.2008148375634
46.3725403660399
20.247800967018616
24.307291930612095
19.372083935395285
13.964856784084827
11.331956980151308
26.163331764131264
18.295261025741066
22.234242082877483
13.810225342115169
32.960792526879565
12.754273950327395
13.491813962547809
15.67957920353732
9.863722674528114
