Model: KNN
Dataset 20: vowels.mat
Time taken: 0.02678823471069336 seg.
Accuracy: 0.48
@scores
0.9283537224215335
0.9320857744105603
0.9949687290571289
1.0387089539401777
0.958549771635223
0.93502645682515
0.907107890923169
0.8365129237701658
0.920615270860441
0.8015953169038424
0.8790492019007721
0.9680363909456408
1.104695805733633
1.0917217311173404
1.1416101101858287
1.1606684372262244
1.1240982993001358
2.0825491174831243
2.108817231774054
1.9551634969141405
1.781819126972035
1.4470920188497363
1.1758714732405893
1.481725703778727
1.2893376937452303
1.4546296421413936
1.931239852376719
1.6028009859071444
1.5802148987023286
1.443151431834969
1.3850956769764045
1.5425704148565003
1.5643029658379615
1.6530814662332762
1.2011527199587593
1.4421424815904438
1.1845096785578364
1.1893079009381164
1.2351443163549387
1.06251981716458
0.9332353520288066
0.7584114343860757
0.8232290505602903
0.9653322221308446
0.9429076997802827
1.3175579531115713
0.8651756886320655
0.825084848414198
1.060520372022311
2.595534208467517
2.043962699213764
1.8207040535159216
1.608568722742648
1.4539969437507727
1.608568722742648
1.8671254474775207
1.6301523730722172
1.4081512051924943
1.4546296421413936
1.715847344163506
2.1521335012675413
2.1056490895666133
1.5676245392022488
1.5643029658379615
1.4535304257306025
1.323376288770716
1.1924438219914528
1.344048142560285
1.2824203322159091
1.3870893278322876
1.8464051030936004
1.6259739847856767
1.7215862059795037
1.5059062401208123
1.338933595806525
1.31424566408011
1.6877055285333171
1.371258569821315
1.4521984563724333
1.2172766416971206
1.208646380716241
0.9258003956644626
0.896816129449219
0.8548948361152148
1.0560075764307983
0.9192809454572568
1.1241078556851625
1.1323888002746094
2.0486315679159306
1.187266445758369
1.3511655864433503
1.404655991519049
1.4500127448689542
1.391242077630481
1.2910349193101498
1.2549185961864182
1.4020987480208507
1.4020987480208507
1.1498947869134988
1.0670850030037122
1.0890571621541971
1.29963846496772
1.0740752423110982
1.098390389263127
1.0137630570392624
1.0142127943585622
0.8175344185687
0.9313508312773918
1.0605382178090041
0.9881359411617205
1.1118992907852943
1.4263540806705788
1.2702882909143522
0.9990698879885829
0.8613045208259704
0.8909014441360211
0.9264004986409239
1.3378226302115925
1.324769970973229
1.2316665505535322
1.4617005773119163
1.0472741922066036
1.0030544940159867
1.01666243499142
0.8857017113576308
1.0675266289690044
0.9176319891057023
0.8982996257022247
1.0095890044506572
0.9731710313272092
0.9787841312624497
0.9056573525420996
0.7673015765922641
0.8490690609281455
1.496319582228029
1.0339432861364117
0.9472037309644784
0.9330278882937912
0.8383065271873031
0.9320857744105603
1.1347726271552556
1.0219520535656237
0.9721405224264781
1.2340239340609818
1.297906128969758
1.3799947666850885
1.38057937210898
1.1346472919970667
1.0832430852959813
1.121012324878702
1.1575456044497767
0.9369734776036878
1.031032763547276
1.0533582760958913
1.0838943223257644
2.3361895057204496
1.9304323791930087
1.4979778786033884
1.2683246481572414
1.3374135613766578
1.393544228806214
1.1595610136479533
1.4719241153247824
1.393544228806214
1.4324287071551032
1.4992139464370875
1.4324287071551032
1.5810093572618271
1.3973845695081202
1.2099022296212718
1.3330019224500462
1.23032446255195
1.0961526055146669
1.0223358228080233
0.9321912493648106
1.0060403393853816
1.0521480416955804
1.1988172097509704
1.5104868271896903
1.4997521034888153
1.4068563915290337
1.3704979361362803
1.4822079845673681
1.5447493213532288
1.3122198031644237
1.2186518132365598
1.3338321654930887
1.0763825686083308
1.103625543434148
1.062558632182182
0.9526185663553998
0.910273705289463
0.8460169932888302
0.7600628507460212
0.7217145147229904
0.9687239567456505
1.1304338192270902
1.2066311724711298
1.184237219013213
1.2782611303622382
1.362623346028022
0.9230814459218668
0.8853121068685357
1.1501815900685701
0.839993649998239
1.142091635147667
1.3333460313801324
1.4240977596009199
1.2574434126386218
1.1000262847809401
1.0524744793307692
0.9708814529052437
1.0166131076185803
1.5723719851308777
1.754410448298111
1.7511380734107131
1.8309676506200194
1.898651243600068
1.5087057289848287
1.448799209015653
1.6529911739333318
1.5911131746658136
1.448799209015653
1.4870727676465993
1.3852441765147354
0.9362364217280472
1.3677928309241967
0.9572576164135667
0.9361462804627025
1.4761234938660188
1.4965775938864143
1.1171065432441627
1.1579880412180115
1.3833956689963187
1.004375060272783
0.9907982600385902
1.0204074436316215
0.9898747865770062
1.0487803901720012
0.8495928019247242
1.0800184821347822
0.9738094864493327
1.0465130633171187
0.9894337751692533
0.9921944085866272
0.8840050476626711
0.9896256773989823
0.8537836440544243
0.9701821475342299
0.9797064805105871
0.947497375867304
0.8296891722216291
0.7942319093879421
0.925126421175328
0.980979830463995
1.0099393212992398
1.2186518132365598
1.2107737140156722
1.1661692196799205
1.0905795956948348
1.1631252802261116
1.0905795956948348
1.1329489092084162
0.9638740527366484
1.2190326920775474
1.2269328676992468
1.2347500492398993
1.327682578672747
1.2143726814045388
1.1267354515451453
1.1126228874685773
1.1219321084217724
1.1822888312213513
1.1197178184902699
1.1737508862521504
0.9511603759568817
1.128197462480574
1.2806317817653277
1.3410041764390237
1.556648345601429
1.037983048657804
1.3953504836198725
1.2272661190860863
1.123775843384397
1.1226606547607347
1.1345589226812236
1.1974596921110827
1.1901568923690349
1.3321016781852286
1.3464102504991338
1.2553511827703319
1.0697408929732166
1.1693488504456808
1.112927366731006
0.8712677799092629
0.8032186952751029
0.9927041968503368
1.1280828219463164
1.980439109887512
1.6831927553686998
1.5865515915138655
1.6546185456425895
1.6470385782456627
1.6831927553686998
1.6368114561256433
1.6713576354205604
1.4626397871119705
1.5056958754271097
1.6204515776441324
1.5839291332157235
1.1687220114429364
1.4463463846497573
1.2878522631411515
1.4567033788444625
1.9815735041358489
1.8964781604092904
2.205979969631726
1.2819090189358622
1.0190761873074774
1.115684720527696
1.0939169215847895
1.1270332256627429
1.4024054808453534
1.169981051024121
1.173011478752573
1.1449192757134306
1.0652833271591513
1.290272224669826
1.3026826724284066
1.2319480971577936
1.2854627745579281
1.0048161864486835
1.0236753079933778
0.7940604435937805
0.9873135217034336
0.958549771635223
0.9299158893216668
0.8173998474584216
0.7584114343860757
0.8848952257069428
0.9042655829283598
0.9634308215814814
0.9424272333533406
0.8219339744979853
0.7993517166175769
0.7411418288096923
0.8490690609281455
0.8451129555312442
1.046415776388175
0.9199417813202896
0.8944867474185819
1.0179874360076202
0.9659577679164948
0.8750636899221133
0.7824208705300123
0.9295178628221786
1.0853934999268469
1.087866663934653
0.9331769271616218
0.9695376950403154
0.8458765412842975
0.8820123388486089
0.8909014441360211
0.9455250613752408
0.9264004986409239
1.009301369180193
1.0651766043413515
1.0885284779846374
1.0164930639148142
1.1503178093664705
1.2351421596080077
1.0262907235261594
1.0205565466387303
1.0050655903452632
1.0069357238698564
0.9757403634729591
0.978900725144897
0.918922743799215
0.8347944190680672
0.8580902684121399
0.9669276104880841
0.9918593022417046
0.9190120389627409
0.8897783718541334
1.0852752683817073
0.9801444499599925
0.8652177622918872
0.9586746875142497
0.9429076997802827
0.9461476904428929
1.0399217045959666
1.0307911723964023
0.8752233602392634
0.9033029879990419
0.8344217950640299
0.9293115108530662
1.073754656922745
1.0907721021403194
1.0573932130115953
1.203596187466289
1.047124727374588
1.1057684649945445
1.0907563454534779
1.2607780905554045
1.2808938684309314
1.3648826707264483
1.5834045564610881
1.6133376726686288
1.240567943955437
1.2319480971577936
1.4609543842049075
1.3516745322727757
1.097116145459284
1.0452364729127592
1.214850435553203
1.2452399170788682
1.7589057716428553
1.5375414252824047
1.2383259247482734
1.1329227937429636
1.0856995677245478
0.9252863405627404
0.9580587561513404
0.9271890721289304
0.9175607987488098
1.0381911755522315
1.0759783675547223
1.0614870855240404
0.9445827478864205
0.9352000416544884
0.9144392034660092
0.933450098617247
0.918922743799215
0.9243582855407606
0.852387780077896
1.2610178686443092
1.1127201697032931
1.2824203322159091
1.4470739890244109
1.1332812861281047
1.0877187421393348
1.015537543923594
1.118556768576482
1.1030639556512591
0.9633655992818164
0.8212905130734316
0.8376713965036233
0.9456143249904626
1.1552884061243847
1.0653485552937751
1.1551062730324655
0.9119649623552606
0.9775919387754779
0.8555717273381234
0.8712677799092629
0.9701821475342299
1.274394683154669
1.084911731484912
0.9680502039930887
1.1116833757275548
1.084911731484912
1.102479207336858
0.9592638182138524
0.9373562709252562
0.9592638182138524
1.0621494183002091
1.2453698374952775
1.2318061063582013
1.1863649866099073
1.1479690852267308
1.032225666227622
1.2332946504375308
1.1475854736280222
1.3885963773341037
1.1993345496712968
1.0222618412804958
1.0972984593168102
0.9702231874744482
1.0683809625353213
1.1721729121254998
1.3244487123597404
1.384405735004404
1.0783131910007566
1.0618195025974775
1.0594174499434974
0.9917408234910942
0.9693602869011324
0.8187990262087681
0.7637394233845651
0.9867623625443903
1.1650603316855903
1.3246143814206097
1.6080031674504862
1.3486201890525307
1.151537701011232
1.0814456110166597
1.1370767814963294
1.0811287992069454
1.0269103678133271
1.0783131910007566
1.0176669134512677
1.0216370074982624
0.978900725144897
0.927934849466154
1.0743805474905308
1.06357129632224
1.2704976362583111
1.5642993037478232
1.2090274944436905
1.0805958211198052
1.0142140701999367
0.9907982600385902
1.0069266663079874
1.1279886539824804
1.0442310813779405
0.8495928019247242
0.8701704750872331
1.0971922582337317
1.0673023040429794
0.882549734174301
0.9114876525619389
0.7673015765922641
0.8560180940060351
2.429438867650773
2.267175255838187
1.732273490910565
1.5542873582962409
1.6326597895008605
1.6723625066475931
1.6758985988334398
1.4178016569557683
1.4358157338806221
1.4838660293902117
1.3107439437025503
1.1727457322979338
1.145521214073282
1.3107439437025503
1.5423091764244197
1.681988508610138
1.6630864502627385
1.7070513183452178
1.8541886565713985
1.8203378581253389
1.5434730965686194
1.7133902983767426
1.5615528158632355
1.5651770056516114
1.7577147537722388
1.718683771963068
1.7773453365892138
1.7247940438732394
1.612560710908177
1.612560710908177
1.9303498705042583
1.4574831283389245
1.2050101632689327
1.5078793477710497
1.395756548254273
1.5194019286027174
1.6251757450412851
1.556550898316648
1.5161278047735682
1.7083801654128086
1.6251757450412851
1.5225866633322305
1.4679679920392985
1.5563695684094159
1.512048688857635
1.336305867346863
2.1989214138734927
1.678782025770597
1.7874272906640274
1.6101060886608227
1.485354270571644
1.5555253212157938
1.6233079377611208
1.5635437770520042
1.3655342535995352
1.2859107420257114
1.6178142445758632
1.3177068507840568
1.4277637321602823
1.4215667694763492
1.139989874481164
1.0420772860430711
1.344882385805721
2.1193451113123425
1.838460872768374
1.7723682663365603
1.6797316149382264
1.4811849188728459
1.6026077301866517
1.7366290743021653
1.6716282120538142
1.5090990470380363
1.397885669724972
1.395898145519882
1.217697290315779
0.9807039016670949
1.1863436537249448
1.284797687069131
1.9912924832865186
1.8914644864781376
1.549098339384703
1.5742904219547962
1.8036583422917707
2.132892838590623
2.0930147371690846
2.020158547417247
1.8260792701434685
1.7943064156728612
1.7993761245732602
2.0535089144058944
1.4776712030881953
1.3574542754173171
1.5209718411025963
1.543644715114855
1.494323543707725
1.439055437735078
1.519568096080467
1.5412251328128947
1.395733514946343
1.3013814559196626
1.4814505592359568
1.5514968911409017
1.5312068835235233
1.3061758732958824
1.2385230408252466
1.1677019291334285
2.8780079161910894
2.5957003592506496
2.208113810212273
1.909999370703695
2.11466545473186
1.8818604848068023
1.6856480116794195
1.861786656488063
1.8937900496771551
1.7085515459825127
1.9035888286852234
1.9136180643220344
1.7334972297857212
1.7762129635809762
1.5823391972442364
1.5428164292073832
1.7939046908111032
1.477907882714376
1.962179976129497
1.6293287465787598
1.2615545668851453
1.5879271887912552
1.8368264069157323
1.7775527556455548
1.584829708493242
1.5472319068772737
1.4647437312899605
1.6525529657066935
1.3971930984825613
1.6525529657066935
1.3489908512025766
1.1941733260660787
1.2385230408252466
1.339012924085467
1.5203324064852313
1.3817078916196557
1.987523074764859
2.0357842233894483
1.9709764552093512
1.9800132956772076
1.8645817528159099
1.7891449830184507
1.9104249337023698
1.6588973974479335
2.018141833557239
2.4130872333577513
1.877225519023424
1.5981279235373287
1.904727372049246
2.1555915489123985
1.3073301424518935
1.0605588026797748
1.130310564117711
1.3574542754173171
1.1877896049321848
1.4434210649427504
1.682789152214123
1.6018233743247505
1.4245160937937715
1.2912186368863332
1.2912186368863332
1.3134381887887132
1.5039653888458016
1.2255718230502877
1.27652592956372
1.3468786042204617
1.5745029203856984
1.2477467360832855
1.4239513441382534
1.5272094305400266
1.6935033977362932
1.6897707437255265
1.3056331982258036
1.2322771836850985
1.7944858339566656
1.680230852797368
1.8537596879526572
1.7284460230622805
1.3368953546797515
1.7639853195281452
1.5285777287999973
1.1700410213024905
1.183890371841508
1.205278411802971
1.3780155470870623
1.208181030941937
1.4572007619606961
1.5967737934465325
1.32022039192316
1.7065179425200183
1.5803065012098447
1.544377588727806
2.0723797818257195
2.0786684397956163
1.4219202265033355
1.3781086782981231
1.5900092286385035
1.4769152901317182
1.4321220240885264
1.247069586371339
1.265762794737898
1.4011378003730075
1.9738147203909975
1.7086331152174075
1.6260218679492664
1.6365689011009388
1.6974813765278742
1.7428378853325999
1.8539390111839111
1.5508743086480212
1.7828999401690993
1.8539390111839111
1.5886777519178004
1.5309558993662804
1.6500785118455132
1.5285777287999973
1.405139932451184
1.232602424537738
1.2645326342922067
1.5416596647128609
1.6290502921017032
1.3516872112831744
1.3564100436118827
1.5976154530117814
1.584829708493242
1.4672928479286587
1.410225511475938
1.395733514946343
1.480818430875375
1.5895240255029814
1.8814198745950157
1.5298899744462844
1.4155292574461409
1.5554725160883625
1.5787146787836641
1.7122415305246939
1.6937319963149957
1.3656238076914993
1.2290805736166592
1.2999422592913106
1.3871730089433505
1.094627552927661
1.1685431123113477
1.2138517493875391
1.1720930123670559
1.2171686367856545
1.262829320207826
1.1379124335653175
1.2037236813815713
1.501625008761093
1.4039306522969277
1.4752928574185518
1.3789829993816025
1.34009422465519
1.3311415528126556
1.6309319605680883
1.2695267128927852
1.6520740314043125
1.532863201682993
1.7980226805904023
1.860370012233996
1.6284475987196891
1.4376742124902995
1.2361871880664255
1.389322948970679
1.2792232700883217
1.4512199616364898
1.5828192990353975
1.5579823688228325
1.9357741908669306
1.43458779619262
1.7625831151505587
1.4494112772987855
1.4867308291483978
1.5221255142792613
1.7916498080574663
2.0314735051223765
2.371578892682304
1.5829873524271596
1.7448027164708004
1.3861761756770365
1.3886155236909596
1.3861761756770365
1.5023895696902583
1.4042728275153438
1.1525428337392725
1.6607669475547968
1.185447793359481
1.2738546524490701
2.143147782846984
1.7676678000549502
1.6772702158037953
1.5370835287954732
1.5548313573111288
1.4855374839327928
1.629032361776098
1.4823124297406334
1.094627552927661
1.2408250884849568
1.3553315797486396
1.2999847509853866
1.1466014426513547
1.1969597191242753
1.3878448972506154
1.3460992863455472
1.2667436553956075
1.9559825003584093
1.9487143414286792
1.5864578308510309
1.4335487846236379
1.4556020336454665
1.4869708347574802
1.3922767131560472
1.278498489591068
1.3581824807752703
1.5700761491667286
1.5702973629390586
1.8494074267322864
1.6288120743322434
1.460997844236046
1.5463530667428997
1.522333796433734
1.7228740806084546
1.5073065308722697
1.38031124640358
1.4327227491578003
1.651163814592066
1.7354417323474083
1.4839538425805017
1.2029190779210168
1.1158817679969282
1.2918939896934718
1.7120941613463005
1.496344921851051
1.5655356737001562
1.2024466350939196
1.4337393244922796
1.496344921851051
1.3071134320200106
1.4488089749516586
1.7260580483996746
1.3008658499218997
1.0799824194848937
1.2137733950340064
1.5340477865007187
1.4285342937517929
1.0590503611366968
1.0714492952679484
1.1002409554270376
1.5026047517452752
1.34009422465519
1.4179620199432121
1.5830547852298265
1.5798535809341911
1.3773312425508837
1.477770720503429
1.4395010161429522
1.4093100654433628
1.4781771871915457
1.5808195139302283
1.329634473830541
1.8678774370050002
1.8042371072251588
1.7178378557698029
1.6851948528301763
1.893887326090085
1.647951912097541
1.6476647402803477
1.7420400203892616
1.6210701545588395
1.4478882490822687
1.2651328577974645
1.2633875201396487
1.3371448388229512
1.0956214665442345
1.2026524000089749
1.1238549585141262
1.3437812560122733
1.2544130919508218
1.2178344707938318
1.047490116273362
1.1358580309036461
1.3602844001650969
1.4068783046583857
1.39346960916223
1.6104300912060625
1.5681313695521
1.6223291008383784
1.9609451705397947
2.044523719512866
1.6609877886282525
1.5529381693116404
1.3542817329216825
1.5796002934056483
1.432675111873153
1.3664130846273765
1.5418741489994126
1.6208741145154721
1.7155074457333839
1.6957494332960266
1.7845515780568948
1.6973701136765704
1.3788036962411725
1.4241826400173312
1.5776160003952144
1.5818279097099917
1.6618544166704763
1.8373739792189163
1.7025923263936646
1.5673254528974951
1.6038429052600505
1.6508593807276477
1.3761219260650024
1.3459684462915875
1.6157996044220797
1.5003606434539853
1.5272094305400266
1.3439772830576837
1.232286136997256
1.528009715719087
1.2725284223524909
1.3500624012435989
1.5666981470422527
1.4442162040479367
1.259283920582495
1.38601124222953
1.4620533804354867
1.282002416139562
1.3331779898773353
1.2811341456416165
1.3003093543952968
1.2328006506651605
1.2825132743954768
1.1931273181908233
1.3602844001650969
1.2022353262926333
1.4271604758441176
1.3887268339349013
1.9792792966233417
1.356818796920915
1.606309408935954
1.2916150739555936
1.248275360744628
1.3311415528126556
1.2323440991856576
1.4070416608030387
1.6070875741215696
1.483828800864373
1.3953675691437177
1.338605927346756
1.0380107348743355
1.2140506289990987
1.1738087599727807
1.2060354502584274
1.3727694326057802
1.6409509796131567
1.3701436257074413
1.433155236956619
1.947681003220777
1.7550536377828512
1.6235163762522378
1.7386816131717366
2.270528921514214
1.9551241037911673
1.465702902807768
1.338605927346756
1.0164702639812357
1.161922386674201
1.2852044183272409
1.5274135881510182
1.0780139119779533
1.2338749173362988
1.151623385014293
1.160311466376611
1.3837143218396575
1.405294369585541
1.7065259629681648
1.1887406336573365
1.4169164673240087
1.1877896049321848
1.3317018819694244
1.5815210306283474
1.5549615107089345
1.4595445268062865
1.4706050759308362
1.4340525908423354
1.9700545238293719
1.3953675691437177
1.3983953357077248
1.1749666907389527
1.236923698976421
1.4140155797779752
1.2319064920712584
1.2462913122470802
1.5766720007596338
1.6478629470520847
1.34067993702591
1.3938483704361202
1.160311466376611
1.3152946423012313
2.7821972889354045
2.5203825001959115
2.6987656986281223
2.405237263335505
2.0337272113882463
1.8927612211517786
1.715290821359142
1.5968673968386708
1.5347858165994268
1.6036905493783533
1.9912448346689968
2.0320069957485956
2.272042874397241
2.558721417109282
3.119377459627138
2.66195192966024
2.606929010694701
2.4358938388464675
2.389708149565466
2.299136491117814
2.0247920288363104
2.6390352955143013
3.21023541206457
2.883792010872776
2.434809821276983
2.4289262525468773
1.806077988861538
1.7533570787740613
1.6162581438442
1.5246525897570804
1.8090687267769803
1.6971386753678999
1.7023234586947475
1.6325449785588177
1.7057330111900348
1.7682532380811833
1.5964477101093542
1.1977229917380259
1.1859867945019036
1.2051507774436834
1.4013302185518306
1.460550843938668
1.3431799033064018
1.2413208233404955
1.906264749265935
1.7450802543021802
1.4959793697601753
1.2558585493665129
1.0982267046805478
1.1506190947232036
1.0380079725931544
1.0266162672243249
1.0963090751035631
1.2735265090329413
1.5656640919443068
1.6591015265914353
2.2042336523265553
2.0392031379527107
1.5265772001817386
1.4246893874120927
1.7222933526173296
1.518047211298912
1.4942624106977154
1.2426505598023991
1.2025126901954009
2.092120966648619
1.8014062809534557
1.7901602739231777
1.772575938600512
1.7100584285149711
1.9460346224897593
1.4081203849497121
1.291431428916147
1.4849470512163254
1.5792951766310785
1.663023757136402
1.5095759731957632
1.4057077894094463
1.4486993616402948
1.2013288198911656
1.4072317929608054
1.8859159182167242
2.0776497182536082
1.3668620021940538
1.046637894802295
1.1913979522638165
1.4516256155338476
1.5665650143795158
1.789339527759894
2.0934230791985886
1.4905041962848786
1.4697514536391025
1.4252327623527963
1.539955914399293
1.4325740149137396
1.298426010801293
1.3677487643445163
1.180756777409378
1.3167331265702373
1.379425195982973
1.2701936699530647
0.959555923554436
1.0073988176419395
1.3084587603146394
1.0924110182063989
1.153969164475172
1.0545694358590572
0.9128862252802493
1.035110324746918
1.1115285783262978
1.1670751737572915
1.1009238978340778
1.095112042252188
0.88258530775157
0.9266407827636861
1.2079345125893417
1.1926944133465531
1.3613574923768417
1.4142091816465985
1.4205542352705192
1.1549433169295384
0.9376705322044062
0.9406362305802024
1.035110324746918
1.011707435714325
0.9623897087352156
1.0576748695710985
2.4955423235033596
2.4607960715551256
2.220674279098868
1.877484387804667
1.9307211441926408
1.793463548861882
1.6761110390057228
1.6767374682310496
1.7267298876471775
1.5648121267045758
1.4659361125663362
1.4657979270334447
1.249239897361547
1.6741552054275672
1.9862723183422455
1.339154941604162
1.2349278871729843
1.1464836343063471
1.2633199632193117
1.2282321384575283
1.2346344526443063
1.2748951881111341
1.2688290231303958
1.2878012119058566
1.2396724935218981
1.392059703862791
1.3715711524839878
1.3769292953133099
1.207018204730159
1.188332010123589
1.6792912687756167
1.7057330111900348
1.539955914399293
1.7134506336244892
1.3669381581742495
1.4486612367594773
1.4509251643154275
1.271666446623721
1.1931160070535078
0.9748956824739342
0.9476264831848202
1.1646391314882878
1.1984804835428913
1.6292415567156127
1.4409944948258682
1.4025376801595062
1.3697097129627938
1.5049311475515685
1.4960573131134913
1.5240603952472125
1.2625210256090698
1.1175461320015345
1.2897547708249646
1.4882311425090113
1.5609685072531867
1.4217063037313045
1.4047021637764558
1.3998541188106224
1.5369352809280246
1.6896217603895536
1.6329152411368881
1.265201695583978
1.1399962360659284
1.2331840333953785
1.4521615598750617
1.2972606506670001
1.8650163474242238
1.676771774806112
1.2466427520152656
1.262524865749915
1.3133128064023898
1.3345640893564217
1.4071998669351602
1.4238680853534726
1.0655995882896345
1.1935563019918716
1.2068760693775724
1.5864037555092876
1.7069532127035913
1.6877893571157054
1.5926604058445586
1.546979632802627
1.4122105084304497
1.4041944163131268
1.4654076703057677
1.4036507834647447
1.1931160070535078
1.1238916879773662
0.9771213215239981
1.415233272097945
1.369834151132695
1.415589644092621
1.3116703228234954
1.342985443951467
1.3197516506438653
1.02965679204999
1.3197516506438653
1.3694848567371436
1.197767824293459
1.049554057427108
1.5583670283352182
1.17352566197963
1.2466427520152656
1.2979527790604632
1.1193735765137882
0.9997849510768672
1.0383428703755626
1.2761639868908263
0.9771608675633408
1.0126230074497315
1.0953154120678656
1.1748002578117511
1.737908343139945
1.6961938218923531
1.6517076056677864
1.4115876715004563
1.4502610285738549
1.1873278900255373
1.347341637068954
1.5764023696629441
1.3539369306949207
1.292424757923865
1.1460704665272974
1.1720958603282206
1.0442564575309161
1.0451635122012608
2.57455572109664
2.4597367249270228
1.9630548164613826
1.7979526670183863
1.4005643050699244
1.4076775493169902
1.5535267521432852
1.4101551470680331
1.6386554790169126
1.862665950637847
1.969416065465011
2.0893242817061957
1.8405070684097906
1.7478794264822406
1.9390958651491377
1.4119023029986706
1.5518167058055192
1.7051312599909383
1.7026461265749369
1.5583670283352182
1.5573252338821202
1.5115190731883434
1.360320125220353
1.4209062330690305
1.5222606464492174
1.3787102451688298
1.2739471822017128
1.274012913803888
1.1984804835428913
2.2694934826880564
1.8904001680278661
1.8417135620753837
1.5264562074774808
1.4646950895609965
1.2938456931756182
1.338455999378924
1.883394282486878
1.7114237624925717
1.481662886788349
1.5253557471566799
1.7929351594198042
1.595392169228792
1.945261139760886
2.3100625080419563
1.6298214620092841
1.393184483613911
1.231560609025246
1.3742767096092872
1.3134402971827526
1.3573656100260632
1.5762256123488847
1.5845612046181088
1.5745806397298654
1.5478753087890185
1.479110287891747
1.271666446623721
1.1040607103387357
1.4807144087340904
1.415589644092621
1.4221054182979955
1.4041944163131268
1.165250473271237
1.3606334430531362
1.165250473271237
1.4370558569338292
1.3495319809740731
1.3089600963101091
1.8356174355939932
1.5233738323351707
1.2079345125893417
1.259974112306046
1.2384085274599974
1.302089680262762
1.148821463122626
1.0628348248371868
1.0819559842815372
0.916386152841746
1.0057749814255574
0.9528272646670687
1.203270897255451
1.8705587776644277
1.9923255548792578
1.771479224107153
1.6527307039847223
1.3035120036420826
1.2349278871729843
1.2966728548899888
1.3539369306949207
1.1967289392432012
1.0856792875594456
1.0295829498547935
0.9528272646670687
1.0202171933568553
1.3108906204707256
1.2957218320984516
2.2694175706324136
2.2212436546865026
1.9331280507352238
2.0564546417073295
1.71859475692567
1.3276281637768124
1.2785024851335933
1.1209380829902518
1.4378574578313548
1.4001984292249572
1.4417831916859503
1.3567524744503556
1.3845879334430815
3.211173861866851
2.9586513735258704
2.075607691510963
1.6741967960276518
1.4047273357667482
1.5979276357425254
1.3542510060273976
1.352334120040823
1.4992096303595994
1.5161395847687236
1.4864276893836488
1.4217471113843663
1.1728667838125513
1.0243489577183438
1.0609949225970527
1.2888167519265994
2.2347997539378164
1.863577114136621
2.552846067648182
2.320945977872299
2.353554481451071
2.074965354834399
2.550812964829825
2.353554481451071
2.4716975179588854
2.986691248041445
2.0699109182967317
2.3371109728973667
3.0645532158608177
2.695112175671893
2.198194991666369
2.912499532668261
2.555237517767728
3.182352842227227
3.0888773955493676
2.2313844239243963
2.207005929079002
2.3673914412172294
1.7880628795718
2.2097690433656147
1.6219820220040362
2.381280632155479
2.314098329925716
2.6958205773737025
2.550812964829825
2.97147499722644
2.552846067648182
1.9814443233605452
2.44017491610934
2.5060458915202513
2.7832600790459923
2.185777945565132
1.8537604629205326
2.355259564054265
2.2625029419335747
3.2395297645946424
2.555237517767728
2.2717719873663964
2.198194991666369
3.163333882798748
2.314098329925716
2.207005929079002
2.7791830348875473
2.139041164338155
2.9690517832591974
2.97147499722644
