Model: KNN
Dataset 21: wbc.mat
Time taken: 0.008247852325439453 seg.
Accuracy: 0.5238095238095238
@scores
0.29193414674422286
0.3043999840637785
0.3451289626438516
0.3810928768535673
0.331543012874454
0.27100215204472505
0.31997018638912145
0.27375938408653017
0.23818832159382253
0.2607373890017371
0.2845741235750045
0.30015077230765586
0.4237549367624083
0.5645122713639437
0.4424451260829701
0.5555945960802434
0.3563997439471639
0.27841232388099757
1.1235441257380594
0.2588619546354958
0.8539499120592849
0.1962797127473407
0.5353155686870057
0.20142364453636927
0.3673918399000918
0.46693698922190646
0.24691625835197326
0.3101618836685789
0.4031037004287653
0.268207795802755
0.2999384777900661
0.24358440022960587
0.35485517274179124
0.3912167737851418
0.2548676187708273
0.5404474166078304
0.26888302314760043
0.3264862755002657
0.3243058965657616
0.3504419197457735
0.23528419411926382
0.39161192211193174
0.35687021951235604
0.3964678084604162
0.8312469367914864
0.4160677986740481
0.43324645804447864
0.28377518526160345
0.6107168087049175
0.27936023969879575
0.31686593852691797
0.33601598336564775
0.22151771011581264
0.4985699788751416
0.30442819684708333
0.2925747895587998
0.4205622198002046
0.23941463731029242
0.41655065840610467
0.36315395400795103
0.263025884615993
0.2480821598621216
0.26195889894344465
0.48119049851632856
0.4723828764840263
0.30921245309355083
0.2190143957897425
0.4269832181974805
0.7523571945981541
1.4334012766720967
0.28172817404526357
0.31266916509535675
0.21623245055889606
0.4556314680251278
0.2227443893471843
0.2621986586512903
0.34831689944675265
0.32533856776259495
0.26076206351459325
0.36132059826989954
0.264178622911391
0.2724355730222898
0.4397496625762138
0.38857085914995415
0.3874345542819386
0.690950614939214
0.4314230598823152
0.31082785012853625
0.3905408522323089
0.3817007145808602
0.2642249202453872
0.30800491114270406
0.26318640230226337
0.42318798295737275
0.8131742285795369
0.22910393198156023
0.2769087363923759
0.28718299210306264
0.2776603845707635
0.46693698922190646
0.33054519866275495
0.2036060363569577
0.34911714002725297
0.36806776399779983
0.30227703857571975
0.29957053109209597
0.29570764795205434
0.22177127466191143
0.31673538155456965
0.2838615614929912
0.3201857299898474
0.3798698045861936
0.4014678326979504
0.4532111596855416
0.333287516672237
0.2811629938826514
0.46071593677021255
0.24636320487155566
0.24452279238578553
0.601243576455739
0.31541391726591655
0.41310770004408387
0.2996800745605406
0.6247539696907195
0.374825146524307
0.23528210748843895
0.24768979445606074
0.34464960544586026
0.2725162934614196
0.2845741235750045
0.3627521605711755
0.2873469484863603
0.2197268364545818
0.346267725691527
0.5490143664549434
0.3169578762850172
0.21596859482399525
0.277756128181764
0.41584611553691697
0.3710412155684682
0.26570000285517453
0.38063866687943404
0.2792160461581766
0.7545850139668896
0.3189572957069297
0.846375394215924
0.30921245309355083
0.29665408506119895
0.24767820844387514
0.23853788225785819
0.2783978373188382
0.3420885306763627
0.2798670182478528
0.37079247634054885
0.32251980039402256
0.2851613105991298
0.28685165740130125
0.3744536717247219
0.24960145653814542
0.38857085914995415
0.2792636722795252
0.2480103259025184
0.272325676550184
0.25374709159496
0.2800528562518052
0.3526429774461876
0.7011990953042225
0.2927201006711791
0.2661056226956783
0.6980726004378001
0.41320441350362863
0.3058147647378414
0.33550794050192606
0.20056311435297217
0.24119421187283496
0.27345561063367635
0.253195832358989
0.32177321066070314
0.4151091261372169
0.25562458332106774
0.25918217863989534
0.3679323414276371
0.27835878440595774
0.3017022946726684
0.4177615248108005
0.28132112101694384
0.2627372719723701
0.4796754572489288
0.2519490793249184
0.3015815799690218
0.28231360350636064
0.40819648628459276
0.2294678486771322
0.3955930797697103
0.38780948291328055
0.3772706561806601
0.2292023872311588
0.4246543884574325
0.3247860221347131
0.2629453565143987
0.24412945901187197
0.21978587260889856
0.35144162518454936
0.21254005488609212
0.2066080262976974
0.2868308935720734
0.2523677175116013
0.3459952056475723
0.6989515839827347
0.26686797745355423
0.31581722854067906
0.35960372312752564
0.2798464512065742
0.4868092307534165
0.32299477286957984
0.27020105072093703
0.31457830370351353
0.261047398922371
0.5217482929698153
0.27262740726470713
0.4586199672010009
0.2537902767781415
0.27018283836939494
0.3148668595517227
0.31457830370351353
0.2995823674056167
0.22023760528469039
0.28572032305133804
0.35496985942208176
0.21981406904634532
0.28844247463070716
0.2900230433258728
0.2682340156154081
0.3743254326853703
0.2963395979534187
0.3610193345588446
0.2556774934342851
0.41729117720982983
0.3436259148154815
0.2898230276965484
0.4318650409065154
0.2582327276112836
0.29344059653066046
0.26176457678136705
0.5293684109032213
0.28718299210306264
0.29882246025771153
0.47749738922637586
0.3296279627351692
0.3093839221338851
0.3026764892684326
0.24839975630987834
0.24050698826561515
0.31062972295974434
0.21668607514565494
0.25596406497607577
0.2568397244304664
0.2360318841990191
0.24723553078253088
0.45127482243273714
0.2723160856126326
0.4849766670294039
0.351224182424024
0.28532947439249556
0.32471439104497224
0.48613911922657005
0.3235672220253041
0.30241400750747977
0.21425512981165698
0.3772184004133533
0.44464036165067033
0.25966811386088523
0.26686797745355423
0.3776706545354262
0.3301812993481207
0.2519490793249184
0.2715529916716722
0.5439741951837106
0.3554202906266165
0.32404913859138246
0.4759494146290407
0.3209461907988787
0.42683837599040203
0.2741322916652299
0.6083426012504684
0.3778636223848129
0.24905035637861572
0.3157473117685628
0.2523677175116013
0.2816683907451127
0.252310604988139
0.22897707314732046
0.3182152179280576
0.23793994639500446
0.4321288081045631
0.574428021099931
0.26438500208931526
0.23124389280002777
0.28410997982562913
0.4924298146795407
0.35451788825800806
0.25491708962357773
0.31108052102095
0.34080761128300563
0.2159170748196629
0.38594588846358535
0.29709719597843604
0.910721890946935
0.8619835346805605
0.34712303825098006
0.4479905580513773
0.33391248107102806
0.3966271596937935
0.25374709159496
0.27996661005428625
0.24184562817904845
0.40475852834455506
0.2614318835341309
0.6192309080654479
0.2576152174654508
0.3183131264355458
0.3149490109710637
0.3731391496990356
0.3496635348529799
0.2649714520652335
0.5816902043893275
0.27262740726470713
0.3252420957989124
0.32144259245314394
0.2390402146291025
0.32778087250786553
0.5028716502459536
0.5427099132613256
0.6904131515444889
0.355556694314544
0.41812153078428094
0.3312705383158248
0.2712705509993416
0.29326495918938517
0.24358440022960587
0.2896595317035577
0.3281206256265149
0.2831272333103777
0.3554882689142786
0.3643358770414941
0.3410114444352501
0.2580385205582021
0.41967867271402043
0.30496356462004925
0.447762480832065
0.3522409398078283
0.5261737765237952
0.40696296990602077
0.48215615995771055
0.40198872513794054
0.7351957336780351
0.5261737765237952
0.5193019229075314
1.0211553409570424
0.4568656682317084
0.8159594592057056
0.8725642816258088
0.8714781857212656
0.6654993063197415
1.0592559440918499
0.43137016009773477
0.8714781857212656
0.7630045983181152
1.2393925101021657
0.43149143121113553
0.7062769458085213
0.482660885787943
0.7417317288123675
0.7630045983181152
0.5193019229075314
1.1941693726551188
1.0346778754627004
0.567710235978702
