Model: KNN
Dataset 17: speech.mat
Time taken: 8.654640436172485 seg.
Accuracy: 0.01639344262295082
@scores
20.860511870959996
19.023573320660372
20.578483412601354
19.145201769681826
17.269101586470914
20.630674533070493
16.93601093336231
20.646675574296573
19.309602650432634
18.080248450882696
21.657031838273884
21.033566234492827
20.20384355877536
18.53158923819835
21.863546337998123
16.910470949212623
20.622809526008194
17.13076161649271
21.223829207916857
22.876149159291533
19.07646340931387
18.245627351944545
17.573341066122573
15.489846817620732
23.675971504325886
21.44817155457739
18.938979680296736
19.083179439134373
17.009594097517997
20.233970882020067
21.92387586077152
18.386522579016564
21.238372550280864
24.303489145997773
23.117225867301894
20.67229679037024
19.51737676964502
19.082065774777476
23.019212349753506
20.840425080210718
19.413089024545656
19.913105033629588
22.846498233977734
22.655995697621137
23.26723673497981
18.270465104222094
21.60212301026626
25.85368926645968
21.1114474519688
23.88721077440778
24.463473935353605
22.358295861350012
24.607904257224035
21.663806070863288
20.32935841839739
20.89097773007476
17.969686499544302
20.290747127229412
21.89152242964586
23.87733158373033
22.441327287661444
17.98670853626588
20.45382510263108
21.88474158585072
19.395519772037332
19.98586315291031
19.914044039174716
17.91456934027846
17.465891651901288
20.98780540078945
18.191418385677
18.951838011039165
19.66997854574332
18.570750249584826
20.326052532131445
20.556196838106043
18.822506906000246
20.261321432201875
18.858903884542997
21.80708739420059
18.619929671145236
24.15062522616744
20.104473147364097
18.822226948404108
22.05847804176441
20.195205964063778
21.108654372753172
19.643991093863264
23.484043917227908
17.973893857016048
17.684719297093086
18.131470952959585
18.29053591014475
18.34876796530342
18.586931554000913
18.26024330414962
20.20504438141208
20.05206019930458
19.276684012398704
19.153276874167044
18.43205723155829
21.749674392872986
17.729366676292802
21.479475647654436
19.55169349489705
17.908800413985208
22.55364031300029
16.535992478683724
21.57965220561495
16.40311983363699
17.67008664357283
18.619919496132233
22.391600729864145
22.820633138620465
20.65744943283719
20.95730623740535
19.78061051753801
17.841278689445527
20.697588534268622
20.745198071582127
21.27330124924744
17.896900009923467
20.133017723126418
19.697738116824944
19.25367851033374
17.139408426172203
19.486468587671993
21.418395909830245
22.7600941748296
19.8562374888155
21.590408928327452
25.3477803769839
21.889493948023226
17.92496241950674
22.766568501724542
23.141069981318065
20.989865077306266
19.89600365834328
20.454042493177887
21.810902657750827
21.448586305486245
19.221993469661104
21.17596891370291
22.522679306286562
21.17348734614742
20.55430520197751
18.329041987595968
18.135965926602122
19.449990158512644
17.254960291224428
20.172168984287534
18.70538863383517
17.794006194227737
21.46533632387763
21.47314592934223
17.759997124475834
18.13905521937135
20.821604472565873
20.890662302577347
21.79205841258097
19.37158118159925
17.687857176377015
23.87366854440667
18.116978728710727
18.05813813492841
21.31035819540946
18.90772147643077
16.020624173889818
19.62746323025365
20.706709447489175
19.90939466418286
21.236924643048862
17.62293815836043
19.496097207075813
22.59673794833489
17.601526216865516
19.197744865501022
22.732975033872695
19.768717062113165
18.893290753264736
18.81150008641988
18.44784174669814
17.995431223041308
20.403138613182517
18.53712318131991
21.562225029373455
20.494831019167847
21.93296168246475
19.409076550751355
18.228358592193644
21.975526844008467
22.196210490866022
21.965295321317964
20.347462439004502
17.47736931481283
22.359643940982583
22.647816119980618
22.238546605063178
21.88680873646873
20.347530788250943
20.734957398784328
21.61072508958756
22.005676766362484
20.76401965695971
21.702640170641597
21.9982495386613
21.255410856404232
19.666016297694757
17.183118736404086
23.847772010235143
22.255562565915607
21.36399935811747
21.749276174918144
21.26025308377384
20.25611722825272
21.2981242973517
22.114700110235656
17.628240860411367
16.919811033059492
19.83239002425459
21.511891792173063
19.31241284764703
23.56121996662376
20.553092883428175
17.39494914201919
20.938110260145148
17.76024348996691
22.12345081315537
20.232682357590086
21.570011327794823
20.627412232052983
15.639192566044766
17.807941781469104
20.125098738582363
22.45917359287617
20.294134440108653
20.35636704907649
24.094528076613393
20.613562267030368
20.592233202796546
22.16253400417794
20.68521565657052
18.542104410981235
17.261253457284443
18.67026746826234
21.263346965106557
21.174009487339074
20.82602978184565
20.863510036812063
21.065873235872704
21.51483395558411
20.774774964520727
23.91926439897365
22.9750072234235
20.12128325029272
22.38756467542484
19.461640762241068
17.75113714754161
20.12387327929077
18.044515966020978
20.16505717484165
22.1022811922305
22.522440846058096
20.272204389432076
18.57189743998104
21.27685959285218
20.91073183702267
19.871473765395837
20.508345339004453
19.812402816270318
19.319107057127276
22.402613366516015
22.571187138193732
19.1064554988592
17.936706426982095
24.743865027233834
20.83696118101551
18.52259067887656
20.769385584355337
20.851093411808144
17.905599437607492
18.02855063101214
19.463085133475342
20.670200326916515
19.820707953069718
16.477897848843245
18.685670597953532
21.745583211386652
23.36071924239612
24.24546526525401
18.13946964019726
18.785257122175995
18.593220539333256
18.08194981694045
22.151111510641694
18.78910402469431
23.176496254226148
22.220270599657788
21.15791927356724
18.049564961152413
21.07178413229445
20.183406169782256
21.891346140078525
17.522403558218585
19.75263241589445
19.49677327641108
22.783831753920545
17.287416575904597
17.88584882802278
18.147174145555223
21.55134310355747
20.793696265336695
21.019462502442785
22.377800765692875
22.08426829202858
20.534079207866935
21.710026720682578
21.377840643370973
22.370082734828628
23.84976402211477
22.575147344541538
17.760008727968632
20.150914187138135
23.0155808988741
18.57423313469167
22.142459622409373
25.212459210300946
21.083593946330772
17.07157917642177
19.812996207230608
19.793696588006473
16.896204028389604
21.79107781939051
25.07379186007411
17.8201714205415
22.913573341146787
19.41216937975391
20.62889305754431
18.875451279518884
18.841657039574244
19.87570368650336
19.394354562683887
23.80658871352386
17.611711715187763
20.94346747949348
17.118144235499507
20.828419548414757
17.34671925839762
22.766315223994358
19.468598136249543
21.128247079140657
20.382763067352666
21.928968760178464
23.021928336108218
23.196046165058814
21.218217886702007
21.718046900720925
20.77530158800427
21.578076234871478
22.013821612634484
17.44870462878626
22.181196678443115
20.0094375622493
18.094528704228555
22.697145986794904
19.000932130877768
18.58747998362904
18.391180617339337
20.12775067215289
25.49912034434696
19.529777011759478
21.07565256357573
22.116682423061018
20.765762325084165
19.77035506631078
20.26081612129248
18.84798362462667
21.58930771308919
21.21251970076924
19.87600113381004
18.97610038923097
19.918047607298007
20.54317324746002
21.666935091908936
21.10739699416111
21.920795200817132
21.91873980901612
18.510417283874116
16.94702588738638
20.922981915737328
17.106154235732383
17.363403593510576
16.394033501670446
17.778542396374174
18.22361987258429
23.742713407961183
21.10093069672591
19.88435258476156
18.213461634582593
18.525215463163907
21.7202335422023
20.14377181907155
24.014889695552927
17.274185733836216
17.786522001576788
18.902317375973
19.65774255748118
18.34829077083645
18.619325572104508
23.415157917610262
18.04274096082909
19.407131665544732
22.378932425660803
23.18865838326933
18.35814675565265
24.19641099578934
24.399868843612623
19.707680335896782
22.617806715477233
18.000620080539665
20.42399308020181
18.13811706587856
21.33935532265502
17.8110086254345
19.81700421498317
20.15402471857839
23.42858105421592
17.84832844029261
18.629719906184768
22.10455456778722
19.33430485489616
20.183914922929127
17.789085013836413
20.460265554241673
18.917634160921896
17.812140827556615
21.525843316244817
18.349899703637142
23.258232545837306
18.190330015479653
21.103915542935624
21.84951346194949
17.32197534947905
21.680712490915376
21.737246858397093
18.596630527450944
20.160714083895687
22.749377351714045
18.302517751209777
20.999790432712963
22.17316647987666
19.84009343330875
22.42051156936365
17.185501433053563
21.457021011831976
18.5482852462005
20.67110847518704
22.49428161484283
20.07587427715117
17.696942105590804
22.314106573559172
17.298914113605715
21.59030259725292
21.001386864782873
19.678015403026688
22.80874716621258
18.438461320782757
19.974698869991105
20.60445997507569
22.570486335788644
21.304942402421485
21.338116224318593
16.719552740855658
19.899246450673466
22.666696534230987
17.74558079220652
19.327724183031112
18.743738768371188
18.801746201261313
18.054662214944734
21.167143887578696
22.13011800651167
18.74795117401139
20.65446051491373
18.480216033276037
18.004054950939246
20.402722347046655
23.428629968623284
17.584248128404987
20.263262448959424
18.772893547711032
16.92885410940684
19.46717566877517
18.46704599196658
17.94333880420494
21.286684059584836
20.383558689042548
18.860261301044797
20.47962950452842
16.323799437717927
19.768346531956748
17.258438385578604
19.917828589168774
21.738837432224607
17.9748369122496
23.907414171034656
18.23599405210892
18.76167411706925
22.636833951717655
20.23823413100113
21.179026676803048
20.60781979804625
20.700074781741222
18.331437071961
20.88371266301655
22.86521163777764
22.120436797261377
19.976816842677614
20.23083240916156
19.19514572330356
20.997355249347432
18.682795626572137
19.181215579333266
20.439413573121513
19.8919362936041
21.697955037240263
21.387712117262257
22.30553761183043
19.764616225660482
20.340219245548486
22.777738109981744
21.310728776104018
17.39270530750696
23.406474206316783
23.087913951592466
19.02907256896754
19.86986140807049
21.909169391015965
22.306849313578486
19.803295814706352
20.45209710442215
21.766599645554596
18.440341665490426
19.786389124139053
18.311058850504736
19.14148006204202
23.49544277390107
23.240643473469245
18.552442886006034
22.783376255034735
18.669525376954546
20.768411913537225
20.87067147776822
18.93693175849029
17.461643768758606
19.1470235572012
20.86233831886066
22.58461881615632
19.602877375839704
20.835797555811226
22.625552152943584
23.676761048876756
18.969358647438533
23.070136464883376
19.120979751836593
20.431207236703262
23.167631220098812
20.256309817403974
20.172330358858616
18.370397040873126
18.156359599022704
22.53577677146941
17.427421834612087
18.10012876700749
21.31173439782896
15.527425009587201
18.228690093171835
20.185243056973203
18.41014620849617
16.968821838364416
19.659052070049718
19.116527759630316
20.38358893356146
21.671450932594304
21.704353726393503
19.917301634952317
17.197583443371837
23.047499003699038
19.28100758311007
22.17189357436342
22.46816832176753
19.585345232225755
22.27556039656432
19.521885146455737
23.868224400776857
21.056118908208656
16.75233556538168
22.510886456858852
16.746551913783414
23.38232743831485
21.08164065944817
19.292764211823197
22.9013207585944
20.363202073424926
24.62762723223065
21.556344254716397
18.072215458519914
18.313556432275437
18.811755097601186
20.661643681241745
20.52153035554605
19.202630010748372
17.34397167493936
17.959242773723695
24.45426109088527
22.836572958046812
18.15292533886803
18.00790045720336
18.391751727777155
21.1927918611016
20.11675502053607
19.099513618069782
21.747127863369357
20.68105229414112
22.979134736906182
17.017662105732388
24.711982004486995
19.993968853135385
21.529551381163888
22.602257657322735
17.778950871005353
21.306452338251415
20.579519553210055
21.76956314811088
19.91377223527378
23.201556024048152
23.764462341566905
21.432012348398583
18.73285340122586
18.47982986158587
22.064841286267303
19.179055136109397
21.18218743175198
22.98797713100659
21.414176073775284
22.576939911794536
22.255236830057065
17.286678933929625
20.166850018214554
18.28112662921459
23.448874528910274
20.743633526706095
22.63056732497429
17.989373258075616
21.058167486380047
18.61356658625583
22.287962789298614
22.305238692594568
22.14118903705648
22.852941026560543
20.486395087531683
18.57347856111664
19.07238842444873
18.95756496034351
19.12154050777114
20.744517570099426
17.9350889112911
19.134030668565
18.45179855356911
19.85766610659204
18.7130641165268
20.647810265658222
21.934125846073464
18.475318217226643
18.267199827848167
17.078118928077764
16.523482639866
21.58074404671442
21.218162099103658
20.484596420593494
23.114191722012464
17.036328550117567
20.95394026094245
21.09925806788989
22.387712824051235
21.43415425686154
18.14812913588524
21.73558880468636
22.170269024587483
20.94054711189536
21.040466968644203
20.42532182917285
17.993127679511595
19.435346755907506
20.263262448959424
21.180910473731252
22.562935036469543
18.801151590891923
24.47479620243548
19.23037056189105
24.0075994878146
18.078009031278356
24.51725077125653
20.688083820015958
20.247164829723967
18.060836681360033
20.37482101201428
19.981218247287586
22.094087218750122
17.61309333771922
20.35509008654124
17.862834650585313
21.202019650986003
23.00786051657027
18.418771964391464
22.54719267360338
20.56070385699342
18.18071829874864
20.28300329419891
16.53964478558663
21.465922499516672
18.353437606539877
16.977023940910286
22.170701534705763
20.77567571760071
22.560842974872198
21.18057086583051
22.479191604735124
18.272233025701265
20.218141553680447
18.6524037538058
18.72146711421632
21.761028990759588
20.329495706013017
19.551054563140088
24.046179417076964
21.42588041084466
18.233455059065466
19.411386476870327
23.822040030789832
18.53320033810138
18.172657902272245
19.367920768286066
19.01100318618581
21.891330479766207
20.52036622909523
22.212206184373606
22.71755628406617
20.53996254062115
18.538662650973343
21.595138949863912
19.104271708537492
19.481314473534066
21.640311929079687
17.19312181167614
22.521508452960497
16.80354198401236
18.00248383554481
21.776815729953952
24.259126880338314
18.026547638403677
16.8815326641727
19.020164520698
18.861234283011058
21.849742435508546
20.970426343458136
21.65073834357075
21.347470869172543
22.36677757372396
23.334117515153604
17.38735527409824
19.24845588339002
20.509020853584715
23.40798829026668
22.802816988095056
20.69825239516748
23.15520295339223
20.558675879822218
21.5948091576123
21.024412479495684
19.829983305236468
21.83366106647211
20.22710232291126
17.529251377217253
21.013513400502916
16.9514325596415
19.93723643920861
19.60395695594663
17.915118077850472
18.162314733226054
25.108465142036017
21.99836618730639
22.815342171838875
22.853669119110183
17.74578364474376
23.17696097279364
18.369715442757926
20.475491913127655
20.478502923837034
19.890446028042014
19.16916194484365
23.65019060933267
17.580366641017935
19.951774529962677
21.585670804135464
21.09321376062607
18.053301988448126
22.010748139142965
20.29529541537053
20.402677194568245
21.827743085826924
22.644148085190547
20.544746750970567
19.306704969252603
19.207412752865
18.351732538452875
19.87158015432159
20.81576673585097
22.17534813284624
23.405055832640368
16.86850083361882
18.182412541400886
21.000441769046066
20.13667094262979
21.825482144619855
20.26076850421642
18.169593123182356
22.43148330868938
18.0662203716481
17.84529422545501
17.28464014888589
23.13158372856931
23.810711484065102
21.846868488845967
20.670192709777844
20.69716115358637
16.907574544273995
21.565376803199783
17.45147469670249
21.449042558661162
22.365868633351784
21.17860629015038
20.42830047520306
22.61299219515914
17.55361930186017
17.836380439684394
19.487390731544842
20.85248625155459
23.709947788758825
23.008665998363497
20.971654951327753
22.234069533825426
19.99940150686225
23.261908014882206
19.23096767805562
21.74418333300984
19.250822034890973
20.47023550647307
21.71871117008056
17.999197371425677
25.148517364777298
21.900082164101082
18.895571632387092
21.114334921169647
18.30359890375101
21.369941263399213
19.743298991398785
17.128424375298856
21.884001751484668
21.237135021746692
20.68862115561771
18.096487583090795
19.322625062438355
20.80966286486336
19.864099891881484
20.929273928340344
23.30734711466642
21.779493004633945
18.335995855047166
20.29350140103512
17.84482055153631
18.713775001228793
19.217375104287136
17.106154235732383
22.318577274396283
18.07020214594521
17.14308852457439
20.30870972997049
20.887835509973673
21.396685269327367
19.93685141442683
22.338295888562694
21.121417300020422
23.523019770692354
21.876780070580704
17.49654035401736
20.540173240647682
17.56742988624776
22.474244745413035
18.45898186310367
23.655231109352126
20.967458090110807
21.339303979386234
18.60609422924619
21.88136394137592
23.820149472600704
21.905457275082323
21.70312807370661
20.478654067083095
21.17148834182953
18.39370199454727
20.030598967273576
19.351110914391757
16.770684132791214
21.242209589748075
19.302379374019985
21.21792922578998
17.13639731707484
18.653703022792154
21.674112836771492
20.310884170515926
18.482604975340276
24.56403910784337
19.89918571875158
22.34823794364919
21.498932664644865
17.239041991478558
16.94577582158144
24.40923563394959
18.790723685116248
19.32590742837575
17.751671272387036
22.612336199814933
18.698371810454784
17.890383023746356
18.688361450480972
20.71558853946719
18.329216443026464
20.895982733829467
21.49227383789315
24.355687809923893
22.365218916202203
20.95611362049814
19.538951290659277
16.910870953842036
17.791925299745632
22.651403152544574
20.2813896777426
19.39173754354542
20.359688151032607
20.661692535278736
17.873766793056294
21.698661622772214
24.09455763772878
17.4200462022257
20.98729326386409
16.847493804521427
21.16603548727012
19.705864839081666
19.59733246878235
21.707898176383605
19.891125952202184
22.844495937527494
19.396137045407855
21.898732486481492
20.79410222776083
22.18925717486649
20.548734469759594
24.848728181264484
17.98798958259755
20.433008801452914
19.32427423983022
19.274019059629516
21.79513753691065
19.735729568494875
21.781689758419432
18.36760438243145
22.234149690008877
20.964310375518938
19.88527246538654
18.31754403797996
23.59256393270345
18.03710881884711
19.965373905376172
20.65924258163909
19.986922519453213
22.100898640105317
23.11296281690119
21.310026012220987
18.774700555167264
17.888351992215238
19.410759587110462
18.906324362914436
22.199132226633704
18.68477195015353
18.662946642831752
17.38323058248845
18.95813997893032
17.471397183258475
16.134691018656017
19.014065124207686
17.757799458170602
18.27778315126279
16.864479739230976
21.231303356104515
20.045371938134082
17.20199182226941
18.764779286295425
21.69019645923382
20.787774656058893
18.31632318434611
23.07924769582717
17.734097467325146
20.729532411310426
21.430309286515865
17.610901946873465
23.945066330938676
20.756997167686396
17.258037100486078
20.871876922420775
22.27968984700116
16.49799990977106
21.546179017664837
24.17996515478438
19.494476822168092
19.0491799272879
20.740794795902186
21.556346912716588
18.472002940586652
22.055418520402363
20.136117215040436
21.55540701198767
18.033549357228654
16.79778090173547
19.710141562512227
18.448989626022687
19.65798186807325
18.140149904511816
20.06814359758745
21.186690382784192
18.397768940200386
18.274362075611887
17.23902802044503
19.475199008185204
21.020953923022113
21.13891006988629
17.63354436347756
18.700406634235396
23.490321749506165
21.0631436159593
22.97029472822207
18.467136681120678
20.662250577430616
21.404790307298466
16.597532191071508
20.565030464338314
20.574236023149393
17.844263796253916
21.212137031444257
21.986804480493088
20.573161480758394
19.252807824553678
22.0277451713884
16.9405864663195
19.880789870458393
22.07135538668996
22.132624109627915
21.268118746181294
21.0543747038245
19.186757075472133
18.950493123683874
19.820214630368465
21.42356348398408
18.90074376463456
20.013958283660546
21.380977577184584
22.303250886175146
19.904830362306893
19.763043371724635
20.837038353998462
17.501701883968206
17.881073444286354
19.42261800417454
20.8668391574076
18.387020257006373
18.216160264187042
17.924529798867628
17.551340838084144
17.258438385578604
23.971895736715755
22.771619470396068
19.91197323832562
18.808110547118076
19.949445267457456
18.494807069050246
23.083900311756853
23.428996268531755
17.83375069504388
22.933706050635582
17.670258195076464
18.155002505876002
19.444068438374494
20.096484766547512
19.72702134655009
19.57995170146696
22.109943220683704
21.9385633501007
20.549498256404515
21.80056446613608
19.74499069813694
18.39461787529284
17.795041275992393
17.88977709318931
23.15987141703939
18.93936713266557
21.39094287000668
17.198499121012944
19.479535122993678
17.041426564188313
18.063897520219268
18.711144244445133
18.368499980481776
18.888864545115254
21.834235527486868
21.147623694114564
20.28741337083103
20.047670142710004
21.838188206511074
21.2651411079615
17.130101083216786
20.3337370283294
16.83523894730547
19.384407868621913
19.54082177256215
20.22464180043278
18.781615571242597
21.353732910541623
19.873045810042026
21.358710585884417
20.630872279872822
18.37428331827128
20.11352340692792
17.32150120515517
21.144406244900942
20.4378098169002
21.707688882828986
20.029067494402923
20.205057457276247
20.08019887538107
20.501596799287544
16.963939291144314
21.66745281248805
18.33200503868917
20.309711058104266
22.161838049109008
18.0206050148706
25.00938651974905
23.44701492835528
18.04975586945013
20.548314346600232
23.420948971444048
18.716868677968574
21.28537654393445
20.302680860277935
20.8412293796516
19.174756839146465
19.216351164658477
19.8992931780676
17.959844936906787
17.923945988676603
18.38825457109197
18.04471475316534
17.64214864877371
18.160230743477538
17.558727960640223
16.979074402286724
17.810748101016976
18.88266056388003
18.440955858599526
19.4393048710787
19.453487144764622
21.015113437144404
19.30026477610087
19.25046308219311
17.74103437254824
21.505009776871944
19.17644494380153
21.68013445094045
17.976086664712042
16.185822203181647
19.29405614777398
19.156098595469807
18.557687739512883
20.645871092516973
23.780250934617047
21.713123258503664
23.539657852258657
18.055309618773276
20.230332016071117
21.542378073953554
23.87881022453728
21.311636434309335
22.56553841423095
24.80578041574244
19.773466185386365
16.53964478558663
16.292348383976357
22.38672856933603
21.51165083916543
22.88733930484501
18.166853327039576
21.267657891571933
19.18597617454525
21.02552834162024
22.916269674606948
21.23676108158979
20.84241545313201
20.902479156742853
17.954471687028196
19.425031044149673
17.301657528713662
20.094218686173022
17.49574515246558
20.931775612718774
18.964392443114832
21.931197904455562
18.441246874079372
23.07539164727811
21.010695383331413
21.716755543805473
17.43692537040931
17.73294255311659
18.43666743057779
19.554712374770286
19.446403391280715
22.956647478228202
18.736732393436995
22.31795269867376
20.36211969876346
16.270283061460486
19.99378328731238
19.97489067314386
18.28149908497504
22.231611979093707
17.640417785107676
15.600608766291144
17.56433783715137
20.613614433301375
20.189793188456516
20.04494175815842
20.59258960446731
17.67131563209301
20.492889803336933
20.058878518639244
19.75470763577948
22.627544624590417
20.38977200297911
18.165468661370305
18.21529718438991
22.913548962693863
18.575473138996156
17.29113778479279
22.48062592007551
18.912447040487546
22.321244363761974
23.577420720923286
21.39650599812266
19.482026227733343
15.927791505993852
19.453842955366174
21.572537703415442
21.250820663827028
19.089126696291107
20.058541411471904
20.398867585113692
23.39173512683505
21.879124306436623
19.852471903687476
22.033750703309813
22.574548198004603
18.29520581951294
18.45867296961605
20.867786769664864
22.906472388814827
22.930222259697583
24.526630689343982
19.80998016504788
20.10190052230912
22.76686118908815
22.291210049033122
23.04115664385126
21.801191623164225
17.466896399731315
20.42144047035542
19.08742067896995
22.427662834853113
20.863980592042385
18.206775329272197
17.206270648094602
17.475078489730738
18.2186407956273
20.174456356416176
22.44136521751092
20.109062388197145
23.952842891370253
21.393183526944
22.64783319166453
17.950722756731466
17.88025518982828
19.26256340034571
20.21576850570448
23.64510904363344
18.492859395742865
21.856218488172104
24.17246409996769
18.68695479795064
21.915491595942797
20.826702909080907
17.988098483232232
19.123462850204795
21.675738750148657
23.00175914975915
20.835847069586485
22.20027717297907
20.808651874684124
20.304315884656464
18.881893212247874
20.573552316827747
19.72885333114084
19.56111868921029
18.33153762909006
22.027513552507706
20.248691281818765
22.370675392536338
20.398730302014883
21.02685951937262
22.074972499038225
19.082686528410406
20.543052010084196
21.020672210464177
21.424528447133905
17.534034475970874
18.68884521448477
19.910710781702324
20.660604913656382
17.040063123463895
24.203466087004546
19.176601495767777
22.78693361034339
23.314659968841987
18.690162477848244
17.34719526923788
22.50960154708417
17.879978544930232
18.647932991129633
17.17615421497523
18.647932991129633
22.426132823891276
19.026586912262342
19.915088925000713
23.177122171973163
22.30548238772016
18.35815636228801
17.27903082127996
20.167311438275306
22.09151110938957
20.549397798782646
20.555237901730013
17.15223183005667
21.93889929343227
17.778669684186195
18.710461188153218
19.346226783850298
22.462516315135897
20.146905788105595
17.425463087368087
17.985842428086592
17.250083268019125
20.145141901657166
19.21948339985947
22.130522667718783
18.051469858971075
20.515509735220597
19.211422281285323
18.517986778123763
18.76383938248169
17.39183228079503
19.22687512973762
21.730053296561888
22.079295277196533
21.802226078506457
16.968821838364416
17.11708869932483
17.574085945233282
23.732143261824593
18.933598082981938
23.40092631631295
21.3529345967931
21.69411663618644
21.140682525233526
19.315122650408206
20.16624957193875
17.638504126154412
21.32603439490938
23.184260214633973
17.82838709745727
21.095040008172724
21.6581292067954
19.50998258413521
22.288120135163936
18.100262968795565
22.177640946846687
22.053501312544846
20.468877194769078
20.596667300467924
20.512420407553776
23.807938521607884
18.002795289093612
22.876097999540026
21.059911773048885
20.156138690605996
21.656909669349183
20.893006021550605
21.37860883607269
20.38313875986637
17.74645735832657
22.628962519319238
20.94443454917797
17.694286714222727
17.393882578834955
18.695983589031595
20.484053005299653
19.647045803371967
23.492667996914268
20.331857946622783
21.492716194599904
21.18551881062048
19.964179751588677
20.040610224930152
22.5257452073337
18.28963641328537
17.34719526923788
23.36476682988585
17.919952482682117
19.220755357347276
19.8900501659399
21.863894536592124
20.37347381077523
21.702217122276995
20.909905718196804
21.99314026193661
16.805560559516667
20.526100729467828
21.806326392887478
18.231930313457188
18.531261284997488
17.79387500571584
16.523482639866
16.948011973286075
20.29350140103512
20.427253172223132
23.499083346839686
17.55055425735891
22.26756512778587
20.264773924789743
18.27033504021845
18.39123992728011
19.24046013581494
18.49937149784435
19.952910329514808
17.89160676285012
19.018658516321068
18.117876582540102
18.15665861211787
18.38442892895327
19.821405464262124
17.729133419749115
19.415795479054033
20.47065678021081
17.32607935894004
18.165516944867328
18.95363073865263
19.144010449755356
19.549924811273726
21.45456356151302
18.826502245283375
16.6933310209448
19.702383208298432
18.727745861373396
17.888213852780325
17.0962918280161
18.292581206863463
18.034110682741748
16.673774264841718
17.884839614500244
17.599677813874067
19.62484107527443
17.235660836986384
16.872755785250735
17.65805341139527
16.936225923995526
19.450879225841213
16.797339920552574
17.662943781640816
17.406475194877913
18.084584383095294
17.804721079156955
17.92721324553878
19.199523540164666
15.745041965808657
18.688621831876105
19.07048485861246
16.968191031308145
18.191388396343477
18.50062733120528
18.44728920580764
17.530639410971013
18.671306487056363
17.351605556392464
17.98098448405523
18.572226825521792
19.97128680311427
19.509765205037013
19.265780769941873
17.523068644875455
16.99417693793264
16.090715767697965
17.656085849783697
16.347917748830895
18.90782270561199
18.17672250020418
18.434849291383664
17.974382049267486
19.119309068515033
17.65454978509528
18.48376389198082
18.01253906835011
18.496776821711748
17.442354277129432
19.012266715048806
19.94797411363168
18.737389227462106
18.566812795861168
18.47281103762473
19.816586221360247
18.17786293288336
19.05728866495109
18.10370685761618
19.80176033371469
20.214232040725594
17.899018313838056
16.98865969484859
18.853358532472033
18.176727597664655
18.74683491361811
18.64155062094638
18.72912442605279
20.53942079153901
18.887483269859068
19.597104503020923
19.152577339283322
17.153605643302903
17.723305002664233
18.836980455036237
18.491863418174155
21.73536296205322
20.201784569255537
18.1974780922535
16.719862489837507
18.44730026603985
18.99206693760788
19.60576369258612
17.99675815508335
20.01168215943074
18.723765910368247
18.48789894349136
18.58692949437319
19.096107469970075
19.232853765974454
18.712481961528585
20.186349271562868
18.258125519401464
18.431776354457583
18.83544134713785
19.342627596868322
19.855007483385137
18.71366556488997
16.15147036711398
18.968068194956015
17.801796491010766
19.870765004459713
17.08850651643132
18.00528738557811
19.604452467669887
17.261161791205712
18.308360863597585
17.49834769140441
18.17922059936858
18.791666275467566
18.6268644683503
19.957321399929192
18.881595567857048
18.49798975013034
18.810634877999842
18.679838597290143
17.987179126107158
17.91830459924761
19.09140509048858
20.08684455496978
18.539822925032187
20.15929715553526
18.24367139457503
17.76862676126268
18.37854677228355
17.956442693363545
17.691600619849826
18.937302551474875
15.18246293090726
16.617824912057053
17.614432925306907
17.857526519996654
20.001433639239412
16.437830802307193
17.988209435428892
19.843942899583567
18.347062413605748
18.442453753054888
17.4335668994363
21.992824616543913
18.7580719873691
19.039701252231318
18.83982614787932
18.546445761518726
18.156508653710656
19.858432418430606
18.789646710239122
18.307355899343655
20.856216952484843
20.43496418176464
16.085047412412344
19.960390469144226
18.265205760575896
18.19432062040906
19.191003877740613
17.671642650074304
18.863814565453808
18.849624611176324
18.994346718200187
18.80144917256508
22.62887499593084
18.358148928297723
17.065084014154742
18.546101706731633
20.633088123282004
16.60206826108064
18.958903800173307
23.001277727411562
20.021724820480674
19.001017463324484
16.90525840049081
17.897943600174575
19.41332420067728
18.420413663957053
18.820187744010152
18.718911593962677
19.034338907393398
18.3496610982869
20.033900139380986
18.81576646713465
18.159781641102246
17.49279687337296
17.234907495485114
19.301079200877908
19.814053731545677
20.578860482364814
18.896992502504492
18.682189574853698
18.328786891767493
17.116766824232982
17.699933931149943
18.034049283175086
17.579607432339323
18.852755389285193
19.490859552923485
16.424375223749937
21.803843673145504
20.680734779913212
16.874272913239167
19.875258382118684
20.074700560810744
17.396845323023886
19.752927370683345
19.692030906698708
18.170265433385886
18.455824764486874
18.590943401664425
19.139252774075818
25.232901958744534
19.811120085844152
18.94407493554138
18.046295886083158
16.91390571319921
19.370866007393143
18.909614581813376
18.74276679535755
17.561072688190826
18.526726925471426
18.386012738704146
19.637750569739072
21.11476089415241
19.089105109958826
18.205772002715676
19.046508691000664
18.921619339216587
20.849804734303724
19.17260097051018
20.33584448259504
17.797032811595308
18.501683515110866
20.553820261553128
20.225883649652815
18.792195767277406
20.421620799384293
15.48597301827822
19.25333777444943
19.41740554212557
19.122417071506234
17.777601129340418
17.363026228425767
17.32607935894004
19.110792852777404
19.28369803729246
18.00713536339772
17.923122673384484
18.744982313978003
18.78529596694897
18.246837965269957
18.28985510570718
18.089606606912355
19.154294933720035
17.94946622418712
17.17173663304329
17.938030678000693
20.694031570881563
19.193175012429545
18.255567787366104
18.993558092061335
18.72134523194419
18.687591531130913
16.77725101552525
19.35928583755796
18.648985090994465
18.842555590369344
15.221377038295849
17.840093218702027
19.910454660140612
18.35505718859042
18.438281454733662
19.322965594980626
17.725444559756767
18.55813166359694
17.5468750782555
19.04351867608434
17.806566348459626
19.33330430582335
21.178196849360578
18.652089865233627
17.505747820044622
18.37672331856427
18.420259593104
18.292198837001827
17.01235467299242
19.31791835131515
16.759318426842
18.084662878858733
17.40079526756493
18.966574425138287
18.682324832829508
19.853041186506992
19.108032207370098
18.770620982379324
17.71159019988527
22.053461401424457
18.561807761407515
19.14620479433253
19.861990493726328
17.55631861806028
17.55172063239872
21.054359081642193
18.10102558011302
18.456845756208498
20.480622041267882
17.765556616631642
18.18853880411264
18.451083715752006
17.573407708670764
21.382181729185366
20.89289294299882
18.38586914922142
16.718024041761304
16.860217545655658
18.88894698939433
17.625646783978947
20.23260713696067
19.519192987440317
19.25334954235143
18.770839926439788
16.158668299070438
17.84220064962218
17.11106644559342
18.32151542439271
18.727482528678674
20.026146679056904
21.024600561312496
18.80121597178685
17.84878927613019
16.86139571282156
18.308230614915363
18.67992538816086
19.997338566800256
16.711312063318545
18.567284182394438
19.09135441762598
20.469706779307664
18.50547152654077
19.883218170709718
18.592267323729022
18.19114013969238
16.56025097368714
18.217207983680893
18.494810342983627
18.605875866730063
20.249770438057368
20.79081807838684
18.99084783069732
17.283486370302224
19.714208892331747
20.15903788096343
17.422389576211703
19.130767776444547
18.187625847994756
18.37818408494906
19.989442864886335
17.109227382287575
18.489578489408537
17.149282298441673
20.371157454019517
17.886232920317628
17.541270878161367
19.574512774306125
16.67257297578029
18.586211249716005
19.554609718649253
18.86039259299413
18.716383524697633
19.036361760831866
18.049612318754818
18.602039457615778
18.759291507970318
19.0162914645145
17.86923324526072
16.958993866133802
19.369870017684114
18.219950916966845
19.258453215536242
19.07337268734547
18.85984367412177
18.19962252994539
15.957408429304055
19.63809007413803
17.798990900288562
19.802027438621206
18.007694382295163
19.46238283761105
18.739012434478276
17.17679407820752
17.583482564206044
18.173514564127302
18.514176035861908
18.381317362353705
19.129176372570775
20.006825843129114
18.43541450852035
18.130152704876703
17.250018887704698
18.793372491849674
17.894414092161107
20.233779333728936
17.654210976968773
19.05026398149935
19.70518491447769
18.586723900041047
18.141217812031687
18.55105008166353
17.822974420795592
20.23783520794685
17.87223365604208
19.82221615251024
17.61268966136541
17.746355824272705
19.71901166473998
18.432843921787683
19.445108034069328
18.60317633728805
18.1048803390219
21.708105491951386
19.757482377127477
18.282213377549912
19.373605857931558
18.85624511653036
19.84887570017398
18.2383116649296
18.694829480883097
17.885595435652185
18.469325758548464
20.002129785159376
17.876359349195777
17.591971835659297
18.248566353667783
17.936313215772827
18.093964494182188
18.49040762570784
18.93744605768099
20.293709583472136
18.681122583831574
17.74930108471302
18.751789958077442
20.57764194643708
19.19995341800006
20.04409256928894
20.80953973177291
17.802271249859103
21.597051542538058
19.00830631668311
18.23480655589137
19.156172677765202
18.19001155164166
18.62101323613121
20.120360766144554
18.551566944833283
17.22641417655198
17.437702297438072
18.358533642063335
17.91345110425708
19.576508864675798
18.617732770166512
19.851584539253082
19.30267634146651
19.701862299703624
17.966361758920062
18.940404547465416
16.969283005167714
16.9967109859119
19.039063649939838
19.69555722435326
16.735680287249355
17.88574966448382
20.530581344632083
18.559699178071146
20.095679395449253
18.32788851402916
18.784874593194758
17.984944049059337
19.13030176575989
18.61279175325641
19.179334498282362
18.97178003561442
20.885153859165605
18.57042308850727
19.16670349437952
18.56027633142492
16.07475033214454
20.108131422502648
18.113098083862795
18.38125503276621
18.942646992999997
17.72650498811453
17.77752515512806
16.99125922999166
19.742086123805308
18.1493728667063
17.255608832691962
18.069513945079144
20.46759533342576
18.55532763391701
18.970123150331943
19.76502814025277
19.444512395300322
17.899376432513836
18.372597361053877
19.062894582251513
18.373963968414568
18.013994031968902
17.960749940834983
18.94530768500937
19.657819472947054
20.721418209119207
20.396552473924157
18.254183959959565
17.981396674740566
18.62745976769592
20.540712029818614
17.996027164802562
18.60023049715214
18.453493372660525
19.358805527909436
18.536073036047895
18.78134257556733
18.286642573267166
18.095903059609014
17.85625911768416
17.546704825910503
18.188657746780223
20.138431497769087
17.53332343041207
20.914784977903807
18.78757254613507
19.673442432872218
19.172070139041043
19.40413587675445
17.41209207503884
17.358619438344054
20.249766379992714
17.34867509729717
18.04803193317374
16.88727014551617
18.006831447325897
18.989364147916667
17.377115840715252
16.700003719176085
17.34460669649116
20.129201170958677
19.431084635719063
19.59778152849694
18.829960074050895
17.52144454585708
17.34772983539973
17.684738297628332
17.161427676549728
17.622968345069502
18.135182674251176
19.60960366117261
17.856794085671677
19.70768567681619
17.787731978722494
19.15672354674551
19.42547384687448
18.447159957785043
17.74820876281178
18.16071256557972
18.206540284959825
17.70771179555631
18.99751712955043
19.770317406576506
19.824742362317856
18.62070952749876
15.64286292797617
17.632038375475993
20.530180209736105
18.291201134723444
17.440071122048185
18.97291765792861
17.99432634867346
19.94882408606304
18.33021461837984
19.845025875933068
19.907919105181637
17.80848431179428
18.613391802335652
20.4151180992232
22.49871635467527
20.070372303895283
20.498131214642616
21.582018292789748
21.324143022559497
23.332722632746254
19.42481375646672
22.1011375814234
19.66802996695878
20.42920490356945
22.017025269880968
21.96564758184063
22.810259211240872
22.23104162569579
22.67514701530425
18.418303020709292
21.325590061038355
23.039894549634326
21.404594599418747
21.323325104394538
18.861019595261933
22.39601267512549
23.570985911616013
18.45870714240871
21.673633425485853
21.459630528620483
20.153918877363097
24.50067519486775
21.017215791398137
22.9222874915527
21.760433396606953
22.95892644724467
19.850582134699284
19.747475242415618
19.182018136993324
20.21386149842202
21.821157128331233
19.851853297288827
20.482248022642224
19.57002738031919
21.355321965501847
20.804875190478736
19.801935741135065
23.07103657843761
21.07338810219069
21.37375334592128
20.377580006739443
20.90395556764997
20.853832351063755
21.552054053406238
21.918956830826815
21.73796235476306
22.403657611429693
22.873771045740348
22.667183959385717
19.636095174009135
17.840720623262442
16.678403392391463
22.97118897428167
20.734241786372106
22.569821407027813
23.743932446597224
23.54055661763298
21.269051652534632
22.77573883285169
23.292941664976585
21.102354175821354
20.63278167091523
21.54119122378839
22.519819798579164
20.631398068756877
20.310700975744307
22.80714974814478
23.209126139457094
21.5456261769384
19.673160748657114
23.145114206014696
21.278017609674855
23.10465031284581
22.01238515423842
19.63825903889153
21.115892070612563
20.937413315295633
21.524313527006388
22.29964887519367
22.720874763173363
22.180974190090566
22.64390556398019
20.59159038201634
22.64904733136663
19.781199663657027
23.166311337886373
21.475282128426354
21.537600701781408
19.683319832463194
20.926490462662468
19.846810503564832
20.787793921136796
19.877958383001005
20.264055937110715
23.258051827110023
20.885287705897397
22.58796171173821
22.29497849271035
19.853965987425262
21.089320869781638
22.808096736784968
21.545064472748532
21.42595741285901
21.742602668197957
21.276113475515753
19.03241458242395
22.652354533560388
21.700690020315765
22.64481491311692
20.198595132261005
21.939570402073354
21.821372353413704
23.289660568427358
22.077683499489588
23.41057251972986
20.949134519375892
19.82724391646658
22.07304798966114
21.229861358752935
19.630206746168007
22.6223930871969
21.201376833160694
20.223107605734192
21.039070732725126
21.1248201084628
22.93622122203918
22.914324667363427
22.845429879694844
21.10095902340245
21.719381103844107
22.851689648392682
22.39646155942635
19.08268741664179
24.51464125484787
23.288711586508008
18.41252794735348
22.404583446010264
20.944876620766113
23.179663632224198
21.820448167654895
20.742724760034655
21.058509112869395
21.18563484219441
19.514955890403186
21.11764437992957
19.4001882820328
21.48390343621656
17.376788424810673
22.28155452220937
21.50698986517197
19.5423469851872
23.332495052734014
19.91036719123384
19.589506169805095
22.864761945061158
24.031842369658282
23.09046435388657
21.741445458372766
20.318230946260485
23.898219962875
22.106519642309376
24.353467987758076
19.836871814075508
21.41212390114827
20.430964613148006
22.14149822568004
22.711950090493882
20.608157651031007
21.130922371072472
22.25990452297206
22.588509055497134
21.72004694914366
23.386525129729627
22.53973288926888
22.53263641430501
22.595654049612673
22.616826248493897
21.361386129378925
19.36200243171059
21.606484510894393
20.629786363915503
22.00253083948445
18.41521556648518
18.574037254923063
21.840144622422446
22.999133853501725
22.154132993278512
21.171392687824135
20.575036910746654
22.193627140256933
21.08149939878056
20.98871010312006
23.123879929464433
21.923394010849652
21.150258456585522
23.23213146009978
19.967574101392714
21.970640607303327
20.484451643995108
22.073458395471977
20.11144510182739
21.476202067752315
20.334438328109417
21.088657099539788
20.39914824057642
22.07900538842711
20.56172642809796
21.396581051083885
24.329602439689776
21.49474047548877
19.852479128234513
19.50768768912789
21.061396418374063
18.897090021369692
19.205738066687207
22.46329539712023
19.324154247307547
21.546850394990237
21.323036118951777
19.872743248758606
19.624759637925614
21.420204055826737
23.045331784650944
23.93178348474962
17.825224321716544
23.19872414866461
22.64806474024611
22.58153314432381
24.387286887755945
21.052938908934117
22.396413075422483
21.599974979789142
23.272398569935195
21.164490328863465
20.82610932897007
18.62029155588783
20.800216817467888
21.665381293251755
20.802076301730647
23.30497554298863
21.33889213109592
21.711593218806545
23.67947367537453
22.347152319886035
20.936225800300754
23.02044757446245
22.166389549327903
22.065503466614267
22.15786864780086
20.666064408390497
20.47869683051654
21.65325368214373
19.976354495155643
20.084872120249333
19.31539908569558
22.750629597206803
20.753407546012465
18.93550382984427
24.203825804446748
21.718753768836986
19.649492398945313
19.583924815362316
23.334105409323357
23.947145629472832
18.18869133642646
22.11615648739016
21.43574664843319
21.77255086009386
21.552418035153174
23.25530065787641
22.442854963331463
20.16864007673727
20.33114341174412
21.54557303556781
22.3000197805124
21.145917607625606
20.653034453141192
22.61477617781295
21.825147268816977
20.803521819263562
20.118890898725194
22.336055575540215
21.194950388789213
22.411641821107995
20.172308139583656
22.183062376980303
21.670892090427557
21.03608503033999
20.235203185789704
21.608761599554654
22.472317324756272
21.01141920076455
23.156423088861462
18.381692113897298
21.243258070567432
20.13395239908183
21.652035255797472
23.88344725534986
20.662570282616286
23.415655036044434
22.937682207990328
20.8941601718345
22.208823627662827
24.37152836006951
22.596729963813157
20.948262491807
20.996899065312856
18.76741227696355
22.461878519816562
20.957475019460976
22.3189342271388
21.308562929863694
24.344827277222358
21.913797853550403
21.229644132798626
20.22641873436646
21.23020982898281
23.571433113713855
20.595472612947855
21.47702138486096
21.411393559234423
21.369765280884103
20.470546715573406
19.963113575083074
22.685163533187175
21.01114162608902
22.01014712334492
19.075528442038635
21.4495213450298
21.883107842764648
18.884475855388487
21.273248941054607
19.77889784732167
21.663166946673744
21.298615605993206
18.10478113815146
22.254722033288147
19.073685252945378
20.883850890050667
20.083712122283746
22.658942024027453
23.095507911948324
21.940956238392843
22.42619725032119
18.84380515588945
18.898051372572336
20.848299197430777
19.58348382228216
22.317568828744367
21.72544343026142
23.08609020391426
22.03865015247096
20.093523183860608
19.147332086736956
23.660343241010427
22.01455166313595
20.819064231873472
17.61316107604078
22.536641855598255
21.953064572924976
20.810314240913044
24.545645998482758
19.833703552413677
17.62746109408686
21.977872081661317
20.364673626060593
22.51672328467921
23.69177738746184
21.158179394267453
21.53898339380316
17.359499234128823
22.037771969504636
22.164175255568114
22.136615789866717
22.991104919114484
23.059561877948813
23.117551926413807
22.82552418930591
22.653973570978916
22.298024562587926
22.850948161632424
22.121507407403662
22.421894420051576
22.198624349255017
23.15374996667394
21.116033116293668
22.86189139752687
21.92902575922929
19.69388030311786
23.651755463214716
17.782742378158858
21.40260141972373
21.79285112706218
23.41978507897554
22.11049387125824
22.13637412977935
21.56064136683363
22.361224809798678
20.524910591155816
21.8557689581212
21.256955322909228
20.46858273510352
23.259834556402893
21.528117281916643
20.206829107429595
21.499799948031075
19.98513681826372
20.91409164199096
24.459944386743256
22.355359680110222
21.483065469799367
21.545349801040967
21.854640711517792
24.66939316844105
21.55370756861879
23.368165398910115
19.76292769191263
22.935755820236572
23.39181129888995
20.728765498362662
19.832345966561267
19.89332610602241
23.598120788308908
18.068255895257657
22.067263229090443
20.046292339702028
21.259883253385894
20.104027478093737
22.481196427304983
21.979300710980546
21.633036237109877
24.06925468952361
22.190927858256174
19.966066959434432
23.469956012965635
20.394869251198692
22.906096985958676
21.10298165628429
20.808478503697884
19.74503467089992
22.417253176410608
20.505662056310882
22.903065602239696
21.215236988609817
19.30338210970031
20.546610289309932
22.37910457463618
21.95083002395846
21.396371758440633
23.045815159609575
23.06064691249629
20.48987793112076
22.15353002030739
23.877152384761935
21.278137603636797
21.037442585104497
18.2805070741922
20.75404911459958
21.26684040565197
22.706370671048532
21.294173661746093
21.431567867449292
21.083765707782685
22.676702743832024
22.297013502651513
21.585285012597808
22.154743822133206
23.22209361159172
21.57235264513619
20.556316346228936
22.67838218047316
19.365625922088345
22.837465934486936
20.204530442820886
20.02968725610663
21.139369385054774
23.36186512307637
24.030765727521022
21.40548117322769
22.900846545468582
20.08814171966414
21.99105942124098
22.619672571682106
22.06458642526279
20.910102350067536
22.24036043347282
23.366345282262447
21.45292372189979
22.582292327783435
21.73049802820462
18.30880189601007
20.059883831433474
21.222539824576195
20.9927482560922
20.094212209978874
19.837828276367457
24.072368214969693
22.782372051047233
21.10857691790844
22.33436319708848
21.243446800524264
24.012166322946126
21.871625728732926
20.6864435435904
23.733705740612155
23.439516905097275
21.701019917070123
25.634963074122197
22.53691546532017
22.38620913661208
21.946365335409503
18.44191694864795
23.156047154942772
21.43164640421237
22.521407297777486
19.260111595379108
21.772883895968437
19.79498252073166
21.404292014840713
22.53164840162388
23.971995650562654
20.144222448510703
23.113812472393526
22.5715270183238
18.7823442681493
22.10908695131643
23.06757768909942
23.134198269198908
24.726893832331914
24.17000007991873
23.602987304867565
22.170248338002622
21.164813702844555
21.29825679499955
22.656965147089814
22.44069365738597
22.836257413034993
23.195253233115128
21.756321896717118
22.61576580423133
22.381518310970165
19.90809224260741
23.141824536564226
21.031994001504728
21.67104572390316
20.799468348238488
20.34153612922913
20.185872417228094
22.215159623985958
23.14480729863021
22.413304599455877
20.95013127804658
16.955029219699092
21.34865599078925
22.667803191272313
22.987472212290786
22.626507608027623
23.169017173044143
19.918490670647916
21.06049607266138
21.814581441284012
21.97305346605379
22.584419802176157
22.17248379830884
20.168775294970956
22.479416528415218
21.8785041195113
21.77272716333954
20.846226080017736
21.954652838242847
19.739503708746863
20.641078636143117
20.65749871809804
22.43537030505966
24.109171242726553
21.228250633747546
22.317356251621
20.471143541206633
22.332872920135262
21.400458089904568
23.279827450922486
19.6472514675179
18.712992366459513
22.26252170487215
21.695514353587885
22.78072471385702
21.665726076466704
22.56726334824495
20.528039741516377
21.405793059607785
19.260362909062252
19.505931524251128
20.91237393438076
21.433853697516323
20.416631141603595
21.759965184139542
23.25214686082425
23.989755040013787
22.809947930981888
23.3164471718893
21.082235373906414
23.349921484705632
19.28860273350906
22.093465320806498
19.103194322613746
21.346184841507572
22.10739140769388
22.515959702734605
22.101367066652188
19.640963195539772
21.230206468494952
19.05972851574844
21.625943893704203
21.66873058264224
21.512999441205263
22.947420396115366
20.671398905511982
20.651162787806772
21.63797088229976
21.440376931254683
19.999833468471
21.862089061999608
20.325714217452266
20.52935671822237
24.035413951583447
19.71809111158502
21.24800093426406
20.132018354633086
20.300749529480296
20.463441831359056
20.37515717624154
22.796081553560377
22.07792153712174
20.99427991074013
22.300260389100973
18.36736637301794
18.38161039595337
22.185948229104426
20.968937145387176
22.045180205768787
21.460393145950096
21.208213112149444
22.99782622311027
21.30878604689024
20.394710794113486
21.394810478326022
20.70996533677896
22.006675013727975
20.611998115384196
22.760014236040583
21.066196598903204
20.708727216467967
23.675669902299664
21.03776315529883
22.694151616524543
20.376439618331627
21.55207558179615
23.243762429717414
22.726425344006522
19.6365943309002
22.846506445985867
23.7585329677668
21.711331795758063
22.94697604967509
20.46955037176984
23.64116586134125
22.921904783343777
20.222084905912077
21.095301007882473
21.985616892650086
20.85980380046829
17.796488914485558
22.292482808337986
20.54969563296661
21.291533404874226
24.03210108263814
23.183560318467585
21.68386349499072
20.9683409534983
23.204044873786383
22.941386545579572
21.621287855545003
21.801330319561053
20.51797542235829
23.28981671179733
24.289290836621074
21.35303346567133
22.91362213499627
22.706300095747462
22.28494958813269
22.61850135759023
20.706969205789
21.576945233725006
22.369100223856233
19.925595670356106
20.708350471779006
21.276092236313684
21.38753008287815
21.743261954726243
20.90920623744273
20.406632037470306
19.94625845831448
21.222889938088883
21.58625139613534
20.202340921823225
21.242799587098705
20.09448603236018
23.032540485589315
21.45986679612522
20.971035950364314
21.524938836242896
23.03140191908855
20.181603569274888
21.88068624232222
21.417376321664243
22.17752382257229
21.595775530499562
22.577504865151607
21.676375214548603
23.536385346533443
21.2708587733841
20.73626485375481
18.093982312170702
21.85077375384663
19.6512475675672
23.10075815578895
22.915986803970764
21.148350176631066
20.66280553466344
20.523347591138535
18.89131129814302
21.021213457531466
21.827299875038843
22.240977040641468
23.999357779350095
21.116629912660542
19.878288888217142
21.539291654903653
23.52507116685011
22.709278211556505
18.077239844210986
21.640838172782654
20.549905314230358
18.9026925576773
25.271511235711124
22.202854678646577
24.76536021377654
22.786534742593354
22.64106954674595
22.64380523602776
21.689701504845107
17.506020237525796
21.52274567110179
21.390513138511892
22.51866470833167
20.10877939687215
19.742642674503408
20.67761008326648
21.324142058438035
22.67743486401163
16.3843943995906
21.57009150697363
23.99104891592353
21.63739323608134
21.60460455578053
21.65959716064725
23.147161184524435
20.534130343527018
23.988821883516437
20.438928538839143
23.191427957144054
22.833982377921057
22.31451022065179
21.268550307785347
22.53529082036106
19.578208646922388
21.692566796393944
21.125577304118888
18.15116043123758
22.204452991618492
22.35409117087508
21.334629175606477
19.941154685272895
20.85111000909059
23.27170762825155
21.592371907667463
23.293369180164675
20.367787657793027
20.70203559819809
21.703048257660207
22.417852287207925
22.876558605332175
21.86036779094777
22.816623202003907
20.8404284799797
20.633443450484997
21.215831402182737
21.51331529432572
23.550315873358812
21.35150440452273
22.386399775894283
21.704439165196273
21.670822798021028
20.698204909969515
21.805902934451574
22.27902144808647
21.032138235114054
22.17149654165372
18.538529752415187
21.781789825325156
21.972549305361184
22.84645655584216
23.03950947550608
21.12130684801279
23.063898154654513
22.4039995829209
23.856874398703106
21.92489769815625
22.00403750369559
26.150092726552625
22.434107263644556
23.23133766573732
22.413023978323835
21.739214950997074
24.415665932575653
20.297955257841686
20.014605110727583
23.418099918481385
20.882476333789082
21.480402073629076
24.26846762779171
19.26458245033268
21.78047352494406
21.546306982937722
20.431181431505006
23.223176339467823
23.004827170266893
21.399311454181234
23.262175156130905
23.359946321998304
22.960078930484055
23.53761875270124
22.30325288164553
22.485051008208337
19.18125757996496
20.93164327395578
20.182294289734074
17.79105058085003
20.08009654967566
24.098139113019172
21.688193511496056
21.26678006922948
21.842148842287127
17.95268717910227
21.65986994760647
23.391040306267293
21.395173665238264
21.22256145110466
23.813752656291417
22.27304786210695
21.630154595934755
19.79754254249384
21.513219460525818
20.60980196726691
22.03951455350138
22.24918430561583
23.262223690131428
19.923213104175062
22.437561674246844
23.914068604708454
23.909902278792703
18.676723734681843
23.963144342555108
19.133896812215884
23.569120833622936
22.931987689169514
25.075852994464572
22.354776288269118
20.25949696263454
23.742220476378254
21.08181805300803
25.172958624997552
19.284405195881952
18.485126321575564
22.017136998445466
23.22549843635231
21.111630366498385
22.113948880397118
22.216700599873516
22.38478858823509
21.11000186886607
22.472762817703295
24.089205438542205
19.62340464341913
22.11788685087294
21.68274393741519
19.9028382482772
20.964708255679124
21.92898717733191
20.98600724582835
20.90324754684683
22.0128099650781
22.0684849862938
21.782357491496224
25.751289419322656
22.631515886641726
21.668722164755426
21.594405180466584
21.0542510069118
22.041140852621883
20.15863450988221
21.878073523986973
20.83691543171312
20.383076815664072
20.915479483802898
22.70184387476863
20.66020368067599
22.452101961012822
22.501793558370746
22.02114947052148
18.729662003933825
22.653657018517926
22.653330543076812
22.127820048396753
19.13511302918277
18.423856379039158
21.01279694210971
22.999077977318322
24.153284232158907
21.066958032775275
19.764059392234937
18.71398399372916
19.455117902130173
23.53130945801359
19.98267157175264
21.4703732172255
23.97600034169485
23.66587249815244
23.938715613334036
24.41661339140167
20.279859260363892
22.350479963783396
24.09345825863902
25.057782749674598
22.003488405202162
22.33048325526618
22.508862793258753
22.100810568890207
22.041482107750017
21.05589611805772
22.455348070380552
24.35233378693514
20.753602678732026
22.64390977469021
22.025699692660115
22.28583007322685
23.63230444312239
21.769034148697198
22.317046325198607
22.71748723806322
24.25603521165306
23.025690592703533
23.440325543051205
22.093871316133445
19.549641964343895
22.626843413345245
21.81480893517285
20.908543483354567
20.888835124642707
22.034058210136237
21.947029645579615
24.69873431602267
22.438177949082373
23.807319367127295
21.85029665284302
24.8051383370896
22.105928600124717
20.618497713895405
24.81605809083938
21.076081343411797
24.098031257992762
22.956156854970022
22.90098081089081
21.93447366043963
22.635871982163554
20.54416296786825
23.074294031347286
18.60716231301619
20.82259729733169
20.934119735187906
22.263262309855605
23.49585985548804
22.80100585055813
24.59521845546992
19.64874788054359
20.700733339944918
22.435132914238356
24.283107303011647
20.88482603311342
20.929310969487958
20.119378601669464
21.169377107630474
21.618681653671295
22.476070867316363
20.45442596505927
21.495952397837065
22.454643141525334
23.459109120122008
22.104202667684785
18.83072913821324
22.40867016342655
23.854161723958985
21.03113791042974
22.067455270620222
21.538986093606677
20.37004793359438
22.14847593489626
26.11095894027263
23.01194805028451
20.81871226254429
21.947521660548965
22.577176902696092
20.372851085184028
21.630899090161492
21.21270215224165
19.79992034168352
22.502220356710996
22.48478685988103
20.93663241784493
18.837415661715994
20.330410316758314
22.972921323202733
21.47998765592536
25.22983591722828
19.790985818602827
20.96398977466398
19.239273706083978
23.443856269348228
21.910173007044282
21.759251633939787
22.381437132114243
18.29687012323523
21.945752785402505
22.85972448612865
22.76241814783875
20.76183669331364
23.114677712720493
23.68996434212312
22.348383747668393
22.793831289118817
23.810860734537858
21.65288045469367
22.794973159667578
22.053408100198556
21.275394670643383
23.441740312771763
23.569082705778104
22.642859085122893
20.508724919295688
21.034253158660164
22.00067433540802
23.733882791251663
23.074638067169353
24.450724775463136
23.053784220721568
21.659867044371143
23.680771141941502
23.841371277956846
21.295603289056046
22.211874202003468
19.089798757026177
21.49481630592503
21.438469648739275
20.573938630985584
20.763990864698176
20.438413707605704
23.35119955201047
24.635815762034508
25.40365395213658
20.086208553926628
21.54465878354324
22.610643746636207
24.883644558846004
24.587553353141068
24.276523504314273
22.518314031262918
22.018191723050958
20.40705203212589
22.52542091794138
25.6470582037932
22.27463527928121
20.996193968166924
23.217399711502313
20.511731547348276
22.349196547091868
23.120032901703496
21.703688800927438
23.14941242345221
18.405801394040907
20.62969097740039
21.944094802089385
22.752236176003233
22.603371795440545
19.902080428275127
22.831726286603992
23.036808162514316
18.89381104296379
23.193556528592612
23.048120169575498
23.242437151408623
22.59084950125911
23.445282896758112
20.769039500983816
20.24396326659352
23.201969729152996
21.126323200608972
20.16815408784557
24.17297631871943
26.417960757842884
22.295981906757635
22.80154036080392
21.916990938548818
20.33499284302276
19.230729072046376
22.26372291262886
22.011118850755338
22.83672307167651
23.26780023617293
20.68303053732485
22.833932715406835
22.615097434684692
22.26410048339672
22.08796889633623
22.437705606764563
22.35724147470072
26.93874194413479
23.490772321168453
24.5062950092898
20.644048812660742
21.39252041689414
21.00291046872747
26.784713226977487
20.172713983892677
22.311230248935605
22.748665976384327
20.994512509089187
23.288159900614218
21.16532380030968
23.882334406373783
22.272667011123765
20.469706586813157
21.775032742452204
20.617375741383505
22.566191009161205
18.055613695107624
19.818769485388362
18.038676041404617
21.964394308363403
20.76079411102028
23.151530908795532
23.0625485708086
23.21198200034936
23.36972010811733
22.7509612883127
21.66683303960727
23.027878492284735
20.02793784601221
23.898315356663698
22.253214757077576
21.88227680174353
22.15757283515563
23.978153277219608
22.377989734044416
22.844235937484907
24.747365165150818
23.393518340091088
19.787709599159303
21.110257989345197
21.74457537113114
19.25524217694667
21.712450130872124
22.659912304772487
22.473139564472188
25.03038982480632
23.63108761039922
22.882797699377754
22.82260343186066
19.98451836355217
19.0651667364574
23.52425396684904
23.600206759906804
20.583768498647036
20.72054343203194
21.570171924019824
22.261509010313475
19.34983188729703
22.682422764162272
22.043180545774604
23.600043814098463
21.80656089832624
23.370872293265666
22.26857471671733
23.99173450134139
20.754405810551486
20.58858096952357
24.240378018759927
22.096705675923435
18.972771739528806
21.57084516026507
23.20826744832594
21.70428467625139
23.06807460582131
23.344535829952996
24.37874377017709
23.175145797386385
24.904494886896455
20.51369199021132
25.185141305097186
23.22158780357017
24.84178913575359
22.50030984038206
22.185690979889472
23.74837966200122
24.76624855045763
21.59975840820956
20.371420410785667
22.958558816950024
22.14440224938928
23.272486038817693
23.21777477798869
24.796510171497626
22.600540866937383
23.44468150841332
23.37073961775424
21.92269025510419
23.090418270481756
23.856882206068438
20.156187239903105
22.533606652510148
21.264317462586984
24.473405581740263
21.306501091266693
23.917079779591216
22.977739020434225
20.159602680606064
23.82741885060256
24.279326715598373
17.44044661239327
22.985591980925438
21.64974568317513
23.181959399781746
22.521658651273448
22.250870985987724
22.10845368896051
22.199597578450636
21.691672053568812
23.638605074545673
20.68823172424262
24.330836915484
20.41128664207016
22.050268948250384
22.224284928301024
22.069048176962028
23.55120847241045
25.269441751492536
23.579064678485086
22.90984155067987
22.34412172434927
20.454035900740692
21.841941089806223
23.509153758276497
23.893846736850847
22.770998204591333
22.097251860790283
22.284475141006375
22.297404606611238
22.929098397215732
22.50294795897429
23.24886708148451
26.91221087384686
21.901858175795976
22.60498093409315
22.324931289100537
21.71293883582236
23.90452016047523
24.7363099033208
19.77022956416231
24.418514179816505
23.330468886927104
22.12927290239132
24.556228026152187
22.92395627067043
22.801404517901517
22.07438253928311
21.23388371547374
22.69377618290061
24.089538003828014
24.001581120592064
23.734857300594257
23.026323227105262
22.781416451724105
21.799139456099688
20.863533291292317
24.279627276963556
22.75650206671962
22.902942719963125
18.50726067570858
21.770552030004733
20.50092688624075
26.25164556928177
22.700631709857127
22.246988687769456
18.334369571166942
21.39272451350858
23.56758870542306
20.899560604770922
22.60249956929417
22.409294232858002
23.009643239408863
21.904376265984656
20.337956448064627
23.46991326080699
25.178463277873895
20.279382014979824
22.278346191391115
25.789913975111034
23.29651336413391
23.12861865437483
24.083612049247265
21.937938906002177
22.329035791578615
21.25550590907231
25.000144828396095
24.603065490242926
22.86179452110537
21.30499121790504
22.868942374443705
25.245818031759903
18.119313214040584
23.006753342445702
22.373085896773965
21.43771306176816
22.607845552147772
21.727722847385067
22.95763427299198
20.634615758077903
20.656449759391645
23.66468218072159
23.68112507558061
20.763983966652596
22.14836490885455
19.99752364903284
22.14005235820715
23.66889947423682
21.480823184239675
21.362432745487748
20.304687566893783
21.57948144555186
22.17854659798958
23.257895000830853
22.957518930129453
22.63490376262742
21.328261573408927
19.513811980249983
24.15208808437799
23.62997669446881
22.52644084111891
21.07592277017146
23.87605614839216
24.164080795897057
21.56232855289421
23.478165765583796
25.41231532037283
21.966909959545866
24.86389106912318
22.02374737881921
24.3927014678967
24.150377264275996
21.888240288562688
21.002854505031284
24.278828014478712
23.525848748430228
22.589190468790623
23.908280872981432
19.651414888631788
23.453071885496897
23.194834316355557
23.205627617885927
21.591797053287532
22.92864939405071
24.55810325410938
23.635175825899868
20.789400571098465
24.621427773730915
24.786792306088888
21.287570502629954
23.380599905226894
21.02299657120887
22.66068015629278
24.940814227494336
20.760472178371984
21.77331237682511
23.758918801645777
23.007162781808642
23.015116724186733
19.519951348613223
20.873340709199237
21.501001656069846
19.25821791489294
23.315592405354764
22.914647727945265
19.532887356278692
25.297186088665697
23.164189036003265
19.699618229370024
24.584372516860725
21.366657503643253
21.343070198105707
20.372893718169543
23.68056713857223
21.82402399767108
24.164142394515302
20.087640480477965
23.282514174773777
22.01002142865913
21.888467804735622
23.023117456650745
21.564935426255026
21.38112516488091
22.503595337481283
22.6723429754378
26.707597451280215
21.781935548298115
22.426816186781412
22.073237282339928
23.72314277226103
22.368431332698748
22.136733683707366
23.443965658556138
24.07274428400374
23.36872980919682
21.298686872251487
21.629251435965482
17.63985185031113
23.109048920005428
22.776749718627123
23.14069518980833
24.305624755886292
23.632337375735528
24.00988732067908
21.245418157136957
23.87912270772494
24.09223342942962
22.999144091440893
20.586193136395636
21.60666783516561
23.73029546358395
24.57470087646932
22.0601805668489
20.888309785341193
20.097528874602357
22.493298552337652
23.496739667426695
24.46840708443345
20.666386554139894
21.55532357042962
23.827927428061717
22.97727954766812
22.071126424270748
23.881827990412795
21.900067713933396
19.67360849571853
20.828938002127114
25.15151747683138
23.104027117537456
21.142159317724424
22.835812828822586
22.16025421580617
23.238340858763472
23.076782856380397
25.030659759644802
24.201195503742085
20.03044798702318
21.971454059979504
23.454138690521077
20.262517098463654
21.528319864402906
22.811967380061354
19.8037654845133
20.940084006643886
24.606202984730153
21.26798241215657
23.813854797014486
22.346326905664373
20.286775399634084
25.044056165506124
22.828384961666913
22.570427926436775
22.048914928663816
23.439810384536692
25.30761137723758
23.80773480196558
21.527106659457182
20.019514355245438
23.160403702695163
24.390322112970455
21.852764270000648
21.788080090415168
22.983709045696227
21.4198180781773
24.886889446057225
21.60977077753012
21.245182480482985
23.350358717102033
23.487028449405774
22.068184754108085
22.291499245770353
21.282913165125194
21.612635238659703
19.6957964417746
23.11239769191386
21.445278647167846
23.18366492898131
23.72720012685667
22.684768743509935
22.563442236314064
18.909858074091066
21.589548653652518
21.79561574698428
19.34630463765383
23.66102867380094
21.161832019618814
22.231514489179315
23.968169032546655
22.534872862204328
23.30239598423583
22.486866658265
21.542649241780087
23.06190437599653
20.915844239180956
24.23821205571556
21.41222814069474
22.910648308858782
23.50726898824968
22.839347325195593
20.292833284725273
21.884184355170547
23.785824832869828
22.478479804152922
22.313028956502727
22.341155335181796
24.68808769336931
24.059773087804174
23.358596305234446
23.043539875232298
24.986237883593166
22.378743439790853
22.056613377136117
22.110284451797234
21.234553168414916
21.336312970161266
21.674643038974004
21.984855033203136
22.10518473086554
23.885467541491263
18.276369280600456
23.338360465899413
21.766300193831068
21.939399824538864
20.944888483462904
23.30418403626407
23.19380727467991
21.899418009194946
18.419952846257047
22.72019317088308
21.885624812777387
19.900796701713197
21.45704108287004
23.879512538550937
23.8814425292087
21.858526658557818
20.445619444521906
20.633496686062017
21.6737960825426
23.70459837828114
23.11434338739084
22.33147772340069
24.258802668654052
21.75020704691859
20.44089092431124
18.37902386748276
22.887087640776016
23.510325552200595
22.54281145183868
22.904173679224055
22.559891466379987
22.709624338612954
20.94970703148762
23.95923695475114
23.168365684095036
21.096844836773318
25.06659371644043
23.75873369320356
24.742012746429197
21.789778888224546
24.19669262910703
23.13303463240646
22.337717263586203
22.5420742652033
22.440457630131945
