Model: LOF
Dataset 5: glass.mat
Time taken: 0.002179861068725586 seg.
Accuracy: 0.2222222222222222
@scores
1.4117009204414743
1.3066725600592615
1.1335342519195437
1.003189064211603
1.0077217288897833
1.040011813908481
1.0499785012799623
1.091287786210319
1.3025374512550627
0.9552490595686232
1.0707015236092399
0.981904427866224
1.053688956160258
0.9957791810388956
1.0319844649583128
1.004291200775607
1.0112532794527156
1.1153507848383213
1.140054623072244
1.0210677753617838
0.9903365413813319
1.279452328725304
0.9911926478845909
0.9734384473166321
0.9948013652004958
0.9749857480519385
0.9946456194358204
0.9666919800106939
1.0355730633548634
0.9621624111056974
1.000946376682561
0.9950170360981421
0.980395853604812
1.1190218691460598
0.991646069823944
0.997537684004245
1.2139797681059747
0.9856399266700834
1.0799853070771892
1.0799853070771892
0.9941070965358646
0.9933666014807487
1.0043148992381914
1.071794240523548
1.063924300259458
1.1332057797503565
1.0900413267470912
1.05720604888492
1.1564757371023515
1.2052045127386966
1.0791615763533173
1.220265602141944
1.3959361863170945
1.5037345607870622
1.5355464383223891
1.922881225803924
1.0286296853159365
0.9669216791864372
1.0542108427310617
0.9894139175683698
1.3307720476376876
1.3681658040603841
1.072576616625594
1.0959692248131128
1.0825807086602546
1.0708855391385113
1.2534584329904805
1.2514102031668588
1.224775754511627
1.163188742855612
2.550014722326819
1.2257290612133307
1.0127621895108736
1.0064864672631697
1.0105789599353046
1.0017413286253212
1.0665014520407667
0.9913714287858901
1.3824337914787415
1.1028817870259373
1.3547556075135945
1.015441968538464
0.9816769785453221
0.9874480537005459
2.7216187653643087
0.9736938568630744
1.0458349818068957
0.9796884810494271
0.9856206059617081
1.2230170347577711
1.2957371546174783
0.9746154065852233
1.5118117648546827
1.054326796581274
1.0775957329902308
1.1060423218188329
1.3351541600705361
1.7882204440697151
1.594049306182312
1.3810152742513468
1.4916011862241836
1.8330398877293894
2.266285463938263
1.8566124906147252
1.3280353076594302
1.3226486882630568
1.8186888643009158
1.8121627144005903
1.3035882258928089
1.4001598385613403
1.4352381947472126
1.500689212912185
1.3316728529109532
1.0247374515647918
1.128644211754215
1.062293080860362
1.0803516728074152
1.4395115439346085
1.0274777576172542
1.0837267393722696
1.0147340718102433
1.0093679091915633
0.9653522505126629
1.1204867220468757
0.9991155669546374
1.077637729440065
0.9679787184989965
1.533300366721819
1.5699472850508425
1.1254874547891451
1.1764439232978061
1.3090474357499253
1.0989328523077198
1.3611041607947834
0.9901160679921986
1.1358189076432152
1.0308923431046393
1.009852842738544
1.1050799590894305
1.0262752766361312
0.9873044273014253
1.0008004313492544
0.988741793636066
1.04717031729696
1.1891788050044838
1.1879124053803014
1.3725077073419683
0.9876009321737096
0.9843068097658614
1.4906158509691907
1.0861103733689195
1.0768160278894474
1.859724063077751
0.978970026325493
1.0840690743994568
0.9659662284747096
1.0533035369337047
1.050587899661568
1.2517195766506408
1.264757687939564
1.2967356302527893
1.4755082982377883
1.105022822575155
5.10219940530183
1.6933039877247515
1.5375889469305668
1.9079093040428887
1.2548200176348554
1.26620956076519
1.2171470009245087
1.1819999879355063
5.785544549339307
5.665607873228901
1.173642841292758
1.7772670582204468
1.2126549393729504
1.6053351623700052
1.5481735305006876
1.6706456375827663
1.7125321776931859
3.310600714382518
1.1591387392594665
1.1758104989430949
1.3508646100827248
2.687753069160043
5.086483357834405
4.426734747002218
1.1763461626374923
2.062986452625256
2.278368594245851
1.9295294495126822
1.0115427841505629
0.9926865716015476
0.9983063870177162
0.9988761127848005
0.9979774174956134
0.9938701685445519
1.0097882650108254
1.0020827445731861
1.0038396262240163
0.9954791463065641
2.690960981452311
0.9980224129840435
0.9954067180562195
1.0077777600080642
0.9939380448859438
0.9999790969500063
1.9319599355983545
0.9918630459099772
0.9954791463065643
0.9950530341493208
0.9957705972284776
0.9954067180562195
0.99942128520805
