Model: LOF
Dataset 14: pima.mat
Time taken: 0.005764484405517578 seg.
Accuracy: 0.3694029850746269
@scores
1.066696017354982
1.004435073394332
1.0798452797818514
0.9797313482453281
1.1695715339694228
0.9553805051856514
1.0884292358697365
0.9541242301230939
1.2406563550051708
1.6253717173023556
1.0885878947234544
1.0211320591694122
1.034797783202937
2.596962116859776
1.0522490725946902
0.9506865933687333
1.0647948913594367
0.975483329433211
1.481697120588318
0.9854872171803916
1.0577611417986792
1.0661083918155514
1.1153601372186606
1.0115866739069812
1.0387389545531778
0.9736659002946022
1.0013823121889527
1.0808873104887187
1.150732843621891
1.0492852865032032
1.1152635737421546
1.041448193657707
0.9675277370569871
1.225056376555841
1.0558688900171753
1.0132217200082967
0.9858283681759172
1.0485398994162087
1.0556364151824227
1.0725204788610008
1.4667346566470034
0.9885039313652182
1.1176642578417768
1.1561738231739909
1.015519668901335
1.1576263320155928
1.1552139419493597
1.154817541230358
1.0184655013666906
1.014981470749626
1.0682205266331812
1.0988246353263336
1.1739358104644793
0.9984741327121502
1.04954295646515
1.1968742390241196
1.0050893221755772
1.3413501741961447
1.0264702370169987
1.0329033717419376
1.0915871029169002
0.978245386929492
1.508246315480864
1.0474172884174087
0.9718980220852179
0.9631963257804251
1.041196186616053
1.1680868477240547
1.0103981185550663
1.1388864927956812
0.9734307772776039
0.9953451234143038
1.0953347988890594
1.0575653875562758
1.047118222140842
2.403870853019621
1.249519644126067
1.003465320029751
0.9969929265030657
0.9761667220853507
1.3163983671444095
1.1755814625650338
1.0442750867509123
0.9645921229835066
1.422605807250454
0.9880531504079209
1.2787312377711595
0.9665091300643743
1.0210732538000462
0.9687876884482263
1.1040232118969533
0.9912528301053571
1.1654341466544138
1.064726268391948
1.258193154624307
1.0317417558961604
0.9668103104067445
1.2828530601683348
1.01156439354421
1.077201681994392
1.0117718287160185
1.1644529586955457
1.257341727134664
1.0042249537007348
1.0370051614467972
0.992412916671053
1.908282918266655
1.0130520521684503
1.2626956921122168
1.1545471498500954
1.077101750344767
1.1426432960256443
1.065392405278067
1.0549592445205451
1.0792904077582386
1.0547931171875105
0.9557921103276683
1.1453566799181039
0.9746433413677842
0.9842065427613041
1.357241113921676
1.045827341965127
0.9806422733333207
1.0819663055611493
0.9959537503841878
1.6768611923609835
0.9861749495289228
1.013406041318003
1.0403860336750872
1.1059572825498845
1.063274946311799
1.0462904414721752
1.0771116830258896
1.0539322680652832
0.9827594590255311
1.009740683408037
0.9887929041992753
0.9957026663646225
0.9722038092283813
1.0546576475465905
1.0486298400990663
1.0161355697491847
1.0876365430431025
0.9862117484539468
0.9898978291594052
1.6907040945887342
1.4882784708570773
0.991674164345674
1.0556646153052174
0.9799969394001586
0.9971339706821019
0.9529986168416332
1.0271828909507037
1.1297006092217876
1.0680069813778799
1.0976669649450481
1.0206930635693157
1.0102936219198817
0.9842294750355883
1.0863034240005902
1.0561997760121953
1.0790655112314558
1.0653351033593306
0.9707891253466187
1.015873416911506
1.0320024653941542
1.206496095644711
0.9592824434431669
0.9679057376654849
1.1618771100121164
1.005464724410638
0.9938041227815015
1.0518211234085457
1.1361224782065524
1.0243929735653934
1.086777812862072
1.0811063156084129
1.5543268133932318
1.0396163750487932
0.980928639672747
1.074488540924239
1.0155252937633663
2.3773122691646917
1.0753409282065591
1.002989965492589
1.1030811321169405
1.1529734586480491
1.2720235980086418
0.9906060903070648
1.0008049082756105
1.01133231584141
1.0744180366930551
1.0300900740501535
1.0540570332181094
1.2481578450120878
1.0529350573926979
1.007884424944079
1.030019736086838
1.0119513214730766
1.0076795421789366
1.042545286302389
0.9965237577059591
0.9722664028303857
0.9896799705969235
1.1081720975640748
0.9795267440949071
1.0782815554051972
1.189588026594404
0.9729671003367303
1.061176624613112
1.0506588167935302
1.19520422383392
1.1776832494362897
1.0148442554277728
0.9971877861185039
1.009629149336924
1.0060678663059204
0.9776354677186022
1.0186812769573312
0.9693202216061708
1.1281276287197661
1.107779962246952
0.9462023294817703
1.1594667954143185
0.9904461129720001
1.082084413812373
1.0251482996038235
1.2433656238860413
1.9900521005226364
1.2101828304282207
1.1308466336089136
1.1183303054937128
1.0884785184213253
0.9694804767741628
1.0597819437195226
1.0549440252106068
1.1107026919437366
1.111875663747657
1.0179297380413581
1.0431635320763184
0.9766021468809647
0.9695821483018514
1.2162344044608033
0.9976895173965536
1.0007092715396473
1.06349570093598
0.9831860037568207
1.6659101744651
1.1576706549658147
1.1335217499910857
1.221104250325612
1.0196841813959432
1.0033606464261258
1.025615107320761
1.4530153579751017
1.0219922235854078
1.1116227122810254
0.9942988403244731
1.2378203234392726
1.0142381209685134
1.1939366329384284
1.0174306091922838
0.9772565544283477
1.0930361960153725
1.001229571997774
1.0774415598972553
1.0128330421003078
1.1443907139551603
1.0744621862173427
1.0492591473455728
1.0946573091011076
1.052130922479297
0.9694575501904577
1.1692460368749522
1.0375127215294333
1.1541795183038992
0.9791592079727952
0.9776482381521374
1.0529537505934503
1.1274019268727058
1.045625061679028
0.9933196612178786
1.0355843139740661
1.009252763357003
1.03313755709482
1.0097262968155785
1.23911635614526
1.0243719195791583
0.9898409936891122
1.063780843624915
1.136465701266282
0.9947839197859503
0.9737647119841979
1.0848775531878472
1.4287680657326447
1.021607252710011
1.0906008273592172
1.0154641160986733
1.0852458988605873
1.0512519208289375
1.3115459792098625
1.0267597826650072
1.139751308906376
1.3470459173321683
1.0350768458087214
0.9845971738427004
1.0298812436276372
1.028220386686175
0.9736573025904456
0.988358916631128
1.136824159520308
1.0129762183095987
1.1763903617338758
1.1234600253242544
1.0323050906129736
0.9737037030196346
1.052942165802253
1.0479633706283857
0.9953403791193992
1.1736884201737736
1.1433900829004868
0.9885631305015972
1.094850228868406
1.2607377723113182
1.0118639486189656
1.0211141206854157
0.9790994981808033
1.0184205581258143
1.0910742104464037
1.0402071542891766
1.1780740381027814
0.9691750612606148
1.4802497019418825
1.0147243850640018
0.9773235758351335
1.046622854539765
0.9653070740598846
0.988684792956465
1.0147831712831241
1.0222171942902099
1.0397855043816722
0.9970581704326751
2.4411056626990497
1.0063825815139134
1.1253103383520167
1.090454305797643
1.3773255304242809
0.9428829788963787
0.9635540620815993
2.42707004718781
1.0687276555035445
0.9896729797265224
1.3228988165522666
0.9898026290425506
1.1517909901882808
1.027507713190509
1.0179360291470743
1.0770937249813337
1.2310640268163415
1.0956459523631308
1.050484065902385
1.0464197523299352
1.581499495801351
1.0879856371097039
0.9917283373250635
0.9960116959080547
0.9685068459871248
0.9819737876400424
1.071347308788936
1.0862619966670284
1.1148988040885737
1.3973061423022273
0.9845159202079163
0.9812873962344817
1.012222638949806
1.029221435964657
1.0110558442219955
1.0114307247154422
1.0477942226370616
1.3401050173943136
0.9771191115257014
0.967754759730713
1.0318140836705036
0.954149279279042
0.9880296438300256
1.2316096232473992
0.990355590172731
1.2064824904017253
1.0036058668047239
0.9706379256980776
1.0150685478377701
1.0475604973406698
1.169442915595155
1.0957273013104536
1.0413136642379794
1.0626412471466509
1.0766910530110847
1.1389383904410764
1.0457904111832779
1.1453294556814457
1.006356250284619
1.1288499940926946
1.1492609485867356
1.1348890879990106
1.0332522616396382
1.023252974183277
1.0014054570568987
1.00064763215272
1.0964939232100348
1.2940309459155555
1.0922514466373792
0.972887909831926
0.9992532348436921
1.2501425493742417
1.0000242394053298
1.1232343278718084
0.9801088820968651
1.0596633767599613
1.0595724457557258
0.9879969964442676
1.030657958125996
0.9710685024216472
1.0461449805313328
0.9937155674346989
1.0354762655242136
1.0315708113376325
1.0474529684812437
1.0868078248344337
1.088553628441319
1.0761790889147007
0.9940121561515124
1.0302089644515466
1.0180919300337599
0.9953968749696328
1.012816312991896
1.0529937339670963
1.0932454192958143
1.0383031827739768
1.0264493770225207
1.0457085600858664
1.1420853551017234
0.9800292448512289
0.9636599137544424
0.9618786812206925
0.9885931850954742
1.3921621729814155
0.9971163116572814
1.079049452297109
1.0458515170315807
1.1340734447907928
1.0747553286850324
1.002681834492282
1.0867020248149055
1.2001505705273723
0.9991865521618715
1.1304677645924028
1.338912144109674
0.9822859619374622
1.060919536461538
1.810384656876527
1.3444371643294353
1.115828976622127
1.1280952424760695
1.0177073900970888
1.1667542763270293
1.0714576548087458
1.1810136529059425
0.9812472162754318
0.956546263992952
1.0336348110044993
1.0959511151825787
1.1809935672148577
1.0580526708707654
1.043103673061097
0.9813086467169965
1.1345444414983743
0.9979885875856492
0.9750098261963576
1.163506346328458
1.1590076691716826
1.0130975501757296
1.0724004838363799
0.9764315901791545
1.153829803797532
1.0686209390981667
1.0663089306844749
1.1331242339303644
1.0457200796055546
0.9798148379226774
1.2309488020619477
1.002426616858266
1.090759086870325
1.004220542666111
0.9983808228741499
1.1092760509864432
1.0961925525572995
0.9767373130290951
1.0106763073857583
1.2391290216442004
1.0358033572292995
1.1991794074569573
1.0187806159779904
2.488811103052214
1.0040963764994646
1.0191618193846064
1.1318409845520798
1.271195352547962
0.98249475803768
1.0312039143883616
1.0759708309096216
1.0838689820009422
1.063200528542448
1.1644939723881929
1.0292744908365494
0.9961397589981477
1.1504280230554655
1.051961412776609
1.0315926838824818
1.1152301762260648
1.0760651277371784
1.1060102940812495
0.9892035464006824
0.9867811696899649
0.9986505649308836
1.0443972172887062
1.0291866862181207
0.9905387805407704
0.9938447845221626
0.9792940896554538
0.9828619393581054
0.9832551344084308
1.136799576285083
1.1262184912526583
0.987374052860871
1.051531530767753
0.9788691283504474
1.0499697104237027
1.706505570925247
0.994902035458544
1.0934841334065493
1.038935653609699
0.9676945692724821
1.1034677623674671
1.1010237518895285
0.9864174332619475
1.1147265709948022
1.1332449860854639
0.9884683689670645
1.3440419912607022
1.2495153547361115
0.995238029460763
1.0419877978277676
1.116949216012361
0.9820864949466461
1.0856362657621021
1.0232640996241882
1.0096857257073961
1.0399122377159165
1.0920458771336488
1.0454814371620065
1.0185369467496352
1.0570962801008883
0.9799966372414811
0.9912475044856789
1.0476462894928213
1.007974354538582
1.230877622029078
1.1401089853259028
1.0162706434049686
0.9664810989261113
1.0664872973865176
1.2317857253521025
1.1523447497767623
1.0406733562727584
1.0189819327919758
1.354217723740943
1.152644505675994
1.0798765336335954
1.000088365418846
2.182102141420812
1.141798276694375
0.9866872217144017
1.0808394759643976
1.030430035929107
1.3560549265422086
1.0211180604533587
1.0347539330469613
0.9807834709758971
1.064557638951922
1.1013677880619388
1.0978132574651995
1.050737849376373
0.992591323805169
1.1169506213001905
1.0360658233737088
1.1636141506171507
1.3322929417964302
1.5897752111743566
1.019304469689494
1.1848133709247377
1.1899054486273484
0.9944307239170147
1.039369240555591
1.0351548349534974
1.5129598539287208
1.104534119471425
1.002155407681806
0.9956294664023264
1.0202816765320315
0.9890977646420621
1.0157192502569317
1.062159441761456
1.0114132113079428
1.0158159433490526
1.0087494815131275
0.9795707783671066
1.1305157769377154
1.262908944515165
1.088812259706389
0.9552935518064789
1.0008208231027687
1.0099818459018306
1.0691674328085048
1.0350282157745887
0.9727510728359139
1.1367722308825514
1.0017006815125902
1.0044340789044512
0.989078431526683
0.9854612984740093
0.9655717381766369
1.0080806466222996
1.0041253081332908
0.9834521419832404
1.0355416460785372
0.9807607439219442
1.012726903263183
0.9726925875511565
0.9941631603676766
1.0038685725241825
1.0768940375063987
0.9890283174774114
1.0162603790367373
0.9879766042617751
1.007271597759484
1.1307222715580458
1.0507905079467306
1.1624859683081987
1.0026401633307824
0.9732817054295048
1.0181869194050917
0.9782996161923254
1.0724796497716311
1.0425901719309338
1.0042282309948614
1.2178284881291759
0.993659795731468
1.0057975845218592
1.27833839543487
1.0507993451467752
1.0402037821132257
1.2467442382578204
1.1622502643426809
1.0103038759438097
1.0809876658148712
1.0367182070328402
1.1251567850977542
1.0348329578452218
1.062868296910489
1.1027637641282944
1.039208097383941
1.0090699407816495
1.5721862182470596
1.177144071173739
1.2851244435458273
1.0986079579845682
1.0465357109545679
1.043244704207691
1.1373045690533925
1.295065726388516
1.34614766946086
1.0544016411641937
1.045911578658043
0.9799389476446614
1.4796306194893825
0.9892868406239371
1.0749040393499825
1.1064647309600848
0.9710688835561438
1.0635561805498435
0.997257742713858
1.4648702706691854
1.002406770850355
1.0472555334726468
1.0212958071027072
1.1384724158721027
1.0719811357056024
0.9753995352687831
1.0929134733415369
1.096182043990808
0.9684795477933852
1.0661523373530055
1.0922806796326399
0.9897240090463459
0.9904361902071136
1.0782963451124759
0.9669292538569051
1.0543830920606538
0.9910916785203302
1.0421763376524327
1.1486570017367181
1.3056469879202677
1.129434162448789
1.016509867299209
0.9847404104246003
1.2091613822334297
1.0541600712018033
1.1631436581265449
0.9963270226029592
1.0567644098235345
1.1111580782394241
0.9747800098767376
1.0106992220307214
1.0574047476536292
1.0937436638029736
1.024899395771606
0.9845091618901192
1.1780162369822327
1.1300590810498263
1.0664602750549845
1.117584996803991
1.0518578157301228
1.14605452794825
1.0030863443352636
1.0612132714631357
0.9972377971949713
0.9962453522332118
1.2026232140890223
1.0423859935225974
1.016157873744003
1.0502280114739053
1.0551689501033787
1.0019225557022073
1.0406113000501003
1.0213418182954555
1.171127542654157
1.126128805202866
1.1083225378107775
1.108879850220781
1.064426826608033
1.0054573874410604
1.0818978396511987
0.9731257422286113
1.1832074706298454
1.027918007473644
1.057010437421911
1.0936435882354378
1.0172493515599563
1.02379179957911
1.1887750564990478
1.1901252409609338
1.0502168929508728
1.0313127833133486
1.2498877316099384
1.047709377895115
0.9773744864916504
1.080525943969506
0.9926465952816563
