Model: LOF
Dataset 2: arrhythmia.mat
Time taken: 0.09176921844482422 seg.
Accuracy: 0.42424242424242425
@scores
1.2570281096887264
0.9932058126404172
1.756869388445556
1.1323862342721502
1.1736439161675147
1.8288900414914129
1.0303097986921856
1.319734213233881
1.0014975198318856
1.0292523022395381
1.3178322881091042
0.9881459017609929
1.1110385146863042
1.1548391740664374
1.0466877021781633
0.9953968591439821
1.1434313148463187
1.18271061469311
1.1950721514122278
1.1843487849517504
1.2364138097948236
1.0605472479242315
0.9680455122932464
1.0104024261704265
0.9947690023857071
1.3176276420677493
1.2588910001397289
1.0815803092226175
1.4967901258141414
1.4744069524815486
1.3497391252292108
1.0222393650992498
0.9923279565366627
1.002714861508606
1.038442316206041
1.0552742396623347
1.02435692993032
1.1001227010621446
1.0345083166388704
1.3143509694485735
1.0423414319217894
0.980185579928414
1.0688723507316664
1.1279560451102408
1.0819349312680002
1.0696250829107885
1.0527555820477241
0.9919815667785166
1.101815556121909
1.028897308980082
1.0006187425684299
0.9822603521998781
1.033421191943243
1.2348782476849725
1.020000461902201
1.0310335732615292
1.381551021307113
1.0209009407735472
1.095862983958019
1.1072004584535775
1.4793608447376134
0.9819078393208611
0.986988845608266
1.0663263003175616
1.4319641754863928
1.0013037038190642
1.0061076210449325
1.0155268792195176
1.171849146083248
0.9960996068177961
1.0151210938796902
1.3129367514908097
1.034182157355525
1.0463093307702147
1.0639211373952933
1.1212268986697993
1.790537204724679
1.0179984727556803
1.0611572796768303
1.06968975349523
1.1120002534581945
1.1124458055172992
1.0289759429403758
1.2454790691940696
1.2665089641127114
1.8151316441417098
1.248853077016156
1.198283894886866
1.708654365201291
1.59521091717424
1.1965326208488851
1.1866959669378936
1.026292137379255
1.006195614634041
1.4761043989477582
1.31685046840162
1.1470755862416504
1.073010387040351
1.2086592059659664
1.2539689738669404
1.084167581129273
1.4046604983761406
1.7527886545342901
1.5280895888426458
1.0365228039914134
1.3927138921580113
1.704600148328911
0.990616931745506
1.4997538028408484
1.049285176364661
1.3292969268444648
1.046758168861976
0.9847749973758143
1.3407575158448755
0.9989215302828848
1.0061077104779907
1.2375467900680053
1.0350895104696667
1.0660196928277585
0.9761760315241323
1.0087890633643388
1.0156930254751335
1.0353995663078517
1.1520581779586507
1.04644243315964
1.028564125562726
1.1797318935711834
1.1646829204534834
1.0226203477586613
1.141182615667351
1.0442914187676007
0.9762404293215583
1.0072638183089404
1.233451850346858
0.973941811508521
1.135905692763861
1.0124510960273665
1.1709179479900684
1.1590999080677442
1.0196183017701856
1.0196416441135718
4.418240542786242
0.9980641268847149
0.9966918083597541
1.0078410132430253
1.038228270835536
1.1836927513598459
1.0131831418094839
0.9693559225264025
1.0341597137661425
1.0033285130307177
1.0759759091248673
1.0184803569499639
1.2214405473840901
1.00627175090715
1.0332926967060783
0.9853261649496835
1.0204998405048837
1.3841482914120709
1.0154003019120494
1.0695567961397408
1.0029782856360365
1.2648073263454163
1.0789585236239707
0.9860639043193855
1.0013411418184803
1.0095640308499694
1.1869869627244616
0.9812457728048907
1.0854403036043567
1.101707249941437
1.0291637556584006
1.0086410663049183
1.054351243573006
1.4471588090492538
1.0086408772055264
1.0318486240616411
1.0250995284936477
1.1566825979443633
1.1439870869453832
1.023375731580297
1.030285713183956
1.292633583521744
1.1401321037750036
1.1710557502726433
1.2364898506125859
1.042620693835692
1.2860236954629243
1.267849983918231
1.7781785735840034
1.3693034951796397
1.1073134036503662
1.1534817762550742
1.0761985179474898
1.0340216998900158
1.0096342765416924
1.096379102919754
1.1016266302252695
1.3513090986270704
1.3445618112564772
1.0017004511261223
1.0255571252809013
1.2047473032845208
0.9814734069698291
1.5887886702515255
1.0664480230026598
1.0023915427184495
1.7167620518291073
1.120537112137519
1.042506235495855
1.4514469183424799
1.1538992899120921
1.264741333411436
1.4617317006441684
1.1134563919758462
0.9832131639625684
1.2448372445110083
1.5902664306754812
1.3650102753302802
1.4199057859887265
1.0103234628575204
1.0134699340602897
1.0851086583727314
1.1545119591739939
1.0449000950672593
1.3888129327291656
1.1726464720325618
1.2295711427560316
1.0310178799009757
1.125372193850459
1.0102387242652298
1.191304764402048
1.0258694127600447
1.0887942522141487
1.3375406814235735
1.1803254277376083
1.025889233145044
1.192881369137588
1.012706546046181
1.0734508312480326
0.9914975697034702
1.115824473723001
1.1470521619783136
1.4947476341855137
0.9798500087069083
1.0335303229916715
1.3463316587225846
1.0061382291145786
1.2989777972141971
1.032803821045325
1.0700586816754405
1.1609601538635483
1.3211809178002425
1.2592682508814863
1.045952418240047
1.0260118210385403
1.1646478607706956
1.493680197312521
1.0372580252438433
1.2370935721177416
1.0458792366724503
0.996228485669033
1.004645295781271
1.0043783820859329
0.963457136983896
1.0294128411786585
1.0259367466508271
1.1694023916502156
1.0845187344686522
1.0627474261193453
1.0033814849650349
1.4590972901299053
0.9984625826231927
0.9911873066876329
0.9863404231053593
1.010481689389962
1.1946517311827431
1.032370166510252
1.0588138577718957
1.0284401496716664
1.2162787949711586
1.142928254316447
1.0139103077829454
1.0173795879597356
1.3451431316587732
1.234125884522046
0.988191679117738
1.0128632822520196
1.0715201062544795
1.0229618282270083
1.0235035143341078
1.2487892949383048
1.1981670213921067
1.816027612097034
1.2823429335518006
1.172984235018403
1.3677173858444198
3.0860793660797334
1.4468156899670443
1.1923603013354103
1.4023401311890475
1.0516560351382
1.1686595881020965
1.357465320549468
1.1369405734499325
1.1644166741020936
1.6249877215715642
1.1400638231854383
1.4011313899208466
1.0167529811787275
1.4782355487274432
1.1880767899728935
1.6926521031000479
1.6755472418780344
0.9941716249216878
1.0432031336210752
3.5810501517751496
0.9963841698577559
1.1169346216682967
1.2517300825018556
1.5297124741731674
1.206806366655131
1.1270711257079902
1.3893744400598498
1.1943128005248254
0.9855287739823069
1.046922061522765
1.494067134239904
1.0764919960266046
1.3298387066231385
1.0735207329844272
1.1124358865182093
1.2681621631870528
1.0272003099499065
1.1381880206367585
1.3569257145653009
1.3037717990201767
1.0202298952911302
1.0334870816866788
1.0663092252406243
1.097177535511181
1.0966956303340036
0.9723680460831627
1.0427414624106608
1.141261282411469
1.0221206453141518
1.0305356443350169
1.0498514970461184
1.4451318708936896
1.0062168398694111
1.4560339088061987
1.241793134539575
1.2361664492118976
1.6236517059571107
1.7283268323566285
1.1539298396322646
1.3132933237446403
1.1095222957957414
1.1699001651215215
1.4078093118107018
1.1019960532683761
1.3244113200790024
1.0792788147560433
1.2718372759266592
1.0106775281445861
1.0994122548151473
1.2382401758268746
1.2892515837868037
1.2892284899031679
1.0658556989663548
1.831998096409622
1.1245419363195583
1.1508175668466212
1.0484034818400998
1.2198662260978161
1.003688598003038
1.1905376188104617
1.0067193184639724
0.9967089697708126
1.880188774297947
1.3282144013378878
1.4218944944541865
0.9891520055141548
1.0509724625731094
1.1353901501756296
1.147426126339173
1.2051784196537585
1.0595242555088533
2.3969230766173317
1.349152965168144
0.9897349531741539
1.272940737260526
0.9851582376042746
2.4951916119664617
1.0936260646606608
1.6532248420446087
1.0480556158721537
1.2987707613309663
1.3281208575296808
0.9853625678486251
1.0107757759093765
1.2032731810726158
1.1240290095468455
1.9156567303480627
1.0649549201119695
1.051001110276251
1.0228788577686554
1.403744061820004
1.1540914917197476
1.031088897604302
1.2598581189630678
1.0137224677694252
1.1670114154564637
1.1041095659872107
1.1473972677673658
1.0483346280850756
1.009725565112008
1.4426011584989773
1.0174397422538575
1.2311721724657545
1.498788772125769
1.0634067214441196
1.01173781822999
1.0462672512386224
2.2103672309257396
1.0073531731495597
1.1088568325950585
1.831203316550709
1.3549179782651295
1.3110404032011032
1.6954456281507226
0.9841054430339768
1.3350307364546758
1.2602130700263037
1.084782437831629
0.9773122518784486
1.018709182400174
1.030648879925964
1.0002613554002688
1.0306445572552536
1.0049545608117474
1.0469403220460012
1.008761043567135
1.112256562038199
1.0272089538491622
1.0419042067657112
1.0087705211327327
1.0574068731067587
1.4291338330922785
1.96579749314418
1.08878893698338
1.0889584608021268
