Model: LOF
Dataset 18: thyroid.mat
Time taken: 0.0699312686920166 seg.
Accuracy: 0.1935483870967742
@scores
1.0848422958625101
1.0201806574053593
1.2257299363850653
1.0372571806532496
1.1299872751807727
1.1280114433844388
1.0519329567852191
1.0143520982098044
1.1422991383511494
1.2004044414850596
1.0032711431361343
1.0912848880166188
1.0124397035900992
1.0404155045675638
1.13442874226596
1.0393190436237392
0.9720111214064451
0.9955286811579315
1.4342320290165944
1.0254038610357994
1.025976328462617
0.9798970361394936
1.0098728054789357
1.0567827466169597
0.9772248666652482
1.248376740646391
1.2018321301855188
1.1396173385413415
1.2050272117139824
0.9856233744901713
1.0241386931269671
1.3744848508815364
1.0089104442538108
1.2678847756656042
0.9981247864639646
1.0647492980916389
1.0702893686069075
1.039448734979903
3.1969230141529024
2.6005181516623517
0.9686783322314261
1.1926379429035034
2.0392210256492422
1.2120062869033403
1.099592490401885
1.025464740058243
1.033747726294696
1.2123305724012585
1.08920377088839
1.1041995117505974
1.018874125468567
1.0063268516081891
1.272455558885953
1.1216691506634584
1.0303342015691999
0.987941186457047
1.2546780074168535
1.0459045887529068
1.2056469409085548
1.2321093108929824
1.0188779254320273
1.082323874152237
1.3734821363081982
1.0151373982449767
1.4855576794432686
1.0106391979851173
0.9860188327928394
1.056848423772957
1.278614801727315
1.1201863245964225
0.988769027762566
1.5914803403578266
1.180383354908264
1.1955199377495553
1.1837186423637232
1.0052413653053693
1.1457643650057552
1.1177290586159478
1.0277518551533484
0.9835909679216936
1.4166806129289704
1.2770816295454992
1.4594654567247622
1.037802688637053
1.0651528347921608
1.3000709262937824
1.0116651181808687
1.1595051279579527
1.0897122302155193
0.965392152453316
0.9964416931547853
0.9786195517672864
1.6389667548251339
1.1353992888000792
1.0680637304899399
1.176164164155888
1.1159088156537957
1.0237310407394786
1.0711475972404665
1.0288800815146157
1.045705865130818
1.253194636894096
1.6164149185800405
1.0519756724587022
1.01506176608564
1.2815431000290756
1.226217804092137
1.221933702613805
1.075568810159162
1.0036834687241705
0.979020710906395
1.0480668878938313
1.1419663245164462
1.136403127322724
1.0380923271082079
1.0444630785849602
1.1242244473794878
1.1168132965556992
1.128711905212692
0.9916189317880499
1.2422884537201848
1.6178170794066589
1.049795801180413
1.0095624131825391
1.0736905077351127
1.088187349757472
1.054211661444775
1.1208673936367737
1.051451108541015
1.3164305650979142
1.047850960756465
1.134381644371613
1.123955136801679
1.0770168403979097
1.1304434938120569
1.172816246422824
1.3739692866820974
1.0147523305387276
1.0113512062592391
1.4367510785835316
1.2844843366426821
1.1607696981784423
1.1483485192832494
1.047103510042033
1.1014795925981455
1.1916075646369104
1.067958916812906
1.3102862800987585
1.067873519722512
1.5669056383847655
1.1353564258075552
1.1388476230292341
1.023728408019743
1.3474497039126399
1.128709912280431
1.0888130804032472
1.1080376544528727
1.0089374655278742
1.1013519735632757
1.0151237372531963
1.14225288577632
1.385372496267698
1.085887359282224
0.9741461517160477
0.9915617612956009
1.135880991896588
0.9919675952919927
1.0757360876498083
1.422343842203956
1.4906237386377814
1.0087944708700662
1.1112994728577026
1.0765348681261224
1.0547106983882746
1.0094100470742413
0.9893317614819296
1.0395382724258497
1.1375145936633237
1.0046844822580903
1.109694984738708
1.1397245203558266
1.0737102675968297
1.299080661786777
1.058144035832305
1.0243869849788876
1.1040411439971272
1.1270120402306139
1.0724090001925837
0.9915648794389034
1.0881625728694915
1.0938036567424585
1.1402301490951419
1.0092241487414912
1.0285178526848213
1.2863222234865253
1.0398023654992157
1.049778318596506
1.2606209086409021
1.0340551770588489
1.1189953343004715
1.1651861897046107
1.0127572124594704
1.0037406142613314
1.1763579434199538
1.020022213484588
1.090792586995181
1.1431910607345326
1.0074062339650227
1.2356816921668015
1.0764386627692808
1.0658326256226363
1.4959926385250066
1.183957214958683
1.0764921766556348
0.9950721951513979
1.1480399854173504
1.0642133717973952
1.0351880339380997
1.1346403999461623
1.0774139786109596
1.1359801030615155
1.037356323737921
1.0205034044687271
1.0005018549962104
1.0389333541687693
1.0002637099323857
1.3073730493426332
0.9745619017165582
1.0203866914575417
1.1073141405510383
1.065544549220732
1.0002165923038173
1.0134855269327585
1.1760200585283525
1.1289011652061507
0.9921912406084837
1.1219065053884707
1.1560350472592005
1.2450651625095726
0.9894636791028344
0.9980724374339636
1.1268539933678778
1.016502246783031
1.0825844396460527
1.184660788044924
1.1851254455782285
1.3010948195647827
1.0577645068522785
1.1342261764044568
1.105679345657403
1.029992497972476
0.9950530762778322
1.1006251821370217
1.3334109905723293
1.2553357013388708
2.9059024931526922
1.0324197096978405
1.1969317606406586
1.190072512081729
0.993108663215088
1.0118034055282352
1.138060475598394
1.1547847521967385
1.193584763619998
1.0805537900658042
1.0313725747023983
0.9856233744901713
1.0389333541687693
0.9962547763621508
0.988311827717428
0.9921201995789899
1.0030901088729418
1.0267709400903766
1.070833602564117
1.0508411319798105
1.197392971527127
1.0368683455413004
1.057541416116822
1.0175104584114962
1.074054732280799
0.9988665691716196
1.1269225733028425
1.0122149461835357
1.1289614794074494
1.2983274631154675
1.0648818646964604
1.0326496884071263
1.0841184934082544
1.0216301519928273
1.2780400759179087
1.2480674501678988
1.0324957625962294
1.0278988621520346
1.006769893835959
1.1655519029013464
0.9785558567148854
0.9840314866177108
1.1215540734296887
1.086404456100496
0.9986150712318794
0.990647538759263
1.0500866447091373
1.0281889001333986
1.0027653383554727
1.1605918848777559
1.0148584105672334
1.2466288586669845
1.0216941155917671
0.9849352364391087
1.2025852708480793
1.2026786038276822
1.2325806560788979
1.1638686675781658
1.0395746810800899
1.1313453357113006
1.0834281454071095
1.3461854688538033
1.0929129229253343
1.073973698398424
0.9975801389032679
1.0316863299087267
0.9980436452670082
1.0204242767438316
0.990647538759263
0.9893178707754158
1.0345614546335884
1.0977813987917853
1.1082545464291145
0.9633811559067651
1.097195813820957
0.9805462567804973
1.0859955207705756
1.222082614506399
1.0074557406557179
0.9933706082889502
1.1108532370963962
0.965392152453316
1.214797134107966
0.9902529836773267
1.0265404089642851
1.0447327495054322
1.1249698433789161
1.0754870452664949
1.138146543467006
1.008754492664843
1.4398984169932616
1.0942124756546447
1.1859726960564119
1.5671085727027907
1.3419111263814942
0.9723526085093301
1.1724665984374048
1.1062810953133746
1.0203591935204623
1.0897242646086687
1.1705169464799103
1.0380169446900909
1.1975055145753255
1.1391581706482874
1.345554637967531
1.0230882662224285
1.0591442758858074
1.04508067203611
1.055722492017404
1.0898825230473852
1.2130512163073626
1.026857162486334
1.4789986808583389
1.4580697110612109
1.0667232757339449
1.1748390266011512
1.0885453730431252
1.0365482374704067
1.0556577024202953
0.9706151203371347
0.9901255521194194
1.1944113524947206
1.0120185388768
1.0648984340761405
1.0729107457888722
0.9697170478455506
1.2245736092520068
1.1484255256261993
1.0171479807862447
1.0837554685549342
1.0304515700088823
1.127456605075579
1.1997824286345353
0.990647538759263
1.0122552840763244
1.0561386925391418
1.2138980483954989
1.0071115089973655
1.0144108482082979
1.0454894057075443
1.0675589239924674
1.3034049493353952
1.1916810224772556
1.0187935722399108
1.3620883408426079
1.1360646072129463
1.1961651979161967
1.0227495672131213
0.9744405007383703
1.1514157639799325
1.1939276658567974
1.1121695511995762
1.0537768896398148
1.2602768403866214
1.1170116264540257
1.1115587027783091
1.1297070123159343
0.9850846466513051
1.039124110131037
1.0403306342065664
1.0608117996184059
0.9769430705533353
1.14050573137177
1.0221195028828949
0.990647538759263
1.0449397933207043
1.0029412340393178
1.2808650637850014
1.0755090623348242
1.2328021215761746
1.0973571470189702
0.9999333131447454
1.3577917622589868
1.166715490557783
1.272338290300403
1.0487597086089206
1.0887609501364257
1.0749403710873988
1.0582231513494567
1.0508180658463535
1.0174133569674346
1.100762649824608
1.0564129963242146
1.2315800738475766
0.9856233744901713
0.9697170478455506
1.3170283015028006
1.086401346968783
1.4291016390623192
1.0393463070882505
1.142515523236705
0.9883065179271503
0.9883065179271503
0.9856233744901713
1.1216728337454651
1.0520049329926202
0.9718827785838332
1.0625641001039594
1.0122281303570684
1.0349746397677895
1.0850835588513728
1.4717874217057454
1.3208932679863579
1.0108243508614678
1.0318486926196873
1.281479127652403
1.0102377825380615
0.9998543203579491
1.0706026972649878
1.0148125230413598
1.1664691229976547
1.3775538740226214
1.1116012744542003
1.0696066044101307
0.9995066834805522
1.0123068797766392
1.0338749409848147
1.0022095988338267
1.2245651681135006
1.0359419673917294
1.2209965474111062
0.9755313390291193
1.0988732169115232
1.034350666828171
1.1075628398289958
0.9996768886722371
0.9753553644527189
0.965392152453316
0.965392152453316
1.2047949864008243
1.0154821946875443
0.9928025688128891
1.043096231124223
0.9697170478455506
1.0613809473077165
1.0650056190764854
1.003888652257283
1.0045363078977894
1.0597596980736197
1.130478747138236
1.0141555965174578
1.0622324549264708
1.1511696272528527
1.0722680704237377
1.1097747574784416
1.0284185173541167
1.0945100365101668
0.9916694831396733
1.213582520319117
1.0376996389196298
1.324017491377424
1.0175266624849457
1.0065333343443448
1.4693640393358693
0.9949053568791756
1.1518080313305439
1.0333289287884282
1.0951224334641974
1.1063673071067341
1.2309134451088592
1.4838557319952739
1.4534496455332204
1.2360058770493076
1.0253469815678418
1.2483196010752515
1.0446837822564794
1.1909981860381125
1.0770149188099993
1.1681558063654343
1.061312683307266
1.1237874148060536
1.2745261689578036
1.0028711740864737
1.3936331961530433
1.109457863913859
1.0550029011356021
1.0093044671989448
1.0081151069563767
1.0018765821851774
1.2056199546741724
1.0916066056811673
1.0305806016789012
1.0359138710240998
1.1039010965805731
1.0587376922772906
0.9772001400837645
1.0727471920643785
1.0046389145548429
1.3642667415791774
1.2964414516456162
1.0715417497683661
0.9883065179271503
1.003938854858611
0.988311827717428
0.9856233744901713
1.0257720742040775
1.558346410104647
1.3170313761875665
0.9756782239972759
1.0910733686210867
1.1667372193183094
1.2129507682287912
1.0115718510626552
1.1644990082902549
1.0905975334953228
1.0818115164744992
1.0340055244058075
1.0664965247965892
1.0945787536708207
1.1049256434216885
0.9980054936441738
1.497857780018857
1.1447949831880233
1.3098606619829378
1.261083456946667
1.5067252947912615
1.0576472550651093
0.9996768886722371
0.9753553644527189
1.0802290698567751
1.0904842373540589
0.9808659077185592
0.9915617612956009
1.0904842373540589
1.066321733861542
1.2090151111340353
1.277862638558473
1.2050397145050133
1.4168051088143412
1.0852483026195086
1.153125392592312
1.1913093142634092
1.1428627928750994
1.0272294650173595
1.0099331122416133
0.9833530333338671
1.0581812290880355
1.3136500104450186
1.0013306315384898
1.1789945081084612
0.9977779197972785
0.9697170478429671
1.038627410468442
1.0287501481785635
1.0020164749380824
1.540163179662841
1.2470733339664215
1.0571857946538166
1.3712182079727895
1.0751529673526483
1.0724955116333352
0.9870494851353719
1.0805038858126557
1.131027590448347
1.0703052177220478
1.0048157302970697
0.9552825563276397
0.9552825563276397
1.1503611916439507
1.1077322487981298
1.1120172339962615
1.0626061554465769
0.996511649669604
1.0323873366618908
1.0189727263245074
1.5076428384368947
1.1389169645185542
1.004864574659099
0.9918898831063538
1.0709720569033998
1.0494275733002723
1.511721259459359
0.9848543572289898
1.1790670537662677
1.1248653940530513
1.267205638450409
1.2825978609833952
1.0323033881576886
1.0512802447764125
1.0000613260515043
1.1641501041772009
1.1475451721501588
1.0393042962866392
1.1089801540249569
1.6426719580063918
1.0566593838653797
1.1224535651996959
1.069288417058875
1.034590983923231
1.039793291495831
1.0196953201147498
1.1158479603924112
1.1973765264898586
0.9997709858721372
0.9843220143546357
1.0938310380061718
1.1889017136376983
1.1256193437590092
1.180593458054555
0.9920230279690292
1.0367079649018085
0.979749035544207
0.9933706082889502
0.9668754991183718
0.9668754991183718
0.9689857214433879
1.009438302906567
1.2470065833519866
1.0987679932746917
1.0554304799952967
0.9962547763621508
1.046361336609985
1.2628396848876378
1.1963540202532883
1.0407037172470581
1.0364173077023369
1.0186815055789133
1.055623688681864
1.0176275905443228
1.7007228739631315
1.15396059049511
1.60658356961303
0.9812811841594243
1.1010369308043122
1.0659778348331581
1.1453220953724446
1.0356372959807776
1.0305171650545442
1.0028347370529356
1.0007295869820125
0.9669898091878725
1.0396049719075893
0.9932519998988261
1.0517553230364984
1.0104103527034527
1.3935472238888242
0.9843364873551422
1.6572517885985527
1.1491699459528575
1.1533367242415813
0.9828136241819893
1.0486944632156363
0.995958642284411
1.005041550848551
1.0203333826316212
1.071691619650155
1.0744795474541013
0.9716832594495151
1.0198344005338131
2.539138924082215
1.1388752682430052
1.1365072552508297
1.2558639730075059
0.9906942565281659
0.999053107023409
1.071445989031378
1.0399482884420075
1.0427930132628016
1.0044570510360908
1.165131983896181
1.1384534870835075
0.9897417853036586
0.9727166422099527
0.9864926169049679
1.0033046031935977
1.3734448518075
1.7729148851457208
1.2600730813790366
1.057110553602895
1.0970502044316859
1.034886205267805
1.1330791115465508
1.141963140087925
1.163118953955004
1.10766131191626
1.0353478544091443
1.0360606813644968
1.1377746301375722
1.0544455035143199
1.0773413493537356
1.1464668454233726
0.9979167536516895
0.9815700759970287
1.0402765951575197
1.0506192176979092
1.1874307871787377
1.1300248960666057
2.1570073199502837
1.0165583418950843
1.0679115130565107
1.184207828606324
1.0930057368298827
1.0356773308525176
1.0960810752145655
1.1249445039777612
1.0847548593945386
1.1097132304860555
1.041139101876435
1.0122213712962143
1.129848841626821
1.0590511980471216
1.0234342643289687
1.2850952046344926
1.0798290887797588
1.3636684450648553
1.2572045105201899
1.001304095661525
1.2823874241380204
1.2411695237097597
0.9869808958956809
1.4627614881058715
0.9988527165187276
1.0319957919589082
1.1262274742142022
1.0249639931268426
0.9939040269852738
1.0694529066847909
1.1860597410846023
1.0969541521087516
1.2066109732365793
1.071444659778663
1.051471822284737
1.3066203168622503
1.1117245509507092
0.9795621258974595
1.0678533486000386
1.125309238842957
1.0205787989768342
1.2111136772947604
1.1836837140235468
1.3333222062993921
0.9784668351856272
1.0989074428628454
1.2027232589784718
1.0200513860529579
1.0044570510360908
0.9962547763621508
1.0119297944937868
1.1384717489809228
1.366930684895491
1.0277911575245968
1.0151390464420909
1.0652261124007119
1.2752945279900723
1.0763218669615309
1.4062397771538917
1.1164037443920016
1.1567257119479357
1.434517613556245
1.0267612003060018
1.0571234286231141
1.1811587964597678
1.2354554845280579
1.1272032158456438
1.0198263430790173
1.0755511508924083
1.415884294557418
1.227846308319441
1.0199673122509494
1.0724116106699166
1.0602839434218005
0.9727166422099527
0.9631786030144583
2.4249270916187533
1.1111578624060792
1.0755256145600092
1.049116006234732
1.3289301208334119
0.9921201995789899
1.1810622663663086
1.1647224443817126
1.0701733416617694
1.183494174068586
1.461224445866534
1.238283278502075
1.018421883261591
1.0160607396564183
1.237199438012421
1.038583571274087
0.9952731745945304
1.0450075245198156
1.0904842373540589
0.9668754991183718
1.67947959629639
1.1237406865850192
1.0891683775968848
1.026800806003345
1.0516740296958709
1.2779921063201845
0.9997228406556339
1.0344583677320665
1.029849362435053
1.053365183123805
1.2116081391839475
1.2587525073992938
1.1002199614496215
0.9825944712294035
1.0017972427384925
1.1673178321116802
1.0689673059298095
1.1622001764161616
1.1448053493165995
1.0479717654661527
1.4053200363485885
1.0621005227733136
1.1519035644374764
0.9900191314957985
1.2780167976361096
1.037557947110121
1.0578001904777565
1.046350845247384
1.161076961051734
1.0395873642476225
1.1428058353205715
1.1658232856740678
1.1334027474159993
1.017796435382571
1.2324165724321556
1.267088087140475
1.113214684456065
1.1583436009280668
1.021752647823104
1.1764142215623525
0.9787679392657456
1.3103612190938434
1.0448529119818089
1.1164823598986664
1.149677058277423
1.023268136565628
1.0902813471118065
1.0459210268337273
1.304869538687287
2.1618148571348135
1.0489279015998256
1.0146805974029256
1.2711440350338443
1.1722882321339863
1.226770481092046
1.0121787663653137
0.9870916481422748
1.0248639964763522
1.075477365683116
1.3250961271319692
1.0135554703307605
1.0566506830895404
0.996666304037302
0.9993957054625013
1.130641374483145
1.1396120973761215
1.2241792550585817
1.2060074122593738
1.0946667097599436
1.1687452156465112
1.0056632317539111
1.0669803169619132
1.0808573136777468
1.2599501990906483
1.1778665323520108
0.9915617612956009
1.6604824059468215
1.264661722522979
1.0108827448474522
1.0036415473442444
1.0098498851329112
1.01844614527481
1.135781738431503
1.2590494753826285
0.9687236566068241
1.0179031132923744
1.073721106798296
1.0505620408494125
1.0647525806092515
1.3488098482978137
1.0206472843254197
1.1889555361313602
1.2418018617412014
1.315925071619132
1.05924012410086
1.0769265914779305
1.5242709403236334
1.1641561522506678
1.0519982131018264
1.0278801711799281
1.2563361264434805
0.978188253367384
1.840836441575389
1.064333254020982
0.9744245952580254
1.1004239184342866
0.965392152453316
1.0727550976640512
1.3315141289501229
1.1078181321908536
1.0044570510360908
0.9939603123494631
1.1282503451895969
1.026151143066324
1.0065150915537733
1.581315271298118
1.0740957531030368
1.1412446410850148
1.7304665603487568
1.1021508981686876
1.1490881816048488
1.113182952940923
0.9968583726546087
1.1285109003054203
1.6341426730723803
1.1899097062003545
1.1951737201193422
1.028910492296064
0.9759067459672421
1.0019772327463792
1.2530378529534607
1.0278197137446992
1.5254735745154129
1.2181336932931237
1.001147781671363
0.9939977462294868
1.4524793481401406
1.0266447049213485
1.1142979920225886
1.0170476820408074
1.0649923804317116
1.0609142415183213
1.2419639118282702
1.0755539788475599
1.0992337833401709
1.1478752368758849
0.9856233744901713
1.026722296262482
1.0442443217084458
1.075169094849472
0.990278983934475
1.2849652545253765
1.088599776912572
1.1211355343607325
1.1676412826909526
1.1194637767658062
0.9836234940463058
1.2074371182141543
1.4763399243854436
1.0881032939939412
1.013878631531708
1.1909648738881047
1.0805676167381795
1.0848924462014498
1.1540550567923211
1.1945734158902224
1.134900052728343
0.9795621258974595
1.0232342842414432
1.4812604416105088
1.117663878922559
1.0853844327736795
1.0248284435323556
1.1305159549459227
1.0253911799763773
1.0651387291108498
1.057081837838433
1.0818656441962198
1.0427428046804166
1.1578583433794685
1.7221043581003925
1.0676049114249069
1.2256187284645947
1.6023308336744155
1.8059490677303938
1.13657158474973
1.213202405551796
1.2555664618469442
1.2109065423681318
1.1556264095213185
1.1824512695291212
1.1092064893442903
1.0309988755589747
1.0402638700989757
1.2093758256928164
1.0371010736519701
0.9790394872441887
1.1411053924454806
1.0401612226659631
0.9966277244796696
1.10314061960068
1.0536655909340906
1.2487806490181173
0.9923947567565428
1.0876754852577348
0.9957024000943033
1.4334752138724336
1.2279890628329309
1.2380176718030842
1.8082189434083067
1.0733695749390915
1.0542948372520418
1.0896028281366925
1.0528660128341707
1.163817527366242
1.0566730873611079
1.0997134478764479
1.0112019725349723
1.0582440160977162
1.2879322824846093
1.2263411409866172
1.037669018169653
1.0200513860529579
1.080330308574133
1.0219895018017402
0.9587518835766466
0.9960823169728157
1.0524858043376952
1.252219756291558
1.02005434300724
1.015388971152262
1.125128876497737
1.037429155976363
0.9993583494884213
1.002811672282219
1.1133164116102967
1.0055406634120132
1.1423884040633545
1.1783121246594692
1.5886880172911104
1.0389770847188984
0.9770268403206016
0.9904636091043246
1.4506391746326326
1.0315050644547639
1.1262844594493908
1.1191327583019461
1.1026375144750173
1.3437899039668317
0.9918898831063538
1.0874895115595646
1.1051395934074382
1.23296453624014
1.2705381829716378
1.0809470892085915
1.1113498018836867
0.9799404933865228
1.3123430545484964
1.0667727684241188
1.0656173415676395
1.3615607862700327
1.0588970631147172
1.0240757143434946
1.1266691782122777
1.002431410134395
1.200477316066845
1.1748562561359512
1.0380575672658563
1.1708997269501262
1.183766954544658
1.4028299461316205
1.4448619997753998
0.9949278993808732
1.0252188813089596
2.1979827169818678
1.1751641147179084
1.4888243658220874
1.0956564935806965
1.1064200221417346
1.0420720973429125
1.1408775946910532
1.003938854858611
0.9843508474020704
0.9996768886722371
1.3862910499240113
1.0719818128275704
0.9986527572874847
1.1088657581174188
1.048827294914482
1.7092464749869527
1.2900463480918114
1.036320841349495
1.2030155757528846
1.0576472550651093
1.0904842373540589
1.3996084472151014
1.0699689334961353
1.0185225404196654
1.2055899728104917
1.027710830634672
1.0144054297876326
0.9948468773546411
1.0576472550651093
0.9951036769169447
1.1734026330563112
1.1269185642376793
1.1674785708269835
1.3277476144459779
1.0095930172478267
1.0415708853210386
1.2107038803854482
1.073702481801583
0.9787370708521722
1.0285430067872317
0.9813091939491745
1.023152355896665
1.0137508633443106
1.3255240868112295
1.094081655809604
1.018074121814097
1.2948972229505633
1.1806198512916795
1.0476663244774684
1.1176441745191257
1.2172931945298164
1.0250257650662125
1.1266153791653093
1.0645596000531228
1.0216221802057484
1.1009583766686173
1.3375457527719041
1.018943168048154
1.2024546419763054
1.5708429477371346
1.0194684872051585
1.2716187253626077
1.0241140815114282
1.0051442806092283
0.9960498299659261
1.0895699477844674
1.0876766471199268
0.9869360654220879
1.193426354782341
1.6136588281652329
1.2006476789798188
1.0183074050536474
1.1017151083599228
0.994981454765829
1.0054947768189724
1.1439131540442986
1.0627781004685242
1.1072366224040378
1.0870515684370616
0.9921201995789899
1.0005018549962104
1.0576472550651093
0.9856233744901713
1.0640127898619227
1.0685471812261267
1.0203801014505678
1.0814278046050072
1.0484051449088467
1.0338883967520087
1.0191908201249125
1.3540604078126202
1.12354082231072
1.0277358770497051
0.9969391261531673
1.2466310631961222
1.0214548497726055
1.4429630989268512
1.5644011461718808
1.0569252100564976
1.2220074873392193
1.0560797538684437
1.0846734177762383
1.0494018755658485
1.003104883827388
1.3078083294568033
1.2615846139474751
1.0323404409920938
1.3818345668191188
1.0739242484640175
1.0489624782790847
1.0098728054789357
1.0098728054789357
1.3812907324152508
1.0503931495990886
1.1563979468048404
1.0985019867730137
0.9998906238281597
1.1868063906792212
1.1781319621709863
1.010776408813165
1.052155267599718
1.1594281981502954
1.9253325547573277
1.708366914231703
1.1119296114119996
1.0392273706845425
1.1711638707640912
1.093372325819175
1.0093735467570677
1.0322314699611197
1.0264917666589513
1.0164769068736692
1.0450592150462512
1.556355094193606
0.9988685141872921
1.0872487550818737
1.008255573354123
1.0523499602513073
0.9772121423206548
0.9840400946237817
1.1416813384878055
1.056001579372057
1.1101921246055644
1.0024304125962835
1.0984168586973952
1.1111533592093896
1.6778090626793283
1.0282069451681866
1.0036524362737809
1.0615796222975944
0.9849838788201435
1.0380524049406432
1.2451727767895786
1.0431060733438644
1.2631884676716933
1.037202751201998
1.252069590417256
1.4744840757092486
1.6768966878988123
1.0144497643173827
1.1204936395533955
1.0499694873242178
0.9828084193117179
1.5309242531342144
1.1407049224038668
1.1586228405978047
0.9808297559236487
1.03183271003179
1.088006502934436
1.7638104420491119
1.0663388647802674
0.9977380576647619
1.0292089814752878
1.1115411965098168
0.9817045924217045
1.2323368086874886
0.9815413968410486
1.1620946082811199
1.0948521353103753
1.027005859847586
1.0098118404671368
1.0884460593494087
1.0077560628633448
1.3251759699527466
1.0582029383250389
1.1626516596054306
1.0620665479204112
1.4238323247424005
0.9942767389786017
1.039471161094958
1.0108694417119746
1.0288640532030828
1.1258794282906233
1.0026215341783395
1.1222100311848686
1.5162451023655652
1.1323453623416284
0.9975668473448479
1.061101272739932
1.61995931186897
1.0263213020622588
1.001479280777836
1.1271092919518666
1.007747936802937
1.1985569480734184
1.074384950175445
1.080523717121709
1.0078633025766564
1.1052157566276621
1.0839842751250184
1.0199898122233644
1.3980554800212075
0.9964975147560402
1.0811597470559757
1.118256323708641
1.0195010164863927
1.0553733596658958
1.1606869054933517
1.0188474517819728
1.986769825719938
1.1455226543205668
1.0289545002837337
1.1013649820041915
1.250568151070083
1.1913475733780052
1.1227875150664315
1.1933921154457245
1.0002316712165524
1.0881945262788582
1.1664214658095076
1.0573690135525986
1.0251142766702173
3.4815667854676917
1.1599436284600162
1.0145703437154387
1.4203701179583899
1.0233095319144303
1.2240759577110922
1.0277253778166249
1.3325844061399696
1.0244216445017378
1.0552441470532758
1.0858420377293752
1.013527154810161
1.1253517211591524
1.145376954621819
1.095090611332042
1.0343240316310565
1.0349543139677417
1.0401558507446143
1.0343444226635963
1.0522875151725184
1.035887996114564
1.1728133018912548
0.9503291137559758
1.0546226255144713
1.0522375942616458
1.0459605625086659
1.0726753852539967
1.187640581156409
1.137321164643136
1.0567035190160168
1.019303366842019
1.1098770168312222
2.873899496866133
1.2248769212521704
1.151921393846893
0.99040199567527
1.0501754129340282
1.025371445014771
0.9931262605083129
1.0440113608364718
1.0666792059136474
0.997219402988525
1.022499800126216
1.068385473311381
1.5673403776083674
1.1630781778573889
0.9774825053845284
1.2143041398679542
1.0559651100327505
1.0204436426529313
1.0956005384880003
1.0543377187941232
1.051341353649759
1.0305413886108774
1.0942766226451601
1.0328748535461239
0.9975075471231406
1.1676506030585894
1.109183978135926
1.1791875897942263
1.0255344462279858
1.0974399416232865
1.7464384374401818
1.0488647901369457
1.1118482023474952
1.1020312332434836
1.0687178925561032
1.0831218800809967
1.031476609194905
1.1090191949441555
1.158486571165517
1.2758837358503086
1.178058756337577
1.0724689285921984
1.000571133171191
1.110654989944701
1.021036693324366
1.0216335924831668
1.245813232002541
1.0739912761284107
1.1673697839824517
1.0746684477970145
1.0439567835584909
0.996305105342266
1.001360282472119
1.0038190262241167
1.293648891455922
1.908621517238452
1.1622267729607307
1.0015230116942875
1.1535350690401605
1.334491877767757
0.9745759393981214
0.9929664164805496
1.1894785134229322
1.0841243917343582
1.2659354737427433
1.076283696058853
1.0474293727650048
1.0027240824047223
1.2419341759193743
1.136940218251206
1.0050636393451668
1.0230944085411782
0.9753553644527189
1.0205443703192467
1.1359924172010465
1.115642307505815
1.0123857426440424
1.0171163394990423
1.0297266914316423
2.053473285329715
1.0016915728741638
0.9845281267054291
1.020417749826341
1.1592490620923823
1.0072829451930274
1.0912994491307824
1.1267608878586421
1.2166300790237032
0.9937698753782174
1.2139463474869603
1.0003460925309602
1.0174516293360658
1.4520496566221035
1.0755537404998163
1.4891405711354377
0.9816474826444376
1.4295807885641945
1.0753516368211073
1.0536367695998838
1.0268693659592931
1.0184558741148788
1.0153316807286275
1.2983038860369138
1.0705508927751968
1.0501923131926696
0.9907315828088665
1.012294822515089
1.070825527277356
1.1321035165224964
1.0400262640940112
1.0241770897195093
1.5542751916103659
1.1090709949386475
1.0308067657131423
1.173463752666006
1.1230310636675154
1.3075119129634103
0.978188253367384
1.0156118389658442
1.1248692716003768
1.283449317739765
1.1301462476249144
1.1359748068337205
1.0542522889866164
1.146822630368505
0.9963733738767857
1.0334570111911583
1.231702426795397
0.994317425140632
1.166646687838409
0.9772017530115441
1.2495687817790024
1.113240950212667
1.0850873920649557
1.12395712584547
1.4686158051180775
1.0987194249013217
1.2296296300931564
1.3510251835508416
1.0295011728117658
1.2399897766687393
1.3743638174199075
1.1269121190398523
1.2904577431039266
0.9992497587510142
0.9821946022435618
1.014883846289121
1.0867062757266628
2.4305988924388573
1.2038992068341385
1.079294403031842
0.9886428634165993
1.300440156630493
1.0760461332566549
1.0767050110810201
1.051942475194987
1.0144523382977002
1.2018230019665028
1.0332856961445112
1.0035826126969727
1.134736385780925
1.0468077146055133
1.0466303480933565
1.0261305777230563
1.065321506604243
1.046204804804912
1.2603145632809094
1.0665421655996896
1.0897424392004216
1.0275216696103375
1.1185186114963448
1.5071939735484596
1.0662514249591062
1.0651671544690187
1.1944841957984313
1.008037678008096
1.12238662677766
1.0777472407190258
1.0428168478161306
1.1004205548132489
0.9972453559083465
1.3612968678439537
1.0740923212636235
1.0763133985444884
1.1074282195948597
1.285857547496221
0.9901322487227215
1.1639192512322594
0.988584240762426
0.9917229908282893
1.068227856002444
1.0850467484617232
1.0714800224904375
1.2646424255876438
1.0753510480485513
1.262782745699612
1.0400076084262235
0.9873357020208857
1.1828163632347635
1.0472046355092424
1.1308350948638948
1.1946398443434472
1.0576472550651093
1.0990041376551472
0.9938146783976418
1.1062608919306494
1.119015055015249
1.002997725947448
0.9739365441504377
1.0595344902525725
1.0461610642468324
0.9855823044756743
1.094108213924643
1.046946968372528
1.0378562110241591
1.140510234989063
1.482328611636189
1.1028661164241285
0.9813239519538899
0.9898096368196072
1.0236540167302943
1.044898249449669
1.0053184320760573
1.1269484971806452
1.2708053927927512
1.8372101923465984
1.0125189011873836
0.9649806587971776
1.032160482294001
1.019691330081155
1.1313660798301028
1.1236197968721215
1.0763271467890123
0.9786357948510851
0.9722972573258378
1.0546991574220468
1.3951644268435537
1.1076928347274972
1.0612814641043404
0.9503291137559758
1.1036754662790014
1.1125243971314882
1.1779507681612074
1.100530664656992
1.3205558135680175
0.9846059792427353
1.6856957399108154
1.0414421710176522
1.1321694331952887
0.9868721314402855
1.132972838209419
1.0506904369286636
1.0750785960213132
1.002627054311858
1.0769470189922346
1.019794935123814
1.2039537330340189
1.2208244026093045
1.0192202204596836
1.031999541346464
0.9727166422099527
0.9935883872916715
1.0759870353934324
1.1210304406282838
1.0676764596481179
1.1303683103122852
1.0343956073596265
1.360334736283442
1.2550524751654444
1.011679359279419
1.0856101230071156
1.2527099872296084
1.263202647276196
1.080516274108072
1.327812270670251
1.0885366619844263
1.1861247260698355
1.4276928623500063
1.2253861041050214
1.153701119687745
1.0726352568571835
1.0737131109741676
1.0966018066456045
1.8405299134633786
1.039941617837427
0.9993615637716273
1.4515948349038745
1.0049162450356612
0.9938692583994516
1.1613949406765607
1.0452932993700443
1.0802460528532056
1.060973080408922
0.9709693333184924
0.9710536026737937
1.0230874436970763
1.035473089136508
1.1744769538963955
1.5417280478562112
1.0294327461294284
1.7411038325322619
1.113884977009239
0.9917485806000027
1.199030429224113
1.3563647933232144
1.1211965766083134
1.121392183388176
1.0517525661506208
1.1047516939290272
1.0733850733980446
1.1109300796543078
1.182463652862419
1.0761114735749762
1.0821735515597335
0.99021524019845
1.288848484854277
1.021513503289564
1.0731142249515693
1.0766235409019285
1.0412609143960798
1.024613102870402
1.00605711692331
1.0407038550960503
1.0399229059555628
1.039989646349093
1.0195143131824553
0.9957023752531098
1.130420608737382
0.9903325451153446
1.0194142355979958
1.4689266307349924
1.2538653177304595
1.0485893830999062
1.046311594506156
0.9922209219162724
1.0908431029971581
0.9893178707754158
0.9930473144111518
1.0482155126497026
1.0343614126254703
0.9978790904217428
1.0154313062073934
1.0660036082824127
1.132737608397215
1.0196913190695531
1.0843129674818548
1.0669710366956875
1.005127703016062
1.039889428103177
1.2865819411821202
1.0983558541978702
1.135459980930189
1.226627117189213
0.9871747610960607
1.2625702805880485
1.354647166438597
1.2207820628246278
1.4456918235423204
1.0576472550651093
1.0576472550651093
1.005664326394326
1.1331676110193367
1.0768140672691078
1.0854474327027988
1.0653634038112476
1.0288902623580294
1.12801896458125
0.9901727120281117
1.0413772609287661
1.0974524862906132
1.6168766270158756
1.4864421591333223
1.0673950194512278
0.9859874202062796
1.0883717904797636
1.0724588288837862
1.0696039159843531
1.0306165604481619
1.1220357873536924
1.1810755283113505
1.1722478113023032
1.0000462105264893
1.1399171815070077
1.2594559208350726
0.9883090711188656
1.2094302552803875
1.6771668590474929
1.0320319972692453
1.0270653855573715
1.1414413677254445
1.1033342893193363
1.2190166263677598
1.5697468198605486
1.0196299186920155
1.033915854038338
1.2467278611016104
1.2275481693006967
0.9956468476507079
1.0469261935942844
1.248056812270491
1.5034680080681206
1.2903937384373534
1.1109313031237988
1.0691836362863156
1.166283011260461
1.0266500853884906
1.1543291470489947
1.2022036638286737
1.2482762694041958
1.0689009785328298
1.2203832707874955
1.1810173686273688
1.0650131404863203
1.0837489765271993
1.0498905033151629
1.3250151241933865
1.2858112283404057
1.0705137459419114
1.1703678442852457
1.1036150707172179
1.1654726268517397
1.1732453837911927
0.9876683812425519
1.0089374655278744
1.182488806982066
1.6922653348536492
1.4043615636585427
1.0827819390496125
1.020881229273204
1.0099283093947384
1.1898377411943557
1.0862929912732873
1.285762636845129
0.9860355313752709
0.9617731610339053
1.1782327967437853
1.0886294346658403
1.045462175910665
1.0209731879917716
1.3502179307570388
1.1472196620748005
0.9962505615457692
1.1921202872137786
1.1061215647839873
1.0578697356821618
1.4034406143344351
0.9589732380422842
0.9808659077185592
1.2198050606050335
1.0065811391100783
1.0425242987390295
1.00309808775601
1.048168963416653
1.0729849576613057
1.0012021344144402
0.9954205124389018
1.049840250302387
1.250394836536583
1.5638954090771753
1.3862473399911157
1.4659573702620254
1.0441672938591144
1.3285171941758345
1.1037392423985053
1.018449718938801
1.0349416471942297
1.1440888684654977
1.0716546098601687
1.0310095627028202
0.9827195808101734
1.0107825373865071
1.1199709040770087
1.0038822367395706
1.2246234604006827
1.400112291873508
1.0048211451217228
1.165775207382317
1.3096632599099265
1.0035918624872533
1.0317948502983758
1.0212038399593788
1.223757031100265
0.9684336098418299
1.002028729878703
1.1278464408279234
1.0715513502584773
1.006279884707088
1.3466012656829602
1.2394101330926985
1.0377632315799357
1.0140108620513153
1.4012650470206862
1.0464109005422493
1.0563678017242195
1.4223580580690018
1.0293391722486653
1.249821186391174
0.982858082159168
1.3647093736756484
1.0873434071514645
0.998300864145888
1.0302919684507557
1.0259547393529662
1.0460852302918888
1.1992847751418194
2.662798417353172
2.1464533320885644
1.0205335849755115
1.1504222877864019
1.0340976886719602
1.0336962985730316
1.2004968440705628
1.2701391992132343
0.9960714746333457
1.001443829971023
1.1393786461532442
1.052062362989107
1.0357564507528894
1.0409457703498537
1.0317983424665795
0.9701098633237774
1.0168579218791456
1.046956655638652
1.1387979124749719
1.1999593971047717
1.2505589426271608
1.5544872660039573
1.088912493122604
1.3034232789603766
1.1837855653480611
1.081843936763263
1.1805947009674165
1.036704976706904
1.0263001222251364
1.0284785167748267
1.2710688079821009
1.2706699419638068
2.0002340277847805
1.1668927815822805
1.059419453694886
1.6745600874628532
0.9976707838671519
1.025849060053742
1.0293218221256437
1.0086218290056441
1.2983806606801291
0.9811801073756442
1.1147140791467385
0.9811377539876391
1.0211289557441874
1.159447676630828
1.0160910511486734
1.1110549162640972
1.029132464824897
1.1771759507268535
1.1607280231394106
0.9963042376246871
1.1230193713336807
1.123209315500923
1.1318151605169093
1.0267892351626038
1.0683352822041552
1.4468260600874454
1.0645851543129494
1.38325873056568
0.9798055549070804
1.0767132189705912
1.0270360091494832
1.1150963139838483
1.050500081786588
1.096491987030621
1.0504149235544715
1.01342018158517
1.1924704391260519
1.1120218741098438
1.1075111645133613
1.0337260100372547
1.1339778131984903
1.3025048020492396
1.1495494554516246
0.9786689934563146
0.9768332201739826
1.0524351386828346
0.9971120841869701
1.105357125763382
1.0687911354690112
1.1112274527644657
1.158625351534838
1.1449046557769262
1.0785038640544329
1.0999947096617126
1.111879953746422
0.9894490637520537
1.0378037226853447
1.0109337758223138
1.0508571954074466
1.109804322916508
1.0799354560713277
1.2462818364754416
1.0586976106046315
0.998428292610661
0.9781335569034514
1.0239951547062554
1.2210200730965357
1.0351606402908078
1.0836285807205905
1.018814809344209
0.9552825563276397
1.4324545948939476
1.3092488041068697
1.0511380262859313
1.1338918288273754
1.1976782400383594
1.1234171816244767
1.1425762840520917
1.1151213748914386
1.0220448295757967
0.9985667561696827
1.0144178059379119
1.7356923372797914
1.0326763487804786
1.100029306286166
0.9945242864688358
1.194421515691382
1.101603354429273
1.3371052217689556
1.2772048326384324
1.2468498717547019
1.0511291040204886
0.9917799305758292
0.9905958718537258
1.2490890407236415
0.987389736470664
1.0214130142867928
1.3111725982889038
1.0447159774841102
1.0013828262422875
1.164459227016382
1.006680338044683
1.2040338682152885
0.9831067885687472
1.066145226808875
1.34494168322091
1.0563093430504478
1.0666514800551592
1.0591554335520232
1.171298381801631
1.3456956881503983
1.1597905874824845
1.0800007179911448
0.9974565498800118
1.0719472082924901
1.388810636851685
1.0275084830196506
1.1750934768999757
1.0264652134478462
1.8759960451386752
0.9970737057904498
0.9974247194738558
1.0010988978892734
1.146402998511865
1.0262955453442253
0.9764788069727475
1.4088093005048543
1.051291854521909
1.1290254166681704
1.2767771646003714
1.0225003253477143
1.1155408392428425
1.2088675707166678
0.9850439961769034
1.002376242663653
1.1857887849721267
1.0959845611012393
1.1173974989894584
1.3124625797325147
1.0757710960162976
1.0562472662694506
0.9772359300457947
1.0290388631948748
1.0085676362226847
1.1144775853600108
1.0508750794401789
1.0213154030831795
1.1629535285652228
1.5416347062240745
1.2676126020257779
1.1341971867224152
1.0164027272150373
1.1822512383352803
1.0013123632340204
2.0602137474953697
1.1432508485678294
1.279092427065262
1.0119297944937868
1.1622043047348456
1.0455088651157853
1.1926055881846722
1.0643727407700063
1.0627196673184391
1.033299073605047
1.1828126360503781
1.0389202425640083
1.0424170590225614
1.0498471691138116
1.0008221681794292
1.0176882725682996
1.372687902946178
1.2124712540570435
1.0033300796687894
1.0850327476488675
0.9866193140153661
1.0662032439777926
1.017856490761279
1.209119413239692
1.099025105981948
0.996337774938908
1.332132059168878
1.1691164566110934
1.1053323825944734
1.1555668780875146
1.3710484078571719
1.3106118253651498
1.6032960726419208
1.2124920635014007
1.1836134437956867
1.0164358980238206
1.1260274958691432
1.0653597565494828
1.060662788111415
1.0624281309611419
1.0782566229928339
1.3784924682698547
1.1512868091999047
1.0751446300302987
1.1380787757675628
1.1180847587334826
1.1401349974274837
1.2197981997727518
1.04386256466522
1.2254889656789005
1.1805190211079806
1.1096839893501431
1.350920635145362
1.0655189541535919
1.1399318201552273
1.0854740212748333
1.0410095528839325
0.9984433747148733
1.09734141842989
1.0270432371852725
1.158945029734999
1.0907585713018704
0.9884466636039239
1.065607887357963
1.2080762169977093
1.374552098716692
0.9933576652561932
1.0038850667129304
1.067263773505402
1.444551404148716
1.2162024085270033
1.0702805109166431
1.3090802603370582
1.557299729348626
1.0413205267847867
0.9953723083749288
1.0097757517442927
0.99663365621923
1.2380324034034471
1.265690746619423
1.1587510164202723
1.5220075789509835
1.0159585179765056
1.1866343255597283
1.0864840726871299
1.0687606669286087
1.363132251563006
0.9918576519112197
1.0091686305830379
0.9867383809005872
0.9914615489287156
1.372633762595989
1.057700957514367
1.3187114800124404
1.0878204545391228
1.136024499570251
1.0121587444942037
1.0750234141325083
1.056502934763025
1.0724935601472612
1.4054088354965282
1.1622822819067493
1.3049403137636357
1.288118088232277
2.0671513768232463
1.0822941873035694
1.0629833870706997
1.040677760174168
1.0593172576281762
1.2454503774405397
1.0151127723472277
1.020701398795591
1.1778949235523537
0.9834028508779277
1.0232206895798959
1.0754150303553247
0.9986612084200382
1.0268542355525692
1.3399252699268251
1.0667231653784832
1.0179767527430308
1.2488835990914604
1.02034532722121
1.1545832044296902
1.1512080310990267
1.1603488250604816
1.0119297944937868
1.0737831220593081
1.096861326055555
0.986199647193752
1.5258758668937702
1.245420722633803
1.0322566659486119
1.1890302448939807
1.412367652289764
1.032885521886018
1.0514461322496564
1.0642074748320494
1.0270022259244274
1.200541171855956
1.1495845768299318
1.0230580640050375
2.268737134274474
1.1722449292246766
1.0098903071520258
1.1978438273550287
1.2145316744301622
1.0213286175538099
1.0043109205241605
1.0384088214155427
1.093563875059389
1.0016068251138148
1.142338899352437
1.073295326823946
1.222618629471914
1.174010290042863
1.0509555667696318
1.1290094565085522
0.9921563502771816
1.2591060065863169
1.0594989615776333
1.1904260396654838
1.03439014015188
1.0935527136722976
1.3551747718510039
1.055311139726392
1.0104180748766798
0.998802287545646
1.3973531962103054
1.3717193023876146
1.2526631454146508
1.0695661670419283
1.0315836389880888
1.0243605022392495
1.067689703620058
1.0257098611401942
1.0621335966115986
0.9959377538756083
1.0422853340328322
1.0944569587862696
0.9987133933271096
1.2522093605897846
1.0435203050245783
1.18964147218139
2.6041204863729606
1.3013516835421888
1.093687739686209
1.0766231360706269
1.0889797814455593
1.144006227588208
1.1729807573228788
1.0768384286170067
1.0301395500204387
1.3252321887118153
1.0242607216304436
0.9665208729666717
1.155173059139121
1.0083584215701944
1.0907109596851625
1.5191145049300387
1.3544209514143741
1.1253370906842737
1.3661100627789118
1.1208557198435145
1.2459818705710919
1.003626316996258
1.0241106051282016
1.0569210770219772
1.1164487640744598
1.0457901929197957
1.2767085444254884
1.0289226991670986
1.1648227420085109
1.032389953067627
1.0537222769227428
1.023897670109497
1.1124387209024862
1.1556442349829406
1.1075809374271435
1.0011219563392608
1.0879631576862472
1.2343261679941513
1.0069575759988965
1.0141563663156534
1.0697013094495147
2.206867405808709
1.0055175626401849
1.1687579549865117
1.868541995051438
1.22640517748021
0.9979152063607541
1.3583043274084088
1.262544602263212
1.0199979324365516
1.2590819509451778
1.1865259126319758
1.1228966905103734
1.0476486745226876
1.0314979019393409
1.0753339012775818
1.0784282523650224
1.0041743127586307
1.1989366421410392
1.0508180658463535
1.1542300874628084
1.391966578523695
0.9755159401192308
1.1348271203894398
1.0577062013565555
0.9998188224343336
1.0161531876262235
1.05322085217347
1.1530806263995366
1.6253458340790456
1.1065760428984601
1.0161299712403273
1.4024427658251795
0.9997346940303748
1.1723129089103381
1.0694832529383207
1.0934938084554435
1.2536129807862726
1.2020374037436805
1.0029633771238384
2.1490950910728293
1.042104622901022
1.0998208207519182
1.1826863353990509
1.0862929912732873
0.9771381378454009
1.0771477484291436
1.3153271567469291
1.3804640723614043
1.1581465042373407
1.082817422858706
1.0572057457297208
1.0784024163095007
1.0149685782166191
1.1569917113109196
1.0230425661158624
1.1480592630728386
0.9943420816792805
1.0471799915892885
0.9888889573293056
1.0848413815511235
0.9792054278466533
1.0576472550651093
1.1266232415414026
1.1056173177561077
1.6702341809075065
1.0476261659229578
1.3313105495624302
0.9786565893938521
1.0296612313953626
0.9697170478429671
1.106573720897292
1.1504323909455576
1.3279768323648462
1.0587185269627817
1.2566401310888125
1.613081112654233
1.1670645029088906
1.322830163526835
1.0122846579049063
1.2958363673094164
1.0585548573722579
1.016008634852056
1.447270460543905
1.0389333541687693
1.095266483298382
1.062669641652888
1.15790447651585
1.0116015713349502
1.1764082195327101
0.9861345377549778
1.6020144518941482
1.1233382216951695
1.0438161995782937
1.0770513436751177
1.1272885752714537
1.4166969984315303
1.8474242727533376
1.0376845544841626
1.0150190869263065
0.9552825563276397
0.9980173450130639
1.1284339705360822
1.4754671042059693
1.1172626057591928
1.0444329508113153
1.0200766777878136
1.022763537449128
1.1286435197575249
1.1519822709694698
1.0307850349968397
1.2984190688160462
1.0563378234316674
1.0463471483275977
1.0623444080093096
1.0108853397811033
1.0125210201423298
1.115053043964215
1.1320393264382234
1.062886143949075
1.046267342982113
0.9981561417656337
1.335465617518392
1.0806083894606051
1.025295526697986
1.0491139249932007
1.1567346930493818
1.2923503294830543
1.2491256204186982
1.1083314724394429
1.0014431669971176
1.1367820247560503
1.1065963396105107
1.33937035473553
1.0028095206969052
1.0664458671334733
1.291530692020642
1.0742374396757146
1.084387059941847
0.9957189638011255
1.091007354425715
1.0195703200833903
1.265801948590286
1.1313007835266249
1.0412723004806435
1.0727193303022835
1.079202743512877
1.0116501886779103
1.0175087096029256
1.0896256247458342
1.114088783656924
1.248843753092109
1.1445215619421565
1.168212060656713
1.037290293077145
0.9701966416151449
1.1165936617574865
1.1978822511522529
1.1267017323784023
1.0755236910936437
0.983763330688076
1.0782149346531142
1.1133856765694983
1.3988291443372445
1.051690529154897
1.0610040288370066
1.3005382659917186
1.289208852066548
1.060404528419258
1.0839017239072035
1.0663823809914779
1.1206673767129722
1.0967710648678048
1.0030340853324389
1.2130758672443975
1.0025846216261591
1.0067893839371223
1.0802791071537645
1.003377916131815
1.0256965287856914
1.3444331089518995
1.0540902339238247
1.0127543722607713
1.1342319746521667
0.9753553644527189
1.0241386931269671
0.9915617612956009
1.2758346591333203
1.0013743758260087
1.15225513328066
1.3483435901354643
1.57858102725181
1.0453638705249675
1.1333888743614058
1.1012660238733167
1.1362883473889098
1.062366277781936
1.0584903929289105
1.0714464341849037
1.1679069231631793
1.0213501269314427
1.3937144063923386
1.0034123470052405
0.9552825563276397
0.9795621258974595
0.9631786030144583
0.9808659077185592
1.176058109933353
1.1112118354395732
1.1551795215813232
1.4731006717670765
1.1445681077909566
2.5810701504180154
1.1887996258597444
1.3656809342870448
1.050751562215631
1.0754126076315589
1.032834493109016
1.1009134831309058
1.1340648293612832
1.8479832090022903
1.0347765457190907
1.1297341901423017
1.3983596756582581
1.205152023894845
1.1909015445433937
1.0796616141639706
1.0069457324981383
1.0612603715862172
1.2384731010201855
1.0356839238521023
1.053877097329586
1.1152926512417736
1.0938795298082535
1.378594606195385
0.9912467341972062
2.8361637450212225
1.0599135056001363
1.023118178232684
0.9917593915984082
1.0287144731653048
1.0736090071483582
1.483004103188946
0.9871213522401394
1.059635185560756
1.0421987044351653
1.0617117221710317
1.0243747415764253
1.0686717954313312
1.0352361700238144
1.093417880467808
1.0921216671821767
1.0055331034804447
1.0958020987798964
1.5130564608985124
1.07396851085951
1.361704048777958
2.6474141619248464
1.0018545071365144
1.0900503599368694
1.0851997779000975
1.096521488108403
1.0111342844994349
1.1615039031724166
1.044265132556407
1.1769322359098113
1.022740686310734
1.3600736950293761
1.193139946774181
1.333678335697852
1.1034794949008029
1.0854259023822288
1.008389929545448
0.965392152453316
1.3161890430633145
1.412976655281018
1.0576472550651093
1.4161098797881169
1.1758755182682132
1.0088312028446544
1.1996293028727332
1.0550385671095543
1.0491866714780467
1.1133033201028264
1.0186181486407069
1.119908286231971
1.0128106393179266
1.4655830612781813
1.2677312641170375
1.2226689329690834
1.0181594124898214
1.252389389765038
1.0639123055752016
0.9985561712875961
1.0115505121960076
1.277392721091362
1.2396508710202696
2.316046300945275
1.517711048850475
0.9912245137554864
1.0368068399635804
1.0099822438507833
1.1186267218893278
1.0964272732950522
1.0844776280263926
1.009380628802114
1.1443128277847499
0.9881571176170268
1.0514780892135724
1.1594514183621716
1.2075424447454246
1.061594559405966
1.0837589033024633
0.9883065179271503
1.0030901088729418
1.2306769466488554
0.9697170478429669
0.984750424461204
1.0782332147765024
1.1047227535718585
1.160964153385238
1.0873532806963326
0.9821857516023884
1.0209599371457423
1.0394450293883284
1.043973691002393
1.0372851304169086
1.0656056424777198
0.9686783322314261
1.073658665510659
0.9727166422099527
0.9808659077185592
1.1854510197478165
1.169172179235932
1.0229562194465478
1.2257669402808544
1.0333242080488854
1.0843234031014755
1.0938035214696478
1.401797060183778
1.6889572330452172
1.475605145788989
1.128160496771834
1.1231187690180717
1.0689280574881852
1.8579155892427728
0.9973159730082722
1.0440674544210222
1.1600660237907736
1.0945875935942277
1.062282387015527
1.0096243701982384
0.9871045030623804
1.0659834170745728
1.819373550839537
1.0027856647047526
1.2494689728214308
1.00367363336713
1.0602751366507184
1.1626129433576922
1.132147183430737
1.101182287920183
1.4270061984998734
1.192428829973299
1.0572770247011036
1.3156716955309524
1.1606227843140173
1.1806328499282102
1.2176954093446541
1.077625231422222
1.3693485383862545
1.0655879259649381
0.9911758196474253
0.9969137349370648
1.2128772362643998
1.0790372314282153
1.042028316028292
1.130464826652208
1.114887643974977
1.1263960119670826
1.037124385693509
1.1690922214129038
1.0713447994548544
1.0384651228355597
1.0153828124716646
1.2362119611659048
1.006327014711594
1.0094885669320375
1.0162004238151328
0.9503291137559758
1.0030901088729418
0.9552825563276397
0.9933706082889502
0.9877625173188301
1.1684847376097545
1.0614298249384326
2.3429980921958116
1.0285322284796838
0.9503291137559758
1.022654463070586
1.168351704612436
1.2016661480395967
1.21860219644985
1.0098479009771109
1.3965204636296937
0.9901898209597488
1.1440122198886202
1.1842732614141842
1.0488228460271745
1.0828112339416538
1.370666675442339
1.1620166768120703
1.1354424153065596
1.295503457545856
1.0289384503741128
1.0860675892461753
1.052228852609384
1.0189926564362972
1.0685168397329208
1.0581512977544913
1.2652376007292836
1.1395863058436924
1.0167152112381432
0.9999655108539136
1.0359665077318287
1.157389144445569
0.9921201995789899
1.140904496459072
1.0051855797272329
0.9820734994289699
1.007139722857479
1.1142661847860669
0.9783326100153177
1.1810092264536272
1.120364004062338
1.3687280308979242
1.2036893053641073
2.4539028427183758
1.6762496433256076
1.2597811990056664
1.0698904434020116
1.1142906549941372
1.0836683695074745
1.027772951499211
1.0576173904446529
1.001712737551416
0.9903428838416213
1.3282394145910998
1.0088447070387008
0.9850398400383368
1.0332549446702126
1.2214754426485297
1.0853653225436979
1.0736266758469681
1.0346683618858135
1.0055508195491498
1.0148181247691803
1.1731596255139736
1.3671479077211162
1.1552841727088474
0.9814630564238905
1.0336785420077528
1.0444830942617558
1.3156567859726322
1.086444695301961
1.030093537915948
1.1177345548933115
1.0819210970124316
0.9997525587178764
1.0517268817065124
1.1086701582644471
0.9799404933865228
0.9780703831781119
1.0780489588985591
1.1385547334322992
1.067168890817554
1.4114733725425634
1.1573550664149923
1.0317085320053496
1.1702414490696487
1.0145182076872754
1.2057193203358838
1.1233906840313808
2.1178435235938764
1.0421373313971032
1.0162375917663022
1.0375007752137384
1.0297078775509234
0.9877777119112674
1.0592578495963585
1.0295230274299314
0.9952727074694507
0.9729865687813499
1.0158844237734803
0.9962520132092483
1.1174200876749054
1.0223972458106738
1.0701107241626509
1.0066984688760925
1.170054340960861
1.1729104981399288
1.3171835792379571
0.9897417853036586
1.0692228609074208
1.0549045890258655
1.0420252779572452
1.0128804355940693
1.14734297146257
1.110620076758415
1.125341473385744
1.1523300060795652
1.0181748895490885
1.0222713166646156
1.0940849579605862
1.1679556276774914
1.1309356004499644
1.2414972905117654
1.0803370450830445
1.4536466281268934
1.315643585485166
1.0223447367043104
1.061886069308815
1.0633518213861815
0.9833081207882144
1.0350360062116217
1.3839422963162775
1.0477918726535655
1.2413092345686567
1.1230019946129715
1.4592692755689918
1.0123735449598488
1.121453371911753
1.124123936390705
1.0567199485804486
1.0038183021472147
0.99410809924575
1.0139957911555992
1.051879268004599
1.088121296881459
1.0839048466492878
1.366703119623431
0.9979247683249428
0.9792632134056609
1.0800026576097408
1.2098674674586964
1.2043859012281757
1.2230940663831824
0.9727166422099527
0.9727166422099527
1.176681590916665
0.9860355313752709
1.0386553358590804
1.00895537962935
1.2990381416894015
0.9854182931539726
1.058142116572698
1.3280622382371519
1.181521127902586
0.9982975737021306
1.2560875555207847
1.024864051015271
1.240265434412779
1.1275510251780951
1.0029536086954525
1.034820152433181
1.0576790583647413
1.1316233963662412
1.0011401368163058
1.2575404653178204
2.1358306001735605
1.318243062177038
1.3033748969104282
0.9825069060043511
1.333282988074945
1.0374116172672607
1.0843541296693493
1.0405262733356215
1.0408218421496538
1.0192184585173742
1.1356863722021124
1.0322922378098967
1.0240552448083124
1.0721976926928107
1.0787116877846583
1.062905362566616
1.0776147297826648
1.3677623022552652
1.0275109236534514
1.1245944952304148
0.9782307860615858
1.3584810840523802
1.0147095137970006
1.1145434851271054
1.2100345463456015
1.0645201449267174
1.2006269402151986
1.0750671065683677
1.1930570524108701
0.9981259434930836
1.0105503145118315
1.0971258394384114
1.6020399590566927
1.0517135284777406
1.044316511084018
1.010026093624106
1.0780340878818204
1.0420234812355278
1.1441488781963813
1.00786320543661
1.214139211392251
1.1632644939420522
1.4102571923701945
1.0149463255765137
1.0329365424629724
1.09705065828736
2.471281460789583
0.9977542361260742
1.0571675250259747
1.0254272267763174
0.9884829542981703
1.354503863682992
0.9856233744901713
0.9808659077185592
0.9843508474020704
0.9996768886722371
1.05692924868414
1.0794312991085844
1.5661962433129222
1.6271509108756477
1.2028433554427713
1.435698623852365
1.0825092918446846
1.335798288487141
1.1298805354262451
1.1157298178464508
1.193943232737621
1.0877081923302696
1.032919623178418
1.0051923873485884
1.0100106576880037
2.048974912914391
0.9737225450142055
1.2521243542524814
1.0508180658463535
1.0098728054789357
1.122860234293232
2.225002046153976
1.1154034302165194
1.17138066024412
1.3977399175534866
1.0888708383268837
1.0132016933491945
1.0246552757003413
1.0570245807667473
1.1699266414707634
0.9996768886722371
1.1484966458165915
1.0487388982844537
0.9936484679371121
1.1074067589405048
1.2035861395180387
0.9928913711790891
1.1933346868523194
1.1635948667089708
0.9901542831428903
1.1013298422589624
1.0044570510360908
0.9984489239813946
1.2192955348025665
1.319781070734578
1.0825283467346636
1.4020577066427777
1.121646699262395
1.4758321083953303
1.125569981128179
1.0207679909538896
1.0042589913963718
1.2470276390621537
1.0364337106589026
0.9803406174933833
1.1345419426718955
1.309934409313734
1.1876288611502601
1.053804464816036
1.1190477284316063
1.353373891747823
0.993932564786616
1.0086507213783784
1.0178732513373143
1.071415190720078
1.0477159485946563
0.9864747620285721
1.1150718991387634
1.0000462105264893
1.009438302906567
0.9996768886722371
1.19446568502334
1.0244303479587313
1.2643057537681286
1.0875466182745792
1.2215760531451778
1.179680799352467
1.0608363594428947
1.096480765254608
1.0181716917803998
1.190810025896299
1.0995495756910307
1.0101872902474316
1.0279816494346585
1.0975608768043075
0.9841093303412842
1.0225972402348915
0.9927290157998783
1.1778326053862325
1.0240257193652629
1.2060880782601666
1.1605246207942652
1.0177780776009695
1.0968588945109257
1.189196573469651
1.0604238505973709
1.1682085725829499
1.0716537103391006
1.0205382734314354
1.0498085671359338
1.0018706273366003
1.1198372447491738
1.2399993199526091
1.0405016940569944
1.0078178875320278
1.0237229206364744
1.0250717774560718
1.198602665509576
1.4119227454380072
1.0152593588270444
1.0378368613746365
0.993303567645809
1.0945669953999084
1.3937399527600727
1.4002316460485826
1.0461498785136132
1.0581120609570405
1.1262881351603586
1.1981519843243567
1.1033577847550293
1.0243747415764253
1.289626552919699
1.0358272300353584
1.026413386410331
1.050824269216848
1.0216987647814622
1.0382580658983804
1.024145195073763
1.0736739632648782
1.3218921012224218
1.1010819301213979
1.0632547804956751
0.9790172595334088
1.033206172545509
1.0920915902888733
1.2295053844951893
1.0997983910461202
1.0045552503841508
1.002912198406215
1.024743753855892
1.0040538619776516
1.0101228018412147
1.0847783788036804
1.2041615769736291
1.0377809428664175
1.0149248971415503
1.0169478535357583
1.1450962324981064
0.9877625173188301
1.039172959090325
1.3843021723452094
1.5128231500416929
1.0671593800846684
1.0614255298073254
1.3648742405688563
1.6952577476372697
1.0094258354628065
1.1743404780904398
1.0838761188593888
1.2098949312574252
1.1391553171874635
1.1786577536574814
1.1993108719083245
1.3284545445691496
1.1472998136650046
1.0845005959208394
1.399728018997773
1.3574251729051154
1.1009809382536069
1.3371716021147524
1.1936318725530353
1.3270511384007482
1.077374689052014
1.126642600115009
1.0630335663754686
1.0364497579533514
0.9991731507385145
1.255553056234883
1.085703232980704
1.2554875580016942
1.0050208768375704
1.119722461024499
1.130266672310192
1.4545860904201637
1.0585077304353638
1.183501882109358
1.0187479565745947
1.0432957399305116
1.3714690985599405
1.0259057824976812
1.0164294007614743
1.0183861124361469
1.0439963342785645
1.0466209438963288
1.0572314188090752
1.0313314888798626
1.1934791740009634
1.0069759354956715
1.1605723625002506
1.0876843269233127
0.9741385230929117
0.9978268370430188
1.0909339970901826
1.122991274293439
1.051447807035998
1.0103929422985307
1.7936591060919729
1.0201064274672695
1.428113990863704
1.2342380808886424
1.0262739058461077
1.3214045100603347
1.2455880100075583
1.0092601484559527
1.0403617854452591
1.0372069782872644
1.1730046226453392
1.0524654570198944
1.1418122229527894
1.030454140618987
1.002168326063023
1.1072178310913443
1.010779522248663
1.1421908146916215
0.9759702591396261
1.0158452614926328
1.0229237919721919
1.0191877988827653
1.1993822694012397
1.0368748376824226
1.0155755914428768
1.1602020518850245
1.144845696749333
1.1962483460326498
1.6313497590334518
1.7021123505308684
1.5988477402885095
1.270433821756699
1.1911725833722644
1.0994048240523286
1.0330166260640046
1.0401967612578946
1.068415851775718
1.057141638748993
1.0229637147001036
1.0720493495976693
1.0583186725404565
1.0236311766373194
1.0216099263338103
0.9805995777814245
1.1321535163631304
1.103724736885966
1.010797838789772
1.014884371611179
1.1242393792655208
1.1547751919509677
1.1816317577497029
1.2056489159085566
1.335020431268542
1.028746204627804
1.1140936403210746
1.0318134941226682
1.1422648962085808
0.9775869122761878
1.1980610885935925
1.048659611472749
1.4714291755574975
1.2909549876929822
1.1287303259604624
1.0014803644875836
0.9701098633237774
1.1717590897576884
1.0193895743728396
1.0255317291253256
1.081014519731474
1.301311663183014
1.0748041006720137
1.1067910756448134
0.9963798342877075
1.0317000636863851
1.053923169237128
1.0458303166954435
1.1286771863610492
1.0693129461646758
1.046541478382872
1.0105597888061097
1.2633234683610817
1.0675266893930297
0.9901288751534703
1.28664944566339
1.0967200087287583
1.1591566681401708
1.0017036476778363
1.0311240174778986
1.2366358912706819
1.0784860695893204
1.3536693704930978
0.9940984462224618
1.0089174097432536
1.0722587103254144
1.3847354738377167
1.0383817248907408
0.9856233744901713
1.0966584700754576
1.0582621339486171
1.0480866129136337
1.5942276114079257
1.18902599336678
1.1881993241575493
1.0534050915137667
1.097873677059868
1.0976372848119529
0.9675420763054733
1.1197582628403167
1.2171045203233626
1.0019018381504856
1.1647153709241715
1.030832874138207
1.0044679107467294
0.9906928012096607
1.066104614006493
1.1443479830648742
0.978188253367384
0.9950074745709211
1.051978500825705
1.070980908997905
1.1817886755745206
1.0110815835164506
1.0540077420109726
0.9931809595269631
1.0250802352459678
1.1450904333365621
1.0406808150809659
1.0243050811181005
1.2338126668342055
0.970019865737766
1.2633401230502215
1.0358395320506488
1.4860324348359686
1.0306156213170472
1.0114674549241123
1.030202102088637
1.1808893727513987
1.0124694927131315
1.1878445557334012
1.5025226526380315
1.0271295074053384
1.3388794044904375
1.2235628098451214
1.0367517077137385
1.222485109417169
1.11658408728337
0.9958592940811444
0.9856233744901713
1.0074036405863014
1.162092793057307
1.0216874711121604
1.402480534550604
1.6932046905512912
1.8019622151920376
1.0575109879058853
1.2264475655228142
1.020834670649649
1.1275674221012997
1.9604707173137061
1.201376190750789
0.9953010495861181
1.0978660898077486
1.0383660872610712
1.1909179035108177
1.033498054536214
1.24151631791796
0.995236297726062
1.325166227194116
1.0319176424329848
1.0319300537530267
1.038113986346929
1.3065800519635538
1.1224324356219402
1.0663345633241144
1.1744395009790696
1.0361399252022099
1.017873426926162
1.0938680238662202
1.0074435610863213
2.454685370810263
1.3321291336822036
1.0020815604060855
1.0559569194324825
1.4609750668145352
2.0159102158300466
1.2033320478714624
1.0719005200888574
1.0368698229715743
1.0367230908264249
1.0744178498395494
1.0751549972492291
1.017875572663522
1.4974941689848869
1.0168702630214725
1.3458586191940003
1.0611222864252257
1.0972125647048148
1.0570086566530628
1.023653229092623
1.539093669652151
1.0013802679266033
1.060699787893593
1.0212578070236773
1.2248172622992115
0.9799404933865228
1.6072356591343986
1.22223377550541
1.028013527231625
1.0271191824777295
1.2809389450917825
0.9952866013571409
1.0156767227486077
1.0203344131032517
1.1499334205290765
1.2293096417432632
1.1622885219202286
1.057900875133529
1.2144203992008633
1.0396422903040095
1.0137456728910998
1.1427887269019912
1.1216242651413926
1.0040648261067369
1.0536710513231926
1.0009266346606813
0.9986773781295686
1.0257314362662857
1.007958204992168
1.0715259021582244
1.1439207026068878
1.1206811004483819
0.9997009987660684
1.0290580703416983
1.105181021080771
1.1524286529919734
1.196994394499026
1.015351560153037
0.9803774678894654
1.0558293725917367
1.0837239159409353
1.0881570707034005
1.0719594087336766
1.0842714039177284
1.011175659877135
1.272129621749399
1.108782511482463
1.1557211871725719
0.9933706082889502
1.1299838410803669
1.1971605986302156
1.1081576194142317
0.9852017116396213
1.1336898312538608
1.1828640253285723
1.2265493909785732
1.3368554707671418
1.020679534505128
1.135867324167253
1.0497380901965054
1.062005580992595
1.0146525250467116
1.3529312766441801
1.2728485737334343
1.042839966163681
1.1946796294261817
1.1244064455641507
1.4837899993186212
1.0327698071842362
1.0213909526854519
1.1781456724801755
1.0426732166674624
1.054638575738734
1.0421613411044084
1.1036641400558254
1.0000665390261343
1.6460532614641337
1.0344985042297936
1.1419824421425915
1.1985196924271384
1.0444347217308394
1.1146770922296902
1.032175896185268
1.0563801043331373
1.0207425245612096
1.1511107315973712
1.325904891637891
1.213202405551796
1.1025968632853325
1.2175146210481052
1.0869721253242537
0.9753553644527189
1.1243477516988345
1.0200513860529579
1.0992014651090034
1.0528506532650819
1.002370216841248
1.214759411739601
1.20331214593464
1.54450937823202
1.0195552838991913
0.9720027045279019
1.216030049997615
1.3753381993801126
0.9631786030144583
1.0009042852297378
1.0562919881673885
1.0066934262014233
1.2976524179620141
0.9931118034626494
1.0476785665512875
1.20944880348452
1.2893096367214518
0.9859511523659894
1.1186059156951065
1.0849600117332021
1.0331611644984142
1.3894730373519335
1.0272827939020321
1.5487903786910282
1.0663379116106335
1.3040698549395102
1.0666838342366627
1.40720984108782
1.0447211602364628
1.1072797278708262
1.190681371358212
1.0964192082357085
0.9953212043643458
1.233454290456035
1.0957231429493395
1.0155661432904712
1.0147254346181285
1.2914096514272728
1.0619677021439367
0.9835980839469544
1.0236616655855348
0.9904400206875155
0.9743782583685201
1.2380997719434363
1.0941417058992302
1.1378152089424236
1.1268138637089287
1.1839869728916537
1.1065978717536693
1.0396101094282102
1.9559350206176416
1.1170454300048704
1.4423925851791433
1.0987315523549064
1.3771360966317108
1.227214587493516
1.883548459659481
1.0835760963576462
1.1898532273005784
1.2178231916348927
1.047987248559378
1.0119459175913756
1.025791393642033
0.9775996638538123
1.0000604104031414
1.2851213944067594
1.3315535065292783
1.0424159920167457
1.0267696789235727
1.4317774815904285
1.0171960978897907
1.135037880936625
1.018098996152485
1.1232336509430971
1.1434170169182036
1.4744212059763067
1.0080294062931092
1.0286332551897304
1.2293531676456504
1.2114988554379305
1.1297480402701219
1.1164722260036528
1.002333253213291
1.102426787584988
1.1985636285388341
1.491449349720782
1.092416611125068
1.0559262400183933
1.0739928128868563
1.3395437585088614
1.1988401701041345
1.0936872515801705
1.005613914522675
1.0687369573149668
1.1566714296785432
1.2522611382269762
1.0408061805658582
1.1207858427101938
1.1418929460263698
1.2553910708534346
1.3029912976365092
1.2381049411447989
1.1739066790288175
1.0227495672131213
1.012121254982307
1.0519987572479044
1.0257265896553975
1.0154903240816995
1.1231921575837212
1.016073948374695
0.9983666781653522
1.1314921481269118
1.2141833021685844
1.0806599691057899
1.2684893414389813
1.3260867998136272
1.0559958200921105
1.1473509590442987
1.0391150105916898
1.0374028100812014
1.3331928146948773
1.177811734200144
1.233153430388434
1.1766277286856706
2.1107406725455164
1.11202924933863
1.2786495437125809
1.6987369242861043
1.0512189587828962
1.0850377934390019
1.0055909796019005
1.1473535179590033
1.8659872760591025
1.0389570442244578
1.1582152063533573
1.0216385548201639
1.0415072761332167
1.0444819431640933
1.035738257822103
1.1067608932190673
1.577358062153643
1.2435815070958267
1.2104768874723488
1.0256302573687073
1.1453943383643999
1.0238684439207646
1.1453243551763195
1.1099287704481946
1.270376469729124
1.4924538364201119
1.0121244211503913
1.3113904146665978
1.0181333446479757
1.4066150091129805
1.1520933688885
0.9829599500486648
1.0329270839790894
1.1375358379198155
1.2323208946649011
0.9840805575440766
1.0254445127176064
0.9840349813424776
1.2118062655053812
1.041375001294541
1.0122589150961343
1.1302656094975647
1.214081675189506
1.2973403619393131
1.1555018758537776
1.0104102410885019
1.0201076872534123
1.3070461341518844
1.5558825207453013
1.071853672486562
1.36795078177443
1.0816366285926506
1.3121693385870212
1.4150019185474363
1.313831018776078
1.0877326569566412
1.1473223961560601
1.0610129623478923
1.0697715528440752
1.0268232842586813
1.045922385447198
1.0424761246036762
1.2137489369110857
1.3459374443003889
1.4135352627897575
1.4582208301018236
1.202558027252866
1.4415278140034817
1.0055275652399978
1.0427116658982403
1.0334574042037867
1.2879812269337727
0.9868974009367936
1.1257249606765032
1.1958099268369204
1.0035778828731714
1.0849248543590109
1.5699533484356354
1.2122410933407075
1.0582336046510894
1.2723916551607202
1.1396193948529967
1.0909264009851327
1.3247590087019763
1.0194443928354397
1.3500605871982736
1.0198760547995405
1.041978160266632
0.9931401253761892
1.1883343515724818
1.1772737240543503
1.0736882671440813
1.1497330529467487
1.1829087975484927
1.4571826724458792
0.988311827717428
0.9919952179367078
1.0033404509278299
0.9921143559519475
1.1977925720565579
1.104438707651315
1.5632849550244405
1.0715575502566037
1.0518602105709118
1.0193484244006887
0.9589968647792599
1.4410625204947771
1.111904744309565
1.1608880930554373
1.0525140090651042
1.5044494611915293
1.2412036613306896
1.050406761879381
0.9911820442424755
1.0574196857927403
1.2018527128993324
1.0059539360597487
1.0942249626793925
1.1876100430134016
1.0871679467549673
1.19446568502334
1.4027573454050788
1.1999272615252163
1.020445886507974
1.1205686895318183
1.194132040719222
1.2999355346059676
0.9914663411036061
1.1728759716320398
1.1094643376699358
1.0310375404485999
1.0240370755431782
1.0000324267291272
1.1334621858211773
1.5115514793874472
1.100158166251114
1.059980596388304
1.4647994245725138
1.4443509478971603
1.0303998919978987
0.9993942951785554
1.132871064899525
1.0624129832712121
1.0211562508120662
1.1950106020384843
1.063367847698453
1.0980330962540379
1.0255760153126825
1.5985944245361818
1.0021088767420114
1.0895874653840456
1.068314484615218
1.1891205088176307
1.0083967960442586
1.0003176825694817
1.016886679508783
1.0164915270061308
0.9746399489793424
1.121403844224
1.013287581947412
1.003610153483157
1.0240141498470685
1.1092853562766654
0.9962547763621508
1.0031638484853214
1.2626755393893125
1.0337586973074366
0.9820206613205624
1.0475943238637353
1.0183120829912338
1.0597119190369653
1.0018900224247012
1.2175570873609036
1.0113231293648572
1.025193712122864
0.9828909483660307
1.4954911411509921
1.1290117738472283
1.0961978001180896
1.267617715513374
0.9956329832623269
1.0656484887332112
1.0658403262459575
1.0277837567845618
1.4065995055420308
1.0289495093491992
1.0588614340155154
0.9934185873074132
1.0129987137629182
1.0111634633885886
1.4560452799573618
1.053061311745443
1.2800794010788294
1.207641839983396
1.1141161998783968
0.9797632660382343
1.0042549844832134
1.0631746602301573
0.9861711623789026
1.015855438427834
1.0438867245151182
1.0072065546726734
1.3800631502542946
1.0207039436625283
1.1034761710205874
1.0474631790923314
1.0029730164790875
1.1594745783373877
1.0133085982321384
1.3700425447051976
1.033479776746673
1.0383739922535251
1.213922032968736
1.479410917960172
1.3655327027633604
1.1204560965747838
1.0257689791128954
1.4315671615114176
1.1764004203962024
1.0550621054876175
1.2194282363463047
1.1289812002104038
1.038415809312801
1.058656896734417
1.019447941581054
1.6859875588745143
1.1937676738817085
1.014506075007723
1.0550420152371112
1.0485627703545242
1.0114043060166296
