Model: LOF
Dataset 11: musk.mat
Time taken: 1.4057426452636719 seg.
Accuracy: 0.030927835051546393
@scores
1.0098340402763082
0.9993711028813873
0.9874139270998125
0.9994178689661902
0.9994308750681397
0.987220629650069
0.9907449576573834
0.9843427002941884
0.9843525237354095
0.9907463348380773
0.984317857936395
0.999022866966915
0.999022866966915
0.999022866966915
1.007600884338055
0.9974072057414926
0.9974072057414928
1.0077343822088092
1.007868888011163
1.00249130410443
0.9949664380962258
0.9843900621766151
0.983684449191667
0.9844777050429551
0.9844890830950563
0.9746638692957209
0.9790235102865047
0.9745527403722614
0.9744242977192583
0.974594293425881
1.002524565658715
1.0334753448151344
1.088483515989979
1.033427246996925
1.0341108768324252
1.0142624779790304
1.0328627732762612
1.0441755920508824
1.0441751870226752
1.0328607740170208
1.0330752962634782
1.0384203195099695
1.033008798525184
1.0329188985442765
1.040057723154865
1.039824484775896
1.0329104641616487
1.0329534365823092
1.039799718724541
1.0169600529265799
1.0169190901490475
0.9858577258707717
1.0383920382779173
0.9859200830061349
0.985542540146033
1.0076213125632687
0.9969258781010824
1.0077022628473322
0.9969258781010824
1.0114141415893176
0.9885833778387871
1.011399194405104
0.9885953716401321
1.03815793868472
1.0149479905369225
1.0574330418171065
1.0573582410722655
1.0342283057695005
1.0573749409400868
0.9893080993496494
0.9891574788166233
0.9890837917004035
0.9924450255004571
0.9922438725183136
1.002486936552355
1.0495314456405584
1.0466854938298247
1.0379138131991166
1.0372073262619002
1.0465981845330015
0.9948391125453124
1.003330711272682
0.9948215179184734
1.0034049990817684
1.0033701221560043
1.0271629096027923
0.9956436095638932
0.9956939338332498
0.9803060921984221
0.980183380884136
0.9802492874910463
0.9824887324088323
1.1359764915844033
1.136118293991817
1.135101870035971
0.9950670586577768
0.9950674598812277
0.9979820337277445
1.0012352525938883
1.1003509253323
0.9991899642040375
0.9909745851196907
1.0028322292164973
0.9987616833472914
1.0196235232850963
0.9992111515059376
0.9923889385769271
1.00378153550892
0.9982894447233654
0.9938199993705197
0.9826051479348505
1.0311195265396793
1.007905673442038
1.0110420117567473
0.9788312728137933
1.007947002672831
1.0042800042729296
1.004132115100469
1.0741199766126848
1.015256227492066
1.0188354818512113
0.9994813598077295
1.0034769213343182
1.0135115378855968
1.0311446456597038
1.0051710805358547
0.9967801454537865
1.0026149893959988
1.0127438775791817
0.9994545396453194
1.0333607758795709
0.9957382494647785
0.9930904840850505
1.1091689036485917
1.001436713526869
1.0570511452082476
1.0203380443655405
1.057833457512789
1.0316601801662937
1.0268390139643102
1.0030871502491974
1.0218277111252063
0.993218619858885
1.0156010061674485
1.0038201176952612
1.0002316520055612
1.0123698314501814
1.013133257681002
1.077044338984173
1.0394762732587315
1.0654490136631796
1.018797603584927
1.0107283269915568
1.029493380185178
1.0161720884086842
1.042712623726425
1.0191437852216105
1.0093606340635497
1.014925407052767
0.9998018074110883
1.0234779506395244
1.0179984082173115
1.0067861017732578
1.0233087285747975
1.0252817141131783
1.034543588774888
0.9971929217344868
0.9874953104111425
1.0088097570590855
1.0118237596783635
1.003929465037818
1.0156000190698455
1.02295467642308
1.0025195383445535
1.0119854798508903
1.0212883219225906
0.9951056852885479
1.0001014735780465
1.014216893674273
0.9801517524581087
1.0209002684889845
1.0800912649360064
1.1375113883593522
1.0110501424449956
1.0638740561929783
1.037874273480271
1.000299176116254
1.0126364336182534
1.035109981482166
1.0293984611645148
1.0043307538840556
1.0223524783959712
1.0398749713107749
1.037092764617798
1.0845511331932718
1.1212913510037075
1.0954206480212247
1.0462157235514153
1.1260272358239798
1.119915008966365
1.0351488470441415
1.028189567406805
1.139585035776378
1.0740465458985042
1.1124196140342828
1.0473676195080652
1.0297971027813992
1.038450253343783
1.0054494382177832
0.9970951838154078
1.0338624821304576
1.0271262148956144
1.1201714318378948
1.125645148984718
1.1373918468127187
1.0226405393813782
1.04992409863136
1.1203047200043275
1.038868441719689
1.1137741512680228
0.9944660429840679
1.110043230067451
1.0186767400674186
1.097755715416899
1.0364144918508205
1.1073866491065991
1.0381182265518452
1.0375656399175575
1.0114978314918235
1.0467024264653948
1.021393347608034
0.9970989038202192
1.0010536714230072
1.0013847153489064
0.9915685608397924
1.010041154195924
0.9883118930362098
1.000165498766795
0.9956495163813651
0.9938079802632662
1.0099463648168778
0.9937140644122305
0.9955894431701807
1.005111108661714
1.0026288004313302
0.9942188126994317
1.029096739408467
1.0132636848409444
1.0130521976835085
1.0041728924920104
1.001481146118642
0.9930336012286489
1.027128804767223
1.0083977651662919
1.0242759809895625
1.0115190677175223
1.016734247797319
0.9864409807317432
0.9989643406134945
1.027264920009514
1.0058048837680011
1.0024603228869329
1.0242389151926128
0.9870654671850753
1.0116008831366858
1.0358981863149221
1.0146410632129794
1.0097132770764004
1.0059590807407681
0.9949319625718529
1.0113851322770473
0.9982146740961534
1.0023513305999732
1.0067306423146047
1.018800455460768
1.0042686561538186
0.9815615968641651
1.0041465058271717
1.0550806963771187
1.0265621645096312
1.0073339812147732
0.9955760549866586
1.0248479321687758
1.007327804313969
1.025088184198856
1.017187938971158
1.0563898475913207
1.087523018250525
1.0383101134305954
1.015644094426743
1.0011743150009518
0.9911471525471862
1.000073382973029
1.0093510041250122
0.9954448545113435
1.0474687541555932
1.0121966986499351
1.1115753846815009
1.039207936379695
1.003645613980916
1.0428486738125398
1.0528624625208998
1.14433031990458
1.0433641845114319
1.062046325633339
1.0138714417553334
1.073149431891568
1.0121454318453305
1.0152483359644402
1.020659534862394
1.0462389172061852
1.0178505221805998
1.0149706564642031
1.0164333158811512
1.0104463470595992
1.0226749801437898
0.9932868547841768
0.9954876090980452
1.1289170704205276
1.0601715317670295
1.1387903927362024
1.0183456324035183
1.0342777927831812
1.0716710522175805
1.0735881068877469
1.0790042291571924
1.0682607211828237
1.0854839023489036
1.0187500949071027
1.042051595846695
1.0566721404625377
1.0898934001067204
1.0369365440250575
1.0247549805957268
1.1510813560836233
1.0581045462061014
1.064233431459789
1.0956039246663913
1.0999742724404151
0.9924277345165363
1.0829067177562552
1.0328562247117292
1.0825286480121554
1.0442812239349617
1.1137259775757449
1.0478743949606613
1.0870266595626412
1.0411737621158954
1.0771518302482066
1.0523805028676951
0.9941347971771679
1.0757892048080002
1.0317599670455098
1.077280885256813
1.0656138166554379
1.1871924310400073
1.1010959706003858
1.105623464562896
1.0630537992006794
1.0641855068831854
1.0611066256294432
0.9965377887024566
1.0419902735425668
1.0714501427764351
1.0587812221659598
1.0692744633582885
1.0855231273202706
1.029892173986237
1.09682779194117
1.0453698131301281
1.0735409830101144
1.034848028754046
1.003446923247741
1.0289826389267744
1.026701965731754
1.0333914105370265
1.0223911067535605
1.0389401910580525
1.0375021642881055
1.167168211495746
1.036192351629925
1.0429536210791335
1.0759105289895587
0.9942128164482764
1.0577132477350246
1.0524238643957653
1.0213736758689218
1.0686349950768217
1.0999143201177426
1.0778693132121941
1.0388117934350476
1.0227342574736726
1.0302821598382477
1.034688964003188
0.9918686956971727
1.1392358186489586
1.1715355581220839
1.0222880845148103
1.1169801761826812
1.0492670245262856
1.0242925590164191
1.0273278641000396
1.024389743773215
1.0647908925782277
1.036954841685181
1.0110792737313397
1.0943793880545383
1.0940910163965334
1.1336453654705771
1.152871550126982
1.006543948239789
1.025089406974905
1.1222269857215552
1.0131912035103587
1.0688287344952672
1.052105605017187
0.9971466614889722
1.0581860606634188
1.0241765917207888
1.0280039692102385
1.019805066859365
1.0207433842619815
1.066563634866366
1.0199188886425583
1.0401575393330178
1.0923529588233651
1.0300704370648537
1.002223330872938
1.001067355496551
1.0220358550164514
1.0219309593739263
1.0209096354265697
1.0060572763260203
1.1208893972456615
1.0024573433360822
1.013040893921784
1.006713303699272
1.0334329899259636
1.012961647064653
0.9968139519949434
0.9900907121797153
1.044362018169987
1.0003034213064317
0.99893151982311
1.0016535694763795
0.9917593797048928
1.016689294655046
0.9985582269600275
1.0405372185169708
1.0552695784922492
1.0248796561599922
1.076738521140552
1.0414009902345727
1.1614439219536474
1.0544113272895763
1.067258387412506
1.0411015947548121
0.9801754004209362
1.0431468753679107
0.9959781415438401
1.001502370850851
1.0020232644861988
0.9982919856556884
1.0337912821367696
1.0578500263895603
1.037927885577662
0.9921218113777233
1.0017053229247994
1.0322436470593972
1.0483745786967802
1.0076023840518749
1.022255307986395
0.9923096288106914
1.0490771240758145
1.0008464970043267
1.00021618371596
1.0105436603702738
1.004029369504423
1.0512894012006684
1.0240612015830854
1.1014699302983053
1.0480222039170937
1.003934231131537
1.037394850986465
1.0333425745136082
1.0328710563781487
1.0357511923056528
1.0565290907236033
1.0943271077525532
1.0150049107486665
1.0509452413295548
1.0163498466652885
0.9996878651002209
0.9987523489435978
0.9949978393227459
1.0927315045243093
1.03661536343072
1.0683763449557673
1.0120585315147463
1.0280971651910356
1.0351988956129836
0.9958474083992593
0.9962958710821527
1.0035853459593327
1.0066743568817182
1.0095696611755653
1.01198761647571
1.0095518722264296
1.0120482619059152
0.9901174492785472
0.9947468623914769
1.0230730509371184
1.0033416963643327
1.0045845212618665
0.9975239750229135
0.9977260521629981
0.9917010372741153
0.9889065512879782
0.9886583808694873
0.994585638412547
1.008381580706059
1.0221436619433115
1.0064565688226434
0.9967007584973258
1.0013018491680235
0.9934542050474947
0.9967953313936924
0.9920885184961479
0.9852244371330432
0.9919203474346912
1.0079376369704258
0.9940068727400295
1.0111402177379294
1.0027641409796382
0.9973835282434645
1.0084964383868955
0.999430440949447
1.0171648854898647
1.0181234689200274
0.9936022939402143
0.9988917574685932
0.9864582809374605
1.006066586694694
0.9992833197094393
1.026889220467091
1.0016891078661538
1.001354096637129
0.9968411967930297
0.995548751195661
1.0033440625754655
0.9836510232254108
0.9726687359535118
0.9948074430030568
0.991332852187878
0.9969087865260265
1.0030130174554748
0.9953573560534531
1.005163816251652
0.9868396162861208
0.9955496894072124
1.0079678988273921
1.0043212127186445
1.0024436033889041
0.9878569246673351
0.995977749379159
0.9932623328609111
1.0000944121102116
0.9994063202996669
0.9928253268557217
0.9951947485877716
0.9987511167628433
0.9892040161586213
1.007093746625331
0.9920910149176596
1.0005339726098532
1.0008374099417972
0.988101356119872
1.010615071602269
0.9944994004744497
0.9906627218489946
0.9852083852373079
0.9981542382709063
1.0087961754983863
0.9952248369389217
0.9994354076073364
0.989510637280451
1.000125518937739
0.9855035286919437
0.983875518954658
1.0017086168675484
1.0077367098877772
0.9948429557456508
0.9834828030326783
0.9948210232962638
0.9983043132156528
1.1298556252015939
1.138641038206859
0.9951508436936969
0.9895597683246962
1.000611474139704
1.00149575078086
0.9855699299684174
1.0073285809676795
1.0830170647936492
0.9796255693836912
0.9933847912834641
1.108035793881509
1.1208887574134807
1.06697045484955
1.1070666015671775
1.106196029909705
0.9917434258123141
0.9997924901096958
0.9936235669385782
1.0648914424131986
1.0015342915675898
0.9979078671257342
0.9998890643065158
1.0032070809009102
1.0093790477578761
1.0060008669910796
1.0140288068465138
1.0975572145838215
1.007935963149256
0.9864572194823511
1.0074282142163635
1.021861129392065
1.001960047650075
0.9922755650332393
1.0403115854450042
0.9925102268567747
0.9774919400185631
0.991201201812609
1.0061461521852304
1.0045649987896998
0.9985663925076821
1.0042127613824763
1.0224133805919253
0.9913998255598884
1.016378270601926
1.01931001240712
0.9989431723159219
1.0522384427304599
1.0253613471848493
1.1260891055793891
1.0150160773810994
1.007636379071307
0.9810984288695078
1.0533322161960306
1.029182282693702
1.0084191383929546
1.047710348372672
1.0180759971293267
1.0265750705739065
1.0539574125875348
1.0052574053924794
0.9995700465644527
1.0020368888723596
1.0183111269696588
1.0289062419416461
1.003441361660866
1.0208051261791158
1.0123078446991718
1.022481717615617
0.990824102610367
1.0152594461425202
1.0069617152699248
1.000883275548668
1.0128334424389696
1.0030087989729057
0.9960641575592517
0.9943348102552475
1.0010926717250623
1.0080304448002624
0.9976783737154695
1.0212687046011029
1.0162732730633368
1.023741926712672
1.0022956397029223
1.0182415597173198
1.0001192359891087
1.002196057870286
1.0006315137783552
1.0246021049785976
0.9912606955480312
1.0530420552696893
1.0113627924857682
1.001563953110678
0.9988326632139085
1.0207085725817262
1.1504941194492206
1.1238004852619359
1.0366540110155038
1.02147023296455
1.0246382982253475
1.0143773932672562
1.0356099194794153
1.0590341574417017
1.0562090571148026
1.0201852906057427
1.0132151603900978
1.0299158294071482
1.0609803857084574
1.2003082839432173
1.0173163500965277
1.1042477274009204
1.0732488395321194
1.0926368553376062
1.0523476983754092
1.170290756690474
1.123309554967027
1.022366552095091
1.0708726828785757
1.0623769740062237
1.2251265790542278
1.0455731107819852
1.1978226268407837
1.0795559322382184
1.1030298815948343
1.006921529286275
1.1372833036863526
1.0671484518504004
1.0011046525283733
1.0013231743771231
1.1313520389485385
1.051730097269211
1.056246769847304
1.051889822233375
1.082817105989776
1.1451963038453132
1.1050074786266852
1.0763574254027537
1.0668855052921216
1.1227710061594114
0.9965414205458553
1.0879728953504761
1.0000662619656615
1.0160106784187048
1.0173789747204578
0.988543411673486
0.9987017251119527
0.9846092071816287
0.9994939663725109
0.990093878513755
0.9788488049922686
1.0136769141317827
1.0162929924699846
0.9938470574934428
1.0339544330616044
1.020340305096843
0.9907331596409914
1.010045753839901
1.016784502888227
0.9861465000841496
1.0226928649495637
1.0139884764582525
1.0099837818509623
0.9968932515287797
0.9907957268129925
1.0047481109397636
1.0107585722168018
1.0442697006655766
1.0157241523697393
1.0253595858963203
1.0065951826875037
1.0085037850107543
1.0041940442211683
1.0019388503090318
1.0196108336295624
1.020510112401328
1.0289396483875
1.001072568271152
1.0234527490864083
1.0107433058963746
1.0222574536592366
1.0221319411929954
1.024059066492507
1.0512903171563626
1.018034617465213
1.0276320640825367
1.0089639744771224
0.9917571553861982
1.019723072078665
1.0241013619946506
1.0033398693311617
1.000261101113606
0.9821160084847499
1.0389409271737298
0.9997571546530905
1.0068836523024256
1.0074919088519112
0.9995246384084157
1.0224622817045197
1.020315612715631
1.1874938083771789
1.1556444547638627
1.0032141682211784
1.0142999962899781
0.9950930633037064
0.9978262807599154
0.9943411339455004
1.079132704604037
1.0007440321523489
1.0800421818667607
0.9954744471759301
1.1384000375366223
1.0946876022722623
1.0508764197153622
1.1169397101784266
1.1195709491372008
1.1310212421195585
1.068075483760624
1.0376963267225163
1.007227011341431
1.0078749352253522
1.0790017275882646
1.0217103072574167
1.0269420273274221
1.0168758003549827
1.0701684140700596
1.0374113159013696
1.0811648756088967
0.9937110720545348
1.083753518365027
0.9908277952715785
0.9910367091122
0.983860567621823
1.1056704482354975
1.0908929159485559
1.0624087522319132
1.188705418961095
1.067172218859198
1.1113765631276282
1.0674039436690435
1.069703796631724
1.0721401656761713
0.993534318501396
1.0833229669964646
1.0652231408341981
1.1070319164480185
1.169710037784528
1.0489301424040027
1.0936888079888294
1.077411354236861
1.097284974408573
1.059174101241943
1.1237822674332831
1.0094499924398521
1.1104058053695152
1.0874878288094507
1.0667604010604825
1.0543800752191856
1.1027762891732846
1.1016248739709837
1.0891935930274896
1.1810755690546202
1.1182836626334387
1.086225533806762
1.0000692490495404
1.165372383407979
1.1814465255528819
1.1014656177547235
1.0609564749210685
1.0545067629852638
1.127714140681046
1.0776138538069382
1.1282050011838254
1.108695242061107
1.0426884366766234
0.9921191506563962
1.066042521058654
1.0658091382561339
1.0329576164650291
1.0545929577820923
1.05682558441377
1.126111824259311
1.1013054183847992
1.0254361743592624
1.0923166319852267
1.120240846428798
0.9858378345160759
1.046840761741336
1.0653209410390627
1.1069741394030859
1.0460929361907367
1.0345785517630244
1.0346768551394754
0.9813525898392926
1.0961010286529589
1.0641083411655785
1.0659092159741879
1.0152555350427686
1.1376295509276724
1.0585248003086218
1.1118030045732703
1.1201250766068322
1.0341632966633658
1.1714605880090716
0.9995098014005872
0.996840768549219
1.0765335783786476
1.0310922201248829
1.0230540693899466
0.9984797676287508
1.066952554061856
1.0807193282817658
1.0142669719485464
1.1337263240008384
1.1536682035588746
1.1410167568182628
0.9909700817460557
1.112307493338866
1.1543232495587639
0.9956548927476373
1.0213134926212017
1.111421666639746
0.9930053026332203
1.1322794362557
1.196653603239524
1.020906261722519
1.1386399299889258
1.0307325153487361
0.9948318084151191
1.0037820756002283
1.0134163808303027
1.055705380725759
0.9930905203833837
1.0284257878836278
1.1641958519135849
1.0081305771032405
1.030458390200155
0.9967967607543933
1.0251663580396677
1.0042239828677437
1.0329035671417166
0.9949476648164017
1.0052589323479288
0.9947277605447242
0.9925996393552625
1.1204957497537522
1.013860791868678
1.020840929675316
1.0182977377883407
0.9970141202300422
1.0260330791958456
0.9940195820631466
1.0026498892842342
1.009039981148198
0.9868144254755137
0.9763561096856386
0.9933632386333647
1.042999716246014
1.0428944047163615
1.054641300932216
1.1203672233623172
1.0657401334652605
1.0122553337603892
0.9948161883159145
0.9970656069166569
1.004498685932243
1.0383943807772955
0.9940704583163578
0.9960417154971084
0.9951426238151516
0.9981965350388349
1.0694880131686444
0.9820058417124274
1.0918233386873326
1.0073941629822367
1.0129486219432935
0.993934990080243
0.9926204130692765
0.9948481193587331
1.0558562299348548
1.068001845074317
1.0148523401716347
0.9978649980134483
1.0404000970481615
0.9980326312488879
0.9858793513746642
1.0232180682333838
1.0971031377938287
0.9931442518890691
1.0420042120092783
1.1334969661956267
1.1243677332081075
1.0595691079569503
1.0474158916280192
1.0147650711751743
1.0854536291508066
1.0254161110796496
0.9829124327376875
1.0424204183071795
1.029635696866401
1.1013550428117413
0.9914085482289187
1.0545835986617784
0.9950264936810729
1.0495733042189073
0.9937137376568312
1.0844513954187716
1.0076917275252797
0.9946963748119121
0.9884587581738933
1.0268247205538241
0.9963858133249058
0.9929831367285024
0.9904748304830978
0.9953824038076071
0.9970959310370999
0.9973695217296467
0.9993861435559648
1.0034047576421452
1.0095584269104418
0.9878158632407377
0.991995892667909
0.9897683560006459
1.010670961814784
1.0020720654778879
0.9971954848091356
0.9970208507540791
0.9891628481704503
0.9957942417375877
0.9966352244718764
0.996387157991875
1.00015864505252
1.0008161151980735
0.9906916665353261
1.0231031594601632
1.0085546827872545
0.9977058943693754
0.9935751976145015
0.9901063712803199
1.011526162765091
0.9916131638402845
1.0238140485972185
0.9866297557483208
0.9976541173434095
1.0002543483045476
0.9878742817414518
0.9762626115147244
0.997738123803811
1.0013675064115692
0.9817544928272184
0.9945557785745898
0.9974085878998471
0.9908663003487096
0.9858599086978392
0.9881183869080996
1.0066657065626436
0.9859186073710937
0.9969828458022201
0.9978909816872967
0.9746129490330423
0.9861633036839093
0.9997755863195286
0.9941615514616361
0.9863158329078843
1.0138359747301249
0.989589265661782
0.9924638275315971
0.9833340058487959
0.9908667336318168
1.0070686145423229
0.9979001626797057
0.9866927890200767
0.9891691131122885
1.0120188988438457
0.9871111246930664
1.0039159185239668
0.9962715371986315
0.9909633336102205
0.9835540149955582
0.9786008347465923
0.9895325021799819
1.0191509616398036
1.0011854022673645
0.9843509687477985
1.0002333070938219
0.9895951307134778
0.9837314640137553
0.976222101910556
1.0154997043575418
0.9914234448883985
1.0005880734388386
0.9874870884324537
0.9857221448439735
1.1649129036144106
1.091096171874791
0.9929270116626829
0.9845896337306256
0.994757933716085
1.0002343857266187
0.990503399780736
1.0720500736343097
0.9949368081596838
1.0012708855651273
0.9868852344854229
1.075316449594905
1.1331542643059005
1.1283623023986615
1.0672689499093648
1.0767053890314635
1.100996303420752
1.0972274563730875
1.0596293042122678
1.1309666723130603
1.021606632329798
1.026647201848548
1.014372344853681
1.0119149076305236
1.0581816919173912
1.031038764901108
1.0162772102334672
0.9998329453846317
1.024556277104046
1.0069199825703818
1.0095504484855353
1.0111419730927058
1.027610507059717
1.0052325189800464
0.9844477885328597
1.0057212924628147
1.0339984087830871
1.0005019622103233
0.9836307159907681
1.0188825783499882
1.022578347763853
0.9870126512102508
1.032175091720301
1.02011058067073
1.0145615201460247
1.0205156636676767
1.017906995780248
1.0383430214062999
1.02615596470394
1.0247973442877254
1.0085550350992973
1.0121929496490312
1.0202293415862371
1.0100139954110228
0.9930058089233194
1.0124248588008187
1.0162940899078812
1.0002445917594203
1.0344185784586393
1.0264502966792461
1.0193530993335544
1.0397611820866401
1.0228018100780143
1.0123207353654902
1.0130197489981603
1.0112092292667751
1.0321258075530082
1.0152607934975018
1.0264249069534774
1.0034100720707229
1.0219511240164236
1.0358677322234104
0.99145535459137
0.9932495343798318
0.9950096057309363
1.0186292990438421
1.0177320155546565
1.0003083060568307
1.024312616908468
1.0157061467151762
1.0269488014031525
1.0221108810066406
1.0138441395802773
1.0854896956084348
1.0167391394254814
0.9897170778785404
1.0155188945394085
1.0137102488788308
0.992552509716792
1.114778837942343
1.0090790278097965
1.0299912812181904
1.0327448115946238
1.0194329558233288
1.0101757339971853
1.0207494056185071
1.0463933461441035
1.0546396301455827
1.0158286627346036
1.0374271786109646
1.0572195836208618
1.0509345067154177
1.0335387949803905
1.0275945567210272
1.0233023386197817
0.9892011194084445
1.0303722454374376
0.9930181281433764
1.027894344604921
1.0260482358130558
0.9892673379302266
1.0306611857203998
0.9933365788576486
1.0260188475008751
0.9904540157135907
0.9911609960935717
1.0652211560297824
1.0581737291785112
1.0933335516515232
1.035812285628041
1.016798222280261
1.0563863107203542
1.0329523699843413
1.0264668062758597
1.095666053213099
1.0393886794000213
1.0220738028555736
1.0634774495962813
1.0433834858459288
1.0365735735955914
1.0307668168998234
1.0160616426908784
0.9989938393535885
1.0323886829714888
1.062001510892933
1.0239788500023597
1.0345916861228495
1.0333955719950283
1.02674352840708
1.0565834700006385
1.0293612545227149
1.027041594123729
1.027081362475638
0.9985245423071538
1.000661968848204
1.047768423010402
1.0033210175689855
1.0487973910781068
0.9938012724195282
1.032001429133888
1.024967955173938
1.0365030252881264
1.0356647887912256
1.0015084519042168
1.0085233856954536
1.0353921317709598
1.0407338951466047
1.027570409219927
1.039776453480332
1.0016991044384662
1.1303139083856264
1.0006753105052901
1.0420273426904916
1.08301332407409
1.0424906060708734
1.0094531749635889
1.0270066913045581
1.121359171773761
1.0437343957430707
1.0845528758148657
1.070086113131333
1.0308577712606541
1.0361938595053481
1.073033602639398
1.042495467221252
1.0538947796684284
1.002111389890684
1.11059282068029
1.1172861038811237
1.0384133050485613
1.0721695921606644
1.039536062115417
1.0341664346425996
1.1348097715916035
1.1363214799318073
1.064713496273443
1.11196588714686
1.0034374919681972
1.0626659021306182
1.0325824789367313
1.0664434928971185
1.060544648007617
1.0229628490852352
1.1310783560433748
1.047813966770889
1.1428123102340146
1.1120206203362586
1.0514081729663596
0.9918055767071344
1.0634141063777391
1.137598187618122
1.0281116490195008
1.0566675978812727
1.0528196338416738
1.0373294872615209
1.054143783674088
1.0455237224994978
1.018154511644942
1.0529127703394372
0.9934891178595985
1.0570620753048043
1.0335162447796509
1.0486657897049625
1.0166211192672265
1.026365214944091
1.0289962392163599
1.0598143205979373
1.074825777142518
1.0457603539724016
1.000123711618713
1.0160641293329757
1.0164627143374207
0.9956205850804987
1.0048991672161363
1.0063083001850355
0.9927439141928825
0.9928998198803585
0.9928045073321947
0.9887653209911138
0.9941789194150525
1.0020372627468013
1.0206794241872905
1.0266488133429474
1.001148326897931
1.020028237700609
1.0121873775253962
1.0265156357351288
1.0003684361623901
1.014758616854926
0.9996638990532286
1.0159128093556125
1.0196312282852165
1.0327332121108959
1.0177077025215007
0.9890577897506745
1.0003737023053278
1.0001542855344345
1.0043543539437902
0.987135847164881
1.0247567810130251
1.023786294255676
1.0213820252849275
1.0068424987503855
0.993391272240508
0.9965759800614702
1.0154435648138678
1.026763457083433
1.0183917820552675
1.01577456256249
1.0327734988685502
1.0132314846896682
0.9910653134545079
1.0092115898859135
1.0102494505406767
1.0032222487478726
1.010986305255329
1.0415176255530392
0.9784029774620822
0.9921458172135645
1.007962235540219
1.0268918112265797
1.0339552615699081
1.0228076930288759
0.9837680398440718
1.0042725526344225
1.0095050047282128
1.0136889462989238
0.9858386419822173
0.9796984235614123
1.0065887356328198
1.0124179187717153
1.0230493543878194
1.0252876259605912
0.9888804822616294
1.0212151113914527
1.0374676381101
1.0133687961589193
1.0355219842721541
0.9897925718728896
0.9842510416365364
1.008619750736999
1.0270981117407971
1.0187612135693127
1.085160769380297
1.0334574105186567
1.0170912421616864
1.0233062220792153
1.013934496064774
0.9791511021104462
0.9849639549510695
0.9844189526974129
1.0140841237358602
1.0154639074227259
1.0151344854607995
1.0114591843421787
0.9911438794052309
0.9846683371372027
0.9898021499940965
0.978618815281299
0.9965101486099286
0.9829785678949632
0.9831202369900532
1.0139982304964614
0.9821233766643817
0.9772112621241081
0.9933212993226951
0.9937827356997257
0.9911740351341987
1.0209852211747565
0.9958981052535556
0.9918000647757849
1.018971486352998
1.0096184886917174
0.9849853905769335
0.991854256212422
0.994099233559601
1.0187975625555974
0.9862359060105723
0.9864769875633067
0.9921878868742722
0.9901437662809167
0.9936668785639602
0.9818655537670397
0.9868496209139824
0.9950284798351481
0.9855193552223463
0.9856353714587165
0.9863224212527506
0.9833893401166097
0.9989294076284869
0.9859945793553676
1.0033463547307717
0.9931290631544639
0.9846134027492731
0.9877056008443187
1.0107813937605807
0.989491860748938
0.9920287416675947
0.9897418256875712
0.9873143948129958
0.9853447743254076
0.9935913742269964
0.9850736403375102
0.9908685150662364
0.9832938852630099
1.0246663457961724
0.9875825742991298
0.9986622380185818
1.033023282749037
0.9925301205305006
0.9861087416437911
1.0246469632419628
1.0051136895288697
1.099162971128854
0.9962898197458735
1.0190620162484172
1.025495971191282
0.9938936034351185
1.0136684639224134
0.9775416573665991
1.0022530140552313
0.9808947325888294
1.0146989947843787
0.9933524196626486
0.9996054398465339
1.0301227196815073
0.9839352520666923
1.0790385485879965
1.0216397538034627
1.027175904955768
0.9943658987991519
1.1082199021434698
1.0139876731924153
0.9743641562958686
0.9751713330919435
0.9834519133733055
0.9917822748810975
1.022035306586131
0.9790768939541825
1.0249293862401854
0.9842908191884174
0.9762080378983734
0.9813895060500644
0.9830265380625282
0.9789827778529201
0.9760908862425642
0.978431167102241
0.975473004635942
0.9889268061071516
0.9801721213866733
1.0028220351745898
1.0012752557941933
0.9813145573920334
0.9735175092042754
1.0248254661082368
0.9830577759514105
1.0293356594455108
0.9869546527029922
1.019597505029696
0.9854986932921452
1.0046083530092553
1.0246672729260895
0.9910792297952924
0.987714897126426
0.9857690456279309
0.9864941780041473
0.9790520264168927
1.0158279776932955
1.118359856018961
0.986424381464262
1.020352873557609
0.9861036112808577
0.9797490886113354
1.130884019346531
0.9788419526558594
0.9842031439785041
1.0251109438247648
1.0283116200694387
1.1100892488170164
1.025867927127486
1.0389182231972136
1.0259302351767938
0.9873824354319206
1.0192615947437784
1.0189508132235128
0.9779058888052715
1.009118051694161
0.9751817593418167
0.9777289187750247
0.9808559175089379
1.025152615411343
0.9796158446694962
1.0687335214763531
1.0283936355455428
1.0166249242398802
1.0352219702126066
1.0153204091516312
1.0205659326096477
0.9923529859745697
1.0455103236344023
1.0081407514019913
0.9863805654877332
0.9902176757644918
1.029466463916584
0.9867177676264693
1.0266925870631092
1.0269033620591324
1.0023343635893922
0.9914174371610173
0.9907224359558864
1.0038646860693665
1.0452376007576958
0.9972652913091411
1.044279677728507
1.031864829365456
0.9880145320784983
0.9971169378899761
0.9939142405976341
1.0287384253099585
1.0029705141741434
0.9830550694337568
0.9909387264552724
0.9874060035084954
1.0284056469853604
0.9823146806006136
0.9931784379541154
0.9858515461479449
0.9906597741796981
0.9906334427256865
1.0126043543435312
0.99132184416064
0.9947166745959277
1.0154638403061906
0.9869376286840984
0.9924306251174588
0.9820320921135359
0.9828490397836441
0.97483807670536
0.9811463973026207
0.9754706683602888
1.0144834688991144
0.9822286027970971
0.9885116836347956
1.0174559980728914
1.0257978861764534
1.01014924602991
0.9862295573108119
1.004163471457144
1.0124452599717724
1.0051998288640303
0.9923278419058269
1.0115903791076053
1.0184860909184204
0.9996395253100872
1.023844904096817
0.997181382555507
1.0097933864206101
0.9766173232984036
0.982357050017427
0.990778573520567
0.9817924970698382
1.0013824959666242
1.0137153303441688
0.9850933619345105
1.0046879524624406
0.9825494418551795
0.9822280342988821
0.9831220686005435
0.9829359270292048
1.0268542542519643
0.9816953985209945
0.985863419086372
0.9816685960593329
0.9999947602491582
0.9849118542746549
0.9864226648992107
1.0234074710235919
1.0294551203965219
0.9840671229131145
0.9761487993512988
0.9868481609960513
0.9828607963385592
0.9836758723327268
0.9841171931056101
0.9846831185298364
1.0005652002658896
0.9840580306026425
0.9786555272472311
0.9840604631198913
0.9864052217559147
0.9943453044284173
1.0094212783615997
0.9902617797203177
0.985122440497473
0.9899326297624882
0.987001317134059
0.989588638943569
0.9876776553042476
0.9864751956617356
0.9915344131495892
0.9953449814095412
0.9844354450539405
0.9822170453030074
0.9964404049162943
0.9956604711059583
0.9958619508064496
1.024350495287689
1.028817725764538
0.9898954958891023
0.9777716135688639
1.0236746928828984
0.9983590934287779
1.0256045738685136
0.988917381520867
0.9874200726390703
1.016435838099524
1.0115203332798985
1.030684658697396
1.0342878957939339
0.9962568253354537
1.0278335708468211
0.9769236574869872
1.0267179166771174
1.0210902993994233
0.9838045096000236
0.9892902191536639
1.02539431555426
1.041756757526929
1.0250745118885471
1.0328220376795216
1.0287100576526262
1.0318226827491108
1.0165961002170094
1.0318587421011967
0.9858769271513548
1.031112789785166
0.9700772743807864
0.9970672698687423
0.9986222032382358
1.0517596727540108
0.9888224770416352
0.9808904595728217
0.9741964640140603
0.9833048264957126
0.9750443876091561
1.0199052503993913
0.9888820164797144
0.9966657383951402
1.0356608624828285
1.0326613776883906
1.0247748968947987
1.010626967235868
1.0247452746172123
1.0101821907809037
0.9958311316122531
1.02226412996487
1.0712914674806744
0.9879282718797416
1.03184722904189
1.004097590678695
1.0164600214548511
0.9753894244345555
0.9835909886862068
0.9849614613688151
1.0474995037210575
1.031061469660856
0.9828571641833606
0.9979583516380718
0.9798885685755874
1.0099868134440795
0.9851022438948085
1.013625785060586
1.0008359054553346
0.9967547488103286
1.0107369112067164
0.9754522364526682
1.0061636435599601
1.014183908334029
1.0356262898871726
0.9947793060314767
0.9947629291826402
1.0408552703613085
1.0110396443198106
1.0341049062653904
0.9909961290275995
1.026805567702931
1.0074733797246933
1.0482123470794011
1.0286320409709664
1.0459361890658367
0.9818234468672674
1.005153800980805
1.0300821012357022
1.0366882163099687
0.9942925431345548
0.9891345689327912
1.0289345024624057
1.0488939638357042
1.0403186619680158
0.9965592739431184
1.020342801034316
1.0266466761359756
0.9927869903265062
1.0483747643616066
1.043868973714721
1.017100442682621
1.036684371638773
1.0409794808768218
1.0548861047847433
1.0273747730642737
0.9913215841014917
1.0307754784906593
0.9781974329412069
1.0308520214285162
1.0364876952148658
0.9834954056531094
1.0165622169732065
1.0675900106364735
1.027446773125055
1.0169733821609852
1.0454649846452904
1.0419457417566922
1.020996145613503
1.0555244653395532
1.0249320345226889
1.0353250087235188
1.0268997434536384
1.0732980672113874
1.0852567281140395
1.0204935705490779
1.0714769154613557
1.0354401112799638
1.0556719707552553
1.120272947003762
1.0158521908501608
0.9831108208626802
1.0980325314719326
1.0831895703185117
1.1081486414868116
1.1010392013841008
1.012841131750715
1.1130386650792732
1.0553022128361267
1.04442009579448
1.0622107506123526
1.1176765133646231
1.0122195205825224
1.1264986461737219
1.0511790433299795
1.1462681395740388
1.1359981380038167
1.0258210391357407
1.080289709117782
1.024398450728655
1.0452390527137152
1.064020646192447
1.1198372723481098
0.9839334410543753
1.120894407123521
1.058428800933672
1.0472266575830502
1.1403480615819386
1.062768041905238
1.0680674977609528
1.0644685377387835
1.0379134700269474
1.0591957363635545
1.0545591159723418
0.9885561625104117
1.0644134372826517
1.0391146983590052
1.0657097484763998
1.09315114633236
0.9898452500842743
1.0181378519161393
1.011599738053603
1.0282974134967602
0.9993952683993321
0.9794181689414199
0.9871606635519796
1.0100100028200996
1.0182687024434205
0.9856067178640643
1.0205940906726283
1.0016016993550694
1.0087911882673894
1.0069768966345796
0.9992467855169902
0.9721492205062722
0.9825285148042422
0.9822501087099251
1.0277080488213015
0.9844410300688082
0.9849285653532969
0.9778203118741672
1.0267184257529103
1.029326121541254
1.0117877573299223
0.9849748981478512
0.991392201210156
0.9865402087228088
1.0090140344852438
1.0069385813996246
1.0140475349168871
0.9856561176854015
1.0075402848288693
0.9867481775267655
0.9811932938551147
0.9984321492540186
0.9834532343404041
0.9799322777910755
0.9861791474467492
0.9908921037455359
0.9971899432639362
0.9908634455158338
0.9791681386707889
0.9843894791362106
0.9802443589868639
1.0014551339050106
0.9918949776057078
0.9859194208277934
0.9945634421118037
0.9787498202884997
0.9812724912817948
0.9821418998199338
0.9881274518182239
0.9864737211345618
0.9877507456534007
0.9960653138522977
0.9920168574639178
0.9924958940900981
1.006118948994295
0.9972144809930397
0.9901035072573977
1.0243297421683726
1.0289178176219047
1.0278825353337742
1.0315316137412178
0.9927075406623593
0.9900425451509364
0.9896753107383475
1.0234609388742588
0.9987164828330648
0.9952645356418189
0.9817814717555077
1.0247318622928248
1.0283723936859925
1.0254970320246986
0.9826642472611127
0.9968075157440206
0.9867094676276782
0.9921529646615099
1.026144876899177
1.032274428842745
0.9854630187384865
1.0093741655415343
1.0033390416475112
1.0289011755248096
1.0154814852147478
1.01679459525896
1.0105477747610219
1.007882210739297
1.020916111353956
1.0174429876617657
1.0296248714407024
1.0070391649662602
1.0196472985638017
1.0018337146545915
1.0047926985232931
1.026215598390592
1.01048893837564
1.0098605686556614
1.0181969643528963
1.0348032900794233
1.0214838943318
1.033879204711932
1.032703902958524
1.028714273494817
1.017671061544277
1.0132208579179598
1.0337167765700295
1.0199236636101017
1.0323781581611824
1.0393671112904852
1.0267748651991033
1.0149995997042935
1.0329777598408358
1.0259363045386691
1.0315504729451548
1.015667837018997
1.0256288256129786
1.0281484980750342
1.0175455400740618
1.0212242311856312
1.0186025652452213
1.0100412616077357
1.019376041530911
1.0840933741871683
1.0226041112777944
1.0180359851809042
1.0088146990189195
1.01987749213384
1.01799966889305
1.0281953641617383
1.0342793587889705
1.0273074488727532
1.0224778385547957
1.09572813269116
1.0310796721647253
1.0228733679591127
1.0288151002263917
1.0037172953071098
1.0118137007015524
1.024073976572339
1.0129297127444987
1.0043657736074436
1.0253144861476617
1.014312081625534
1.0643316293149407
1.015477821189379
1.0305235932045016
1.0321094414241272
1.0143569995405142
1.0025572462471335
1.0220562269340632
1.0559122825152922
1.037134419040228
1.0545843342383734
1.047190469834048
1.0365409109144195
1.0519650244527088
1.1090679145030409
1.0807001798370695
1.0059222650986515
1.0352390355157932
1.0398539779489924
1.05876408709898
1.0718693277086644
1.0537074898761618
1.0055613935061132
1.0072959434961835
1.0055823420879964
1.045328908403713
0.9908095976782926
1.0164590129773565
1.0520559797262565
1.0609060608008831
0.9989286262840167
1.0415033752676464
1.0446471287856736
1.0064241593456877
0.9929666998058936
1.029153939767788
0.9950150043313041
0.9877885809155365
1.0304425824257297
1.0554072327459207
1.064217344171293
1.0254067784165757
0.9964091023875377
1.0670014606721883
1.0627933637825695
1.0742557987129118
1.0349894541831268
1.050894538557467
1.0291413269968224
1.0161114720842546
1.024224709978416
1.0565334667049506
1.0812668674791532
1.0522899264658423
0.9939940842570779
0.9894364655150325
1.062275453488087
1.119314112513343
1.0677765143293692
1.0725630035403504
1.0061523688405105
1.0099042959266777
1.1134637322590577
0.9961264201303319
1.0403626681608202
1.0931935179725725
1.063309243521236
1.0472527509703635
1.0499488243190565
1.1007979154019711
0.9961217775462925
1.08998449779462
1.0252052309205009
1.040832843701117
1.0566425147959453
1.0494025917932697
1.0716790426300875
1.000825925036112
1.0470052777539738
1.1297386130275249
1.0002926320029402
0.9964686735223591
0.9946238562192438
1.0229763518020691
1.0575973943327868
1.089489641646311
0.9966817948852358
1.1167957346512511
1.0767119820448918
1.0510427666741902
1.09418754790723
1.067502293320238
1.1153253086391803
1.070071469453558
1.0146472124834198
0.9968545266104811
1.0459543804393214
1.0861341888714304
0.9935386426985536
1.0589395244638946
0.9982153139375587
1.0160126011203197
1.031310550024467
1.087699662202291
1.0649972710937694
1.038713981470202
1.0546338739902543
1.0585752828413464
1.058288142866842
1.0417464318518153
1.0688502868182888
1.0761094553581398
1.0346368638823893
1.0692151226083655
1.0856190819264184
1.0642138304410333
1.025658598624539
1.0009568331634102
1.0347814738316048
1.01682783412106
1.0072088323209107
1.033867468502348
1.0319028139431072
1.017953897259962
1.0823161847238214
1.0316095561344312
1.0123039400431035
1.0367135447193236
1.054532375137308
1.021752077273442
1.0215145367946932
1.009372605286421
1.0287278162323248
1.0076351330295314
1.0050251659113196
1.017807543691032
1.0029656670470708
1.0079754732790802
1.0213416076795618
1.0282492040234272
1.0194592103287654
1.0231835700824745
1.0210685962840766
1.0094522688557457
1.0183005055427072
1.0185534190510872
1.067951814604755
1.0167765417445258
1.032408958089175
1.0361230874297715
1.0258528166977272
1.0388055591902174
1.0151504947216328
1.0049346681870381
1.0199063185678852
1.0233201037653241
1.031378722643719
1.0302643944774161
1.0202689110278775
1.0241732844597409
1.0285459842406806
1.002258948287907
1.0050564296377915
1.0184275164079657
1.0228296709270528
1.0201344677961752
1.0271765312775274
1.0214377081426522
1.0162405488077817
1.0516773551043272
1.017921641099214
0.9993858996015934
1.0049830623695313
1.0013091803090306
1.0116291060711906
1.0142236685959218
1.0230160010085627
1.0060803098261462
1.0112445040477742
1.0092645255058879
1.0143606816430224
1.0278236446278233
1.0100637167343274
1.009623454866739
1.0107103500452836
1.017812888367843
1.0109921387978387
1.0245864271679976
1.0260440823607868
1.0013235756168466
1.0283423054941985
0.9995814147466661
1.0188888287672637
1.0306606159595393
1.0038717413934248
1.0125147166770387
1.031405847204991
1.0193300595089174
1.0200479588156715
0.986378493533833
1.007155987489147
1.035086840101894
1.008634772889184
1.043752570176284
1.0354314022607574
1.0228720287951634
0.9876195490403404
0.9925425518833277
1.0220154014339191
1.006618127142444
1.00703996174282
0.9867020581410053
1.0075578384085753
0.9824923110449936
1.0159926328323088
1.0049216180353364
1.0504181847078427
1.0517402898433061
1.0031307858007685
1.0093721695144124
0.9975499011162201
0.9944374348288463
1.018012180418421
1.0359900825183541
1.0081367190484607
1.008504004382611
1.0300360979459735
0.9933008585943492
1.0391733226701014
0.9958908539023044
0.9897677910861757
0.9857609665208192
1.0073852402456533
1.0206630337879439
1.0202461668889857
1.0267733871383122
1.010847879257055
0.9881361769355399
1.035903634383104
1.0211784273934341
0.9966661852305672
1.0203490869355145
0.9937374293258114
0.998742254327048
0.9901187715265612
1.0185848442224832
1.030230997312104
1.052968993343201
0.9946318582441915
0.9894956745142119
1.0249321768830106
1.009372793060127
1.007637909910217
0.9998239423792368
0.9948988121242477
1.0311196512526908
1.0001749602856171
1.0339338003763157
1.0302275797932152
0.9993156350086304
1.0289721423878242
1.0162290914002279
0.998593032829928
1.036107178345826
0.9887817790910075
1.041331358842576
1.0387644659834614
1.0178763245187512
1.0456408535042647
1.0618442737763365
1.0403764857962965
1.0379340934938572
1.00941266713065
0.9941948869229733
1.0263179689803572
0.9972024963285431
0.9894451477356838
0.9898775016246898
1.0791644689203277
1.041595748817758
1.000297682346589
1.057371060009476
0.9953412112103053
1.01323628175779
0.9964100721191921
1.0161017800695082
1.0138635464815586
1.0041895419834042
1.0300513466373658
0.9849644221002034
1.0278477998610438
0.9885453480342357
1.0126857701911383
1.0266880352565892
1.0366592795542502
1.0215838795652046
1.0116396207029632
1.0261509480420536
0.9833661928883777
1.0129247693149177
1.0296726456258654
1.0274634740961692
1.0244753899273822
1.011560473677906
1.0360582098294544
0.9975055463690584
1.0335286822308603
1.0259073385341846
1.0319069665901996
0.9965525562824042
1.0111941448535426
1.031573877940516
0.9972515917085547
1.0333394781884286
1.0104521455298912
1.0387803936215616
1.0555369759119113
1.0198458122242635
1.0647387045798893
1.0463157397991085
1.0241821551832015
1.0564612284212558
1.037659394889801
1.0483745141786591
1.0301951699323095
1.0373489541370549
1.0610157517526817
1.0492329628233075
1.02681021603208
1.031703276231175
1.006524851682119
1.0112628473490404
1.0099169667375716
0.9979236344392263
1.0253002909964137
1.0061466330404643
1.0123054642111513
1.0007510782996574
0.9875818246083578
1.0278355831220023
1.0657794585379703
1.0565758080833585
0.9861454901775157
1.0008532741336098
1.0408593249722047
1.0604102937838646
1.0455539481445917
1.0467222659146378
1.047845382935848
1.0453548298571858
1.0493250236140645
1.032787242889517
1.0577556330671667
0.9949410494699839
1.099721394660776
1.0721990200229112
1.0476604096984474
1.0454849617317306
1.0160896009850766
0.9938929870222178
0.9878544976662245
1.0287018863049928
0.9989556070876798
1.0208012565671123
1.0078335775715823
1.007635365546268
0.994816443676118
1.0060294221714052
1.0112395300696604
1.011108443771763
0.982765650190322
1.0160446922427884
1.0157837441096804
1.0296203754757494
1.0120809652202687
0.9790385108151728
0.9822561528723947
1.033559526183756
1.0281077341558826
1.0143740756617587
1.0128906926333598
0.9861536628700035
1.0209688460797561
1.006814050897007
1.0166843879340774
1.0070607781975283
1.0181362355626409
1.0317920272470669
1.0226565796042784
1.0240010762269942
1.0036695949303533
1.008642558641649
1.0203866888398667
0.9863799795678533
0.9807048567756942
0.9762749506871288
1.0098870904755883
0.9824348648425728
1.0085869812906965
1.0113171187133656
1.023553134372127
0.9974550501498344
1.0045857735612949
1.0102583703840857
1.027958770292927
1.0275179468570912
1.0113211760712937
1.0271252477965942
1.0333169849109916
1.0277913187090841
1.0321338303024803
1.0339894526975217
1.0166199454639497
1.0049013696007978
1.012927016458902
1.0093849131206476
1.0389048081436922
1.0224893040911378
0.996394243324181
1.0156879732070636
1.0284750586643245
1.013692802161375
1.0335232334187228
1.035028890216248
1.0177813043854862
0.9955905396219034
0.9939385063907353
1.017945427180786
1.0038642963315305
1.0052543353182284
1.0378038330296042
0.9993127776886966
1.0149621999332497
1.0257595309575442
1.0047138947980718
1.017966180814176
0.9923601549802633
1.012321427567732
1.017318473650393
0.9990899447786964
0.9823487871789425
1.0236261919246121
0.9916512878960118
0.9998453090947603
0.986859848145564
1.0091324043563838
0.9867198197644156
0.9888942450798337
0.9848146474738915
0.9858913581537067
0.9933837837206833
1.0106439187593204
0.9883061730367736
0.9831105852308681
0.9874664680963485
0.9855152985512982
0.9731959038489044
0.9806829550651338
1.0369685189319142
0.9781121400820177
0.987755213013906
0.9930485114277016
0.9956660615581805
0.9946564277940958
0.9903480103556406
1.0086614156523004
1.027393382405614
1.0142779962626867
1.0869775037928169
0.9920005815193566
1.029958872586103
0.9949871678865045
1.0004560154432178
0.9879574492309521
0.9835581724475546
1.017596027120574
1.0234067902609891
1.049795787569784
0.979111844275838
1.029645322813845
0.9840982566574044
0.9897989254645825
0.9804194341868225
0.9875549635376052
0.9917425936153151
1.024631636987003
0.9870545314209622
0.9880590209799998
0.9806372473081695
0.9980365423685249
0.9967659244168539
0.9968032330326198
1.0099879638095248
1.0219370455552668
0.9721610409841362
0.9977034400725182
0.9976533101596233
0.9791684256837216
0.9963687588236916
0.9853158845091203
0.9913057172105304
0.9971774637500671
0.9837657684819483
1.0009991648974088
1.0125449663933843
1.0299958505005473
1.0108211004915522
0.9877791339979508
1.0428249845711877
0.9996904254479289
0.9939098445297297
0.9909529286184051
0.9913290753222895
1.002580702760857
1.0142582232614041
0.998991811845474
0.9926136265516753
1.0321539038582128
0.9835305890583452
1.027919133114
1.0015993753193853
1.0304020799415836
1.0016811026073396
1.0154444798365732
1.0522701307958513
0.9829318999858165
0.9730707248688505
1.1000168266361918
0.9840974543299794
0.9886814895732003
1.127887837250761
0.9964248711181861
0.9793026146774715
0.9873774868675402
1.025564515581212
1.027187446710914
1.0109783494848004
1.123467068417417
1.0350641094761428
1.0271459887497154
0.991285805108874
0.987211494597895
0.9964613994683982
0.9946433284070129
1.0177476590698151
0.9891082418702475
0.9869555101040361
0.9857413991627642
0.9934049911152909
0.9852622891718763
0.9898666987812611
0.9785309895987373
0.9901469274154613
0.9899709330797807
0.991496067948438
1.0341653704993004
1.0357897988932874
1.0268649607309979
0.9928515453949294
0.9893837018122303
1.0103925656684114
0.9913207063233257
1.0429547645004058
1.0189044085623085
0.9853181243215653
0.9922591229741069
1.135777947471522
1.0307333741064943
1.0114009604494394
1.0224319281756977
1.0024963383220062
1.0012934844180452
0.9844332812448646
0.9749978750525706
0.9836828754693681
0.9827021053135656
0.9854803765315585
0.992858600788663
1.0273931711951194
0.9854392673565606
0.9876850900155822
1.0218890084913823
0.9887881140855728
0.990205161094685
0.9814144745965281
0.9849464574651641
0.9875013412957825
0.9930728007120562
0.9912401427588164
0.9880398052920192
0.9926728710450454
1.0180060815378986
1.0125229758156993
0.9810883756747621
0.9780175148430917
0.9962613007620863
0.9958559731759415
0.9873882074664401
0.9879751557210487
1.011385643964398
0.99174994330614
0.9941932736683894
1.0172089301635467
1.004110044401292
0.9862263726146047
0.979565630981431
0.990445784780903
0.9873076697525216
0.9857064996825455
1.0218725740981034
1.0218270332303785
0.9874774732372685
0.9871116387306043
0.9880830123479261
0.9887148481795883
0.9873192485009339
0.9808704347028158
0.9856923544312215
0.983499814765816
0.9849372873164752
0.9868594397500574
0.9916373897388604
0.9868047638566237
0.9838119674382376
0.9906557608349766
1.0199122185131815
0.9862722871416189
0.9903201525021169
0.9886123927434287
0.9852664504319634
0.9950603263971705
1.0167016424846662
0.990371993374338
0.9952030905104199
1.0189329795773006
1.0112798206544014
0.9855500813193956
0.9856623293057305
0.9928902240025043
0.9846134012166763
0.9873091999509318
0.9865390278758215
0.9891889497779796
0.9889358286395785
0.9881778220596301
1.0137875673942216
1.0186672945965243
0.999031184232353
0.9912425199544002
0.9812122284084512
0.9980865267438743
1.0189602969117826
1.0087012990816666
1.0166571762432957
1.0209178356416813
0.999271330951893
0.9794078329011798
0.9824014411682349
0.9857520021937957
0.9849446548311068
0.9686074781298506
1.0103485332077002
0.9807016552791767
1.0085028409474739
1.0417420449618087
1.0395270736849265
1.0094585042763446
0.9955402782489065
0.9958098133623473
0.9999591035699223
0.9991213028862704
1.02549581785041
1.0270287122643038
0.9926189433102122
0.9993972015723871
1.0210215667642886
0.9976976043889121
1.0061908179171142
0.99073223442929
1.0199156603723263
1.0172220431496581
0.9891951581312728
1.006973186127391
1.0038331647137402
1.0467486036595088
0.9911382162791187
1.0182718528529684
0.9909049643851591
0.9988855559543769
0.9915179901608393
1.0048383020760578
1.048523024065836
1.0210159444357303
1.0189037848039946
0.9959120146836316
0.998233447493565
0.9925698181967636
0.990738854783509
1.022499857940057
0.9911768453032511
0.999617102773503
0.9977284137058151
0.9998661735257773
1.0097784265237288
1.0294775971427212
1.0055921710608449
1.0086833491687428
1.042411786522868
0.9947700073269721
1.010971102696732
1.0136605647019035
1.036581717198114
1.0179609565044783
1.039957976944307
0.9823662272039643
1.0225485895355988
1.0064533495273076
1.0002753333053573
0.9779370332020489
1.0290784384829341
0.9803716466915271
1.0206453143284784
1.0391003606837559
1.0402765352249297
1.0182625445777562
0.9946512893395981
1.0323821738427938
1.023033418993665
1.041874826270155
1.0051686846487404
0.9982293388403554
1.0162204899608116
0.9974446543186801
0.9872127892999888
1.005823113209027
1.0272654789058022
1.0344881701053406
1.028734267276869
1.0215429527618947
0.9882293251789196
0.9944003649712518
0.9984545084248257
0.9915279751261693
1.0280689077651028
1.0211545439958967
0.99193599684383
1.0214590796621152
0.987828908000197
0.9937684909243505
1.011298580214362
0.9978880698074152
1.0126979851480689
1.0279896774638755
0.9945909820801327
0.9919691303319735
0.9946022405192643
1.0162810034595264
0.9999832103072285
1.0255399843197215
1.033902403163475
0.9842921753030639
1.0309862465112
0.9933471599625818
0.9985984589623508
1.025694471748229
1.0185432269588603
0.9967226900338885
1.017102853841468
0.99869354368955
1.018681634897757
0.9982983720441663
1.0435122682156053
0.9865992418694942
1.045594236201457
1.0929116008424138
1.0196177866489164
1.0806174458785387
1.032688534733981
1.030760855724915
1.0640870020286528
1.0647302265312104
1.054607010375352
1.038986701486021
0.9784444909266572
1.0730501537704076
1.0583405872184461
1.051344849257371
0.9984125433053631
1.0156520406430345
0.9981524056916051
1.013956590818536
0.9965823536571572
1.007155689086684
0.9963217760632654
1.009421840405046
0.9975644682264203
1.0101192683652083
1.0629291450070393
1.0470856644170747
0.9882286087547898
1.0330339903802315
1.105862772205822
1.0732141375672848
1.0875141116112788
1.0492800904861013
0.9967890969133526
1.0582284281434986
1.0567717572073054
1.054325348044982
1.0275558138553365
1.116064692218028
0.9903106622333404
1.0429596048397616
1.0618815505613428
1.086523734956414
1.0373385670652542
0.9930002921863677
1.0081871685110444
1.0410563895538714
1.001023074167097
1.0075368839994918
1.0164032954942568
0.9898542365848929
0.9811050494730906
0.9869038950208878
0.994343824398045
0.9860734186489415
0.9738406925399857
0.9936538380494883
0.9890463207234184
1.1468588302325373
0.9866036427239109
0.9927890733273536
0.9946163381204206
1.013859824592135
0.9789366786490609
0.9845540689128068
0.9937287822986909
0.9987639044921309
0.9840439086461641
0.9958854962883702
1.0245880276418304
1.0398346695642031
0.9932064637262761
0.9860203341106667
0.9939723601480926
1.0282738938767246
1.026389059954518
0.9963528546144511
0.9857725625008966
0.9882630024036354
1.015370979773968
1.0283308226509649
1.0160677028846594
1.03258641435442
0.995256424872039
0.9875409288493276
1.0013407675672945
1.0003182105539876
0.9910993767878973
0.9853824133289042
1.0270559009831952
1.0220106366564756
0.984781044098398
0.9816762812876689
1.0335852085035886
0.9921269679748302
0.9977281182010056
1.0204543180985055
0.9945061550289178
0.9863936963768566
0.989596249524207
0.9908094251512706
1.1644050787387814
1.025084322246876
0.9750882037211535
1.0246678078424112
1.0158901151187971
1.0441342731042629
1.0140341723838777
0.9796181214218495
1.000301705345439
0.9887422474810059
0.9854620182419364
0.9793174899003025
0.9850209237713672
0.9893426101556324
1.0070276873389588
1.1586062383689728
0.9781423279110898
1.028615952703997
1.0236307980048391
1.0083545656917958
0.9945929099159226
1.0164496827086784
0.9951207767894765
1.0000453069855766
1.0097763847423844
0.9958248975427726
0.9998630934813265
1.0059952276927102
1.0152654346381933
1.0369307396588163
0.9912201122826423
1.022821677543828
1.0201685179185416
0.9904873797907425
1.0276937709971086
1.0384439771567957
1.0623547346913034
1.040379246029511
1.036516644803903
1.0056003217972647
1.0091245153199473
1.0379640820768399
0.9986278303611069
0.9961461022442828
1.0486815326515573
1.0455053541820547
0.9965038526427692
1.0196983589206423
1.0647125482734672
1.0125399982803136
1.0243497493816638
1.0042411261225506
1.021621690214738
1.0079195081776309
1.1077772801181702
1.0036709549422371
1.0081101039776832
1.0259881606669172
1.007769699067116
1.0936248500598018
1.0493673497683256
1.0191645921450418
1.0352938794582922
1.016505262845833
0.9991393365974417
1.000196174236232
1.0469213171707046
0.9991711051496202
1.0224512649494175
0.9997860771761596
1.0259381160941845
1.0031230441395027
1.0223773292714826
1.0329067142804647
1.0641182470209454
1.003144295397358
1.0109167199905233
1.0180498303826202
1.0153283563666025
1.0417706632559107
1.0372381198362577
0.9940179957853277
1.015269319243043
1.0256183579820384
0.9928842511713121
1.0381787760608985
0.9968224146237255
1.0622749507888618
1.029389628683014
0.9963050918112026
1.0517251019723792
1.016947913786327
1.0684938630562635
1.0171326853709428
1.0301397775814123
1.0430393713048942
1.0320101668398496
1.066839859584042
1.0426826455772567
1.0299270610632418
1.0269953762156518
1.036270992564806
1.0620078855330766
1.066783370577901
1.0323252963287435
1.027780275812876
1.0292883460031745
1.0858039130762147
1.0540102560335654
0.9963126294398263
1.0804939043606898
0.9956167742392674
0.9981675709188975
1.0982424467007095
1.0706986778169605
0.9927285459706269
1.0399291024858477
1.0016895256071534
1.1557038765073178
1.0138844186791272
1.0210397559647153
1.022532402995754
1.1004434033181583
1.0462870930801178
1.0590322514496506
1.002024403210594
1.0463307920590257
1.0155132987297322
1.0656916017408176
1.0568369465565484
1.0139677719649238
1.0163495381123877
1.0167338478905834
1.019873941509529
1.00027325317668
1.0127444304132103
1.0229577266875525
1.043233560441463
1.0033727684994234
1.0090229903069137
1.0316489623097556
1.0221181777902049
1.027033865581621
1.0486380077977502
1.0237951685251159
1.030670092225147
1.0605360928399954
1.0302020873516875
1.0294223567041034
1.0149511708027545
1.0236238320173299
1.013775765594374
1.0183828978313405
1.0204555418714905
1.0305220700761495
1.025642665788445
1.0283549989573393
1.0072200524392358
1.0174464444884908
1.0115431498786451
1.0043490679583624
1.0238725251890641
1.0223041226806355
1.019748230508521
1.0049171971970376
1.0279106030801841
1.0060283757557722
0.998178688303172
1.000243202639124
1.0063713847632332
1.0054683697700804
1.0169095843056557
1.0346369804797502
1.0446226761473993
1.0130130247295646
1.0241977304712624
1.0326750112370622
1.0214985562901662
1.0296290327117412
1.0184159131205683
1.009502308011512
1.004069518662241
1.0334522758393612
1.0322336423750462
1.027046412329723
1.0182468960512965
1.0236884814533629
1.0177507844874312
1.0245443876304514
1.0249842605833694
1.0137571871331708
1.0108514356838443
1.021428024188574
1.0262507481630814
1.021636627078438
1.0148113782727979
1.0132531580532464
1.0235646716051172
1.0072523024532958
1.0062393891747174
1.0011268767438752
1.0122673616615265
1.0126874419512775
1.0159448134834919
1.0166595221400654
1.0314763761879608
1.033213893286289
1.014785542855879
1.015728519612375
1.009055973096398
1.0101462714373115
1.0184348147395927
1.0158013689127583
1.0144373871815924
1.0169349906897824
1.014620033444819
1.018185421791966
1.0217767021873365
1.0113269624412875
1.0103895029996024
1.014567403983574
1.0210989133785264
1.0196480316302563
1.0220517890577385
1.0172168438850333
1.020254980641151
1.0247560039212662
1.1420084044465053
1.0119048693294683
1.029392709780172
1.025101539002118
1.0211236727956012
1.0269482449812652
1.02674451089292
1.0112251151741245
