Model: LOF
Dataset 12: optdigits.mat
Time taken: 2.646366834640503 seg.
Accuracy: 0.10666666666666667
@scores
1.0994035945322538
1.1062399181954805
1.040809790146867
1.0276382252831506
1.1453572834281496
0.9851674136054666
1.056864967376749
1.03939214326395
1.2730910045238755
0.9835241828571073
1.0814983129853943
0.9827830376287995
0.9896460575152544
1.01889695757416
1.0820716694371135
1.1172609759441758
1.0306814689510695
1.08241947735709
0.9725990321760678
1.0100643721750848
1.0320030855200417
1.0528342471485477
1.0167696696830113
1.0221951257008612
1.1534759793244198
1.0647689635128286
1.0439157241844559
1.0766902421848301
1.0149798527868268
1.1241445785629374
1.0258157661948482
1.0450349581387588
1.155150869953664
1.0892420947741237
1.0175099415607582
0.9799999252083296
0.9948570975393398
0.9934856206714603
1.1280370300443119
0.9956851016630173
1.1069324500728366
1.1925844992527315
0.9905652151789374
1.1183755798139434
1.1383629413624814
1.0768918641737188
1.1910718499750566
1.1630843701658184
0.9724193384855295
1.1244645853084323
0.9814600479322365
1.016958004432213
1.0476047156622097
1.0855695530950586
1.0234996335197906
0.9996792098393719
1.0109937202389925
0.9752784212436787
0.9824740150369694
1.0317408115335487
1.0552146884350009
1.0746872993504404
0.9933599189008406
1.0414330073076694
1.019845327513602
1.0637559823889253
1.1628896689623944
1.0039020798560807
1.3100011488156287
1.0698675607553518
0.9961516462126347
0.9989105696038729
1.018923002269942
1.0103339936225553
1.0277096117281137
1.1058396673406643
1.2307377382006277
0.9849241757480831
1.0372733206372347
0.9996178402000563
1.008670831499019
1.0618620012552857
1.0319653572156722
1.01735073453085
1.1070962506391242
1.0605182399987187
0.9950896327994734
1.0433158878844708
1.0499415700253807
1.023968040934746
0.9870800123290506
1.1229359734403086
1.089658914703663
1.0203414643596092
1.1074818672141638
0.9775491103815199
1.1421107137678468
0.9819281017616275
1.0884628196454211
1.0077681128265297
1.001266642112947
1.1568470370272996
1.0266986519807513
1.1330137084707852
1.0536897992647138
0.9787874980825093
1.007874169535079
1.0245157483395069
1.0980350062583641
1.1093544818343886
1.0894337744925
1.1615848787640648
0.9808658622484133
1.2176848069351642
1.0833667805258542
1.0623958184789293
1.1861060273908692
1.0691583707400256
1.0007718805137378
1.10180577951698
1.1578667886657983
0.9844220149470757
1.0265195755448766
1.0365773998250467
1.0381304062786438
0.9833083172662735
0.981810096853479
1.0245282052633438
1.0687055878656522
1.062717719404885
1.0138752594267948
1.005018692037519
1.0415526402831887
0.9843846591035252
0.9968102235364255
1.0227032629718955
1.0354207260636672
1.030627250206788
1.0211817345754275
1.0356557845173693
1.013235229776403
1.0324512005761748
1.1516437774889703
0.9914905571312952
1.0952798186043542
0.9784193865448936
0.9951558472549019
0.9778454280715735
0.9894418866200363
1.0218461616065562
1.0303035072977464
0.9880322287637757
1.3518579522991536
1.0771785817741661
1.094985474800829
0.9912999753093006
0.9896361576231868
0.9881954621870312
0.9866653287983633
1.0516494431095422
1.0058137766313167
0.9834097610632181
1.028146223831273
0.9941122264682697
1.0124347795731061
0.9915307546345288
1.0699903534455506
0.9926136056905277
1.0338997389607638
1.0749777947427221
1.167142378311815
1.1124655568444934
1.0332610786963705
1.0555094075957783
0.9796892469164484
0.9873884940744679
0.983979082819116
1.0690789102791156
0.999880677699962
1.0075989451161607
0.986837316575056
1.0753597318675436
1.0180432364761869
1.0593679369509552
1.1582243206065561
1.0139940274580488
1.0163926149515574
1.167420113690437
1.005579773475356
1.021678818132338
0.9916481928584016
1.2102094746258598
1.0515420618585138
1.055397880342134
1.0350668287247822
0.9991915445254594
1.0282830980778135
1.0423158793724692
0.9997048191222854
0.9879333940070592
1.0394098119789184
1.0478447558837267
1.083111391965484
1.0051890122701541
1.0426044924782727
0.9948717818468046
1.0878259582602288
1.0066753587769977
1.011096383891739
0.9921679655931808
1.1761101833764809
1.0152223095148403
0.9977118279878011
1.0623940458327936
1.0413780392898577
1.0578209415161215
1.0036863773012705
1.07220083351546
1.0102159500245027
1.0774834619921
0.9925374081008993
1.0060380168863952
1.0306821058115296
1.04908992308417
1.0643794352435934
1.0509543379396813
1.0056642366266124
1.055090542919825
1.068009292572794
1.0017714187386442
1.0581184695154078
1.0271261130906553
0.9752039416162439
0.9917751388956917
1.0144636616150848
0.9678098511440952
1.0214944946194664
1.0016932943271644
1.0289319944970698
1.0950852909022362
1.0187931689747731
1.0156089615313044
0.9994929817024939
1.0217723372314491
0.9867148745440975
0.9970009446270949
1.001187843151428
1.0239934946943232
1.0987914414568627
1.0214267941183357
0.987474168393749
1.0104105356278594
0.9874152741302907
0.9962897654150208
1.076891630889787
1.0734505285976308
1.0039595999693431
1.016862576872602
0.990912238268516
1.066219566429593
0.9916599617895011
1.1982319209895993
1.044061374732406
1.0448408715181396
1.0950242043800542
1.016325590023649
0.9756487145025536
1.0116759032287557
0.9870359928929613
1.0059030394033976
0.9894773128690268
1.0221270322899942
1.1755552245631458
1.0301014308353733
1.0082623774645554
1.0039999628115923
0.9919425582127017
0.9808862209229469
1.0883266835651406
1.006876634546353
1.2731513490427715
1.0298246540790925
0.9894061934465743
1.0162803334871207
1.0358899143267812
0.9824720609198454
0.990519371898708
1.0593846927740187
1.0125595045465028
0.9813817270294292
1.1148402280514589
0.9919929732584766
0.999584168922295
1.1507712791951155
1.0107277806784203
1.0085660591961652
0.9887606995052017
0.9733838476606576
1.0296054547643905
1.2470319364514466
1.0401348694910708
0.9952974833884035
0.968880604003896
0.9940480865950716
1.2386189968611183
1.0095071538271267
1.0286306400628529
0.9851997925861926
0.991025805302737
1.0953794820994278
0.9995561799503088
0.9796214337599572
1.0309208427185845
1.0273874745945382
0.9914469250076936
1.0129031309864023
0.9852610782177385
1.0537974797891891
1.0499717871103837
1.0073254468926514
0.9967527429572305
0.9922945139742325
0.9876925406991013
1.0074015013538087
1.0729397088278796
1.110156313148166
1.0767420865535522
0.9831612749600852
1.0087894193520885
0.9811822743738228
1.0017796565929644
1.0145811611316655
0.9891300239681364
1.0319796421419343
0.9993960542430136
1.0375921754459208
1.054636389811923
0.988152944547452
1.0173551977173996
1.0211608906101564
1.0541975175644633
1.0590943445099836
0.9909483683771108
0.9931674311479849
1.013900792991492
0.9785583437024717
0.9858237314094532
1.0427522882023301
0.9955272766955889
1.0745068077906959
1.031672890677177
1.0658071794622603
1.0600800758310263
1.1119408767048218
1.0817065551253235
1.017888704414027
1.0085422502262964
1.029807638424906
1.0641449607654943
1.035232227879313
1.038342838982883
1.215971461925362
1.132861360048032
1.009137019853679
1.0005677099667978
1.0074904092850692
1.0052951483687895
1.264233189285197
1.014715659644312
1.024453553621514
1.0500952936503285
1.1632194575429282
1.1296189129303384
1.0142212592042166
1.0214392979371654
1.1452850114485784
1.026679909821966
1.165066406713295
1.2492466923915573
1.0216274717442886
0.9835846632155091
0.9842405543684516
1.0049831311803659
1.0214638689005446
0.9908792388680621
1.1025081603150497
1.0837496982596526
1.0055852307900983
1.130899081212138
0.9992125018018403
1.1069776436441898
0.9973008166210013
1.088265878673217
1.0589816777503507
1.0625779055541213
0.9714305112589893
1.017825767027441
1.3461111421018024
1.1335842353017624
1.073549111500715
1.1581499507251485
1.0527122251739263
1.0374179141706734
0.9945407477299678
1.0268060307185285
1.0788993650244665
1.0286235245146809
1.0226984460670923
0.9817842149522911
0.9875201094544455
1.097743210789762
1.022867740772682
1.008567189127983
1.1098187591981632
1.095830974938363
0.9928810140177721
0.9889479720718933
1.1832362339078937
0.9895894459888052
1.0173924431982768
1.0041625710667788
1.029232970444026
1.061840135009657
1.0792291804461713
1.0249584258912456
1.0335612939280079
0.9792898677582859
1.091975613844968
1.0104737643994868
0.9951955392571342
1.1047384968723482
1.126501034520001
1.143997321000996
1.0267186093448444
1.0145546171245274
1.0045048330018753
1.026055274921623
1.0459220441118162
1.136961975093562
1.027120570425376
1.085158459236988
1.243912910239724
0.9845770546961214
1.1722160895517497
1.021711808748797
1.074577203081902
1.0262785203492593
1.1145154287598005
0.9954858322529843
1.0643741495752772
0.9978767108305613
1.2084517487740076
0.9846499107608044
1.101764067930201
1.0465223951899674
1.109386587719784
1.0302454962015437
1.050371638943584
0.9970813675756309
1.026914374020894
1.1608029379068943
1.006035446373902
0.9913937902268983
0.9994780272616799
1.0161014265474813
1.0793593155436194
1.095056519324142
1.0124768523770429
1.1189477136423938
0.9885309612848274
1.1581111713658228
1.096165304994683
1.044062854477923
0.96979777064279
1.1345233906296261
1.1094680395496908
1.0403705440805684
1.0758384630207676
1.0671849876268253
1.003992454610951
1.0335694329789709
1.0893721459394983
0.9880805773609607
1.1539083555136669
1.0594807048762331
1.0096100004811759
1.0221916707514107
1.0363898377788967
1.0049570511811035
1.0303215424154213
1.100649834360971
1.1527338785936931
1.0692048538548837
1.009689393986402
1.0615883275554856
1.0320961071365962
1.0938209728000223
1.069823153511756
1.1184853548469607
1.0809467014294412
1.0120550382218565
0.9898786458177142
0.9885314534083598
1.0242020841727288
1.1536626462808834
0.9930902935350007
1.193820063894837
1.1431429943400928
1.1343362699423625
1.0515367796503672
1.0938865819152293
1.118683306510514
1.0060051327337904
1.1313727471251973
1.1899501234164616
1.1696427740565487
1.276033502468657
0.9962205740515311
1.1785817987494174
1.1171618144917526
0.9993231639824437
1.1165284935379438
1.0035647936269634
1.1366045792514643
1.0425151660105387
1.0805591600672706
1.0461983457547732
1.0008196771235438
1.0512643674820832
1.1909367418186283
1.0877332240779394
1.0454839580524369
1.10593710600488
1.0492347805401534
0.9873495275028764
1.089091003505755
1.168784920252449
1.169134342106522
1.0095929505160766
0.9919950061685855
1.0272579750658735
1.1419304780706585
1.0963302816229652
1.1953630028376492
1.0804871763464525
1.116592861840584
1.0351589471871605
0.9845414699616948
1.0039580303872642
1.059552044864085
0.9996514899822214
1.0855494526841774
1.0390616334027303
0.9995994471335015
1.0153372861581853
1.0834928627855294
0.9961345814220728
1.093818988566253
1.123847639055332
1.1409237592667032
0.986058605233846
1.0078969234657558
1.1467238350745563
1.051694160181132
1.1205099163857146
1.175324464249848
1.1147703827583375
1.0044434243056366
1.2520535001999211
1.2470104793802386
0.9991161366442066
0.992724397986031
1.0411871293131172
1.1121253079540208
1.0866000772582518
1.0835234657317994
1.0293419930215555
1.0408712584318371
1.070617435278619
1.066797067203424
1.0551291576650161
1.135044242533966
1.0826735333361766
1.008992000802745
1.0478413703971046
1.063940117721818
1.0103847314985244
1.0124180345982121
0.982132616289636
0.9904897808595153
1.0034249702612386
1.077933856890397
1.0939225830790935
1.041267943197713
1.0282580562293746
1.0454317070859802
1.0066079970484272
1.0569721947870305
1.0017389200957605
1.014401672887791
1.072677925747177
1.0482754589373013
1.178006217208224
1.0091803895790998
0.9946725493114938
1.1931144437977266
1.0135751106152624
1.0015151981178083
1.0127927236043113
1.3355017778226552
1.0121625096167843
1.0297174768715531
1.0667021267864976
1.0725633521243365
1.0156504273047013
0.9923479706551479
0.9886859104134522
1.070226668640768
1.1820453829928441
1.1491154891425475
1.1129446200722675
1.0710159250282967
0.9975330069236337
1.1344118944577395
1.0384828098728502
1.0566209018881674
1.0317175229194686
0.9918988990729591
1.1075954444545069
1.0318911082333437
1.0541699941851514
1.024743471622154
1.0077856115421384
1.0045352846848208
1.0304379004605235
1.0160817412493868
0.9853390167560112
1.0344583795586155
0.9938045710509931
1.0030442746734634
1.102207625806808
1.0334792690145618
1.0064049334751504
1.083472274210785
1.077668361681423
1.0982867974577493
1.0632414746799153
1.0549449743641373
1.0850273385242175
1.0969438985781068
1.1383515398484454
1.031822650646581
1.066992535207371
1.0075814500747486
1.028074954998156
1.1143337655032244
1.1367831257355205
1.022637466909249
1.0605095355482053
1.1093337333570878
1.0847860650242283
1.0927884548591114
1.053328291628093
1.0442490336359462
1.078253105921363
0.9934626134222985
1.0300077347745522
1.0197772789226665
1.075271943758323
1.2105173380260479
1.1254828011888545
1.0484178568476241
1.0426094529984726
1.0023178430386763
1.0434400157888424
0.9953268384405316
1.1478292775376187
1.063201110469453
1.0219866327647695
1.3112473669272586
1.1026166027637438
1.0669781555427735
1.0133359697873594
1.0727996096866714
1.0249376151338667
1.0066766523863022
0.9941662248769146
0.995676939635523
1.0002173669201868
1.0630486612660457
1.2323692407297737
0.9808626582350601
1.1426430644657535
1.0321052269329762
0.9881221746954193
1.00376459135679
1.0205953867191215
0.9950428371147317
0.9802964468644275
1.0070900380554169
1.1124513026772493
1.150381315452538
1.0346696079457733
1.13593593923857
0.9932884637697438
1.1923524830925418
0.9771994732359947
1.2659618145973617
1.0119737500757346
0.994634355072072
1.0446729294150856
1.0197696549567075
1.4163724982450085
1.0017197936172133
1.2807864137992895
1.1972721825561246
1.0850388696339612
1.0111349916681047
0.9837803099128
1.032380914479362
0.996434817530452
1.035832981014048
0.993464201107227
1.1231022987397854
1.1058312347862862
1.0429166412830901
1.0962885618903366
1.0043515742745268
1.0752320836844143
1.0459252351601231
1.2518566275446188
1.0155214668860952
1.0031832849172333
1.061283391981588
0.9784196179691327
1.0231484922587604
1.0137455738820658
0.9939821620085902
1.029360306953193
1.0114936368960616
1.0109924016229654
0.9767015010711664
1.0166608676828655
1.0730706661598042
1.0726859243677325
1.0136817820952804
1.037784342789646
1.0035358288812877
1.0031318580600348
1.0390822455799227
1.056239553460156
1.0157269701175853
1.0883618817545444
1.0680623072983142
0.9895738358867637
1.000266936668482
1.216070841278197
1.2312646356534958
1.012734077149186
1.075868889875659
1.000832937611527
1.0479576276221427
0.9975122574939836
1.0294253863021674
1.04930128368233
1.1065461135991546
0.999299337658037
1.0956165289977664
1.0865831072554264
1.0601403481774268
0.989771435565487
1.0758346500349498
1.0856674320209811
0.9967576592317154
1.0235092387070401
1.0658810547962951
0.9777912583919622
1.111578868601192
0.9765715816052755
1.0570089745709197
1.0043724725471095
1.017273669945237
1.02811979798993
1.0731329185570146
1.1412346994484648
1.0843790090625454
1.024561040577619
1.080669299857942
1.0223094937633563
1.0450548709232252
1.052748815295754
1.0016755599062575
1.0031867817104334
1.118894826678721
1.0352595770655437
0.9675807362697639
1.0122365207314907
1.0369517598057274
0.9961004826854134
1.0326573892297826
1.097490627436312
1.2189340541371725
1.0167710833575505
1.05496679962441
1.0680322673349092
1.0453177453463285
0.9819292210659427
1.0542945654573705
1.0616733782832102
1.1691737867720189
1.0004128817686329
1.081396325944282
1.1114876464428893
1.021419031696733
1.3929311427437538
0.9977936892249334
1.0168053899329519
1.0572182398089314
0.9930366189523163
1.0166406799514482
1.0327171477331052
1.1314542552853786
0.9936007645579401
1.0299048220615583
1.0025460666423256
1.0697258921022468
1.0915070653763759
0.9973136520906707
1.02617897244018
1.0020601660786177
1.1550413332819478
1.0071716031357334
0.9990440510378372
1.047160935830441
0.9841087299795813
1.0151527222235168
1.0166350458892388
1.0456808654425058
1.014101034340523
1.0232407887333128
1.0250199626191625
1.0190547880485494
0.999599215295272
1.041661948195043
0.9737754170916532
1.0030338666888485
1.033697149259172
1.0004021917011552
0.9867997963545154
0.9949074102735331
0.995924410376662
1.0494387407907757
1.1139118690229004
1.0908745926581207
1.0724985166500294
1.139517299715616
1.101599373597054
0.9971603368857966
1.0159781150694969
1.1199629424865243
0.9887259243830375
1.0168524037765614
0.9689946189272576
0.996524520354904
1.0501279530282768
1.0089979159003921
1.084815529913352
1.0823427386514364
1.122309205152435
1.1489829459025063
1.0890352695081142
0.9989713522366914
1.0371573559361713
1.014453781635877
1.0094115800312675
1.0204724084695542
1.0526617615997806
0.987541553205791
1.0245094841787594
0.9917094613431431
1.0057361578791146
0.991659979357428
1.0033632211620453
0.9926429974973331
0.9659772206277486
1.015535729775646
1.3468043596212402
0.9904945321343217
0.998008680062884
1.1485929388691942
0.9888662082796126
1.050103998837049
0.9927491668014092
1.200334389913625
1.009386025242514
1.0406009327077295
1.0750082930141838
1.1414031713271324
1.0370888057792633
1.1723521360521771
1.0495127375691224
1.0682223428030395
1.1066117310175134
0.9811434371428843
1.2080579452578126
0.9688438562275069
1.06656906816166
0.9850550451716856
0.9732926824114623
1.0406287071669325
1.0308230700853032
0.9884073783200169
1.0013504100292816
1.0573747972936633
1.004805912138878
1.0214032602273881
1.0037290081158607
0.991312247684571
1.0189671239965477
1.0364995294503605
1.0700365846867075
1.0702765014988551
1.0660654822982953
1.0085566202340068
1.3204384892075238
0.9917210313367374
1.0011022592956649
0.9827642599546715
0.9867489178520066
0.9883846018283895
1.0449158890461803
0.9898458016034251
1.0054263781571686
1.0423565961728447
1.0787987527991527
1.1397283140311718
1.1625865390618795
0.9748969578137322
1.1008537424542657
1.0436929635622265
1.0130957268644711
1.1028140027407392
1.0154096486339084
1.034751402148499
1.040033085898433
1.1801281714460354
0.9775918688608065
0.9958299426688735
1.0270421467178
0.9782160884027565
1.0165310696092216
1.0314174641483294
1.1516852777819742
1.1566965777894398
1.1207474633370211
1.2053017099946324
1.0165428460491066
1.0928134619445182
0.995807922876018
1.1261195503473793
1.109941761466474
1.1549767070643866
1.1458647155007555
0.9766036136267198
1.072645209143316
1.0309936122499426
1.136915066097777
1.1278855886689656
1.001652158645572
0.9935567677894388
0.9986201024072541
1.1694304968676978
1.0939872690029184
1.0077243262775253
1.0760308918404216
0.9856234851071874
1.1865042016093164
1.0479942861436717
1.0197696872595707
1.1189840248403153
1.0597313583117107
1.0311881300886536
0.9886453097468895
1.0088644586426772
0.9920066998246965
1.0199179124689615
1.0601990434022392
1.1450092772271743
0.9670766373094472
1.1055780419877124
1.2075756102842996
1.0130922830249447
1.012078692613767
1.1213386293473968
1.0353211214214952
0.9981309520999219
1.197702682027092
1.0192508144206112
1.050460139955363
0.9893437370518964
1.0372471481533885
1.3775424481909138
0.9960418868774449
1.0178762001343835
1.0547618628896938
1.1483934614265783
1.2153011660496118
1.1522744789182633
1.0336290385661542
1.1453810602184737
1.0097449147363398
1.085288157116211
1.0080311004827884
1.0748434579376085
1.0139042521099555
0.9795551303836388
1.0343749754090559
1.121787017307096
1.03054503581783
1.0889833530928217
0.9883684622051494
0.9890978134228764
1.1495906474945288
1.0512890811108935
1.0123072684478114
1.0099525461870789
1.1412050951202963
0.9786237373379066
1.0637290032165594
1.184703014425049
1.0276610542023787
0.9892674329166278
1.1335809693955532
1.202059758065954
1.0440669099741313
0.9861781165651922
1.423053409405588
1.1941399136998478
1.0268537372453428
1.2509445023358876
1.242360895089681
1.2185422666534722
1.1001164877619147
0.9981333070250116
0.9940666292511802
1.0084034758014648
0.988288968495646
1.0415281375321352
1.0387594419154946
1.0122180856004008
1.1947518352979731
1.0098561991781903
0.9802859322883819
1.042894004571513
1.029453071481114
0.9970420075609334
1.11913521125294
1.0746951900840493
1.0016295243767772
1.0019728010982991
1.0263368772491746
1.0696699297704035
1.0817589546955841
1.0983198271263261
1.0015396178431986
0.9847917216893413
0.9957624823340888
1.0132004685630047
0.9910556770564398
1.1122425170493324
0.9877671529681177
1.0265085042238578
1.0644746396731792
1.0024566990391466
1.0766318952524114
1.023541194015071
1.176600340234721
1.0133768478964158
1.1681040191264578
0.9885125102994803
1.0054451804090916
1.035790365268448
0.9903721442047745
1.096967045446282
1.0221715990058737
1.0390200994913472
1.067519914958249
1.0147159060084425
1.0053008104641472
1.0977869204507342
1.0046116661280988
0.9985292671089823
1.0665308206936737
1.0315359200548326
1.1173250874992156
1.0055906501756933
1.1083042983969578
1.0577469545113558
1.0818671060636649
1.0929094880647592
0.9971756441368493
0.9783265395462786
0.9876593765754758
0.9925489836835485
1.002985578520437
0.9868554162432451
1.0164661081991453
1.0677951188015453
1.018709295158866
1.048652467141285
1.0546448878913004
1.0449417133265007
0.9934912292092329
1.0221273008890743
1.0166651450848545
0.9999093202220886
1.071895964094938
1.1319984847208358
1.0797332464534102
0.965640856215167
1.0044560498294057
0.9907839949053564
0.9934403396643475
1.1244377328292194
1.0597779956539761
0.9916148998274066
1.0666265668845107
1.0048108439949492
1.0052981273680759
0.9910184788291723
1.0775805467274464
1.1033042175040222
0.9843933328452641
1.096422424812459
1.0387978042909547
0.9761902543347881
1.0465883749724105
1.0148056920844917
1.3066737337834269
1.0972406866900006
0.9804337784332425
0.9967979110102643
0.9935604619415784
1.0037046304947794
1.0255627459050598
1.1773032400764567
1.0439082697285298
1.077762010010999
1.1601209561986714
1.1415097357244035
0.9922601754872437
1.0673696590962392
1.045960187958669
1.000171263456086
1.025828556507302
1.0857043533446855
0.992094703373021
1.0034891518454185
1.0993027642220723
0.9787724291931383
1.081328170928875
1.1041592491437295
1.045518651798377
0.9973527463013111
1.0559517594702756
1.1462668220733931
1.034198990617207
0.9942076440205307
1.1901317509046565
1.0336366833304909
1.1515069964514075
1.0095149854149743
1.1015274063851503
1.146223997609493
1.1013784869573773
1.0332398164480763
1.040133515792101
1.0444904108739488
1.0633331883412527
1.0270881592249772
1.068473020903157
1.0621121845171557
0.9878309054565919
1.2022079335784148
1.066723184158812
1.0048104121311217
1.0572502995609703
1.0192966953077889
1.0092716992083535
0.9797289291070973
1.0731030015015786
1.0110783232168654
1.0267647644804003
0.9915676149104866
1.0830521734031164
1.0297283764418406
1.0182634118600755
0.9784798314906908
1.059543916732776
1.104860929859342
1.0034635826354514
0.9941702324681165
0.9860267492212605
1.0339080123969013
1.034733031293171
1.0432644259442128
0.98840905323101
1.0557663868373255
1.0056512666217317
1.0177473037121318
1.0183873610138972
1.0206767170202105
1.0168418509559216
1.0814479258807683
1.0742376543316055
1.0263405391690534
0.9864984452463494
1.0139294945224342
1.0340353538255833
0.9933037512248275
1.0007266823194056
1.0310822765173269
1.0119347568244674
1.0078286893350152
1.0085908129300063
1.0986875236743283
1.0103759813726367
1.06399827593118
1.0469450682230552
1.0032327181556406
1.0218885126544923
1.123270428998546
0.9845139313182141
0.9988174332477637
1.2807945593021954
1.0278928076371094
1.0349578147356673
1.185615334091708
0.9969100091915898
0.9978801535180324
1.0182071566160225
1.0503956417920741
1.0392001316221677
1.0214819096902754
1.1032682929073532
0.9871915199412076
1.0123343191322607
1.0086396847476435
0.9937804451023633
0.9737636417876399
1.1377880169564325
1.028182416358924
1.2775529081894736
1.042830446292829
1.131040496816761
1.0330915419291402
1.0906889515984963
0.9959807207071109
1.10053291496544
1.0701824449374646
1.0401991084198758
1.1068312982748374
0.9992894572810096
1.0002826394412674
1.0197840342100628
1.1303924367239735
1.0989851833745192
1.0871816660131108
1.1245369168671469
1.0388285266567372
1.015821696618144
1.0090851164473944
1.0109920442058857
1.2353178283652357
0.9945563166680381
1.036643944015189
0.9912184037890034
1.0082289721863873
1.039532806093516
0.9952267659063724
0.9873421259176437
1.0124794311043623
0.9955929701025035
1.0028686735855459
1.038819308057866
1.0539155362753658
0.9895961171476315
0.996690697916838
1.0041194806925327
1.0132083180225375
1.0553744265788798
1.0024302731246342
1.019804395616078
0.9916574428351558
0.9945862988740691
0.9877284090878596
0.9908828364888462
1.18905885667441
0.9960605498826659
1.0238752971559335
1.020503147040503
0.98403101775634
0.9886187253378778
1.0130815913774796
1.0130769887573379
1.0359068992739346
0.9954108206236763
1.0054463766155917
0.9889470058985663
1.0206884160916203
1.031752982818769
1.0038186566328093
1.059449666593655
0.9928775281993142
1.1040889353920535
0.9907073129206626
0.979996817777822
1.0674322382945536
1.0219339525811357
0.9911213801798124
1.0561232296769314
1.097755875942254
1.0120197176955048
1.068752410885727
1.0489661375555306
1.1677427231583057
1.0079701365135068
1.0017757121221946
0.989226277569953
1.0125536847378709
0.9971184368800685
1.0100548786600432
0.9772180095062459
1.048981699779136
1.0004350297919316
0.9908425903293729
1.0136032066374905
1.0570484631251689
1.0722170030862792
1.0628392765920534
1.0404332902949824
0.9842966959857329
1.1086802775866569
1.0073970455870402
1.0923954006468808
1.0511626619401846
1.0329188752798921
0.9756298310203766
0.9925491159021428
1.073604785230324
1.0126346456276676
0.9874565593449327
0.9991373732093679
0.9933496240434211
1.005868853277794
1.0196681743144624
1.004707275961992
1.0471791787228968
1.0059800106159371
1.0162184497099331
1.0831036501904923
0.9847689408497313
1.004830094893073
1.0813451987907539
0.9911465201366925
0.9920896014074284
0.9767684130239621
0.9947943116206478
1.0336765313098109
0.9972853343092577
1.06886377245532
1.0585416263090033
1.0492814315385883
0.9892439343067926
1.0082788491944765
1.0241427734695727
1.0073592044687028
1.0713512138400558
1.0192942212387925
1.0469104208107678
1.0317873652746903
1.0378653881477373
1.0351043833650142
0.9938522384884425
1.0006442343313815
1.0406353621100013
1.0367744633441813
1.0031002355178589
1.1304937904073418
1.038891047069631
1.0563570474483197
1.0421893922037466
1.1997732365080593
1.067221927951631
1.074680770786748
0.9977993861324166
0.9941354537476773
1.5904621471087235
1.1153115458065401
1.286783462650137
1.0035671691440526
1.0915433932393124
1.0191735614248805
1.0385284360844558
0.9774149344710317
1.0187717905126636
1.1942324422195403
1.0271384019168535
1.0996710140665669
1.0754026101283722
1.0045523625570942
1.0326403871144454
0.9880992455381111
1.1721094300901285
1.1145445989471097
1.1835650323654994
1.176545532192637
1.013770118732054
1.2001671774695428
1.1107834895611768
1.060610673794358
1.0577114770848826
1.2410921607504144
1.2566674980863766
1.145226256999995
1.0499164355625965
1.000401114940505
1.029345264888527
1.0354731409892346
1.171730448032927
1.09719217710037
1.0514712548134244
1.0221609528009983
1.169882916708795
1.0034830818379379
1.3929750086554467
0.9992301428257819
1.1140556591801463
1.267294795530192
1.0163645615941905
1.0696007010526947
1.0868760107504107
1.1025648764616058
1.1642503299696843
1.1894907292171664
1.071204230852447
1.0158747896571032
1.0395636619458501
1.0490291260579594
1.0349889573995275
1.0636098999360208
0.9888253468171451
1.028976000958521
0.9909672912332557
0.989136941741266
1.0969644711151991
1.0930311873513354
1.106483648556125
0.9967318450950178
1.040657123585856
1.1013691686287017
1.0002261273370125
1.005519858601756
1.1246202372479797
1.1631691152165025
1.0959449525288367
1.077987983625609
1.0557423526175342
1.0618920144389703
1.0337934499313588
0.9905104240875365
0.9685860461228476
1.1728829874303837
1.1097110350851969
1.0813030249747186
1.0146608204616556
1.0092975912026185
1.0122973354326907
1.0130614719313278
1.1082798761680641
1.0076855035137553
1.0972685912643771
1.059745714235065
1.1289309819427829
1.0561336449939347
1.1651477864136592
0.9955009210502441
0.9964735124067501
1.0292789640902638
1.0887361467016823
1.1869840111281593
1.0267406523410316
1.044786125590137
1.1914292517707137
1.1080395018746958
1.0422840552953307
1.049872562072104
0.990867599869544
1.2081608391382095
1.1312634985516252
1.086433514696088
1.1892270661949502
1.1795984604713572
0.9869570224336229
1.057792899623517
1.1207475647764635
1.0431070682532666
1.0028674411386758
0.9788964386190833
1.2454969435840815
0.9849258695589451
1.0268499770106463
1.0817184548597258
1.0746917956987576
0.9891049915670713
1.0140075632333367
1.015569028254364
1.0766619061545586
1.2619569862086943
0.9814298785546429
1.0136716324728536
1.1225689128685545
1.1022083278478596
0.9869117487470247
1.0635243283149642
1.0243705737618947
0.9960502440759639
1.1256877224036461
0.9706819705939008
0.9767212509538604
1.0560653210690107
1.0167474043229991
1.0057129504181543
1.0490924933122412
1.0511093368114062
1.0678335917361135
1.0111415615262485
1.1005116367074632
1.1160655816110299
1.051319026261187
1.2029919097039068
1.009183776300956
1.1443810520372877
1.029147827797301
1.0293416536785802
1.0245623309748968
0.9994896814586497
0.9944916623281884
1.0090999444724547
0.990529422948614
1.1961383679138782
1.14135835407949
1.0219588509817192
1.1468390569938918
1.2974930684325048
1.2643438338494486
1.1437357418107845
1.0693274256817544
1.0131469052814748
1.0802089324117161
1.0035049981645598
1.1087602883219152
1.024870491912607
0.9897623142947118
1.0901503602420917
1.0826362874284974
0.9769377241606868
1.1175795457594595
1.365681989004281
1.0566995607296845
1.0652700989593515
1.0473407322485968
1.085974848513398
1.015800966814194
1.0856440429874084
1.1112965658791594
1.0395729951955812
1.0941053103743816
1.0067628828113555
1.0054775169168815
1.004875001709498
1.0273491420312166
1.0985098889077431
0.9819808286087424
0.9970807345276345
1.0227617629723544
1.0523559915450549
1.1036187039507355
0.9952478841353942
1.1162885685913133
0.9955876733090602
1.0100496426609833
1.0528921818765737
1.0139246829566002
1.036762938737299
1.0628886989893591
1.006870314749086
0.9945317295891487
1.046620860102515
1.0550075363753688
1.0153138806617648
0.9919938697798752
1.0403021694668433
1.0189193092215656
1.1095440104495442
0.9939151728071124
1.1064492620999307
1.053151694245691
1.0301564517085033
1.0400903559204215
1.0667151564872577
0.9857159403797986
1.2256652926488274
1.1554738493908117
0.9843135402612235
0.9985520330260357
1.143278065363348
1.078098981020433
1.1204176334977274
0.9833193423348808
1.0245339219407736
1.1484593504920624
1.0262125025425124
1.0488695284636358
1.01647633195082
1.1045023865115537
1.181860943060304
1.016587078889902
1.0048717911698992
1.052892113210633
1.181548438653874
1.0592928737395229
1.0616121971579984
1.0793423427394875
1.0334205262257945
0.9921236813519384
1.079672774866761
1.088467824575792
1.0370469204073665
0.970354608715566
0.9792534206678475
0.9957022256296655
0.9830266354670594
1.1703195898178058
1.0029008489022706
1.111709317642179
1.019896993914807
1.029855143674762
0.9910145815689653
1.179088031171934
1.14314260922205
0.9988768953111757
1.0181579004473753
0.982326615986619
1.0256699397887532
1.0023942480623225
0.9858631060254825
1.0034296411347001
1.0363514004576801
1.1518608260366812
1.0787181383160243
1.000992635993876
1.1201220771261515
0.9989269696308567
1.022130686321659
1.003466344026209
1.0092349382840466
0.9824052532952902
0.9960508228510345
1.0220130540600483
1.0069750958849204
1.0521158827687036
1.0289852822325334
0.9917774107703806
1.0099047239864691
0.9829513371910241
1.1364359619732756
1.033370034419717
0.9842655335807236
0.9997619698042838
0.9926608344602105
1.0212546107657556
1.0523355406742856
1.0122924292407194
1.1443899802560034
1.029461822625854
1.017952056528141
0.9708603921349468
1.0311528908089227
1.0056602896706877
1.0793083403543655
1.0034325677327818
1.0015858138039677
0.9818054065682705
1.0464873080332995
0.9822804821624762
1.1019448121265243
1.0018908677605423
0.9797395321319888
1.0045116539132277
1.030864184662164
1.0091283009253538
1.0011899179908903
1.0052011978222857
1.0032064345867118
0.9914220711680247
1.0279283906228311
1.00833558331801
1.0471288230551414
0.9824219496805238
0.9734701568398098
0.9734560447807512
0.9988126269285207
0.9917146915196667
0.9982087819765333
1.094507240868715
0.9937210938183613
1.0043592290981578
0.987320312408919
0.9909960656612455
0.9843954112174818
1.0332235525228444
1.021504472256966
1.0008570542106587
1.0068409111626697
1.0031012414998073
0.9984418337026915
0.981475497741495
1.037429206498415
1.0025867969003452
0.9892955718722456
1.041345108462427
1.0123781250072121
1.0054003048820042
0.9975049327121897
1.0891369562131026
1.0647743840278303
1.0507718740303635
1.0811367018213711
0.9786006312849818
1.0867292151139865
1.1316221899672154
1.123828144650775
1.027031580192197
1.008557445953459
0.9896311770455067
0.9822957062752995
0.9930220326019075
1.0009434384013578
1.0412809009973372
1.0219757648568213
1.0008652766810224
1.1366181505994537
1.044309090038485
0.9943395833821607
0.9851194433631626
1.0077649502478625
1.1503918815801568
1.3397753565347221
1.0186185227612465
0.9862918004084958
1.2795920864834032
1.0015227238236157
1.024631755291122
0.9936687180024771
1.022927024953681
1.0152244561265946
1.015334961882959
1.0175179499698284
1.0611821504999903
0.9935113905515649
1.231199891818902
0.9782480645485852
1.032508989929966
0.9825326707121619
1.0194045015493214
1.0415063233141413
1.1098557944579168
1.2410381336420084
1.0507527344276095
1.0020348356793523
0.9868860423688977
1.0221424712202671
0.9896870506442241
0.9904389990618332
0.9857990161188985
1.026874066542786
1.0326053730196205
0.982214643512477
1.0115840106082779
1.0763525317166098
1.1009391313459733
0.9809865423715133
1.0018459753849702
0.9819337154941238
0.9944237564581743
0.9983014586882201
1.0416408821974152
0.9990701064449766
1.246847136690526
1.091000108812098
1.0599729495976158
1.0007828973254842
0.9833226268840443
1.156126908758252
1.1965888200945627
0.9939431515366103
0.9950608279132206
1.0437203392802816
1.01457830152346
1.0529306108188599
1.1498370154473465
1.019619518159942
1.0879544054947805
1.1039899732539726
1.0632205100703314
1.0002912095847427
1.1105906378247121
1.119301677834625
1.0459869868938576
1.1062437165567611
1.05735394015718
1.0023678476261315
1.026982557129612
1.0554280749010658
0.9928195691886593
0.9848234934695771
1.0146555653116887
1.360100541690342
0.9816975130998469
0.9940939308215793
1.0753687852799885
0.9983327998586775
1.0163244992187874
0.9924011549867864
1.0472068978896418
1.0295980473854365
0.9970858758104211
0.9849484910348465
1.1674393208688785
1.041259846287775
1.0703236992146574
1.0452249863194463
0.9839509646859168
1.038837180512306
1.0498612750034737
1.0368181713237414
1.398233658046094
1.0590176946889898
1.0149347281761205
1.0417416123930323
1.1326399935030014
0.9754546213218441
1.113903528442122
1.0116005911685337
1.0098026409876848
0.9953506660262093
1.0494963979278737
1.0601272221662446
0.9840657648344011
1.0840160709847235
1.066752384227815
1.08810129208367
0.9894685623157136
1.3494841227367078
1.0043203771113032
1.0239759762617402
1.0326875964472846
1.1019752527205617
1.0681989989395764
1.0888013145837234
0.9941615953748301
1.2674024758423972
1.0104173546364332
1.0643682569839603
1.0304991805821082
1.0017375367152694
1.0094576046944173
0.9766251207605265
1.1108983269609753
1.1567891912903316
1.0942881264154045
1.0238722833569578
1.131486184486261
1.1633093135258938
1.0213534549848173
0.9951728368445515
1.0470990554803659
1.0058863698177485
0.9997076531482705
1.10735478361312
1.0017147560475494
1.1373300432834776
1.0133403725494614
1.0008083486765191
1.022786754247185
1.019595697876806
1.0278908316639672
1.074355722844413
1.0478624945669965
1.1386001618792654
1.0693885860691474
1.0291487795920768
1.1067628600013246
0.9980175527605646
1.0236074029211164
1.170304632077639
1.018422438098727
1.0475942063925496
1.0399121186861104
1.0426820619972283
1.0819052816775314
1.0344062647732797
0.9676971346816827
1.0270703372343104
1.0339224807447454
1.0195415783279922
1.1195616325060098
1.0140024443837992
1.2048342329179142
1.044894366769133
0.9827266727043173
1.048278976767428
1.096286710187839
1.0457045917727466
1.0003572938906027
1.2224671382110524
1.1833277280512937
1.105528661850035
1.362280124461349
1.0233011300940444
0.9776056763551646
1.0067934742116353
1.036301942586419
1.0179204238852255
0.9941556302273092
1.043260400962337
1.0237433385745522
1.1145516797371426
1.0098586271251733
1.0098847008947212
1.0950388813950331
1.0854401957857354
1.0186545482774527
1.1281936876586718
0.9784700183023279
1.0848089384017738
0.9900210529548661
1.0655227358502843
1.005136835119352
1.1220893878039788
1.0958060676534112
1.0757313185410928
1.0647347604468007
1.0150560992618969
1.0409512035932147
0.9972419143511321
1.0083827825735645
0.9884502661480422
1.0372293855800976
1.1079436052975653
0.9708032605293224
1.0719334835253258
1.0095449693642427
1.0830714566572373
1.0408438015663743
0.9937624310073352
1.0058332172166795
1.0290324764911833
1.0068720954528818
1.0682255844311754
0.9985202722884017
0.9774316665479242
1.0302460536478153
0.9916311111286179
1.032309671039925
0.9912895691122274
1.0010653499818
1.0248268029847474
1.1097701925612435
0.9997509891100025
0.9967789477326061
0.9877762175921955
0.9968222844575523
1.021872641201885
1.065955705322998
0.9790011982904995
0.9995459281916015
1.1041764209610496
1.004200480673838
1.0537482311238693
0.9907999103311622
1.0129298583218609
1.0347545729016028
1.0339922388474034
1.070606676139029
0.9864818093837755
0.9936670738725226
1.1382111671511903
1.0096958270288494
1.0052704487738713
1.031388119312481
1.0057868666287733
0.9952478910608511
0.9886626243104851
0.9754479865855904
1.0087951455626987
0.9862548902885135
1.0680792521345022
1.0323469649821688
1.0124151318988903
0.9833613497937206
1.0370539277653323
0.9774302472752148
1.0754155063708608
1.0392461700283513
1.051962654322377
1.0252978782358302
0.9938973835073714
0.9987111245973372
1.0274989410023312
0.9898332508009986
0.9931607959765868
1.0682158819221874
0.9997015968688412
1.017581717846666
1.0012048502378452
0.9977218485658532
1.00271398445618
1.0855327717928431
1.1358113735866855
1.0986382259051637
1.0227868517454834
1.0759236118504443
1.0674401646933713
1.0817598340267052
1.0866948922268087
1.0647134854363236
1.1862467252665048
1.0491693792701322
0.9876449178038678
1.081472030120821
1.1418161019957684
1.0496845772722538
1.061926164520726
1.0226479874745869
1.025681029570325
1.005850125393258
1.0189127880824633
1.0699892628409953
1.012520071321333
1.0428779641760886
1.0726149448065898
1.0848315324856108
1.1294606968298297
0.9813820621181779
0.9847561376821478
1.067720716157719
1.009334141985761
1.080943554348892
1.1062957553898933
1.2533460660924958
1.040988860752676
1.0968175428383957
1.0377811536974275
1.3745041425586266
1.2966091792214862
0.9899641828612425
1.186623736931805
1.0975393514877434
1.206721131095302
1.3749014160398407
1.1406469609797707
1.0401865180114798
1.0600618323408626
1.0789396139301157
1.089308126614854
1.0884577124910084
1.0065634177337164
1.1909066051945214
0.9953426472621558
1.0803406338133863
1.070285822207062
1.0837598594618054
1.1383360124678144
1.0501191703256958
1.156704656234966
1.0442178751361375
1.1547456417462012
1.0990370586403024
0.9808369763890772
1.0089160624204712
0.9696795950288284
0.9819708372568338
1.071913796499889
0.9835307075912366
0.9895089032649409
1.035401017341827
1.0163759072308332
1.0048356352916477
0.9997807181708798
1.032075987478906
0.9888169137165086
0.9748975411448668
1.0621818104225291
1.0168715082315734
0.968411158231506
0.9750311418451776
0.9933201018029024
0.9808086553178057
1.1135787215042017
1.0917728142121508
1.0149768190980473
0.9975302487948229
1.009708102434089
0.9869178396344042
1.0688062361609203
1.001674356686768
1.0330375697073486
1.0960409467929721
1.011602970522162
0.9805982942800776
1.002850445858433
0.9820688240298423
1.0944226058543713
1.0419304385045496
0.9837694341653318
0.983267404848285
1.0030836784353219
1.0991502187763569
1.010849732191996
1.0377490227437458
1.0672713974356254
1.0239626894564557
1.0570902177914374
1.0070838684460512
1.0984985433939127
0.9937666412446033
0.9911835083122881
0.997284520212332
0.9836811169784794
1.0246862209087209
0.9944372319055568
0.977616173283667
1.060404536333239
0.994535796340035
1.0095082121407515
0.9760372195402583
0.9925231347206628
0.9888390335363523
1.1984029216608967
1.0080722798393538
1.1184683835770368
1.0454038137534039
1.0139059573497788
1.1121423203116343
1.018968451725243
1.2006051368482265
1.119900950318518
1.0392401613268902
1.0132846961405702
1.0182122827997093
1.0006044076294218
0.9870284074626534
1.042377587189342
1.0606223507269061
1.0889284820481602
1.0354915237514097
1.0321192968460076
1.068648252125732
1.3390459124640288
1.0733942507072776
0.966060578500521
1.0027276451215263
1.0075020543319249
1.077626871488759
1.0582200578594891
1.1038270243331172
1.0787139894474966
1.0498546855955684
0.9939570381386049
0.996372273579999
0.9960846504798102
1.0282693583278275
1.0325512305369031
1.0847866439568707
1.0321731288469658
0.9754547142917598
1.0243040938112205
1.0371614627997048
1.038817833377341
1.0695602970142126
1.0873720026815117
0.9996884663623206
1.1068416388131428
1.0689826493430479
1.0136847749778233
0.9934042226715473
1.0650990163818226
1.0026190293164532
1.048267375241034
0.9833180217842303
1.0631203545086958
1.1780222318596778
1.0241328539414645
1.0076176423194656
1.1255414800921237
0.9846311532128809
1.1538367027847671
0.9892899781168911
0.9800725886603372
1.0108155858252232
1.003175811733608
1.0328758639027353
0.9993473744381243
1.0036479044697846
1.034859621145387
0.9903621556071789
0.9696807072549725
1.0242258832397808
1.1162768754692527
1.0045502285031813
1.009719883899472
1.0254970342212697
1.0897484992132402
1.036963157017008
1.0903516111638876
1.0395039317213866
0.9989601033423131
1.0175920179308495
1.0303187894596386
0.9955276625312883
1.1711082574397105
0.9688787313948692
1.0361776047403437
0.9873834506954762
0.9947521110917734
1.0060961656761573
1.0293170574504884
1.084479242666306
1.0609875693660404
1.0409737726235293
0.9914834277119468
0.993957538343013
1.0252569417284985
1.0153671870624685
0.9856317424825051
0.9781007686067535
0.9860989289816973
1.0002168770120656
1.084216788944713
1.0287156024049602
0.9907447912805886
1.1489944247276278
0.9901808962544877
1.0090764741055513
0.9902182741894789
1.056611025122492
1.062625628615522
0.9829814726259392
1.009687366259327
1.0209363982369617
1.0853817364794935
1.0363751638957939
1.0509460430881468
1.0342738522713069
1.0902859218940355
1.0673999654418964
1.0829687767979508
1.1089389669572793
1.0123853972794188
1.0382883154447209
1.2519390830952202
1.0113280830728
1.0196517248037469
1.018724108829725
1.050475645867
1.0025670919507679
1.1418722054161834
1.0671107335861265
1.01179294897917
0.9895358854910745
1.0069328735979393
1.0125214625727195
1.1324884843289158
1.042262413384241
0.9818696351562322
0.9829597961779465
1.2794963707303977
0.9826185761988697
1.0468879034217458
0.9984110775689331
1.015125650695248
1.0468155285702738
0.998229884499515
1.047535408519537
1.147635766428425
1.0365499855724762
1.1224636869523021
1.057421194835055
1.0019236530587023
1.044483106482527
1.0509523865614425
1.2005229006451335
1.00921249645375
1.0353535745252214
1.0881429339035806
0.993581103553607
1.0457531332013887
1.0227557215545016
1.0382432711680778
1.0134693353783704
1.159365269879935
1.1039746894653892
1.003473032014799
1.0471013265472888
0.992994529547641
1.0420391534306683
1.0354943276640245
1.1142376553813065
1.1922447085060095
1.0345706845958342
0.98831726393576
1.0056837077050784
1.0230730541173996
1.006135125109076
1.0065090320068037
1.0188565935759697
1.009612391378911
1.0383494972958414
0.9941127027931712
1.024728320078008
1.1084526065065836
1.040032576224896
1.1070230262775989
0.9823470066419766
1.1214922247624606
1.1004012895493147
0.9853644293199446
1.0714464828867922
1.039680575070561
0.9886237572731454
1.0336243903914069
1.015121476308236
1.033524637945608
1.0592612111012887
1.173081007554959
0.9960309936484683
0.9892264792925018
0.9894871627186552
0.9900966631961801
0.9952967265093371
1.04469093347288
0.9913794122699434
0.9940715545541401
0.9912906936921834
0.9968608512573118
1.038047174775993
0.9931078714831522
1.0279419102570646
1.0410234777743261
1.0067614611738176
1.0160772079440128
1.0403634405248374
1.0016955840282629
0.9926474512934975
1.0131117944659194
1.015758403903573
1.0665383906386032
0.9714127808872244
1.1797105129914285
1.0536330036573465
1.0046967643770786
1.0716706195636723
0.9941204305714582
1.9199623064118867
0.9894444191072393
1.0715176879039183
1.1049132017708243
1.164410130323953
1.0710794297699582
1.0974123624948344
1.006273876775046
1.0003360794654212
1.0041856241885447
1.064752059572125
1.1213446697543668
1.0735546406464147
1.2768590855689468
1.1803130060530795
0.9799490212924333
1.1252270543135885
1.0224497418166365
1.0336106785769337
1.0365500848363074
1.0456171115532513
1.0464502608925268
1.205181633860089
1.0405918055370207
1.0447397071849278
1.0618803529998666
1.0010293227332496
0.9904134202610786
1.0954142820535955
1.2011870834886538
1.139143888411182
1.0348825567997122
1.0621800529420458
1.0184363403932943
1.0095238706426062
1.0030504735215189
1.076247390421607
1.2865277584110255
1.0939191384210247
1.1905828943356207
1.1078568509756352
1.0191964194491965
0.9977295891304891
1.021868497545507
1.1781857091701355
1.0882317548584575
0.9934166012828584
0.9873879778879324
1.0467802354310622
1.104965472220115
1.0474641737122332
1.0298805916546776
1.0002664953069438
1.0976213253669846
1.1045219744979262
1.0532170687682603
1.0890767113905038
1.0001950122688394
1.0614560290735753
1.080468853983658
1.083406593313998
1.0011718469340969
1.0661163960881341
1.00015305145103
1.0399838317885537
1.1704290175937768
1.0214191275418725
1.0576226084250901
1.016555106689529
1.0200701522123177
0.9737645919864584
1.0799748252363846
1.008152294269431
1.0535329692856679
1.0987628324999856
0.9838552719934585
1.0138865627709164
1.0059343601562136
0.9925967505960586
0.9913767203362068
1.0127672654749427
0.9869588422074951
1.073579377501044
0.9755666894721186
1.1321713226956642
1.206586695854147
1.0826577693296766
1.0105955799225745
1.0221760948457865
1.0633182729040629
1.1198471453132481
1.077046438160924
1.060786157569824
1.1064202469446514
0.9781816903555441
1.0343131631186857
1.0125757496558356
1.0720917756502568
1.080318215474871
1.0015693529261682
1.1404099297329797
1.0020424573800577
1.2290149987402321
1.2469847106054541
1.0004785402111025
1.0113562797102964
1.0532297686100978
0.9932342500397773
1.0601047846336398
1.0759808924295635
1.135274126063654
1.0575439995227869
1.0555291924657049
1.2089200513630762
1.0187858940276262
1.0334186989601908
1.0572260536270268
1.1124661638942843
1.0371653511402052
0.9769010486422663
1.0198531258977075
1.0972686862990326
1.2560566023095356
0.9935107692737244
1.0599935608864504
1.013863279496931
1.0988269569867621
1.0211422044589316
0.9944852415803662
1.118333208858768
1.045947907585578
0.9885593736013625
1.0014665423658908
1.0638399323815249
1.1348374720991083
1.0422864109402636
1.099357191587711
0.9894446524838374
1.0423311524624101
0.9867651418672976
0.9868326900873768
1.0714065938100379
1.2743442451680287
1.0364352023342571
1.092069418161883
1.1086857712177909
0.9989088616393917
1.06613710396596
0.9911942229787629
1.102722140504371
1.0409582110570548
0.9829831973605876
0.9983047702143155
1.0123140819506107
1.0458199026165849
1.0163750320659368
1.0520371189085778
1.0234649627709083
0.9947619928940352
1.1709009410095024
1.1659852357931924
1.013316532838337
0.9935608617201053
1.0190210425271777
0.9719608277934645
1.065419069408684
1.0037162342001802
0.9848037842574875
1.0219095169604544
1.0071206206404892
1.0491866028979748
1.1886296507016756
1.1028702199527673
1.0069147790321962
0.9878339174757222
1.0266872649070655
0.9943157893449003
1.0298509741567936
1.2151444306868364
1.1162669702867267
1.0630898697788858
1.0096590408993338
1.054422638902058
0.9815366708731471
1.0080130709284343
1.0252267557270787
0.9967416205148341
1.1323692395387472
1.0296610696727304
0.9937788743547555
1.0028673814056501
1.0226624663137782
0.9968784483523455
1.004881632539712
0.9951804187375319
1.0042016367108701
1.0265578993636706
1.1124921086417674
0.987414381002336
1.0005574941372009
1.0103706073457002
1.0259867310118964
1.0013941662430486
0.9893103767852389
1.0021085666280507
0.9961072629818988
1.1083519734385083
0.9971370790872408
1.1047859037593333
0.9940501757951967
1.0463491048105564
1.059383620041745
1.0076176344546877
0.9903725757199092
1.0287314429090972
1.1207033402422333
0.9768974821466243
0.9803029888572823
1.017506675086525
1.0392040237682
0.9879053529684001
1.0280369266794913
0.9796970746071432
0.9799111415263043
1.1159588322167582
0.9903083637313319
1.0017356413574352
1.0097844105454836
0.9759000245870384
1.2550539888768328
0.9784226162241779
1.0196180617126445
0.9945611526807238
1.0378027514860448
0.9806879551373454
0.9818170212928541
1.0876028179957247
0.9935473931718224
1.0030153762618785
1.0677340161935565
1.0250495946184368
1.0369173637528546
1.0672123195788563
1.0936656000679255
1.0739034555942093
1.0061714599857798
1.0678042750351686
1.0165372221771
1.054094865311281
1.0753618976302926
1.0776629658441663
1.0334341527960462
1.1407592250404224
1.1488006624679854
1.006209805751814
0.9922348505267532
1.06442673646275
1.0675359259583543
1.0592345839468902
1.0670980329458377
1.0176082025457769
0.9969106666177066
1.041844213656153
1.2383662300269351
1.0596327678782491
0.9799059958386869
1.0328941485383059
1.0379423263120373
1.016930724980432
1.034022565859486
1.0992436299584518
1.0436688440751016
1.1055313223820846
0.9787638837046375
1.0003013712628266
1.0077086158878772
1.0754087637155574
1.0294760458843357
0.9803890596415024
1.0610969426411798
1.027318632694366
1.040804219222197
0.987473991366355
1.01213982499263
1.099424914982986
1.007758810521275
0.9867432924908375
1.0249232413414373
1.0764286231722173
1.0201942296328381
1.0075142250240694
1.0424624242695402
1.006813155742866
1.0134409968370988
0.9955133426208542
1.0221552084776628
1.057934582037181
1.0140151365458485
1.164129252943495
1.0628248257097326
1.025699589962174
0.9980715792949768
1.3066849817714064
1.0064716399892772
1.0212513156664618
1.002761405364517
1.0422144077238142
1.0446548131702893
0.9753338425291224
0.9937610192420367
1.005336341213217
1.0177895467348805
0.9613044521079945
1.0238226843443106
1.1758994533999036
1.0208891690716901
0.9736709549920469
1.0657506384703344
1.0614052058466483
1.0070116462041803
1.0857817777159622
1.0709179199749865
1.1208618940730064
1.1003548467221849
1.0803255488725916
1.117066608396951
1.0010805775250755
1.1098022795253732
1.154014687282659
1.1904080885084296
0.9995814273080527
1.0569417251990272
1.0269635039288258
1.0109060294523906
1.04894805903708
0.9853401279841018
1.0316140462389334
1.0048497965918886
0.9751176961015418
1.0443685229437742
1.0307630141450546
1.0885356399983879
0.979096326539937
0.986413345937829
1.0651700954767689
1.1276970023517268
1.1376663474626532
0.9967333702367112
1.0058079436103078
1.052573515485052
0.9943366561373665
1.0087983782756855
1.0198837098082958
0.9839567928611375
0.9878885387746935
0.9984962796318015
0.9879114030756806
1.0672123859894485
1.003189848097647
0.9878638272878286
1.0177310710277632
1.0657942964469618
1.0277027151439424
1.1353895578733104
1.0684496139823891
0.9770039282392154
1.029177788847758
1.0066228474105354
1.200042719621431
0.9625771830905652
0.9928155583007232
0.9936960185982388
0.9878842175761017
1.0801489070416719
1.1208977774552908
1.009269151329106
1.0265064301001585
0.9813885636887228
0.9812976957950514
1.116195822924414
1.0399243484157796
1.0431274201456406
1.0237845228545868
1.1450310359716858
1.0036057584260987
1.111749993782951
1.0304364091347917
1.053517620957533
0.9914148724295856
1.0330526175940646
0.9849640779718547
1.018138820331447
0.9897121725777298
1.0410844446201781
1.0578539119272148
1.076089584190497
1.0442896537538569
1.007168063498821
1.0381651122497662
1.0189077198595757
0.9786397071575488
1.0252476480319554
1.0204139220636341
1.100898242267705
0.9954018937968003
1.0078618825952406
1.026608122507548
1.0015907287207526
1.1983103611269246
1.0700730424241207
1.0004107474203736
1.0316160446869889
0.9935723646641952
1.0419292179609099
0.9924252897624445
0.9964531824701796
1.0232498328814028
1.2156283319643137
1.0005351018293211
1.113582800591527
0.9875479872986211
0.9980005505929241
1.0159148407115892
1.038563777524668
1.1060538033375196
1.0014648556492003
1.0951592335559588
1.1066767180758177
1.037993088621953
1.0196156251473856
1.0322164610639082
0.9742434029673477
1.1085768655942962
1.0480441459734051
1.1114529172306975
1.00415121522386
1.0593173880690099
0.990099041386269
1.0583455105765183
1.0501882375694194
1.0433406542970052
1.0397519183102417
1.0688667399113263
1.0316263015891316
1.3230835086998298
1.0048798283551166
1.1089252760203696
1.1027258190154798
1.0710132248294477
0.9855894488347916
0.9862891379701907
1.0693420436307137
1.0043247142026188
1.010246562329305
1.0305880086962536
0.9950341763271882
1.0645538560500039
0.9830898311386372
1.1009576382242572
1.1800128861807495
1.026553054292218
1.0304233240429865
1.0690525285169594
1.0079252223858766
0.9829513867692642
1.08284295660292
1.0029679441387653
1.002849731637784
0.981245191353645
0.984720569376665
0.9937175382314235
1.0500174637170048
0.9986075522702098
1.036197787250441
1.0096620104000806
1.026091805122017
0.9866868103340389
1.1126475573944652
0.9926080111809392
1.033746266276351
1.029978391970843
1.0716702097045887
0.9910394966081745
0.9884887159620735
1.0552804687481079
1.0754086217821524
1.0429193618744441
0.9932409945375753
1.0526126295352258
1.0404001740127948
1.1363622446238126
1.0817001454895663
1.036298901138828
1.0449059742390427
1.0422371580957572
1.111940211584929
1.0920523406019036
1.1392744227970923
1.067034679959178
1.0524595889458848
1.0979128520741337
1.0367654105635373
1.0161978394924218
1.0278489683218606
1.0227974393509414
1.0101619686998635
1.0939031259271152
1.0811205198874803
1.0562169327975612
1.0657524506983205
0.9857004494279348
1.014365839150393
1.0101999706057903
1.1074478051037246
1.0053509281898132
0.9868501262901246
0.9792534160472863
1.0050291908636413
1.0240655975860786
0.9689368818096087
1.0675941435107723
1.060599416241574
1.0719202712878977
1.0290349945246449
1.1577283024360185
0.99538027599986
1.0358717443882648
1.2564701329168368
1.0400506418260815
1.0806433411690768
1.095804564453278
1.035570655423445
1.0084170227741207
0.9809956573972544
1.0089019110130217
1.0962073875285028
1.0149245288958073
1.0309515907460853
1.101868425494991
1.0069804237823732
1.002663969382701
1.0129341903840015
1.1031623288677794
1.005110362335072
1.2050603456647668
1.0644812265456798
0.9802993597539318
1.0569492614693627
1.0162612382267067
1.1042985760382407
1.0481565689776835
1.0874892037669364
1.0256895748166126
1.0161801323399755
1.2277743469192532
1.207758862112814
1.0098074345343253
1.1009147386855989
1.056929329948925
1.0133611228149126
1.134878151195254
1.0242690699886206
1.0583851131765023
1.0706017560851486
1.0052597764140123
1.0318263043682427
1.0415388115144508
0.9933300587724258
1.0453243676489588
1.049297348293479
0.9977264047084656
1.0682200835930848
1.014762243417374
1.0212948175201304
0.993976006752612
1.0659000770374187
1.0361294960018972
1.0632845013977594
1.0064428798538352
1.2523276412132338
1.1019746534657737
1.0626780322557214
1.1125980668410056
1.195584126135605
0.9961818606818639
1.0532636468679786
1.1595589883621509
1.119518696644894
1.0055361242189131
1.13609887327886
0.9932566422409789
1.1064739278825564
1.0370923120016242
1.2119305079384397
1.0431874523509368
1.180487020006344
1.0439819466694824
0.9942104285810107
0.9831176721402993
0.9860315946176861
1.0059504658782736
0.9849217170308805
1.1132920797978054
0.9879406395115901
1.018963637775945
1.0054792502753467
0.9904922619665546
1.0251325574653793
1.0271999087634576
1.0372320203698941
0.979712321895105
1.0351106532664978
0.9754202337746151
0.9973760961793159
0.9938829209376824
1.0534683186018723
1.1065855226113808
1.097301015514105
1.051420261752551
0.9861015661261681
1.0146496218047083
1.017309973737682
1.0837132655853916
1.0430387279553612
0.9928105844560504
1.005639951457509
1.0140857587184762
1.0157691783158855
0.990337811362742
1.1294266012560032
0.9753138443827332
1.0277620927570275
1.0246621274953538
1.0153089490533354
1.0247738131005368
0.9864864762418604
1.0139617838278965
1.0119925881307108
1.0163209123466546
1.0774103142721838
0.9832254265615887
1.0300162106459747
0.984492049355174
1.014871777576548
1.0157136631900485
1.0180960406169843
1.0136130386260067
0.9917964111428581
0.9860623834388296
0.994573557377778
0.9995174755319237
1.050643137517039
1.1014701506251403
1.022977622731196
1.0613420837475245
1.0889852892429839
1.0190089606465276
1.0837037968942553
1.0600870170793484
0.9892795411712092
0.9996957483664607
1.0039320967117136
1.000254900154933
1.047878232706549
1.1449977560460334
1.0047831900393063
1.2217709604570468
0.9965057081115264
1.011735889817737
0.9995082887479892
1.0303922238005607
1.0381850764524492
1.0369901131534796
1.073735246870759
0.9932542441952059
1.085887448697844
1.0475696457866481
0.983156787800328
0.9932316809301008
1.079310215608416
1.0215556470225144
0.9849622271549899
1.019112529496992
1.0114674199168063
1.0116001559502474
1.0863152271313108
1.016168112651754
0.9981205445022712
1.0161778711948521
0.9763024567011158
1.132948939506165
1.0608396435054095
1.2283890499077081
0.981412881602646
0.9883823921524215
1.0951175246931348
0.9998976827187981
1.0365225755130203
1.1331204995866784
1.0557118811342225
1.0259462374146806
1.0035521100297917
0.9851703592934268
1.0248086404964234
0.97394441364727
1.034696731901358
1.0807019176437556
1.004303595030311
1.0009725541966403
1.0809946801488686
1.0091893420340206
1.322497048777228
1.052109181456821
1.0236092864490969
1.1061418210597915
0.9876899360988709
1.023192760313546
1.0279277527833737
1.0946300417205426
0.9942351599767395
1.11844539408086
0.980023887116314
0.9891312541373244
1.0431158292323455
1.0038601046644997
1.1211578552433643
1.0012037918982772
0.9709884813747918
1.0027009798333983
1.1249013388969709
1.1277065304799754
1.0197275683047873
1.0108970764389158
1.0706016460924273
1.026728970371365
1.0218245934455366
1.1786663866564944
1.0592794701311483
1.0090032977139836
1.0142147581421233
1.0807737695524577
1.0462408089309754
1.0022518191232073
1.3624395584203504
1.050716105255332
0.9916788158364509
0.9987486736766413
1.0819325981295773
0.9995353549677356
1.048157941359856
0.9862595989631737
1.0010347569065006
1.0333009296671434
0.999652727191245
0.9963364809930576
0.9944699880799627
1.0988540755489509
1.0244100301640315
1.1718452168649487
1.1866811419502863
1.0452719101906207
1.0632832324092814
1.1019041023149232
1.041315991345913
1.192103751680785
1.048461442745404
1.025924491693544
1.2077773852882956
0.9992383904936137
1.0747597348323745
0.9907058417970577
1.0126391682010096
1.0861511628780158
1.0120815208483982
1.1198289450714267
1.0347761925883934
1.0442027610417999
1.092578182376062
1.169754202953431
1.249826986298298
1.1299280598450658
1.2702912214285755
0.9927293704906044
1.1845726797758556
1.0859192955076606
1.1917054974718015
1.3301783123193567
1.2142825101979908
1.0977557700112377
1.2354726832535896
1.0910957371460601
1.0011249399435678
1.0530687363879863
1.0825359651122972
0.9909801328673531
1.1028798561970299
1.307027526676717
0.9943897222431218
1.1695774662408165
1.0265236843849168
1.1480413586145126
1.1273448515525943
1.0826440984432828
1.063136289779729
1.0881943949277502
1.2933878679124322
1.0514609905305599
1.0865160788824562
1.1208355961355587
0.9873460152335131
1.0212275309585226
1.055449593252159
1.0907458954475242
0.9973372166153804
1.0565069854017208
1.0164302692878848
1.0529376827655281
1.1274746500260402
1.0056368108113485
0.992600707104325
0.9842937714759152
1.0090387301895638
1.1147225432720984
1.015251712801771
0.9743091340763984
0.9963081757974692
1.034945382711116
1.0325414118216334
0.9968848183412765
1.132763735201055
1.1082179962398109
1.0162887339028255
1.0030348863661271
1.025035309368203
1.0204480081273268
1.1150001264604599
1.0049018763575894
1.0364134054027665
1.0390293965675874
0.9974413123075141
0.9946496711613643
1.0139036866291762
1.0197900622522102
0.9922096499788313
0.9735624678361035
0.9947523984157105
1.0870171181097723
1.1312733862059285
1.2871827900549229
1.017028391143492
1.110520705896227
1.0167119624557956
1.0486959271688483
1.0189578480517667
1.0517180623071138
1.0027175408847024
1.1126996633966386
1.0256968594011187
1.0344287008492965
1.0654938783317587
1.0325739228723136
1.0427540693362252
0.9890532870003668
1.0503556177378737
1.1095092032657552
1.1225793450602581
1.0051706021429747
1.171900399412799
1.0364770711030389
1.0175847471512103
1.0374985695817558
0.9961795429758977
0.99964696672839
1.2836248500158243
1.0594573580215847
1.1026442320355163
1.1635151266634598
1.052073534140806
1.0731113199540907
1.049997035368348
1.0310370747661461
1.0355492691401653
1.0452833625100266
1.1893435929918956
1.1566781154447354
1.0623518762459123
1.1754349469671266
1.0833840128148737
1.028586982385035
0.9869999560998363
1.3177394241398794
1.0148218952890429
1.2117587853308722
1.0784972425413977
1.2299732804378531
1.0287248195685519
1.1479306796034279
1.0386242301454378
1.009811629510853
1.0557736130693574
1.0263460403515423
1.157284472263583
1.0035827382250193
1.0305355692480644
1.0908599075550147
1.0112068472424158
1.1270874944303144
0.9879306716788585
1.058923911009212
0.977679942874793
1.120554147846648
1.0245014105163643
1.000797849421761
1.0486998168193753
0.9993419195792075
1.0430362361878869
0.9783878900962388
1.0189276610458953
0.9984756012940336
1.0025436021991396
1.0826079233720134
1.1264290533367034
1.0632037564694161
1.018380388588485
1.006946977059823
1.040037312296129
1.0157808285464178
1.0168593287438394
1.0621235846501607
1.0341662655117783
1.0091509132343677
0.9905544936663565
1.0126095986879515
1.119531733776494
0.993316636277835
0.9946040827771006
1.2229388349853951
1.037681245683618
1.0641447235768897
1.0746034528495323
1.0418475467943256
1.039834837899614
1.07331136939265
1.0252455478391316
1.0142433279945924
1.0271133943070387
1.0537910680933373
1.0008900936923721
1.1174218576867898
1.013513718252622
1.0969105598929585
1.1982920533253956
1.1186400252846602
1.5917705697597735
1.0401844592005332
1.2025493916362109
1.0396586905505083
1.1513288223713292
0.9900803793473051
1.0229030918166067
1.0783536571690437
1.1260431394266026
0.9918886123969652
0.9925273975714841
1.0380580796372263
1.1413220342881008
1.0655162054585754
1.2335419663295732
1.0904973912237903
1.0420305568913266
1.002831371637757
1.034955628678423
1.0463847784114113
1.0500371691679482
0.9866929307390728
1.3182746207816105
1.0068307263247784
0.9904521112894731
1.04475418818603
1.0419055947617752
1.0199198819581108
1.002144908297792
1.106972607626299
1.0867939813589569
1.032708776775671
1.0571843005884571
1.0831987640913479
1.0010115574268466
1.1241951866703388
1.0424466571580653
0.9825866703958139
1.0221585569797704
1.1163111884702492
1.0047773412029084
1.007887458572732
1.077884422573805
0.9808184050541472
1.0695531980002972
0.9735238602822589
1.0048233308571881
1.060991693640355
1.0449577194298825
1.0014777692045234
1.101801850370608
1.031431223334197
1.1173860402820472
1.0742149723916339
1.0419043595555721
1.0416195764526044
0.9871226799936567
0.9879737597731209
1.040192386420297
1.0241008768714799
1.146655270418595
1.0135514479927463
1.142398831641598
1.0342671741114562
0.9797594834588976
1.0130985750465158
1.0010425214173286
1.0026699922948437
0.9897500771414574
0.9976839293236077
1.0118275004256023
1.020585969871583
0.9865545091651488
0.9834956465841959
1.0077656735105285
1.0229624113875913
0.9793349440456133
1.0177623039094297
0.9881897311718599
1.0034142872829404
0.9883102061611597
1.0620588191761842
0.9772714923395439
1.0506844618317026
0.9945661987704408
0.9771611525891647
1.05510150726172
0.9816348955914007
1.0012669677519463
1.0009374190597966
1.0066932857089892
0.9940841786087324
1.1698634797040035
0.9998047634007223
1.0081747962605108
0.9761279739608918
1.1191496634972182
0.983933249682592
1.0523927507590893
0.9800290056570636
0.9994375674960514
1.1291226433845423
0.9947256439844635
0.9810874789521922
1.0059203649454536
0.9666842448193552
0.9963901251813503
1.2368137913523785
1.0207323654015512
1.0865712175962643
1.0033946971062955
1.039777652155379
0.9896922083529434
1.1446739350151034
1.0006194281650005
1.0224020080465466
0.9940940249421925
0.9636098034859366
0.9913341550949685
0.9923265155387453
1.0529512539665258
1.0212283090082117
1.0516165163992248
1.0173823519898966
0.9957445269368549
1.0079078187068367
0.9752241717369428
0.9901451723595909
1.2071658111462389
1.07069079200941
1.0088880481645013
1.0180338407538538
0.997226313653505
1.0364880586743415
0.9869500433259079
1.059096989693601
0.9856492460766185
1.1003994062380849
1.0025344423724067
0.991219956844381
1.0039612543801113
1.0326791590332323
0.9914789455772486
1.03577605044272
0.9939567740993617
1.024104032420348
1.0262527853934902
1.0180524984732549
1.0971474550442886
1.067321706665445
1.0691650902321475
1.1629507098585923
1.4357767052272479
1.094855529281226
1.011755430194509
1.0427217644428093
1.1893920043758173
0.9905157226508063
0.9884875659346208
0.996536415904773
1.0519221801628273
1.0372144154575216
1.1928163159410576
1.106791513507909
1.0902078028696267
1.040437074142128
1.0797254126930267
1.06015643498218
1.1188845038893402
1.0389103628663132
1.011084273367535
1.1094059369006175
1.1083973581596476
1.140801388576378
1.075427769935235
1.0084755620595955
1.0139804390592064
0.9979561268012901
1.005137251224041
1.0673608056254698
0.9940711072313109
1.002112104803727
0.9880494025365557
1.1821209226766953
1.062100116811346
1.0566453917957896
1.0431010431704613
0.9922994147626619
0.9979559600147525
1.0791952542524228
1.1063182313361264
1.0536857479513408
1.1181413664516069
0.9956808057080597
1.0014720864782016
1.0333228451450063
0.9805975882795682
1.029782452206984
1.0037621272557664
1.0061123495148387
1.2079233053696432
0.9812259157249654
1.011329728284523
0.9906030853702257
0.9936504006048372
1.1044460866826424
1.038893309198869
1.0236398549447014
1.029800237845794
1.0623764834547171
1.0061514430775993
1.0080484504176317
0.9807728862881488
1.0041710657004648
1.0050375112412053
1.0749601109708435
0.9975569669072956
1.023033360526706
0.9947036156144924
0.9981362402430272
1.136668625702454
1.044714882857375
1.0246975839123285
0.9915615919161359
1.1375635031210969
0.9898364062358087
1.0294573936444489
1.0065744789373468
1.0339944447080511
0.9946895547632708
0.9870886407328602
1.1867214689275634
1.0488298726554446
1.2282960959902698
1.1532823290544378
1.1635469380548535
1.1173802484757287
1.0344681263290816
0.9992770392212602
1.0090057646290607
1.371418657822478
1.1634766564454435
1.0071729186467782
1.0551997171814742
1.014347851906073
1.0077422894079295
1.0153228398155485
1.017599419746179
1.1522907753438199
1.1590770909814627
0.9873008069335001
1.0020608148847592
0.9788686604620003
1.0297578701373937
1.0544116993250723
1.0377816523171428
1.0900785261172585
1.1503436869279804
1.0547090317135972
1.150139172345431
1.176536927854772
0.9923130169258336
1.0209719064195921
1.0066758278885648
1.0956664820535342
0.9921180702158694
1.0140433454937938
0.9894614169129359
1.0004412427975944
1.0597532127634335
1.0085007726762731
1.0941989020147689
1.0138212212392208
1.0370870494792708
1.0582625251718754
1.12300188382073
1.034109027961147
1.004110385108226
1.0124575608186563
1.0044555880958197
1.0052353448813869
1.0850782208358527
1.0731506484989342
1.06714660467795
1.003911654679388
1.06017346600484
1.0022227528940508
0.9916914625286589
1.0272665287097815
1.056322921591805
1.307099115637764
1.0061584415699518
1.0480419881637035
1.0842872925926348
1.0406230321621006
1.1860670283089882
1.0019437294092386
0.9901600703204239
0.9944629628818644
1.1495563429490854
1.0241352654470166
1.0918170418230604
1.071767802842238
0.985434761785536
0.9826901435999156
1.0561218492466604
1.0444875525042252
1.0308997085923721
1.0247019836241071
0.9945292259001917
1.0228533024879434
1.0465812829535717
1.1299931827516931
1.0210537109284155
1.0010335360658933
1.1596137276615814
0.9756307350578428
1.0479690006660765
1.0321528511811178
1.0396361947618664
0.9988140153212862
1.013870672953742
1.0488717925367597
1.0213880402612026
1.0647556587386255
0.9785876581476535
1.043834689528657
1.02361170589628
1.0014408933210346
1.0215472993162291
1.0037653482054976
1.0328083572476061
0.970690294904886
1.0826719791654347
1.0777310433616154
1.1368095873926127
1.0818327459172308
1.1235937238451548
1.1448978107072787
0.9914221290395829
0.9919094847337864
1.0245298241567264
1.0029177072946784
1.0618765141687558
1.0624238213620933
1.0266801367773175
1.0463486354513507
1.3246734914533667
0.9968499840961759
1.0056113734772263
0.9845140007680312
1.050679186049758
0.9827670167607618
0.976365570274085
1.0584914237723495
1.1154734723562982
0.996161301344426
0.9969377764492602
1.0074523954953274
1.0798255241163173
0.9938752500294482
1.1188275293315897
1.0069120210660873
1.032392625724033
0.9884041267559234
1.0515516357091088
1.0626094608693533
1.047727520132019
0.9898354155324789
1.0418113485226563
1.0177568433168265
0.9944042613425929
1.0674436743136801
1.0194336312591807
0.9894221042391758
1.0062321092602813
1.0097153543584745
1.012558071542804
1.0148545907655189
1.009334480853963
1.0125753709906278
0.997476979826595
0.9850772170129224
1.0267889405146886
1.1281734771568246
1.0377966963737437
1.025667554815652
1.0048713808080534
1.070274831542802
1.0099463915824438
0.9944807618532426
1.6229673712764086
0.9901563708786272
1.0074209634191214
1.108361852867622
1.025307513084185
1.010632555789078
1.0305129135937996
1.0104391375996034
1.0452454719497815
1.00543659808978
1.0481641960039174
0.9882126194005201
0.9931076114876003
1.041307007885068
0.9826079890520962
0.9825723590856145
1.017260572528841
1.046680762175732
1.059665108538077
1.0617241775643849
1.1941173597738046
1.2022097391126985
1.2235154874698686
1.1069122872904371
1.231719323058449
1.0971624929393458
1.0808785810354269
1.031901453080512
1.2029852111018098
1.121434168602454
1.068722956611391
1.00493572235955
0.9853264066301589
1.0220647307475805
1.107489097816046
1.010337267160383
1.0212564750513553
1.144405222579067
1.018363505185632
1.1072403820967123
1.1509147813234661
1.0128938605572633
1.050656302857972
1.0512645756208243
1.1399628010195264
1.0315563314274099
1.0268343803291105
1.1388234021174521
1.060215739131629
1.077629751741801
1.012578587583722
1.0987959076553957
0.993896968174143
1.105497143692765
1.2036690325903379
1.0000957363462284
1.0613671697300928
1.046076269089149
1.0882075092249004
1.0466852226845826
0.9872822741713116
1.1571073407393577
1.0805750812393042
1.0118615915965559
1.1460173769980493
1.068506589293196
1.194303225040446
1.1045484820115616
1.0219202131134206
0.9887819532959268
1.0174289771610403
1.060509717746457
1.0845701902744043
1.010483881509563
1.0054279253363556
0.9817062361533019
1.077386137824964
1.1975089230440399
1.000213186492934
1.039444864834548
1.0078232832065412
1.0944452618986018
1.018808517012671
1.0150873366695565
1.030671751840505
1.1416977111474826
1.0260330851286996
1.0870939958635595
0.9858199684094618
1.0147039698972837
0.9890083553407507
1.0736940443099532
1.0917645324291778
0.9976768038514849
1.0609483453030928
1.0235582229757312
1.1037659935759416
1.0727726648843912
1.19793349529044
1.0331331833316957
0.9993996759772568
1.1098998086328689
1.0607889431028723
0.9965741151716202
1.0223087358177658
1.0017135522754463
0.9933004863201853
1.0004849796823514
1.0062134581882876
0.9886244016786184
0.9852877902646284
0.9837956027720735
0.9677393470131473
0.98204667523895
0.9895026863131644
1.038287962760582
1.0079072865833076
0.9746640696222068
0.9709803438473612
1.0114274356817399
0.9839000197775769
1.2053183987233127
0.9872943433633914
1.0917087774204528
0.9990920739413788
1.0034104412311833
0.9816427946025399
1.02610737827935
1.016452542696524
1.0021296042708328
1.0298743132623325
0.9934613058760249
0.9957941162058235
0.9853524067502228
0.9899783331316886
1.0147165961848066
1.1728693408788564
1.0254306085218923
1.0377627564972198
1.000038132895763
1.0368554406789179
1.0133430297142176
1.0152523204210595
1.046193884332761
1.0947776081744904
0.9789462947578353
1.0456253742065171
0.9863674546091854
0.9986419623861063
1.0211922230601285
0.9724055925907562
1.0038888036085754
1.0181206891304586
1.0070169877745603
1.0793538552018522
1.0697828179068565
1.0391678813678433
0.98581840481082
1.0237548355927948
1.0271973083417838
1.1672124179515
1.076388073486441
1.0030982089414335
1.1392501952103267
0.980033845045952
0.9925685921765652
1.0798474686739754
1.0635860344615644
1.0314043417968117
0.9827176668090086
0.9824068093294207
1.0131328768146104
1.047639902041953
1.1424372778799463
1.0172581593561683
1.06879049331819
0.9871403770314695
0.9844643493385968
1.0536398565572795
1.0468944270447493
1.076928097615318
1.031992522869132
1.0273714694462475
1.0269849481818123
0.9886237432292256
1.0268276902769429
0.9907898397743364
1.0642732060220168
1.000089698640814
0.9767616530629979
1.0211631181119247
0.9778201573220382
0.9954411470522644
0.9910024756875832
0.9983641708914035
1.0675480254874736
1.0003772585796493
1.052672283012924
0.9888905896497965
0.9970517690654266
1.0038841618368708
1.0290594772203112
1.0192997412558322
1.0110665266357113
1.0119365987343767
1.016242153653658
0.9910024635856365
1.0069964338643853
1.1619739552975015
0.986559726322356
0.9991497710197565
1.1231780248949108
0.9944045965222441
1.0262378734656887
1.0167327082800866
0.9698054806420288
1.0008945905362285
0.99255124509409
1.0645107002262022
1.0211205081692285
0.9984068009654983
1.2527681535388129
1.0025711416103016
1.0429119250395882
1.0567391251905698
1.0180813105229716
0.9791991431149896
1.1255243708262719
1.0180550011633558
1.1119806524767477
1.0448814533975828
1.0493237064175764
1.018248210353533
1.059946284432185
0.989424669055843
1.1493605218837257
1.0518758186325492
1.1194681901527486
1.0341732393739693
0.9815403960743849
0.9846133749362938
1.0250364524196403
0.9904630767033209
1.0178137342352995
1.0522966667368547
0.9913639826241527
0.9896765170184378
1.0823312258132716
1.1304245631325822
0.9848098914737952
0.9908635326438624
0.9897798849573706
1.1431141485239782
0.9922884549646398
0.9949535699457306
0.9818342900600212
1.043060843267795
0.9910712146470875
1.0741230178500356
0.9893721860306058
1.0010467826727385
1.0273975450886836
0.999014206031619
1.0160619905522699
1.0256125165714536
1.0802941755635662
1.0254765874516978
1.0512176638876247
1.0234985934702423
1.1261864441187783
1.0395071014465762
0.9701107344992757
1.0139384873800652
1.0145263034475973
0.9784907402661022
1.1474373003138763
1.0264967616006726
1.033670276442329
1.0884736692938861
1.1637163193462696
1.008298279020967
1.0275023428087438
1.0278241904933372
1.0872675907022515
1.079048263277207
1.0966366513702464
1.1581631347176822
1.0149359355750374
1.1141378950292513
1.0962289394292095
1.0187100689625461
1.1057978326095488
1.0679595917143152
1.0104879217419642
1.0189511922719983
1.1091588914246249
1.1234023911731774
0.995750134096286
1.0252477318858808
1.0144347057325287
1.0084933394925633
1.0218807889928136
1.2676099768563058
1.0500020795888219
1.029195613520169
1.0529248352368925
0.9969356489216865
0.9941769337144439
0.9693293995448906
1.0034249201493675
1.0010657787149697
0.9985769006307944
0.9926491344713352
1.0355700422627794
1.00676042635162
1.1079193394120712
1.0948733920800322
0.9863463761533193
1.0144839263077485
1.0770824183856018
1.0000633311673586
0.9772900047773488
0.9904372030874642
1.011110730000998
1.0167065124993047
0.9721100302725564
1.0172750047421193
0.9845463753320894
1.0762005754319608
1.012571564107858
0.9900562635123892
1.008181972897315
1.000218423719213
1.0223403608158768
1.063611562338123
0.9955631218309678
0.9944758320859879
1.027616483512604
1.0216276602767658
0.982295578945173
1.0219401858602537
1.0103758675928882
0.9900741286255987
1.0893955059568676
1.0022065660665962
1.0340848155363178
1.029299076400371
1.1832627839074503
1.0239394715801216
1.0144773984155684
1.0167094576444566
0.9966284484592963
1.008122057642105
1.0808632960870932
1.0253750246818676
0.9997119496088661
1.001284899889002
1.0937522366869818
1.0282848936354287
1.0677969596724857
0.9843145553739141
0.9869844014509251
1.0922192739666994
1.1030657885588817
1.0270644968139861
1.1682102206203204
1.1549489365812156
1.0146416299126648
1.0044530872535429
1.1345439196987193
1.0844334921362395
1.0589015973758662
1.0111242946459558
1.0055125619806908
0.986420538567376
1.0044776966383895
0.9921500989084533
1.0063595222025938
1.1246604593552383
1.1606429000743397
1.0003376157712207
1.0872961778301358
1.0284367249029505
0.9891872962070473
1.0309563147548158
1.0196920244900978
1.0786916480896998
1.0645634769501076
1.0127381653566354
1.0081432562627324
0.9803535325717423
1.1195984460501527
1.0196190642403764
1.0574036347530402
1.1098470480221365
1.111704855404199
1.065193149976612
1.0931346754043725
1.0673605300667297
1.0378093367751995
1.005596325985874
1.2448239303901032
1.1430208432814877
0.9984362882556962
1.011528707488612
1.1132183994141123
1.0230190542344284
1.0391329443551593
1.0702243795839976
1.0270377974752714
1.005390335598136
1.2944262719601691
1.016472964564407
1.0071174821353057
1.0348120773595884
1.0207653015223657
1.0762563007456214
1.4700998022772556
0.9969065046855142
0.9852208385170975
1.0067079812610789
1.0216219750247963
0.96613803980085
1.2372959496497657
0.9862784483783417
1.0467452191573616
1.1912882449482856
0.9937719839630811
1.2436373416818358
0.9999636483782975
0.9893185603397961
1.0417230173854903
1.0287518099230784
1.0075479308028465
1.1257126985651877
1.065338319176432
1.020495142540675
1.0636132035283876
1.0462068565587963
1.035115849849488
1.0417598841371887
1.0281633717582626
1.0826780760657464
1.030851700853807
1.0574374138568974
1.0995346417058456
1.021827303197694
1.1158071212738279
1.090059814921871
1.0564421569160902
0.9898692658911837
1.04399562708972
1.0151000650008437
1.0366056366418652
1.0047989672333415
1.0360007486418292
1.1099875883141235
1.1591632199192659
1.0158066337977725
1.0239466536080308
0.975376207751846
1.0130995395303444
1.044238450624736
1.0081793990296766
1.0366756085188062
1.0683471204858244
1.1383002849270007
1.1695606504492513
1.540272730802839
1.031243771321295
1.0535338727659815
0.9941766712921382
0.9818237016728203
1.174820805077072
0.9868295889785921
1.1148680141814375
1.1027297351788128
1.0019854829923536
1.146541397867747
1.0450708387820176
1.0288983047691906
1.053914032884356
1.0652582888633284
1.2815278648872872
1.0331677608810277
0.991343251846413
1.077912507883502
1.1137460984624956
1.0170577444111872
1.1281327076028327
1.071037025064331
1.0440750449667855
1.0635797817277848
1.0017501723503337
1.168084866023482
0.9729082424662758
1.007633376634259
1.054750241104459
1.003259850491741
1.0310163859024168
1.031305138383533
1.1759434837745157
1.1385395561991498
0.990906634988117
1.020633623275785
1.0766287859775947
1.0342302646756134
1.0426487751565778
1.1275637029088703
1.151455202615428
1.220634297321808
1.0904166447030803
1.0402190759332137
1.0029774040906976
1.0214036115573244
1.1616814546318512
1.0526336226583743
1.030917455458042
1.0969310948811128
1.0504834318061635
0.9894797846436736
1.0172248719399364
1.061480618444081
1.1630621571750173
1.0227168205340627
1.1447303855518414
1.0055919208339101
1.0972051202291302
1.1458370861466602
1.1007552074149791
1.023755849269551
0.9962599666176896
1.0594537697732611
1.2028777024894723
1.1369430549530237
0.9754029750270998
1.0175461803481913
0.9960009410977071
0.9892879013640583
1.0211532362964486
1.0577882458215282
0.9868740930371744
1.0006870707160747
1.0126190352586886
1.0100151480019137
0.9744463192649058
1.013943468508538
0.9860891178580646
0.9901142206531859
1.014957703895502
0.9956583756032222
0.9894297242246161
1.0606096206662046
1.0376421985842847
0.9865770054636724
0.9837436811193008
0.97989884427905
1.0176215080477924
1.048444110252265
1.0377218049580044
1.0178540622279306
0.9886342881948306
0.9821016213765763
0.995846075284231
1.027563640146213
1.0523766084121804
1.0032494685385707
1.0483106593877782
0.9874824666674324
1.1272975660996356
1.0645650530781847
0.995480824034382
1.067684953888544
1.0184286783883665
1.0633723499859569
1.011223808114188
1.1403261532561015
1.087969840703218
1.0246936139668608
0.9824850499621839
1.132871250829636
1.1510045375746265
0.9698632507293838
1.023243356771233
0.9912528920786888
0.9988019114749314
1.3095477757570353
1.0420241026600316
1.011757061246407
1.1456483428811608
0.9820220347761047
0.9820184663902
1.0496570037147976
1.0536588399000326
1.3775816810623809
1.0047285324026605
0.9886602885166196
1.0923915094509007
1.0784348931688597
1.160347936121616
0.9900870051032223
1.0677460045560738
1.0670921800755306
1.0459095426628668
1.0304856447103463
0.9803495819566516
1.133249712605862
1.0283184498326232
0.9890225266786385
1.0123346584536344
1.512819306193237
1.003886004506565
1.0453506623011455
1.1435054321125928
1.042089497970513
1.0960998646135525
1.0406524275166236
1.0602825849204673
1.0108274965602346
1.0432904761586774
1.1338002589496063
1.0872227414243811
1.1947241330068017
1.0314669586337162
1.0253251659481666
1.03332860039356
1.0599825887062106
1.0360125694991345
1.0866990518687365
1.0800035792598857
1.0534712930685362
1.0629625048826974
1.1564098188926077
1.0265176597886954
0.9928530697199269
1.1137022943726842
1.078095571825918
1.0130144071480516
1.0201142068367248
1.2448627286876937
1.0333487093783371
1.0145937403392125
1.0142689899303812
1.0907816440487632
1.11717539973498
1.0463836766357208
0.9910082592410209
1.0054806605516546
0.9994030446725987
1.0259970732823802
0.9897102166493242
1.0190768472950618
1.0260684120462125
1.0107243858687467
1.0739841605718934
1.0087088090449916
0.9883046687366523
1.0517981735280433
1.0549275083058167
0.9952648223661569
1.1612741474187849
1.066161610321386
1.025711335503492
1.1545852559969814
0.9991011941602949
0.9860180060814882
1.0578488633504914
0.9869512870584238
0.9877229302047951
1.021171716635041
1.0517622595610359
1.0210713008797614
1.1824647899918577
1.03263985807533
1.0668586827592499
0.9865905908874592
1.1554599128294432
1.0727700402753382
1.076193171235172
1.0015097237553692
1.0456645345230862
1.0120823226795537
0.9950992623912878
1.0139942083313394
0.9995096238530307
0.9772558409290399
1.0123694021653866
0.9937490618437301
0.9907321706955079
0.9740917653251197
0.9844566378102007
0.9935859525881565
0.9895200285144805
1.0938545647169688
0.9809049780925818
0.9990327531892345
1.0714256102970574
1.0544475643017752
1.0348630206266172
1.4987531854123015
0.9943672740264367
1.0486216572974238
1.1165226320861303
1.12325583985011
1.043339946480189
1.1493114460949971
1.0214860679283528
1.1004086608890142
1.0436320037520115
1.3601365391273883
1.0428774960619627
1.0207837909053643
1.0351757078782111
1.0401722328023577
1.2255962305509105
1.0061299444958698
1.1059776275412496
1.0694622087473866
1.2086154909641575
1.0575796385742946
1.0752401079450498
1.0211589940591426
1.2223301166463645
1.118294463595006
1.0798955009146458
1.162444268410017
1.0160138921851192
1.150490944463701
1.0023067757967206
1.4209899156046184
0.997923506684996
1.0196434953459266
0.9959986693903048
1.4964993947434284
0.98321086036112
1.004735087217244
0.992779259271176
0.9997727391438076
1.1064387378973557
1.026918790700387
0.9939609226141796
1.006792203195031
1.018937975172482
1.0112074892885183
1.0437936260726262
0.9958580406852559
1.074806081479424
0.9646573527396564
0.9995481325662467
0.9795251036151542
0.9833388843425421
0.9981770642960651
1.0604679949987488
1.105530980938548
1.0740438157876242
0.9791216258416924
1.0841659585799401
1.0111276761433534
1.0128272787404478
1.0082154930486555
1.1112607535289167
1.0198865803975394
1.1195221885577002
1.1002772173863966
1.1666996216776788
1.0231549948930958
1.0290946343544307
1.0908677557475446
1.0453215479856353
1.0136466667164796
1.1448195681834945
1.0447018686775513
1.091676414233637
1.0366142581653004
1.04131533357817
1.0646279409830604
1.0858466372178925
1.1238151299562236
1.1298028718269886
1.1154424830893122
0.9961471087949911
1.05796445105622
1.2175713843523481
1.0133243358719703
1.0603780008372392
1.0686867520322463
1.0622691812103624
1.0510890528303112
1.058133194068904
1.1141512778270801
1.0206913894840681
1.0108437109189583
1.012366930607496
1.151463798178408
1.019123227020487
0.9932437871051704
1.0602356536109032
0.9971997086568086
1.0011605612293484
1.049746964071018
1.1293286036031964
1.0088204293039482
1.0177115154525669
1.0175978729038773
1.0540314567386897
0.9971270822208183
1.0328745174060654
1.0085876441335575
1.0060244866508903
1.0442893136050588
1.205942184593761
1.0213896219457184
1.0076652358211529
1.006546352840439
0.9763927341568402
0.9734017887973441
1.0336760417749074
1.0568873401618322
1.0355659446029881
1.0710335308006076
1.0176613499115397
1.0331325257240977
1.2168250454200575
0.9955854988726536
0.9876625843727821
1.1018736608517514
1.0043665496135477
1.012786980058014
1.0019416293116545
1.0251955596694213
1.0947151228424148
1.009978766567032
1.0841537547243711
0.9729152183522487
1.0676427454601303
1.0482471962577495
1.068573668712833
0.9910450320871391
1.028761177342767
1.0336574242410985
1.1329770916605528
1.1413392260845865
1.050633266102852
1.0302418957222685
1.0374082421912745
1.040544694238214
1.0043162414500544
1.0012579583428947
0.9869498060543831
1.1241810058744952
1.0045275763022956
0.9773751218447844
0.9740675670239852
1.0773982460326068
0.9772758795426622
1.1498049448103609
1.0078088651964612
1.0147129985614678
1.0867544453839677
1.0307942158949213
1.0305014811420914
1.0458787914929744
1.0168368503216898
0.9840113115434546
1.0032002391439547
1.0797293946171516
1.0168080136005968
1.0285205259836225
0.9877280584381609
1.0301188835431447
1.0046991129972707
1.1243023973929156
0.9898107606993868
0.9965627254022955
0.9952674647233841
1.0253860002808168
1.0151900514599324
1.0587695844713032
1.1313587689428062
1.199349075539935
1.1479188186828237
1.1134527462042614
1.0515099919090094
1.2026116548409287
1.2103538176104107
1.2952580145908852
1.0728294059425867
1.0240462030398527
1.1388224591298681
0.9998186508070279
0.9897182454536608
1.0878996617188046
1.0586334504028219
1.1489276218903763
1.0033819441587348
0.9954735979430496
1.05109444071859
1.2033089799256929
1.063618489764354
1.13654099684373
1.139694724586602
1.0037133592447804
0.9981194409281681
0.9963327975911278
0.9859465859926086
1.1210246801749402
0.9966659457675389
1.0726903001271089
1.0111995706679582
1.1260229959234915
1.2096368610384487
1.0956534696992004
0.9943670686168764
1.1081122833518837
1.1112553277499537
1.3283943720459042
1.0013448005366574
1.101802965658147
1.064293732344034
1.0623178228553114
1.0644563776988012
1.1040157680595968
1.0204838271946524
1.1335080945346472
1.0747638226363971
1.0445980112448763
1.1171323930215242
1.0468210077486717
1.134388448617666
1.0215412438842486
1.0112132510418854
0.9912516945107426
1.0024431960426117
0.9962302322120167
1.028823781083228
1.0141353303293086
0.9913777426933981
1.0428543704023625
1.036720547753131
0.9783466643042875
1.0048709545262666
0.9835369371902359
1.0208382895029933
1.0130648624623582
1.0115940442486542
0.9917631083894713
0.996801936948961
1.0128640190154161
1.0697933776632802
0.9916822586553785
1.158816472708088
1.2394291382711145
1.0426689845656634
1.0614914758926182
0.995649244517524
1.0076370809979829
1.003993223225761
1.1039449192677337
1.11126702246834
1.1334749216802658
0.9995185188924477
1.0167249419929487
1.004808969768614
0.9895655131828521
1.0221445272174656
1.0591106685457532
1.0551961544791193
1.037022043673468
0.997577240895328
1.0106995935185341
1.0687374837949242
1.0316480470173486
0.9750557718217946
1.0672183036865
1.0288724342362958
1.013998096211607
1.0557732076104724
0.9709327359786943
1.0350972022248794
0.9762250925706448
0.9998732594180438
1.007024432894649
0.9903010139400639
0.9893465912263434
0.9884216082388937
0.984327785393974
0.9957212056673892
0.992906776231594
1.050668685970449
0.9954521611325162
1.1249370382641515
0.9918451584657293
0.9956670473904895
1.0131052882819076
1.0514685686006753
1.1528102516862275
1.2184548469847012
1.0646317439113073
1.058024561756631
1.0102933194447128
1.0364732290921979
0.9866302563640806
0.9921951597207095
0.9918925146056269
1.0130570586189096
0.979717258859743
1.0201085347094554
1.0231102993115184
1.0128183638786
1.0250911694380562
0.9973293980078181
1.0044201175261451
1.0365505293184927
1.1031598096655464
1.1192918428052676
1.014819459767057
1.0611705866647925
1.0425654914624036
1.1111496244421661
1.246292166008095
1.0172491377494455
1.1075831853158133
1.0317420253889844
0.9969827636902592
1.0188313390678334
0.9943867769163326
1.01272629303739
0.9731320231724137
0.9911891190102045
1.0024860420476787
1.0082167463972618
1.0214131992560724
1.0185222537146887
0.9905236987717869
0.9946886769261054
1.1225848326860697
0.9799453626580169
1.2302744620102852
1.0131501008081025
1.0071545724486186
0.9712829525379938
1.0435673774453362
1.040477958661445
1.0141565327310478
0.9904922490526105
1.060561094583456
1.0132850456879898
0.9754958173607677
1.1546309357093398
1.050293675125571
1.0500821698674083
0.9888809677373075
1.013263765144291
0.996306993064527
0.9865601126585422
1.0542236644075669
1.0819295588669275
0.999953331039001
0.9857779416566335
1.0891375535275154
1.0331849148867447
1.0543435444382807
0.9875008032583945
0.9778995572123984
1.0679155996294283
0.9870845919388369
1.002479006064783
0.9928345268074784
1.0029012145495038
1.0147286700562952
0.9907267912804288
1.099178026532808
1.0243830148486919
1.0500388796404247
1.0428676186846992
1.0141242654503455
1.0015579050702281
1.0265711102845616
1.105723729676539
1.0024135793197304
0.9908534208569023
1.00928798167535
1.0361517731634415
0.9824062993870781
1.0216036894655112
1.1176508661115554
1.0601789462344982
1.1895713907926844
1.0617696263231655
1.0827305411942647
0.9914978828623795
1.0756337008578174
0.9789729973642899
1.069522010189797
1.032365123018324
1.0144304415654815
1.0976878935142849
1.0330749903488123
0.9910684850718541
1.0554035341310237
1.086888759997692
1.015156753669763
1.0450013989125828
1.112231781268672
1.0106733384738746
1.0414295003507288
0.9929860185599478
0.9757210953726743
0.9937564773324905
1.0149405565941845
1.0896836108639039
1.1401089246638252
0.9853808107915188
0.9823526133025988
0.9793242093833092
0.9951818570374273
0.995724920643422
1.0168612865413416
1.0978917887405757
1.024779074401154
1.0397179204634504
1.02891528388235
0.9881560534661153
0.9934048645790934
0.9798966862389706
1.063224920954937
1.0018955564698122
1.0246585282153062
1.1129587288355844
1.0954837473662506
0.9989372236018015
1.074864257012126
0.9922668383205098
1.0808375944191264
1.1024703454492792
1.243315920846053
1.4155371357788973
0.9984180947656058
1.0627314465238091
1.0266096262490076
1.0116006218427205
1.0214997588801478
1.0773935109257744
1.018230814340381
0.9974610366584885
1.020683792978772
1.1054273364358598
1.0395241201988408
1.1168624857365361
1.0365836974479576
1.0437189298928333
1.1095488691472741
1.0253689456629553
1.0204623388055123
1.0582890817343034
0.9890221457382875
1.1839512499656153
1.0686066722175132
0.9834503139565361
0.9840133370248205
1.0806703517204475
1.056082411197732
0.9974357832273408
1.037448417506419
1.0022687287117755
0.9802700113470852
1.02981658783761
1.041986740571429
1.0044611267692318
1.017710014761227
0.9903752430902445
0.9880197493325801
0.9760241449650927
1.088798290626988
0.9825098917893079
0.9904693809534748
1.003203793408786
0.9990854995555187
1.0136401888642959
1.0053865087346576
1.0233958065954805
1.0150380773386705
0.9955173011084822
1.0112077097867274
1.1035478228917976
1.0357492152522239
1.0834634038958415
1.0744867449085385
0.9967087357931991
1.0637734126790659
1.0848011831074076
0.9870762530273176
1.0498388039960873
0.9966618403461232
0.9949448009003594
0.9802134754659134
1.0726222593508572
1.1593673860171683
0.99939375123914
1.109982984454178
1.0057799419218494
1.004284426126947
1.1335658657725638
0.972543473861798
1.0212494286405858
1.0999756763680493
1.0569125089144085
1.0096617448815848
1.1171774717633283
1.0099623014112624
1.0057787805473795
1.110182516078739
1.0591717738203847
1.1011811087999104
1.0328114560826718
1.0856360590079688
1.0780405556199204
0.9917463030541755
1.0790181553389946
0.9997671073853043
1.0412994443781558
1.1196413573484727
0.982480089569109
1.110146690494113
1.0853318963599679
1.0372961901352182
1.0636480634751582
0.9918212565133564
1.2542173443192406
1.1583386828702404
1.041764751754593
1.0163203130871163
1.03427252587008
1.007686121369959
1.0025497908133967
1.1096495190331006
1.0941018987789033
1.1344610005529805
1.0959914164537998
1.2174215592176725
1.0744706645599806
1.0785147624295024
1.1152282007962864
0.9882952509687397
1.037837272626232
1.2741358135006842
1.1289996785682626
1.0226951731511762
1.0717824270010872
1.1398652895293202
1.0719348394588666
1.094422994328584
1.0259817110458358
0.999654396723718
1.0889632222939984
1.1788621000073243
1.0471600883596488
1.006257968370387
1.0063067137381683
1.0047982350906137
1.0328546335715176
1.2500795338335526
1.2537140159736375
1.0867515659745046
1.025220186458657
0.9888727713070656
1.0034846679916636
1.0330927704275406
1.0279365433692624
1.1905315089657722
1.0092327410207562
0.971888273355118
1.0730768018289762
1.0077086689419752
1.153890555429959
1.0162611204948064
0.997584014755283
1.0839122358390247
1.0764707426731932
1.048470285950755
0.9908420876274995
1.050778913631094
1.0101448810718276
0.9799492660271403
1.0216466321436752
1.0244458500454514
1.0887437416078858
1.0373231499053075
1.0271364425019884
1.046224032523647
1.0599112624412579
1.0913009805742633
1.0132086616656892
1.0451661673710244
1.0593872515403486
1.0375502435024042
0.9912623037481534
0.9895253884239267
0.9967755495947325
1.031300393532343
1.0043520476111296
1.0684105410640332
1.028521815741768
1.0150230091370256
0.9876834980012154
1.0796467753959758
1.022797773714369
1.0340301018575317
1.1066772201694843
0.9912808856644236
1.218889490959501
0.9974771902558661
0.9915432984792434
1.1207733822571868
1.153122543094958
1.0827458309074012
1.0274565567312688
1.0148505306909112
0.9864936729487208
1.0060641891341988
1.052011716730179
0.9818155358563994
1.0350813469538402
1.0617110384128599
1.030956239998779
1.1551313049418164
0.9884044983465511
1.0070807260884571
1.0154066963731534
1.005715884587588
1.0518137320305936
1.0221848390922945
1.0040644989858167
1.0422909986304743
1.0160016357837711
1.3481993889470059
1.0447799369412343
1.1672401579588985
1.1026571403830083
1.060624891129526
1.0443956659627642
0.9890510856978766
1.0119271552949494
1.0157563519530497
1.0041181114856346
1.0723624844030823
1.0371434065869702
1.5133417921729648
0.9802880825913401
1.1429745445085078
1.067378397264105
1.0946714332757383
0.9943768132485216
1.2550753630220266
0.9766027210441299
1.0857796709521097
1.0035667827657675
0.9973646027587154
1.148357527131547
1.068238466029423
1.0180266168484498
1.0479371365642385
1.11237303786596
0.9710863394495908
1.0035667827657675
1.0609126120436125
1.0709926166640709
1.068351649897856
0.9822324237256176
1.2168521691235858
1.0183781177078886
0.9682787435763599
1.0882354430824517
1.0089090417435402
1.1389920336319486
1.1433953833032404
1.0588756852833492
1.1550958192400107
1.0038752061183573
1.154373785926263
0.9993857555233927
1.0163027839561005
1.0140722990244178
1.1226469047148293
1.059814573585495
1.0722441944869234
1.0212741144123156
1.0074326641123361
1.0221261279439315
1.3129953506640362
1.1548983890821674
1.0183781177078886
1.0038307426874504
0.980009181245476
0.9803036815641356
1.092391169819059
0.9761953139770119
0.9892066029735125
1.1719633556794684
0.9920601273263487
1.0619985817193507
1.1548983890821674
1.007696013470598
1.0291413991137748
1.0158277474866193
1.0722441944869234
0.9648871176851428
1.1781131203546034
1.0247533068554822
0.9939478613298093
1.1239285245267272
1.1429745445085078
0.987571715502596
1.0917996105760785
1.1335435612808016
0.9984935680192326
1.1490216517658718
1.0472418923162894
1.2625809589480999
1.1147913123314457
0.9761953139770119
1.0136613664742882
1.097078162727411
1.012358127470662
0.99485423692128
1.256653671100625
0.9993857555233927
1.5133417921729648
1.0085655677933703
1.4668119071421892
1.0163027839561005
1.080517906427679
1.020476715385895
1.186273374371666
1.0172039478097126
0.970143958951075
1.1305551209726192
1.1167367359301958
1.080517906427679
1.3615148894520392
1.221561371516891
1.021828238771745
0.9941167748777838
1.2056867523415542
1.0122408670642655
1.0917996105760785
1.0038752061183573
1.3421961137350624
0.9747635094530027
1.0705423167767558
0.9930161950957063
0.9687839651110843
1.0802472049600982
1.3057906851490526
0.9975211305573101
1.026554916117401
0.9901451573558159
1.114560971395865
1.281009533796266
1.0983447719981574
1.1846065620096078
1.0581262595936796
1.0163027839561005
0.9972776592374016
1.0286197242888186
1.2727422105723258
1.102482102836031
1.140144075779581
0.9806548605760694
1.2147054802582349
1.0124155077904267
1.0488363628203445
1.1057820610136404
1.0345244901243613
1.2023892635074023
1.0983447719981574
0.990659270896652
1.1890550046808996
1.0328838670547515
1.0111933643773159
1.2411038364892633
1.1781131203546034
1.0143224667331696
1.3115807977744358
1.5133417921729648
1.0462738560927862
1.0215165957949466
1.116746406050718
1.01608141306496
1.184357577716817
0.9930471281237319
1.3652089446527556
0.993569763834186
1.085416671062212
1.0824394891539035
1.0882354430824517
1.0857796709521097
