Model: LOF
Dataset 20: vowels.mat
Time taken: 0.034600257873535156 seg.
Accuracy: 0.34
@scores
1.0586971545904613
1.017425804607162
1.0112336360821792
0.9983295428721585
1.0101627628462184
1.001003268365138
1.0056998431645865
0.9836132409910006
0.991977888722001
0.9922337810499086
1.008120899928213
1.0077124070614114
0.9923416905853764
1.0773000602834049
1.0912096027050926
1.1231054486273375
1.1548843902704953
1.4462418989272097
1.4120012275383742
1.2931603257056394
1.2720350836277756
1.107223379764905
1.0568043026282745
1.0976456048222778
1.156134586810356
1.3316476916140734
1.407871593919398
1.1990686590527195
1.206421525305522
1.2072379866832856
1.1716034171276726
1.237467846774684
1.2478851834323106
1.226040473359535
1.1071661944893483
1.109577220037687
1.054108259786553
1.042681865088047
1.0362062386507507
1.007664708040092
0.9944512966153758
0.9613815482736474
0.9689633263967575
1.0092339215609551
0.9930029133181643
1.028421212687527
0.9539405187980344
0.9770775653142764
1.0212693123194758
1.5364941428124377
1.322683240559205
1.2248642102587144
1.2270237799868373
1.2213983630007326
1.2091726340031055
1.2536511400681936
1.1976561075945489
1.2027537412708544
1.246911520027259
1.2121797748915413
1.327906254545814
1.3314433893785098
1.2552685600155882
1.176889474662199
1.202806703932627
1.109027073148541
1.1385630777488251
1.1213274635816393
1.1305641646964881
1.222255121382649
1.2587230555237263
1.2541362065860073
1.208512706030904
1.1530133160881229
1.0896136479425587
1.1307105354979683
1.3531314384599764
1.1492666233375357
1.158334733019747
1.1075892444564546
1.0850110528709183
0.9900414075935599
0.9625959906243743
0.9719090314121785
1.024193341000514
1.009391218425242
1.023242732208576
1.0721137442349016
1.384657657145677
1.0589931069391478
1.0983222744188665
1.1589073291663772
1.0983115344070644
1.111318737692185
1.077927010916726
1.1242911354180414
1.113082002569977
1.2018990272653605
1.0757751828659887
1.0076685410025894
1.0044267278053243
1.121215465028103
1.0378061455359682
1.006351931422869
0.9945768647781736
0.9834275470006922
0.9589940324277301
0.9703375679983015
0.9963868585289765
0.9859175961715454
1.0218490718204183
1.1119809519835644
1.0683559966089473
1.0192304524361624
0.9869607133939363
0.9715975258873412
0.974503435602516
1.0888005588999548
1.161093456037809
1.0822509985448137
1.1225106476522817
1.008180289862518
1.0069505420588873
1.0048799172265146
0.9770424488930332
1.0115282202608302
0.9780893679470605
0.995346854872109
0.9926970210236501
1.002599861581896
0.9874965187025142
0.9742248336265986
0.9730821309723984
0.97352948204026
1.1967900501625124
1.049116818631339
1.0362835896930154
1.0052861931236066
0.9857316052932215
0.9799902767739805
1.0366647359930132
1.049696530336515
1.0011971576084997
1.0606261173449942
1.1055428296739283
1.144536785617929
1.1095490021937695
1.0528134465469008
1.0369434530122572
1.062263971565668
1.057611519566694
1.0421403953423383
1.0307084950903485
1.023311336573943
1.034004694572388
1.4869984705645052
1.3602147786198897
1.2621130307180515
1.2051338909094638
1.1864784167365496
1.1584434722705619
1.201411715204218
1.1699270692932113
1.095093238386695
1.1421335935347883
1.1767972468348344
1.1776657759906057
1.2057408288652036
1.0838064959843494
1.0217294833111485
1.0875226104307079
1.0600548462018997
1.1211141274646326
1.1079207490510865
1.0721094215867324
1.0949909652874505
1.0883632010207205
1.076439629885834
1.0898230353277076
1.0811079331502849
1.1159251581676277
1.1556974620547331
1.1569651658379858
1.1803214752030868
1.0908212690826065
1.0658931758170413
1.0602657143054484
1.080943955449528
1.0059806575551906
1.0186427562897435
1.0182844530442572
1.0244089664305303
0.9937086939084201
0.9982630669447274
0.9979873965685627
1.0272349761550021
1.0322367119399674
1.0593982194316554
1.0594803946229618
1.0804565613481247
1.0911106448964942
0.9769203405573037
0.9664119310884788
0.9838519273912759
0.9802719945009655
1.0403415269300402
1.1505700040184101
1.1186056264448985
1.045832611547007
1.0281611895519454
0.9973210257234454
0.9850216064956324
0.9697445711384025
1.1513440125377252
1.3510354914521892
1.3352704300620233
1.3412105883546763
1.4264319897136601
1.3062658639717974
1.2440586229789272
1.3085506953845045
1.2999955126880414
1.152414117175232
1.144484567397968
1.1771301518093762
1.1794417059653743
1.1791534549539375
1.1934391290649442
1.2171068415488648
1.3342953943632878
1.320036358684529
0.9957031500116414
0.9983859537814744
1.09184241539011
0.981246524614334
0.9924720764806183
0.9961727417584889
1.002155719497185
1.0187289906191064
1.010522737776734
1.0291673385485138
1.00967751009179
1.0295133860533232
1.0071552134092754
1.0168502576106087
1.0200520700146056
0.9974546204494266
0.9955503560055258
1.0174712708981701
0.9822393363486789
0.9874995662372525
0.9716188468088467
0.9701615865685259
0.9754441711460953
1.0136456223201453
1.0364602335969821
1.0540988833343647
1.0612825895765519
1.0477119915799513
1.028478378849507
1.0158549884798571
1.0023681552465822
1.013363503914785
0.9796010470823987
1.0507342080717674
1.0347431425546143
1.053437981952929
1.0937967145414746
1.1026477376844157
1.0355079825384503
1.056015331732264
1.063701802714584
1.1088266426715125
1.059230900432612
1.0363100383546713
1.0603516975140412
1.0528059178724642
1.1166446765486544
1.1608291816075886
1.1535057146348815
0.9910667279054719
1.1251334214133497
1.0802633176652665
1.0019074126348828
1.0351740078531795
1.0468284095756575
1.1158548884140527
1.0656942604984108
1.0995501410340653
1.1138645012296444
1.0395349235158868
1.0332121869240556
1.0640921695392012
1.0454291400539557
1.010206183349493
1.003751596653901
1.0374463482071359
1.070310473643263
1.3565032580144851
1.3007491243923088
1.237335357032023
1.23950751061507
1.3092924756171935
1.353595644148386
1.2132088863235337
1.20870994166192
1.1683646172292514
1.1852008147657311
1.3051048826111156
1.2650357138650137
1.155316966242474
1.1374134735255883
1.1156530986567148
1.1903979403439593
1.483952780711332
1.3549867443442998
1.6431074049278518
1.0633115226668437
0.993138795504052
0.987292342535844
1.004765913177983
1.10453151411761
1.2351238652940952
1.1335044562104917
1.084059682291309
1.0293874679429087
1.0391206897335752
1.0579212056064755
1.0920915473852886
1.0475297434291537
1.042260524915997
0.9801294177885058
0.9911816889349586
0.9763504219694601
0.9894249249272395
0.983908475189731
0.9763308243971462
0.9661359648927952
0.9688125945767491
0.9808860471819051
0.9825955436875171
0.9832973047174385
0.9873255345600394
0.9760221698604156
0.9763723847994253
0.9723062969718004
0.9887448385230015
1.0131625463341958
1.0206832050773964
1.0011727276050462
1.0014878400914067
1.015335614930977
1.0036947610672122
0.9761975543812399
0.976224221009687
1.019089771096292
1.0210955015188026
1.0069309026246285
1.0126750612921274
1.0176009139807203
1.0045548673875573
0.9915406845985038
0.9813491393279861
0.9933240552280852
1.023313880791775
1.045256858815375
1.0821247297845336
1.0125801773658412
1.000730960324731
1.0840452748420504
1.0988734991858577
1.0315019045937803
1.0273822130069676
1.0239622369613888
1.0482903320279418
1.0454015605823652
1.0190516485212122
1.007154167113343
1.0039448473906534
1.008288936761263
1.0013949771528672
0.9798251582505593
0.9676259318772225
0.9710462004680309
1.0000934925518625
1.0021479781283904
0.9839513793527248
0.9766001747393688
0.9860630844324796
0.9950738117167273
0.9833571229686964
1.0045433241930204
0.9746239316342296
0.9953189862469234
1.0140829476563256
1.0146898707739471
1.071155193672936
1.000099767627108
1.0011478192125094
1.0516612180214764
1.017796822689879
1.0380310657078053
1.1237927627560822
1.1549787376002054
1.1597788939085003
1.1717593470243446
1.235748367903011
1.2264019137706679
1.0445643051910127
1.0334482489071122
1.1601003147051325
1.1178369748969719
1.0231765837738576
1.0153018331178596
1.069212888789569
1.077514129475961
1.2374263022249887
1.21418621224094
1.0207813870061044
0.998665235219581
1.0115119606838978
1.0297991991710105
0.9966902364775855
0.9966216322190155
1.019935627105656
1.1141418410209007
1.1087382445640768
1.1044779443151935
1.0709994199257087
1.0523904295936923
1.061818991304213
1.0386712314641475
1.0369059542456414
1.0429532810689677
1.0273744826744602
1.0743980027694449
1.0765618644582342
1.0998763927315705
1.1760671385502928
1.067190703868921
1.0530027942402813
1.014279400538488
1.0377819149613938
0.9954802055081707
0.9856185131230323
0.9757619392847593
0.9717945549663005
0.9829467150296625
0.998471234560213
1.0306909228823375
1.0302492629822164
1.0258865253417926
0.9977257018918456
1.0006893717036232
1.0078950498895471
1.019001480699766
1.0728464928912582
1.0469622368267903
1.041622215140603
1.048228247472217
1.0294197042320816
1.0403817233061639
1.0455949129147346
1.06263233754003
1.124922640672854
1.1199291349702993
1.0935903430172447
1.0976198971279343
1.1110735405567187
1.0915839994789356
1.0936556920467626
1.1255563101165431
1.1811921709950965
1.202476421577648
1.0412262666936325
0.9972361527666385
0.9850398341534514
0.9678448681609885
0.9993134957628282
1.0230951525483976
1.0729006718820377
1.065571770940416
1.0281537847095168
1.024093242210218
1.0148940638216122
1.010461600534928
1.0109784090939176
0.9968296063820331
0.9698211892883866
0.992027845982331
1.0580085462087598
1.1383451469579868
1.278300100381503
1.1226483833505756
1.0488466492854576
1.0199502473633364
1.037648761486174
1.0262048549027933
0.995038517932177
1.0388182381469444
0.9930133428480568
0.996629911880581
0.9935881104718586
0.9924001284754629
1.0091399289240819
1.0618834695510446
1.1071560162157468
1.2078243397685093
1.0000786364214185
1.0057940791135176
1.0229803867154263
1.0280743466866802
1.005068169499139
1.0025791720520147
0.9864665390153704
0.9895475943390346
0.9913181291197086
1.0102018038430054
0.9902295946123191
0.9991486480719759
0.9805763164342339
0.9788530796658179
1.0031958715514988
1.3262236070699152
1.3103186432486829
1.2388536577759406
1.1619438123674166
1.1323210438559577
1.1587523659128611
1.1372964620878636
1.148384556965682
1.1257314584120348
1.175413630298933
1.1953652861176471
1.2211594511831003
1.2291942331685148
1.254013095506784
1.2730732663141968
1.246059324408652
1.062835639198226
1.0622277840788679
1.072370268861503
1.0691147214784158
1.0241751533792418
1.046351708024168
1.0289631358219022
1.007480134196435
1.1427595680729579
1.1563488502315569
1.1520688234541736
1.1336743722939957
1.1198205005637367
1.101589801089853
1.1570783942807292
1.0626730249165646
1.051533775540687
1.0123738266428306
1.00566844420706
1.0424186222961818
1.0572923803415981
1.0854017854996032
1.0801801210529478
1.0507010009787474
1.0498187664217178
1.0443844439861798
1.052392428212233
1.0525193545634728
1.0116911013578727
1.0763662981533466
1.2429280077712588
1.034560935461856
1.0857655727234234
1.0370725418284727
1.067200242067452
1.0211820182524662
1.046982739371649
1.0334100960074513
1.0025196720895246
1.0146676144130093
1.0319766786877187
0.9895289201077933
0.9786167736580407
0.9888682825548475
0.9917139168559578
1.0050736135781349
1.013522039040116
1.100598536877621
1.10931016918672
1.1107317687859728
1.0390909105447226
1.055080656789622
1.0577913943737667
1.0791294769765496
1.0741992821100326
1.0257196140812883
1.004748328803577
1.06861036895249
1.0160362884180143
1.0132792541846614
1.0141390998003688
1.0402945611601022
1.2037458831300676
1.124562428223152
1.0987798288663715
1.0469088575716206
1.0633273316885188
1.1442031975977165
1.1595594745296176
1.1299993787277487
1.1159214057726248
1.086596843633068
1.1026905887392418
1.2542008096607111
1.0755287185586657
1.0300393314680423
1.0038062327036257
0.9963437439703601
1.0041295469946871
1.0129130955104186
0.9827884728325536
1.059652367579535
1.0914587062706862
1.030563572047449
1.014452649134372
1.0413492799316297
1.06550540599326
1.0390874713804077
1.014689925999177
0.9892494088290521
1.4421549780766738
1.3371815649623173
1.2471566513931758
1.2184674384874836
1.1917494206206904
1.217430726754897
1.1682368772073821
1.0973048616784515
1.1875726999229785
1.0941826527265621
1.086465114193485
1.149319051714291
1.0922723313333222
1.1423248716640757
1.094591054288308
1.1003929438598976
1.136670232958101
1.0249195838572418
1.1151629921652908
1.006501426461095
1.017653402187412
1.0169646360444986
1.0941177777460218
1.0402496177151548
1.0285839978877687
1.0238756558523645
1.0262985061343635
1.078614223163825
1.0529431733215235
1.022258185154803
1.0253165375822708
1.0057180539477124
1.0040479928989317
1.0172462574408452
1.04711947915398
0.9930346693405647
1.1192868226766302
1.1805749267764767
1.1704651709673424
1.2029683378255016
1.1553287848292424
1.1626452547442743
1.2321628952534964
1.2707016528763337
1.3237624970996336
1.401981485934017
1.3580848156987473
1.2735046426234318
1.2813898225533586
1.2934437928125098
0.9911835209898253
0.9774222918777126
0.9824279106534002
0.9965872685238871
0.9771479119822539
0.9874001682101525
1.044120345888846
1.0299087750066866
1.0240906666940102
1.0014263383563307
1.0281766433605528
1.037295279671184
1.0055179742576734
0.9950314627060173
1.013131167578861
1.0582491963809344
1.1131914016152742
1.006987644986648
0.9929879643559026
1.0344887429107292
1.0707731385887305
1.070524226591159
1.0437112887101754
0.9913976610802091
1.0447341793180307
1.0253232359430533
1.0712646163812671
1.0367256158218958
0.9812561488152131
1.0813528239819656
1.0433869085898957
0.9774203901952803
0.9672943246680961
0.9893805636158055
0.9867624915012682
0.9777212410649568
1.0333580038431678
1.0713896102108034
0.9841019881845465
1.0416247784114374
1.0429641180840152
1.018958791357788
1.1690426068205702
1.1946664960546234
1.0156359161950763
1.0085651289373598
1.031258624859004
1.02829744807355
1.0424054592781327
1.0026489352857326
1.016736082182431
1.0726420830567398
1.2301093807491523
1.1373605166625875
1.0860986143754663
1.077576935684664
1.0440770020872354
1.0261732819087404
1.1343004265273904
1.107106126001597
1.1089995830343473
1.1225682155020824
1.056255294363527
1.035872607063512
1.118716409317421
1.0698219487127258
1.0497798054000813
1.050504958590166
1.0634359547933243
1.0766723403847158
1.0203508257469949
0.9932045725295018
1.0011173312974162
1.036464512646086
1.0400164915585122
1.0357940061362614
1.0770337175247682
1.0630325347405924
1.0828320304424663
1.095481130497233
1.1434253259360923
1.0847160237640308
1.0450272080214567
1.0321343923075053
1.0037512332436451
1.0239669267509262
1.0086019331162597
1.003188135237519
0.9982276035829176
0.9965970867502973
1.0165403471930126
0.9657634369485212
0.9842086128946568
1.010016122807357
1.020652827880431
0.9897808936070976
0.9792746655004894
0.9938480526967373
1.0034580210413058
1.0606274729374268
1.032415786026549
1.0306353273488835
0.99217624699541
0.9540099815773297
0.9503706987562174
1.01607257538452
0.9982271089204826
1.0724773510502248
1.0581449789777626
1.1577118366870907
1.1804408389959273
1.066642619641412
0.9951982894959368
0.9787570812417403
0.9958375741648545
1.020932956537625
1.0245240151134638
1.052394412331966
1.043600660229065
1.130614235274815
1.0551862287105864
1.1116520958345715
1.032884233562881
0.985210556726216
1.0449158042526092
1.064498933377892
1.1391285053746087
1.2701667072768064
1.0877964763760632
1.1170286812743728
1.0356890541527488
0.9990243538792498
1.0333065820719682
1.0684104727020538
1.0462628837880614
1.0219636320124574
1.0986105802380628
1.003518464682674
0.995930483161912
1.1787699339628124
1.09499390189224
1.0755983344897821
1.0052474137031593
0.9973093657875178
1.0171416410550191
1.0522597466118522
1.0197932488604178
0.9676780048882725
0.9776191947748025
1.0025649653228323
0.980349158339758
0.9816775266325546
0.9875214762432591
1.004841744875546
0.9934995087718645
1.0148246991752716
1.1101934415080805
1.1718269122425158
1.0960882824317488
1.0422607707148956
0.9962592383164738
0.9949098668820389
1.0063550376342043
0.9922512286852024
1.0115450710908276
1.041819442687189
1.050776106294033
1.1890823864758282
1.0605874293052389
1.038688477706218
1.0518932214009926
1.0624683954418104
1.0863134783236235
0.9993873832036437
1.0012189514628482
1.0152529837385162
1.0896882941508133
1.0906047684943425
1.0276104181593215
1.0338282909542849
0.9906155598287751
0.9862893734591663
1.0987382129423584
0.9993309156548598
1.0271159669630996
0.9985959050220006
1.0120255409689933
0.9984253606622386
0.998817308259845
1.0032169211706263
1.1290065168507315
0.9964332150063765
0.9766530438151599
0.9706877490341336
1.0474527377029506
1.0037978201824855
0.9805125333572129
0.9652808799772303
0.9838106995441525
0.9783033366211882
0.9879893645370222
1.002756321740247
1.0299226499692427
1.0263889375366175
0.9927963219882117
0.998906254051847
0.9852023610327081
1.0253023496515008
1.0137544602611073
1.0501656961270922
1.0310501497748883
1.1801834180571285
1.0833125844722362
1.0450610583384277
1.0484442579573767
1.1319597193805617
1.0279727214619936
1.0586354196175378
1.1134427620750729
1.0501878863493417
0.989492376378591
0.971723246244294
1.007022115269876
0.9961490151733783
0.9887999862698529
1.011522021918599
1.0330213967753987
0.9953896021714295
0.9769044935306255
0.9922482420030505
0.9716908850262982
0.9785077587874802
0.9971208353972253
1.0307178999522768
1.057200536049637
1.0675642046336455
1.0547450401665652
1.0537975578083203
1.1077065408599194
1.1093584379233297
1.0090686121965882
1.0253549381350975
1.0329484611964301
1.050820113526071
1.058156275204365
1.0489410877618464
1.0865255725217986
1.0493543136974972
1.0729714040875256
1.1053053505267316
1.1652813910474893
1.1246911520992415
1.0331096244255318
1.0361484193535406
1.0341733215447835
1.0183934874103877
1.0314718587135034
1.1127785104568795
1.0869785109726575
1.0292791037554385
1.1218363174080475
1.1347593993774927
1.085144709688281
1.0497001598859774
1.080321494993619
1.0253200525766801
1.0104366132407454
0.993514152506583
1.0213173339278014
1.0387805489424191
1.0125882138261424
0.955488597428866
1.0066176380135823
1.0051666090202578
0.985640618728907
0.9785526053369626
1.0083583885874885
0.9978004173756236
1.0065491939243612
0.9916396567546464
0.9941033486955975
0.9987647079612527
1.0066067542621209
0.9944326760296631
1.0033090048146278
1.0253001231740124
1.106177473336595
1.0987184316723986
1.1022020901462608
0.9664561810355868
1.0583637480084653
0.9717634787330187
0.9567561469536127
0.9519834316709318
0.9757450516560621
0.996437946369034
1.0201095055893665
1.0102203739098088
1.0453057583474832
1.0170250253844928
0.9796755879363033
0.983804952122606
0.9669441105754568
0.9685581991187318
1.0212398514658374
1.082706733825692
1.0443371465705193
1.0058878770085684
1.0960515165988902
1.0950593970791773
1.0646322375856623
1.1560485532450078
1.2016941939260293
1.1488963244305586
1.0059766975300428
0.995916669638709
0.9706315883105943
0.9848755636708558
0.9987870084866394
1.044723669986357
0.9781254839195501
1.0050153029834554
0.979773633955763
0.9854836806496129
1.0324658717710655
1.0494940114159987
1.0803200642900506
0.997203787734436
0.951547033450097
0.9742325998354003
0.9721195351959144
1.0165923312095557
1.0467593567644655
1.0369223348491332
1.0143994239715974
1.0364952022069538
1.154209083231723
1.0304109007581432
1.0493211685288837
1.0145015187887303
1.024740183270159
1.0184317106899419
0.9794072157068727
0.9811689956040206
1.033184142527152
1.0785842260709009
1.0086922700141916
1.0194968495030117
0.9916039269877904
0.9942900359903198
1.358045253718387
1.2664522332400618
1.406898232161033
1.478625586782132
1.5529476928080526
1.466497976593084
1.3995068355556
1.1953821785288714
1.1161770403719877
1.1308163150758166
1.1588600213869247
1.179436624553195
1.3407269393443944
1.4461053710367509
1.5448228212834723
1.5348969519944657
1.5433471685993398
1.4241678317186324
1.4591857661016259
1.4023561421847854
1.4356819408128074
1.6287862645735867
1.421526798192503
1.3759115008803025
1.3743190057552983
1.3207719485970968
1.1358204042759938
1.1552409592661577
1.095161496088416
1.1193334242978088
1.1538087814343965
1.1644919102186575
1.1086243343799775
1.0371043394954567
1.0887857137896335
1.0717992848167677
1.050273387057072
1.0211386488183183
1.0146230019947198
1.0334983111242662
1.0307100517156444
1.1330958930066533
1.0189138934765318
0.963658666273173
1.1719431214051286
1.0875039541403995
1.0858691494027601
1.0363540743534234
0.9967212050837247
0.9808336665782607
0.9762010755175012
0.9891872641847692
0.9981461332592577
1.0364771616184945
1.0256231056666203
1.0604731836954735
1.216177465884049
1.1497589783420135
1.0530745165440198
1.059845274135664
1.085321336393941
1.0644839083796382
1.065646177739222
0.9933293841757443
0.9644929923340333
1.2216918684614124
1.106729474768614
1.1071474003134596
1.1059768677046573
1.0962697461757165
1.1587369297817594
1.0635092630149272
1.0239931874745904
1.0339946843973808
1.066299227115938
1.1366439037760667
1.0040385220273946
1.0067793023223301
1.0280810329207593
1.0094124298701002
1.0490531714765194
1.317874163906071
1.3864035475198653
1.0357581779843383
0.9957419528014274
1.0217869403986424
1.0638830551123684
1.1289882686638864
1.2587428306257393
1.321641001638763
1.0100393257021272
1.001408623035018
1.03088844400023
1.0586567510312732
1.0267570611798336
1.037995171819659
0.9895544874962807
1.0074690829476158
1.051980320696352
1.0270802860874744
1.0015517502920865
0.9781741206505824
0.9824430564219068
0.9788581991380416
0.9688625622699203
0.982117219508309
0.9884088015987633
0.9709835409119801
0.9747708255204707
0.9718869940189592
0.982038811558947
0.9817066336860079
0.9671688253605193
0.9727144065348418
0.9969899223586175
0.9963438527529707
0.9927558448093725
0.9875756327576146
0.9910816998955614
1.0254332527226269
0.981164797482637
0.9740910498539724
0.9712833602594146
0.9702723656607258
0.9840772986681955
0.9924680765893423
0.9892860339489978
1.4271433080325961
1.4718443008298796
1.3214760998583048
1.280582343962132
1.1582417858522054
1.1096158505893026
1.0534204486246728
1.0575050104521233
1.1000071490625933
1.0855050408948343
1.0539766671226625
1.098932748633429
1.0460987698328612
1.0575722375890746
1.1683221487409776
1.027086689737683
0.9870851299990309
1.0118094884537838
0.9908699311498335
0.9853912753228983
0.967854687861809
0.9913539163854725
0.980496583034909
0.9922735935891029
0.9935832887925672
1.0217364066033148
1.033214144823141
0.9914475735299367
0.9960456273820025
1.0442325852125423
1.0259501773962314
1.0339571298432721
1.0420799507402285
1.0820446247045254
1.031192260044173
1.031395380885038
1.0142639861301235
1.0044403359317022
1.0108266479187902
1.0205300059803304
0.9906129152719976
1.0228598923737002
1.0296421616854166
1.0192071979106723
0.9985396056321131
0.98779183172747
1.013094197844016
1.0520733389220143
1.090342134133397
1.0758536960565026
1.0194510169534303
1.0180608203185122
1.0821420962430535
1.1023866069544126
0.9930333246579284
0.9705456669975036
1.0119996430028741
0.9956566659049904
1.0339118184905665
1.0743362633739502
1.1043789625890283
1.0241223797774448
0.9993573743496572
1.0252218311406034
1.0837244912655906
1.0161131894714104
1.0705830547461954
1.0475376980365292
0.975082738862888
0.987753088903944
0.9880100823019639
1.0036677989288767
1.0863535865752272
1.0445099731672476
0.9837003031881684
0.9931153818270657
0.9872686609097757
1.016315473537779
1.0329550103887635
1.0505383038325822
1.056138864832996
1.0555458415184877
1.0413572636670918
1.021243150711364
1.0305058457016931
1.0153752447080644
1.0159225131147271
1.0151664535101212
1.0367921105179922
1.0010912015379039
0.9939454871888682
1.0081025729649902
1.0137780100485365
1.0179155586653539
1.014647013906113
1.0415914848119503
1.0300893333703989
1.0238035855316203
1.0006545484299862
0.9881600233627237
0.9992898946461924
0.9801145687095808
0.971689278596554
1.0042336070421345
0.9961259910503202
0.9815649576338623
0.9865155061521115
1.0144259195494847
0.9869461937558954
0.979279100672516
0.9898969909941326
1.0174363979509462
1.0375780598591517
1.0399603686670955
0.9987969971405251
1.0204540158090394
0.9835807152457043
1.0034533446498073
1.0504048165107462
1.06599029315104
1.0249843646257397
1.0040571751408665
0.9684979235189894
1.0036242476006556
0.9885920142372051
0.9823713310583845
1.4003778714024373
1.2924839073167167
1.1575908713493201
1.083800916874747
0.9958379172011875
0.9897604744553361
1.0197638781107243
1.0564586654959862
1.1003481885598823
1.1606164394693443
1.2474125173297241
1.299528186878113
1.1911260715499696
1.1430746347637102
1.2833449328348976
1.006055834357727
1.0208190977907414
1.029032181913608
1.017562235541471
1.001043381115899
1.045235565074326
1.0213265652676249
1.0157339258816964
1.023826804780366
1.10371109774047
1.0583821718982194
1.0080932822526
1.0003132873197678
0.9853043442597006
1.1857156999608127
1.1029514916474725
1.0683124880945996
1.040319020645495
1.012552242616946
1.008851037418326
0.9931030234833408
1.1402887643052473
1.1469015918721899
1.1256884423634124
1.142683533211866
1.184721585343834
1.166939462013051
1.3152582472053442
1.4463696130825343
1.0328496608843474
0.9939198850510987
0.9943804326989248
1.0074387136560126
1.0061494326456277
1.013980466380159
1.040174744896184
1.037063465607734
1.075422877724723
1.0724217350979246
1.103827364920855
1.0096309141202724
0.9829245941951195
1.007923422161241
0.9903941939736916
1.0015750254003206
1.0259307644537754
1.0273730760919448
1.0263730455462994
1.0432065642991586
1.0666986459676102
1.0344351402054717
1.0181252411412902
1.1259628841832348
1.0587570910142015
0.9932319979254606
0.9724740397483387
0.9635612625375876
0.9858477835662882
0.9898998326663602
0.9693804451278695
0.9764827641269738
0.9858725535810999
0.9893105578009729
0.9866275494506853
1.0089588138747603
1.1110445572849763
1.1057164641368347
1.100006576868487
1.0907605146262314
1.0365518061587105
1.016453614599074
1.0295962771145233
1.0227464358979708
1.0049066573928591
0.9784238445325488
0.9915374199189554
0.9777630849626551
1.0076949451581592
1.0639867955683548
1.1040884592480096
1.2182609505004849
1.178673814216728
1.1598637661042803
1.1757437044853791
1.0911254386174454
1.006771154629898
0.9905593837139541
0.9739533678640859
1.0093761916912765
1.1543543478193392
1.1349899324664365
1.0594036069521189
1.062994156406308
1.6880292916509219
1.5824940891047043
1.1722030605325504
1.0762176865577648
1.0061053102192663
1.003261809156907
1.0056328401518255
1.0017260188844805
1.0413298956531931
1.0626844006173406
1.0437253108338829
1.024566288248022
0.9869880306000512
0.9896058703841926
0.9945744877754554
1.033451261592106
1.163890271409532
1.222886346167993
1.4762298407298498
1.1828347908824046
1.2267317145216983
1.4066820721025888
1.2367741234266278
1.6074820857865757
1.1971529165932193
1.369909450503581
1.212350432268345
1.1535856476327864
1.3742942400164857
1.2887074229485251
1.3552989997739588
1.3307633819339784
1.3139762710291687
1.4124252631112608
1.5456586162142192
1.3788755879685404
1.2681752357587723
1.2473744038067953
1.0742848074372129
1.37826359108811
1.1488669385580497
1.3427413843562765
1.5985585470400117
1.4702422387754506
1.2367741234266278
1.4496317057482815
1.4552031811780228
1.1670303134238464
1.2716229716552747
1.3505824599073517
1.6569662079065897
1.1069986558340814
1.2189553178386265
1.2979790260570785
1.2400147770220806
1.5133433121324291
1.3786443787001001
1.3365192408613364
1.3552989997739588
1.5742275492775095
1.5985585470400117
1.2349138228259045
1.3446670663725142
1.2201640532571771
1.2942222709648954
1.4496317057482815
