Model: LOF
Dataset 3: breastw.mat
Time taken: 0.008316993713378906 seg.
Accuracy: 0.13389121338912133
@scores
1.0010643527851812
1.0000248600026063
1.1631744585181931
1.0655868340862518
1.4790219745009372
0.9820281514550283
1.8393502803027726
2455634919.730954
6325130229.384298
1.1295692901523098
5613908730.652723
2500000000.9910307
1.4261117545990876
15752932940.043158
1.0291220684465376
1.4695084163748489
0.9979709550844712
0.9841568845662723
1.0107246892027362
1.160215313485844
1.035407027795457
1.0121183211041225
0.9989854775422357
1.0
1.201406747498074
1.259088148646606
0.982956936250343
2500000000.9910307
5803420221.64565
1.0115532123760476
3124264069.703363
1.0778399246941472
2414213563.476533
1.0121775781708577
2500000000.9910307
1.040898708007704
3.2760962713020425
1.012574976181733
1.0650655257685635
1.1922969143878488
1.0794889349222476
1.7142627034468068
1.0570674200085048
10000000001.0
1.006534193299613
1.0
1.4790219745009372
1.0137264202614173
1.721266163426613
1.4153630702761213
1.0583679703240116
1.128745623759704
1.056064026952018
1.022327443467495
1.0971035286099486
1.5879195078630097
1.125157981314796
1.477772845471372
1.1345016515867374
9186396104.055553
1.1491384535459108
1.2751285200215363
1.0
2.0589235257179666
0.9841568845662723
1.1279918654055818
1.2329392119048692
10000000001.0
1.1897605289850965
1.3526464925382085
16382542656.69688
1.0256657557573514
1.1547328715178697
15892820324.12746
1.3798787922141411
1.5477597167782275
1.6909985807384789
3668995931.458083
3.147532416048406
1.1695016026668494
1.181990259343595
2.8645604696462024
1.064108900698444
1.330316641185918
1.0152837383192588
0.9856706939194047
0.9841568845662723
738890507.0876634
1.0
1.1012868164971512
0.9841568845662723
1.0
3124264069.703363
1.0
2414213563.5031652
1.0010643527851812
1.2570882871939997
1.0000708533703166
1.2062633699812
1.5998221377589084
1.0904502298160783
1.8606275092834643
1.2036627934969046
1.7569527532492741
1.188314528064903
1.0618708454988233
16602410419.526846
0.9823544170217884
15191299855.429104
0.9762882193079468
1.0590257160310959
1.1028839785321367
1.548258246937717
1.5532377779770794
1.8647843105470687
1.1565546201275085
10768243557.064514
1.4360943823161574
11476764841.107439
1.3849008054758016
1.0959264402540947
1.0562955111597727
1.0572167007900293
1.0
1.0158869585191437
0.9912537885188609
1.0079582335820303
10813583138.504257
1.1897605289850965
3124264069.703363
1.0722714095037023
1.0479547800707882
1.0203612608439623
1.6533149614266303
0.9979709550844712
0.9968505979084175
1.0152922286528323
0.9968505979084175
2551776696.290988
1.0541801868819838
1.5532377779770794
2500000000.9910307
1.0915803663672419
11148023075.087402
1.6541706758998274
1.1075644178671387
5613908730.652723
1.0288479455947792
1.0097460843304165
1.8054720315041286
1.0
0.9691353109287213
8550569567.927609
3124264069.703363
1.0875718548201894
0.9992542069093396
1.1545647335671712
0.9912537885188609
9301004657.470798
1.364054166271385
1.048833650046564
1.4770965474902424
0.9912537885188609
7322539675.573911
0.9968505979084175
1.0
1.0
1.0696638315569171
0.9684699129206559
1.0294752752863932
3124264069.703363
1.0952379692908631
0.9841568845662723
1.01171742853346
5613908730.652723
1.0
1.160215313485844
0.9746587517759082
0.9807040639849873
1062132035.3811057
1.062850722004823
1.1468070686356875
1.0314417325359728
4194120703.8335776
0.9915546162028059
1.1059327575414282
0.982956936250343
1.0
0.9912537885188609
0.9841568845662723
0.9919734413035988
1.3294084852724155
1.0
0.9989854775422357
0.9859460365258661
1.118110449244861
1.0
1.0010643527851812
1.0
0.9928431420181848
1.064266638826842
5613908730.652723
5613908730.652723
1.1773228955582264
1.0339657502119943
0.9737714382733905
1.0
1.0288402071910778
1.0685946394281955
0.9778105974411775
1.0
1.0
1.001095168627548
1.3902723555162448
9372792207.115223
1.1949269222223644
1.4380681441381562
0.9583213025261612
1.0027295967507723
1.0
0.9864304770215357
0.9957171612324114
5613908730.652723
1.1667900694005187
0.9821133521359678
0.9606542042762625
1.483409547717933
0.9888913106367101
2.2853027865055724
1.1920998429346066
1.0308471767530292
1.094021997854284
0.9947635452701459
1.62639481683239
1.6891921107050525
3124264069.703363
8206532121.22272
1.0
1.42528978243045
0.9724492491625838
1.0034308932807985
2.6157108942592693
11222992530.141708
1.0316196213818543
0.9858322649116882
1.0794889349222476
1.1491384535459108
0.9713503346415937
0.9968505979084175
0.9989854775422357
0.9912537885188609
1.0104450976480457
1.0862540262192906
1.0697755855063664
0.9666978439597365
1.0331302187875095
1.1937074222797588
1.5136361712360897
1.052881595484688
1.0387055518051265
1.2289932028363109
1.0
1.047875544377733
1.0010643527851812
1.0387055518051265
1.8118532166450556
1.1139108922178331
0.9989854775422357
1.0
1.0
1.2134234588054293
0.9912537885188609
2414213563.476533
1.106545666654119
0.9924731761526662
1.0565469564173036
1.0148401246610532
1.1140152400098868
1.0203612608439623
1.2022412981023767
1.0226322338606555
1.0
1.0
0.9785882406922719
0.9863899709462576
1.0908133993798073
3.271272194514497
1.0504047668771064
1.0413202590843142
1.0
1.0691842999799652
1.0
1.0093769840814268
1.11024116676806
1.0
1.0
1.0119030284127337
1.7092121216369758
3668995931.458083
1.0
1.3341524779520673
1.0
3500000000.9908686
1.0025100351121066
0.9838954376711392
17346794300.761917
1.145600715564759
1.1247592246882152
0.9912537885188609
1.0514319100406526
1.0
1.7288439462115819
1.1539814099587387
1.0
1.0955512126828606
1.0000113517925908
0.99110380977202
1.181990259343595
1.493922985976862
0.9604802840152387
0.9707418981295154
1.0
1.005897929746188
1.0
3500000000.9908686
0.9543823267138679
1.0428571761875376
1.0
2551776696.290988
1.0
1.0784171669806788
1.0
1.915078586746942
10826237922.723232
1.9480590149765198
1.0308400469423078
1.4130283854115422
3124264069.703363
1.2986757008627254
1.0585948728910384
1.0
1.3230229225881456
1.3944840655429789
1.0867465626847963
1.0598797177364
1.0124466607891143
1.07396337779475
1.2177276446679246
1.697248160076701
1.4607356387223236
3124264069.703363
2500000000.9910307
1.0520080827744838
0.9838349186251882
5803420221.64565
1.3793320121970196
1.4563429240566401
5803420221.64565
1.0152922286528323
1.1343411199587785
1.0121775781708577
1.0
1.0
3500000000.9908686
1.5583758550995488
1.7484321043082294
1.0
1.016775604215249
1.6023099607914457
2551776696.290988
2551776696.290988
1.8961280787578865
0.9842055633620946
1.4663414526472134
1841726190.1328514
1.51420789383737
9500000000.998013
0.9982703994067389
0.9989854775422357
6634619408.762697
1953991742.3802276
0.9989854775422357
0.9912537885188609
0.9922792206142181
1.3644032080008826
5023455659.844095
1.185528369533388
0.9968505979084175
1.2040196515839319
1.6958158934893077
11632231095.351158
1.0
1.2910995179623557
1.0
1.4257211984679337
1.0121775781708577
1.0
1.0476415410953972
1.1190077609261988
0.9677463704573874
1.6897149152047368
1.069940644714396
1.0
1.7059698965886843
1.9786600684352025
1.482245390037319
1.0679660287300148
1.56742467268492
1.1897605289850965
0.9968505979084175
1.0800135603891572
1.6741376272914
1.0291980524082078
1.0
2500000000.9910307
14217192089.245178
1.8219712374984387
1.1300330364431255
1.484417043339849
1.0042571137434961
1.1033879671160383
1.137251662948517
0.9922792206142181
1.3996588405907124
0.9930488339860656
1.1507506103967928
1.5938504462019971
4018843614.007266
9500000000.998985
1.6231916820792407
2551776696.290988
1.0
0.9930488339860656
6634619408.762697
0.9792167724079264
1.264735073487703
0.9930488339860656
1.4617929631956488
1.004626284026259
1.796480463253649
2.218165262133802
0.9866844606467369
1.0158771009605236
1.1241143635816717
1.3437431067209427
1.4130283854115422
1.4572219321056568
1.6288626768315086
1.1614641186043175
0.9922792206142181
1.0100710260517758
0.986187171520491
0.9582020213989715
0.9922792206142181
9500000001.0
1.0115532123760476
1.6288626768315086
1.471612579224992
0.9922792206142181
0.9930488339860656
0.9968505979084175
1.0838970136159056
0.9922792206142181
1.1796687945370645
0.9853348908756049
1.1700888656585986
1.354978914798963
1.146302057713432
0.9708253947831855
1.1241143635816717
4155117691.9084024
1.0115532123760476
1.1433119708536656
1.5212823062556753
2.0434435879220243
1.0
1.0395852609709826
1.0905386631671536
1.004064010513827
1.9356316062374244
1.0115532123760476
6634619408.762697
1.1580104570915937
0.9979709550844712
0.9979709550844712
1.160215313485844
0.9979709550844712
1.1695016026668494
0.9841568845662723
1.0
1.6745467562453722
1.1037847978996516
8933456579.862152
0.9930488339860656
2551776696.290988
1.0
0.982956936250343
0.9930488339860656
1.0115532123760476
1.0066518284476589
1.0811867273969737
6634619408.762697
3500000000.9908686
1.3424609338326345
1.0500325451496937
10000000001.0
1.1617159453604393
1.0646494326807208
1.0064211415339064
0.9989854775422357
1.1012868164971512
0.9922792206142181
0.9841568845662723
1.255693122404746
1.0905386631671536
1.010480339973004
1.2910995179623557
5613908730.652723
0.9989854775422357
2500000000.9910307
6234510737.3789
1.0010643527851812
1.1190077609261988
0.9979709550844712
1.1238576384534256
1.1678958059892877
0.9968505979084175
1.5837914453433215
0.9979709550844712
1.3499039098482206
0.982956936250343
0.9818951192627325
1103553391.6631362
1.0377526837700546
1.0196936173707083
0.9989854775422357
1.0
1.8423513777459442
1.4848104523999217
0.9968505979084175
2.4795855506879714
1.5680927396082651
1.4130283854115422
2500000000.9910307
0.982956936250343
1.0010643527851812
1.0010643527851812
1.0
0.9989854775422357
1.1545647335671712
0.9948134959146776
1.0875274794409138
1.6104682837764372
1.0029880071755304
1.1610630565695454
1.1072498310912628
1.0046254798145469
0.9989854775422357
1.0
1.0095237677467535
1.1190077609261988
0.982956936250343
1.0
1.0
1.0
1.0613947633183334
0.9851034610448949
0.9959995202255685
0.9968505979084175
1.619634662426413
1.0
0.9952909092054718
1.1300330364431255
1.1559925006395695
0.9930488339860656
1.3655390157792209
1.0065264556004487
0.990268118133973
1.1241143635816717
1.0146677563371205
0.982956936250343
1.0152922286528323
1.3531973596554314
0.9989854775422357
1.4145029043986896
0.9989854775422357
3500000000.9908686
0.9979709550844712
1.148975392713275
1.0895289366086078
1.0181723373707974
1.1490588286291614
1.0
1.1692597923851833
0.9930488339860656
1.0665192695781651
1.1158710466717872
1.0984682886470147
1.5554490791830722
1.0282064464053116
1.198758750892719
0.9989854775422357
0.9979709550844712
0.982956936250343
0.9989854775422357
2.033342039969244
1.508765691757016
1.0
1.312048251006611
1.5999835592330554
1.014338311487886
1.5229056990736747
2551776696.290988
0.9922792206142181
1.2480705667755343
0.982956936250343
1.0
1.0110137429688113
0.9968505979084175
1.5138022244914255
1.0897494418107974
1.32566469446522
0.9922792206142181
1.4130283854115422
1.352611630332968
0.9989854775422357
0.9989854775422357
1.0
2551776696.290988
0.9989854775422357
11222992530.141708
12920903299.032095
1.2743387056396558
0.9989854775422357
1.3898950079091024
8344073183.33565
1.1300330364431255
0.9979709550844712
0.9912537885188609
0.9989854775422357
0.982956936250343
1.60029437287606
1.0088339045673276
1.0
1.0
0.9841568845662723
1905755792.5166306
1905755792.5166306
1.2660206270193324
1.0
1.5041187337532507
0.9912537885188609
1.0860911600991587
0.9885157719325243
1.028101159669107
1.4011674487689392
3124264069.703363
1.6065539003426728
1.0
1.5283307387431744
9500000001.0
0.9930488339860656
1.0
2551776696.290988
1.072268621849729
1.0039892296040418
1.143066650523725
1.0
1.0
1.0
1.0
1.554703114768768
0.9922792206142181
50314685859.93347
12920903299.032095
1.0764766826998209
0.9968505979084175
1.0
1.4362508505305172
2551776696.290988
1.039162988895223
1.0899049504336469
1.0875316913460467
