Model: LOF
Dataset 6: ionosphere.mat
Time taken: 0.01017451286315918 seg.
Accuracy: 0.7619047619047619
@scores
1.2542701938893008
1.6726444037584187
1.3952168897078434
2.3037146853071095
1.4990597138015267
1.0589627464724756
1.426761138037521
2.52887186722243
1.3415106427960108
1.0761205611777458
1.3421770090153866
3.5488025807702783
1.4232355732625108
3.9744924920245737
1.9658384022128246
2.371251046651654
1.1392025320163042
3.054121747289527
1.3910271131636598
3.066770595050211
1.461727428841187
2.5400270724329634
1.147252924343943
2.5370722249140334
1.3505065498591917
1.7886265824602987
1.4863567967480487
2.5855765813413685
1.441570108398484
3.378146233778973
1.6535605300424425
5.478709424091539
1.3367847033093057
2.549849151692493
3.136573447429732
4.754231711516969
1.0971529081998033
2.932143517266085
1.1235995117289104
2.1124232714123314
1.0690614256266873
2.7626681851999164
1.1138828509912733
4.625283292252338
1.3453849811138752
2.1148920073094666
1.4258335622374019
1.966652543051778
1.15985367039459
1.8744817325834622
2.6949127441068788
3.4332265382359317
1.2605770452595293
2.8440564118273026
1.3744752944445524
2.3731857928659092
1.9030246020331165
2.878206404786403
1.36588866925446
2.0553413154272393
1.5502494953004835
1.570305530356697
1.1744649957952888
2.7490207169542122
2.4336566071097723
3.230809198428156
1.6401246215498102
5.222980304605696
1.0147609348116828
5.755800758710299
1.5822347155516543
2.982031461982269
1.0830787208596842
1.2605909874549974
1.3037288915279952
5.144738873271488
1.3568724458382202
2.2585668871695024
1.345180682569993
2.8490159999090876
2.1793596764841228
6.419132897142218
1.0591236296355822
1.1486019995333092
1.0854312640989319
1.8820037962764669
1.1039203069113226
2.285153968854178
1.044783088185007
1.1133838848138793
1.4209803499910776
2.1431660815972906
1.2688251241347968
1.807906971599164
1.0794571973174274
1.117513429016634
1.0269889824797964
1.0352894813182998
2.342564500593226
1.0728096959808835
2.326804955384701
1.1376832278747007
1.1415710116918523
1.420933057305452
1.901464707537491
2.055991652734958
1.3597041974116268
1.172980413812704
1.6729184385688005
1.4371050625444466
2.2490109686444297
1.0208915016638538
2.312916994834753
1.0370960868329324
1.2367322345633887
1.0650888356250565
1.3858451217161842
1.164290208408406
1.7236853871334497
1.2220717331642716
1.4162391522736255
3.364111501372149
1.665075569347244
1.0744132837728304
2.062185604690958
1.3344983987849386
2.6960465249639047
0.9910091314106255
1.899713185276162
0.980784557333223
2.198346828232242
1.0764112189415278
3.4050755481383725
1.0269454748054099
2.8648337030567186
1.0295362184333026
1.978436944970662
1.0671746942843043
1.0511621706109202
1.5599527766668468
1.9135205405927287
0.9931567211335823
2.5268021864967407
1.057240971442401
1.1372665598074703
1.022967648972568
1.1193814499296173
0.9765847690066491
2.907822518444277
0.9775749963864812
1.0655236289523031
1.0643143863567954
1.0517477294699966
0.995189616256891
1.0274045014875066
1.05136735810856
1.0530764668408485
0.9604900915205471
1.0531255587406494
1.2158270229225852
1.0336102939842842
1.045250118404076
3.258468777251129
1.1600111513833287
2.2219064818639835
1.2138307354487594
2.5933629374285423
1.3396792126798573
1.073588839218194
1.6989584359715806
2.5080811010035973
1.38008315568141
1.9890964085293827
1.8904861836082563
1.3756894622660614
1.9640163837018094
2.0916717716819146
1.3222416286636762
1.0684645323059643
1.3195507268120887
2.4977447856596005
1.3285930344730548
2.5490636733524075
1.4258969675026578
3.439620253723254
1.114727687286126
3.9956630992096693
1.24267831064523
2.5623814341093483
1.8782021900450079
2.2919770276750273
1.1412431019984957
1.5149088642463784
1.4389373418365252
2.4021812222911905
1.7152441078640948
2.426164226152395
1.8454600191861892
1.9454416662897362
1.5077954313736395
3.683718737584217
1.3337978345995813
2.5192454412198177
0.9956579206658229
2.4894225958557716
1.0648885148697087
2.700448150842843
1.2491907588341329
1.3664634572116152
2.746546140459844
2.650479051885341
1.067696273677217
1.6487985593632701
2.700489051396763
4.539308114712758
1.1105401113352975
6.2408984891844
1.0884666680422945
3.132321609692346
1.0459698307646514
2.0203873031667223
1.0628002112699704
6.392514196809179
1.069210769017959
2.0968512088869433
1.0284765021737337
2.0326347612550353
0.9812358510288627
4.589767455743294
1.2647502397053463
1.1331707272489124
0.986151758768599
2.249243044404782
1.0651781982522608
2.705077557839702
2.353818119053354
1.0644908835135767
1.0351218785474512
1.0354372182756042
1.0541050876660538
1.323132709052417
1.0776642641210956
1.5990994514850805
1.0220512232870158
2.747699659126312
1.0445262777141335
1.4355299762023999
1.0351561294466927
1.1415710116918523
0.9681369706736425
2.548734100725583
0.9672335477464292
1.6818444473085303
1.0372911880265172
1.085939181722996
1.1238077249122838
1.0304976391444567
1.2108973194819008
1.057504677511416
1.0425244030539627
1.056068760778469
1.0262371317823844
1.010719098555805
1.0320893156277944
1.0444176252638537
1.032796495101607
1.022454037685255
1.4227828496483477
1.2134560888417782
1.0557267731833277
0.9827015363110163
1.2532657326911059
1.420996486807413
1.02835298203273
1.0352732380798233
1.0641875208243952
1.03022608392412
1.0799368568078147
1.0114138176817173
1.032796495101607
1.0212656917504774
1.025179602191584
1.0315598250231115
0.9766767414737074
1.0131128841766308
1.4667862332392325
1.1711670531078102
1.0613627739037976
1.4543277334756801
1.1206460891840413
1.122314142745222
1.178229901865396
1.219536065350582
1.1055853507185092
1.1897834434942482
1.0455401802764859
1.0470312050992365
1.070843646551256
1.011869121730201
0.9886645552507247
1.0062132282661511
0.9950070915871766
1.0320787068293862
0.9734219876464671
1.1559856775905017
1.35923009514194
1.152260059236078
1.0847147120171097
1.0489662138987952
0.9903978180070366
0.9997617165942623
0.9958942199450057
1.062386602889859
1.7815492429903863
0.9741382352898814
0.9894139094279778
0.9898041407118858
1.6379277473232559
1.067162059376787
1.0237737806148497
0.9821176644802323
0.9822244157550791
0.9912870851747337
1.089506006316464
0.9937555540974994
0.9771392831327743
1.0118456582952653
1.1346064078107347
1.190635015508395
0.9938039599059385
1.0689557643179484
1.0474425478083302
1.004160897467693
0.9822513767870837
0.9865849701486166
0.9964968385349902
0.9898373064400816
1.0227684569395037
1.0600458935453108
1.1747908241368714
1.0803907677139757
0.9839974231998679
1.055298252813764
1.0462987645118447
1.0519166408389986
1.7866133042901506
1.0843856807547327
0.9761172252996472
0.9819908474838742
0.9798443686140141
1.0642616443307529
