Model: MCD
Dataset 21: wbc.mat
Time taken: 0.7848155498504639 seg.
Accuracy: 0.42857142857142855
@scores
25.41921502370046
39.68843152147366
80.77756141702729
214.44810787091126
91.64661374516375
44.48071949357456
28.968072115679334
31.419036535360757
21.163870929061208
17.731570556511798
22.889844177216393
41.398246995607145
121.45836356591703
259.7010627049827
176.07530774608995
283.6690832339579
31.797797937873945
28.402264812156048
2675.1219155020403
22.16306207520959
4797.12870501353
30.12935131368078
416.83645737178176
19.128680065570165
41.58071700328765
584.8879965391009
23.128824086602886
26.31459458966092
101.12882920269458
40.02471279609887
71.4514267414738
21.324813908662147
158.73432387761824
113.25011042608465
38.01957871741473
287.9078807480579
26.46118329173706
39.852493115173
43.756851642409934
40.81260091546061
35.345661436963105
73.63607605429692
114.8168250032558
259.4987849427701
1726.7618297168203
196.57980998489091
121.4473708935455
32.32100581227632
786.0456081641172
33.186534712966505
42.636207536358214
42.04911930217164
18.949638572508853
218.71759600080296
48.54858671955267
74.87336402066687
125.53248251550802
25.537498541689093
360.1360766602033
33.804494191248466
29.44474222773411
27.396657698607882
23.321857299706828
480.81250936122206
290.7097477340382
30.734345240452992
18.760623990321264
93.95008174168021
315.4960670106417
16265.38334759698
14.570684598468652
90.8555282845695
17.48119935189746
270.0068405958386
15.772439998347314
28.141803502605562
138.0556446857816
39.94902555482081
28.723968530513975
20.747605092197126
28.476415557099752
25.119788649702482
250.6673066685796
136.1700845109787
122.4844738706694
1472.3802434302074
14.601842277654905
46.78148377149847
207.18705662974753
93.51178984280364
22.98756683226529
41.45833202492206
28.04021932581007
359.7768699054992
1605.360204282466
10.487611000455873
35.1161848494514
37.17850317865138
46.29408287392665
152.75478689242487
71.63818810927805
14.419736965575835
85.80152447709689
99.430865703137
33.37237406031069
30.738527099165534
22.69845868926729
23.24672288307014
111.66694326864581
27.405693158843935
45.52160471918653
145.0845329475957
34.565187705968974
38.26274242691751
41.41500507917997
23.455372266878904
102.38237738075031
14.98446776307473
16.903487136989824
242.0559689215654
92.33109182830951
117.79654931015614
37.87500779790884
206.11763687479362
26.259002459531658
13.837450021744
20.610175856645846
117.9228917420019
30.76831486287481
29.21037763171285
189.6895451509367
27.028107321233136
12.157530190325163
75.92800920034728
407.48337178383275
23.704064893006404
23.301033123475307
27.23783403745229
196.47104795933498
158.52428930334284
25.605250974138457
254.34560187651724
12.8581323037626
1301.116041970415
46.040757097444576
5137.287040106478
91.92867861097162
53.29069148312716
30.768564688228498
24.25489311065597
15.989907155574166
116.51261970070891
30.16256799151256
132.93224462752386
46.00592454274263
31.339393932083315
28.92672020033463
35.73440143170644
33.60690374281212
76.27329926483246
19.324823172183873
25.839010434082393
26.04965518302007
26.070207430506557
28.25530135809934
24.263711350871212
903.8298381070339
22.25247584598232
24.171282452949832
653.6993932281996
149.27815742721342
366.18465954970713
38.905426115014514
16.128635129515292
25.31359400730932
26.011602302056765
15.10384280708425
40.385920940018714
102.26883596378653
25.469711326434023
18.502390612198777
86.16999858585466
28.922736479542856
39.62816033934904
125.09046117660526
25.538851212820383
29.879920106890076
329.07666545865516
18.152378459158246
41.84705432465658
28.478704601610588
100.43871906707554
20.407216901797575
150.09028211881918
145.3177900834213
103.8126168701642
19.636334195637176
208.5277246705342
137.60912122354915
25.342872926763174
21.25198833252977
22.924498466554112
92.25808196722784
13.8796990544288
20.34539051356644
34.46991716832642
27.155575647325165
128.97714173787017
1029.3521397003146
31.115378693194774
73.26819835775059
88.4366435330704
28.990569105953888
174.10046754819052
101.749837716469
37.40290103698447
27.56003213327949
25.431639576888674
536.1750137890438
23.18330298192089
400.1389118773418
35.54964267569775
38.56935940125012
22.081486673450797
51.28198131956959
29.420452708720845
20.086782065539676
26.03735805677339
103.11189408152575
27.151259988240533
48.00055436607492
43.82230837132221
77.15101193113202
311.51136514809446
33.51270254259332
149.59905319707588
18.36744714252981
47.493428940848
76.57999816596933
46.58134535259287
123.55423574570474
29.51172265068991
21.131982265537967
39.504341350414
431.3217078697087
32.65254580388316
34.12628530712975
187.41433680465363
20.703964113943016
41.75739312366342
44.18830308332137
17.614996604801778
18.92227258995983
159.99998924931373
73.40552036376224
25.272065671371095
22.238711824020786
19.36931006486957
19.779294273273194
79.54556459096285
34.462511463469106
307.3028605746697
39.091859739545335
44.66334570300152
52.885982314290864
156.24443995094083
26.917994573913283
73.64925387041248
21.70654029745637
40.7623363231077
74.84177921959179
19.260564225128473
18.549729371627862
27.957043449193467
29.754795147139067
19.704071218320102
38.0891636809558
294.20493329350285
81.97593932907549
38.82111174972791
85.33876833047407
47.41263730611953
207.54230928034698
74.66622439654384
342.3479654940718
116.32375641896829
40.728606865058914
44.99948439195519
32.89193250339411
38.52993759497011
32.86834019200208
33.61607239369026
88.30838037798046
24.157687256763417
118.0358729759126
902.7722115143343
28.214446129597455
19.018007442754154
20.027620852701073
356.055279332108
115.74935548562826
21.21389224599658
34.08373402480335
83.52035648688047
25.939405419960952
105.6286428510471
29.52185415854611
622.3758611623822
644.349335170021
93.72389921168279
144.75171802439456
98.37140394299277
104.56779447664961
30.988316804601705
47.88878461379997
29.386876043522047
99.57317063330576
24.286959382101532
157.0023984539811
19.048034888508408
34.66313924395329
44.4350915922948
102.25339997408079
45.399932407284034
33.12299826119505
701.6700553001573
17.45257644457182
42.02216618244909
33.90336833000734
40.983530298757664
42.19099079231616
124.2390351814307
277.209315884697
473.37218063815465
116.47311454833886
151.77077303871835
29.124877626590298
33.18794447965032
26.752606835064356
31.18336778007266
18.64536213101404
53.21118288830394
43.246100975726556
72.07035973993891
106.00856728053218
86.57324181351288
30.939615831284264
124.99941675692604
40.17880639729051
122.89028374014069
178.09840648356732
395.7396045349712
125.55197561227028
120.73974670524522
92.97178830321918
425.67599839517936
260.9233833752314
124.40765600947356
4224.014343257028
121.20062816143874
447.0651632563086
700.5188287931941
5265.689762381796
204.92094727766693
10991.402227534969
121.2142989383239
1666.5982210062036
422.24490104408056
2305.973267931333
164.49514066888995
1079.1058668980572
684.9438754337735
2165.795400120304
522.4419009061189
124.40765600947356
9696.7490395716
7537.487909421642
233.73516026759563
