Model: MCD
Dataset 5: glass.mat
Time taken: 0.090545654296875 seg.
Accuracy: 0.0
@scores
25.540332847092618
12.068319214415398
9.895946585016247
8.98560964816808
4.571438326556157
8.079459518685841
5.543560026100555
7.001831352722666
14.604358219111703
3.679160823372222
6.456507776433055
4.57912648451795
7.1266479556220235
4.4909784994392155
5.3916418618533015
4.101343489365174
7.890576085143155
14.107359210830678
11.59215772824502
9.310557191465335
5.178888408337695
33.685955180487476
5.671482931529443
6.043780323070142
2.6604328487725692
4.472853626624943
2.051100634941173
3.2251404762074274
5.420907560522625
1.7066822771287646
4.904945280245543
3.943567934169304
18.911338841658807
7.8279745797285765
3.8950724971572277
14.863181015615378
34.79923514012417
3.636021928587785
11.466762102417913
11.466762102417913
5.379162500863471
4.419823070867091
2.0831250718646803
7.277972746160774
9.636892578189265
6.50365882772263
5.414204465794807
74.59078234261685
11.259015425914194
8.923185726516836
12.06935939536829
7.924236660500327
16.686868024666037
17.347167640045676
16.501811019805054
29.340996899428315
84.43612047199375
10.923188500134556
11.106888079583042
3.9085612517029547
8.722777459733326
1190.769970953035
6.060362716418269
11.587826622434704
5.708647721668103
9.54748442406864
9.451391801414626
10.256155931625011
8.069768531489276
13.368220132100726
52.74673588722112
17.298766214487806
2.4350052682597827
2.880153055612901
3.114560107248998
3.773172999147668
5.828003468330851
6.900270241668659
16.89188177705951
6.826670959871582
15.047233485538454
3.7278993335040336
5.704321563712983
1.9632641334381153
54.138021498121425
4.834488023455667
9.81766027083735
3.5717209790112148
6.9006612850343405
10.63467520222073
12.459542446187154
14.96506873605302
44.24710305807138
8.691089634032041
3.6252048774821284
11.177431723378358
11.543430414033114
13.571784261986245
14.476963219669088
45.85629928877252
31.96300183590001
35.6219243404366
34.435651503094775
60.80101497797553
49.98013551695182
479.3168666245678
23585.183606497794
662.621491210226
454.40512855206504
421.8643469356422
468.16041364647975
493.7553586430431
462.7206748915602
9.43860665353775
8.683316173559575
3.6013597159916486
4.107367587641469
9.933940729004837
10.20883798326452
6.718014224746134
3.8641488298053113
5.579689654382728
1.7580444169687894
5.496994425630872
42.92043694184608
5.688388278081058
8.153334443736265
75.85869882501741
196.29722240273804
180.93281509550124
220.3473830258546
467.0394520027868
6.914719844954017
9.9067614463178
4.685778880273865
9.595087888894401
6.452674732192129
3.329870848049998
6.230966585419718
4.3926312959530005
3.1505789395361834
21.720870123906966
11.19962394655475
5.587676872716871
11.107919666102845
12.95902738149757
13.592761556718822
5.85176104608078
4.791376792984779
100.1030107872557
8.66481002055509
13.78952665343806
22.601959945075063
10.86852160654209
10.437648301268586
4.517907946475712
8.101160177341269
9.140219206285288
9.406411420418353
10.4747142804119
9.513964991684205
63.54470285682274
36.105049771654976
11850.294149023532
93.83826180510802
130.28787413171835
154.93411800884178
360.93807826411256
339.25443518471025
372.84380434870764
430.26739444995536
3127.016616327136
3137.700973414394
377.8738223403564
246.20325063898323
376.5559286081341
75.86650751350169
62.836509596476034
99.71956348657629
101.73175705069525
215.59671445957818
316.7517954804228
444.7929470599309
437.13155368076326
973.5199401184652
3519.7260298761043
6469.931207060903
74.83023674220851
179.02431658184602
6604.127287249322
1389.9218874923188
1178.998202346623
705.1870643503629
5876.689617546274
5731.394912798927
1078.139673168102
1644.8493102830798
1233.5420845287717
1165.3804910330136
920.982553299439
1171.4835644789937
757.6799013525036
1006.2178221067961
6822.289125647418
1260.5846430668523
5592.378935979804
4446.808310523228
19285.852693870234
937.1020741328648
2729.31967525282
5890.656597169998
6310.2854616823915
5743.525836847254
6498.648214204406
