Model: MCD
Dataset 18: thyroid.mat
Time taken: 1.0927460193634033 seg.
Accuracy: 0.6559139784946236
@scores
19.285218164739447
13.368722210254255
50.93342972532176
5.090597039592659
12.793624055310449
15.499704783509522
9.731200836439937
3.8198480538807615
10.047314298782354
18.045809644528404
70.47531098197157
6.955026383100579
2.045004907368735
1.1155864522003336
6.110257426996515
15.942396782531475
1.3836743051434972
2.8851677585086497
648.0438997232075
2554.712512441065
4.456066985706728
4.384271587128964
0.6386052650448715
6.25796625959461
1.5269404992004092
10.073958985615219
10.393142329140268
392.44597599148534
22.272163122221514
0.31471162638638667
1.8999088620522497
17.63399358091449
5.994802009969119
3.3692346772103536
3.460232144924836
2.223263411685756
118.51690702413589
3.4503206596422387
50461.04159301956
22586.325479596846
3.2560245665890815
137.43660301230045
3543.243529682295
77.85989474914315
15.766323635178367
8.35687629240033
0.2577805187237604
56.921534160933035
4.040137265508129
36.34482748113179
2.8643774440488854
1.9154419349576854
15.18491491142948
13.788259832943297
1.7815111542804432
2.3559856239744583
8.055589704470869
6.530589866365575
47.98661702888849
7.848274037251051
5.653743684276805
12.551205940514373
17.460181109811316
2.366889846857795
30.276285598754242
5.9804165427820895
4.891378748029632
5.448248450509922
11.281997707813238
4.240364535594414
2.9814519021397965
28.7768625337324
5.76449082765052
8.720598634549127
5.689785969534398
15.972757266345084
30.089189716799794
11.433223448689702
3.866236397819403
2.3919419096776235
2.3795587023042657
15.811505245269725
184.7259005830826
40.1503335715863
32.1354913094612
4.389234425940722
7.051815185463244
3.671896654968006
3.7135124576801957
2.2016883321572656
1.3035670738326626
4.3886062238644366
1085.0070691669182
28.99708476896538
4.558901955015353
19.50713839745959
4.063399294797392
12.001778188438056
2.2846467022234855
2.9452638209885307
10.546323510685946
1.680558208507999
60.287052837215434
3.5363489186927115
2.597621349521609
1439.2401758660706
28.02668843793223
15.78170734694923
3.706897558950895
4.262882752713153
2.4764349927342186
5.510360751960927
29.30146098712136
24.551586009048776
9.863149228859726
3241.9181301571657
768.3323237655135
12.920195783402654
12.20709128115968
4.2022090963914875
3.879440135349528
142.7447759463672
3.670184178462871
2.1868002883885804
14.435298276937935
13.489940948099008
0.8228856457048106
56.50745696055502
36.118222271249266
48.86479328656122
5.5017045543439504
2.533774834871654
16.566995891446204
8.537417594894379
3.610011541019157
204.26260526349608
2.8883391451400033
3.4342148399445667
63.560589739437404
101.34222042899171
43.837499811660734
21.347532769757727
10.8447906458413
2.5435858274836174
3.3089242293074035
31.175415029416804
5.737907192599461
484.5652768175628
1.503317999792526
8.069213610141036
73.15098811081782
8.26197951926155
4.506674468615663
6.908270546016229
4.220928410383079
21.635591737906992
29.142298164169425
1.6183704206597822
10.74629919224179
5.582780091698748
7.847342010158304
22.28117567893112
4.395881413248958
1.0792433040579932
0.7143163875044305
4.715067699935804
2.7294638681451135
6.002251800129641
11.850434926777593
34.6429650084073
4.934964275556554
4.168191592260853
1.3392031622182847
2.766055038343195
9.355358218596876
8.585352115477352
4.098605764370735
3.9048667509187727
2.4261375824491336
5.996119287991859
18.49699791468238
5.843524042691434
13.78210515380205
3.7338463958792487
4.114565703802514
0.7718088306449044
3.7511710572602377
4.979313745080583
6.562265471553461
8.20236706141168
8.971780028079383
3.5099034914221248
18.828395429849053
11.982154938909709
67.50424102331266
3.470087200409046
9.578257005578415
121.9179982113204
232.12753741801887
7.171335882405435
7.078029210496761
2.0077845630401505
126.8311969459874
51.85763788360077
5.934738740058423
5.06620373651056
28.063806391090253
6.435641911389716
351.15982822798514
11.533650997982669
11.899009663923955
38.627968498279536
17.544869134494817
3.3859646323806096
2.716949692696514
142.51679599392082
6.645076327281592
4.837844961804626
6.92902202583301
19.82270808007553
10.67026381186579
12.074984559798224
7.7587911116515365
3.8670039598706705
1.039240360837946
2.5157847838272467
0.8678481991157854
7.2781032277320765
2.4159274246425957
6.240957149514266
4.292200247271095
3.910086491680265
12.693965760725355
7.571501472032569
6.175858779255931
4.339022336339399
42.81814461646283
4.412054566737428
5.0722542521622715
2.4622533016783024
3.8505144806016824
6.090046258600266
3.2369416147983374
4.21127596325409
12.236574914613954
24.5879653298895
6.146786893356666
6.618501575584148
13.093280506239243
26.68081314904802
2.5998168598655944
3.6269572321717662
38.531338089935474
111.69377627711606
49.54180356188441
2267.824551207008
53.9028419446647
1.6986717004399923
127.41508159138274
4.234553945092971
20.853300973005652
7.618662995910952
9.282752046009117
5.011138332108512
3.3589456709058148
6.182900339768061
0.31471162638638667
1.039240360837946
0.44872135369537997
0.28245820262812804
0.21431472390980338
0.25641302154139883
8.29637712306073
2.621018112820254
16.019179431362456
111.62660121797393
2.427203894845886
2.732533199449782
3.5324400214949327
2.0137397531169485
2.9907554727679377
9.540545295557148
3.948757770974139
4.339626149937238
5.226291666206535
3.5963915390074517
2.60104551122605
17.281888653652786
1.2654987621255702
528.3310467634251
2.269869531306826
3.0141738070196755
4.421795710767388
6.100582128784156
3.8041040050596404
2.064804325658591
2.0200987665766155
3.2126124412555193
2.494113466234027
5.8357861571714675
1.3708488339005993
4.063717396153368
3.3897417629396074
5.538889114493122
16.711604850698954
2.727030466413968
451.15404932333325
8.408845481304553
2.1186208551213324
13.633512988264258
24.34163217337064
81.35296251121338
7.520152127450062
4.931217275052949
7.076089285620736
3.3539618112395373
52.60466174336706
5.237415600292007
4.952382411947809
1.435939883793337
5.944322495161483
25.483854234998386
2.0476944757689894
1.3708488339005993
0.2155269343104051
0.49581693549202366
7.306248560011866
92.01766641428429
5.4886346124258925
12.450004401213118
2.133540070299337
6.504103310187791
6.304541451435353
2.1560445371337456
3.064781254171616
0.4281137768801463
2.2016883321572656
18.869763049627977
5.479173180240373
4.995025952870905
14.80724896098453
2.828415456597351
6.625168938538262
194.90729592594883
3.0609221096495256
226.98823654187328
4.1116159350724715
81.18386444205785
27.258297900736945
16.317373176769948
2.496992279717576
6.72730005454345
130.34955152463746
4.403563179776964
3.426524914024398
51.72390405127982
4.736689048181178
1.5006189052689338
52.56452290355552
2.405611352288921
4.787607456942657
4.923495382914181
6.278809162616375
3.7143919905944056
12.789742011307109
12.402699562791973
6.100010981420528
1.079825024935356
94.38740778185826
14.77169112984608
17.616524874536747
1.4214579044731246
1.6284296352724272
2.4561450273432217
2.5590226474258913
4.587966002231278
22.44889094311668
2.740221170034461
5.8568633889002815
9.203262650175205
0.6840111274820848
6.722023742428614
4.633312400282868
2.214389806018507
3.0434651761098666
3.237620003187793
2.0709624733189926
1135.8418909636516
1.3708488339005993
5.9295772701311575
6.547736289735255
70.01586321456438
5.462329638119288
3.6339846933258912
7.272521133840833
17.0628197279679
10.953836126397661
10.367175626357799
8.102594203367945
159.51020816217556
2.6295958441377656
30.00998376680623
1.143568275853965
1.5823959555626894
10.79000494225598
34.00823566306893
31.754507539114293
4.021011967131157
21.170664624498563
28.587194231165448
4.183848039229899
10.063175783271841
2.6729511544012885
3.998636771213315
8.294109931568684
4.3990170271566935
1.9886666371511035
12.980570010952164
6.568420268384076
1.3708488339005993
3.837109917390994
3.605637005043544
30.129685158836892
7.829356710854423
40.36947352584349
5.397198860747796
4.777793577962123
12.184620473955768
8.57899289755506
247.41085527122345
8.327995645957484
3.8295904009964348
33.042172003401646
7.1512302176677665
0.6107244258243025
5.712923605076608
4.2292523376268285
5.349529037444991
12.26833743530441
0.31471162638638667
0.6840111274820848
20.86843186297869
6.051485532073989
33.78636415708867
4.624773317263086
149.7151582754332
1.2989562183639665
1.2989562183639665
0.31471162638638667
3.7855122427466585
3.0860226904241435
3.071080766729411
4.60028646454937
1.3711537932193774
16.65311218993388
2.4627682245688804
52.01996201092916
56.151769128089484
7.472913482076592
6.975161471453481
4.411782301616346
6.651978431764384
82.80562874155002
7.058799810989791
3.5404468015430375
19.94753866806913
3.166531727141311
18.808040324973014
2.8232793405062617
3.44407243285446
9.554158724787602
2.342313261386404
1.9610604044959308
87.44706464591948
6.918164671320403
422.6956790504213
4.354369639989342
10.30486538524057
5.806525426462784
3.469234461821082
0.7635060718113996
0.849209258812244
2.2016883321572656
2.2016883321572656
12.73618712263277
3.394094972909825
4.248689618901333
48.1435515778537
0.6840111274820848
5.756959291065002
9.309557233646789
9.972690761610455
14.245679973998376
1.7725785701868222
12.43545207767341
4.869994017324489
11.558650236918938
76.6537454380723
2.778165318149717
5.801106649431855
7.563280208720707
10.320803272862024
1.6392449829900833
0.9832023194577254
3.4585058618835807
9.071498049282969
3.797948059004501
4.508992942234052
63.721157468396825
5.351399911861053
3.0969749514400213
4.658944121893668
5.424420450897992
9.46254600026744
11.98155320617196
201.13267400686846
208.71533688914022
6562.287064715768
2.153247092385193
272.8470999666469
19.562554912695177
27.774660914767505
1.298030581153057
8.95900662716208
8.422821229212332
3.9031742774769094
3.687412484303376
2.4173757144540584
76.96326077898306
7.525943898776166
11.055039892359837
8.036574355376306
4.000461492459538
2.513336458119003
18.304718553603863
9.64598567972713
3.9085998142375824
1.135605899306809
34.331108812385224
2.1122042330357482
1.138724147337581
3.4199481292455616
2.084191994644182
59.34103871170851
517.9688996566501
1.8739031778409363
1.2989562183639665
0.22294738738253855
0.28245820262812804
0.31471162638638667
5.210469753080519
8.417826813307078
13.059819273433824
2.317301888530058
12.915244455105707
272.4801759453806
90.83566913956224
1.8943279979635843
40.37476724252309
19.320563194920936
0.9411206884846222
3.1632517494652044
15.45015891792864
8.619384775018325
5.68780082179016
3.962849882429875
1.9555453862434278
177.87806122177338
447.4192915271782
272.2649122330042
46.342612790092204
0.5436459668380533
0.7635060718113996
0.849209258812244
13.799952909485821
4.305364768749387
0.7962357526355233
0.7143163875044305
4.305364768749387
5.2849115383939305
60.607715261898306
46.04267354362145
51.94008458374864
59.97804757000339
21.478964930103494
6.043419165368396
22.065850312147226
60.61822472907994
6.929824921131159
6.261569007370929
2.0548194500785484
4.357989914280163
31.811665055314606
2.319280306064036
8.757509350421264
3.036781956768578
1.73729775319605
7.924554008957422
13.734254782090026
11.458314509683433
2783.6235767111443
30.120184611090934
6.554466373002467
24.273904551124986
50.249233558194696
38.842430597955996
4.347078173847571
5.0753943330115225
345.7089078331601
98.42956558297553
213.0808634436696
1.7583314910070393
1.7583314910070393
2.1872104950916493
3.9358248528545428
14.807866771249149
6.777826171578474
7.736857186935861
6.71538094440026
10.46849169230006
428.044698470143
16.333505780761527
3.7431229701611475
0.3978432019175033
101.43470479097535
6.454177252008717
1.678407402136207
7.213541801403962
8.345778635287312
6.81519396009439
1.3145470127128829
45.03192885325814
2.052780468101139
5.26071491189174
2.0680652616639392
13.389029816292666
9.48699680411885
6.763540608231832
12.436192924948458
325.3603281170772
9.433165362438448
10.284200272541803
11.30898469614069
7.708467159388272
8.046958941978023
21.528870554387744
8.449992132098018
132.88542333340993
3.8004201263402226
2.5926243059707703
11.89573897761285
14.165592172817568
36.10386077415072
29.787382601039937
1.5146797886300303
4.1104178105521685
1.6552313022585325
3.064781254171616
3.453476121678079
3.453476121678079
0.5691023852568415
0.9786992109123052
258.9691032537798
11.572356326852432
5.034271151174627
0.44872135369537997
4.742034650680605
8.61707269545001
5.97334776123312
9.493045475641516
5.536912523203373
4.82366331930471
6.127651352239949
4.165440551861042
262.2602856230674
71.05345241863711
62.495961625396745
3.0923271307489286
3.892930052160971
0.9054596357127238
8.427764962617953
2.7450694953820114
4.466883826194797
3.2897702869231433
2.737966542348528
3.998715141546373
6742.172673009207
1.2929887475830655
5.734489042102172
2.0748582510983997
778.8767064373069
2.4225742897476295
64.05329282363537
4.189695090079518
8.221764934922764
65.23059887677766
7.431170118139685
5.9594977536166045
5.112703189452276
2.7551950417443125
2.786569006229918
16.395119515892944
2.0440956465418654
1.5127490374234267
721.1639240530371
11.856218093439942
5.112653137304465
61.22579073937413
2.4128345425702182
0.8911324934866726
3.5909258860026645
7.916928137940143
12.674818278305617
0.3531732928161781
5.862840283646843
5.022712888103613
2.3618904312170725
1.2541044335415148
3.955892302175693
2.05722214109781
1.0869828869030305
546.2301617284402
41.48549105581972
1.721607193767896
8.764328847461485
9.493320767764573
5.930100505745875
19.69319687364606
16.680198517846364
6.520413107088053
17.85589358478286
8.058135528310062
413.97608622592855
2.9243369258300804
2.5960845664981367
7.695492255400203
2.6010245327877453
2.731045326364245
10.626705458617238
3.0987452701285485
3.1040142917748366
6.758091296208877
834.4554410384117
5.861986631347916
7.144849957798108
203.11336733272634
8.028374809643378
4.0231808720260736
4.776683182827105
10.540308675617808
6.9251105841094125
18.61037935342867
4.169147181437747
4.605880557754072
9.237573018822154
10.097065635613681
0.31810756690503494
152.92964031354347
6.654818728866633
17.127937797202087
4.529677006922729
5.666368827925627
14.654008860738891
314.16606979032656
24.56434239050143
29.926183364428894
17.503759151315855
14.354529444270248
6.461552554590257
2.9814382537054174
2.5485484387898403
4.085740838493166
67.42069642907697
8.732266291493765
12.829956732830677
12.540027931952686
4.7406426637419
461.15917754056727
6.4104494100043565
2.8797461844256818
3.678497694499999
79.00509318271713
3.307528490340717
22.059365595727414
20.943062769241607
442.0886983182924
16.86923352556353
33.207809756099515
4.569766883647129
0.23657608312620132
0.3531732928161781
0.44872135369537997
0.23051503112319832
16.07951856724749
996.1863556071794
4.85306476938919
5.3827930867682285
1.9590129639185068
3.6469631188450027
23.758995283258486
16.263277530726725
17.67041679908092
16.079045438962915
1.5705308563725808
1.1532817310378054
5.8987298655713865
6.1542648251195065
35.65955216397553
7.740608067923365
6.767828178631003
14.970907738047885
21.239606213813076
6.182473123706359
5.635677915372394
9.972771492955834
8.768160542470387
1.2541044335415148
1.1859956398752165
1255.0311724197106
5.721179208472368
14.955995006521967
31.41537036281842
91.04609801376154
0.21431472390980338
6.661238626691901
18.145281432647614
4.074082613902036
87.86844601244215
249.43470113425644
2.96348733064416
5.0709995700541395
1.8663602776995831
11.596034943273184
3.3357100673937157
0.431980453550042
3.874297763128475
4.305364768749387
3.453476121678079
214.10956290761908
5.658126767806474
10.069597232937301
3.8482376358070187
7.823495264558864
27.74267734071688
0.9554226395731167
8.128572407810681
23.41662737145706
1.9419631191592277
25.393528277042094
4.012223478252478
4.484301403850338
2.07838385247684
4.871639500779789
15.13988077618869
4.299545826508835
41.32859954360698
79.2918809774862
3.851086937600952
34.632582378119835
117.41023237223183
8036.872798916924
1.8954700634658144
35.15287297192387
6.058606163741131
9.299021472298538
4.444244402011147
3.1353682951145467
159.54973749200855
8.997586329219946
8.12597926201073
3.103344501353453
4.5924941250541575
8.349701737131133
8.110673764777266
6.219008141749004
22.346229723471993
4.857265561267553
41.127907010097104
3.102684221585931
18.74216452794579
3.67132919000045
25.123389058137164
4.997454602457145
19.197598811387167
32.73833393815818
0.8061907818966743
12.58551641301483
31.516039808339922
5.766905014329566
2.324560166293611
6.1038220878759955
19.714341732760246
11.722161574256983
206.36720670005474
1.3041257255310625
6.808700085385414
3.1131910832448715
5.116721765102884
0.33741455760836997
3.2048125504835454
4.834884940669747
2.3446103860991996
4.183942133074584
20.409287708941577
2.5803482411538363
11.376518858009838
14.065277627846235
26.232329958126538
17.25581034275056
3.6023560082023693
4.458617487516262
28.929486329802856
11.693581010012608
0.7143163875044305
438.9322351382382
26.087968339998227
11.032641245475526
11.439630311099869
3.0769583225698813
34.229674966621076
56.70360550745401
52.35396646462496
3.319954011770818
4.098685865609636
1.2695962149600684
5.989411629790844
5.492644437934985
13.78416520400188
2.908474249042203
27.63550664490529
17.916903704232027
20.334785847331048
12.374969103752234
7.904570076656091
113.01713686751737
164.22077704085368
3.2216086442023273
7.021334554646765
12.435214925205482
1.5435021033560679
36.74389447875311
9.751191300406758
17.72315715431481
8.365517454636748
2.2016883321572656
7.2819108584945145
24.17480471441725
0.9260936095308607
0.3531732928161781
12.39533862959727
6.073754466857338
9.043449295452241
2.2713056672045138
237.54331360591425
9.50985838143906
9.246961377180149
31.01414471924673
46.953126226807186
5.412943687923516
7.609411036261552
47.73632340060305
9.188338874404254
108.3231077585038
11.8559075511338
10927.796601866772
3.6428432107580293
3.0494410642383256
3.645113558257047
23.283675112726073
3.6508130342301595
70.78494294703573
2.089136190765225
2.9407579054742743
1.7020846221055317
161.8684652684631
4.504522541140348
9.687457465849228
1.5587261863516226
6.677998412015173
17.785990947078382
66.54753705074023
4.117486750308716
5.076985512350463
6.570390445133078
0.31471162638638667
8.668772867412862
14.436320652684216
119.37330800196399
4.346927357821144
20.909136606960224
5.322236268859036
6.158722687060166
19.16247357198791
11.180940175016222
5.394810424541399
9.386225783604612
40.199563969391505
8.8213898902539
4.888523353175851
7.757166170853267
19.765892835357114
30.577394692027497
13.016544891246319
29.966488112557087
25.72438840979703
2.8797461844256818
5.064219286671389
76.56995749089913
49.32230374151104
136.7782224112769
5.1047928607904485
14.67256535244018
5.840873730927619
2.0965155810631098
9.16378758526205
3.5597344877986643
4.511269979315694
20.22356837549566
126.37547180809378
111.33095239532433
22.5441251397193
70.97984330430972
28.78633516279502
13.583484112548168
5.256585298588478
5.69096023618717
200.3833611355813
6.075007784813405
2.3378440435535977
7.020535286584383
43.334016300609065
3.5382218107641292
13.384885292847763
3.8674964617568754
3.470165976730741
2.1554662717942628
6.397704907511596
1.7846777133821308
7.332042686851313
3.584158699987615
1183.2241031552633
3.54760008377627
4483.546951106295
1.5373815264252961
2.8392394071686153
11.69368938924647
26.247466211282116
1298.4102518243205
9.919564874962365
6.344435751020982
1.2656683508209206
13.450828455027612
18.279978598181323
3.0536482648131114
10.464735294000965
5.420238716701819
20.645715682416252
140.73305695347892
3.10771328833642
3.236821410895279
0.23657608312620132
7.442709416570224
5.186364185292666
1.7201001613947176
5.276095056122532
2.4463892800291522
5.968224530565571
3.3521782633641966
3.795473044027751
37.43143995033991
5.501045292727761
4.006091743096463
5.191590558462835
6.635496648299426
2.2732290427615003
2.9196478633834873
21.794806380709225
36.12661076302716
2.6913694111707365
0.2715483090227208
2.7144558857274097
66.06604960249926
4.779496776134827
5.760209939740264
5.963385918984451
1.979170454978565
15.591209013778535
0.3978432019175033
6.5490487321048
12.250073867547414
8.058653470321282
8.808651012668932
3.1333816067592384
44.776563380559594
2.70091935735128
31.729624259486144
4.564855106514297
3.1387260886084842
64.90061140810255
8.400630395124683
2.1907205412701987
9.812537065653752
4.324483633578541
29.95487139964908
353.8908180315401
21.26234630621844
6.613550106925843
19.149402873120657
787.048495581862
6.527345119665066
13.126679658591073
3.236904570463425
175.28289710029173
23.749543597394986
22.634169226877933
6.3321263257776454
20.50811064248711
0.9124356920632677
15.345875894745356
0.22294738738253855
3.6571359194386086
0.7635060718113996
26.97431144077637
92.46791997049162
1.8621144075777365
3.2656999242021834
6.642419187131319
38.2568528584743
23.808326101476457
2.5314494799894
47.310857089403385
0.5436459668380533
4.305364768749387
10.044211645409213
7.021452313639391
15.864005063045845
19.18126496436938
2.7802155638205317
9.934283599472373
1.3765749096765176
0.5436459668380533
67.84205438578635
17628.733655739656
4.640132752253828
4.900983821589557
170.2386520045128
15.83650448753392
5.631779377044433
10.281389043406069
16.300001314496747
1.4085992607701785
4.2475560749382595
2.2480207395736507
8.135813781084257
14.106937044925353
72.33861744382605
3.982648195452783
11.99459648410044
20.417662833595443
7.310807169275249
7.158137563616468
2.601848870923005
1.624709566483849
4.744243077627999
29.221704930625577
212.52294454640437
3.0322420578559983
26.04728066298759
11.776693298706514
5.65479873843706
3.211171295137553
1036.4388612568537
0.21931075618073598
28.849870603549324
2.863910608492978
13.152440439624206
1.8555714142049118
8.521202929478775
1.9278701806776104
4.988236248926871
6.842444676044721
91.88529339541014
491.2356419642533
4.912920449187234
0.852789413077332
5.5202181581009775
2.093064758078715
11.635558553052757
16.132224655769523
44.948485769550985
7.563510381774599
0.21431472390980338
3.8670039598706705
0.5436459668380533
0.31471162638638667
7.21520122054362
4.833138830326199
16.947356696370203
19.859461934904974
7.363805033948001
2.479762557630262
95.34051772984685
72.81805391865092
11.084749447630799
2.3304465208692573
1.354760816981989
5.654243033699075
35.899665458782756
6.035187243995659
603.420771801252
7.303258278753262
11.449584751764394
15812.417172663634
11.61929806769037
4.360745163614384
2.7832874855108023
33.04263983002586
12.465245393720837
21.424026915858903
6.1929427877178505
9.993875905981607
13.606010015954238
0.6386052650448715
0.6386052650448715
65.2422677745219
25.753294057377644
7.728552474786502
6589.923485525737
5.64750366632601
16.272998831461834
10.466696191971302
3.0127516809825314
3.340599730089313
30.227923951036324
190.77110620247677
21.8844586682937
30.898309542261586
9.422089829424145
32.70111885294743
13.767355377184707
9.397563029947616
7.123735094349698
1.3827033490297014
33.16831193000388
6.473784592977088
19.35155720030302
7.2897394539002365
27.85611740656212
5.635037696292498
9.495082554378202
2.1296437943630546
14.085672947075395
6.7526354678775515
1.8675150127067375
4.222471098387096
2.938658534665623
11.291981687373259
163.74071385595497
709.0639698480004
8.554650041994316
4.059062769843134
8.278225424032703
1.923272465038931
4.245976279096195
5.5182530462365476
8.597974010192532
44.594407517231865
4.444030068323137
1999.5165632203853
1364.84187248519
167.62975877684698
1.7660611496200693
98.5425249956393
15.975918490911852
0.4815274613433297
13322.219253747993
10.26733237389125
11.36850540884523
4.131342983821297
3.214345581154684
11.485120489314244
771.8069793822806
22.498024400661762
6.083720566072246
5.905858495671065
10.03907655310876
8.480369942637605
24.910132201344148
0.3491158018283844
7.616459481752292
13.968221351431648
5.291509762730679
3.366219329223317
6.348157789504125
1.590294333446349
496.1866093409282
3.7042746346710524
1.6782178316253449
5.700257760559612
51.34314939749183
0.7626885704382589
3.912949670173692
3.1245391400122298
12.078269821469497
1.7662019727058578
1.738350725629121
3.747515525717797
1.4134775615122415
5.753512908502115
55.12843572493543
3.3339014727024994
44.7805725197353
37.62337906967546
31.929322684923292
4.091581818394778
8.586035107441791
29.893174912489773
12.227186445788902
6.314091930460785
5.469532428008318
21.87511981609167
4.318688410072927
0.43755799666539463
2.5251786809452277
24.486869922130047
19.52766790496551
6.187539443088179
1.9808687986275826
22.237043847198187
4.687845826946461
1.5088367269107692
245.41843782966143
26.068561467670687
2.840930337989398
7.365326990510894
24.035905281893434
23630.991394907644
3.5007723084972486
2.699538031853706
7.972544765845576
15.335194288262656
9.755392740074097
11.654014429705619
12.310938174469719
65.7812120000458
3.7827094881665757
7.439378292707987
48.529976618704524
4.873597822857729
496.9943895209192
4.145876308322894
16.294642312323838
12.995150511989053
3.4928523286544397
4.7038315861679765
23.194500010773506
3.9516827635730345
32.56380469249319
8.308214945772624
30.543071584828066
15.973311206473173
13.630901581547704
7.029110516266462
2.5216347823822476
5.816161841078507
17.054699013194544
0.5058077481403433
68.51660619983159
1.4748627833626258
4.3890756581412145
22.862906282146454
177.62997056628836
19.1970570629676
15.034741956451029
5.979336172127203
10.06964371086932
70.32804244986472
13.014394670949859
111.47026501039716
3.155807067156444
5.159396471317494
3.445864907938606
31.181692740398976
23.89978281313617
14.339461314600868
3.837263308442149
2.9610311373154063
10.89639742392501
19.873200918476357
25.061594178080355
2.401902911172872
20.66912580438492
21.55772283312257
3.7601206473266773
6.897872195328964
14.544496612608619
3.133279006707335
1.1808149075015644
7.988637465980659
12.35979857756358
3.551607139284542
10.966966305150379
3.2724060166525106
52.34544707071595
4.542092484827992
49.525204975435024
65.35918149724641
26.01396234598196
30.70794856994582
9.416853864622095
6.914914127809499
10.992858077965842
5.380626405076881
8.965974575192817
4.588580389916692
494.739663091836
7.536305676874102
13.718255292225084
5.873398921496731
5.3762975516551075
51.654823954214294
2.8169972365576603
12.273599776135697
6.844920120916161
2.048603191172783
3.847003282905792
8.760363968744134
5.203714430076024
21.774009764146214
1.9719649212056347
59.491922761965895
30.3501657584236
5.632518626440282
2.2895458878447394
24.083474547287395
2.037502921717805
3.8078526147442338
4.818443096050828
112.30270603935696
61.128943098022575
1.0445396201725874
29.734167570039943
19.736652240419943
2.4751624477427163
24.911956694780606
14.956636701525746
2.9714400017472435
4.360438419657283
0.849209258812244
8.369983297910558
10.676490734180575
3.4749091772388683
4.404997108727594
20.309512621344833
4.677917248410974
4140.855382692734
17.605934672164445
4.363102699094459
9.898850572134961
2.533212329868192
30.337721642034428
8.80313019426414
37.461076020288296
59.12108385773897
2.566659477000749
1983.1343314811725
1.3403333683568952
10.7391020014554
33.818056042063546
24.16783320799292
13.910270358519593
1.7415704851269485
9.368503792347987
0.7004916504957293
4.28273608349164
2.042726677603877
11.038869953800038
2.9470980377255565
2.792621033177044
7.755214621251447
3.153281578973291
4.39279070036725
2.915593739981126
2.3773752179462564
5.0783959666196985
5.654334723678562
0.6916721033483935
20.14456669763818
4.210888152381775
5.213435910674996
1.0738160007467359
2.662135637518696
3.755900042208326
1.5435021033560679
5.952063949434711
0.4073400473754313
9.594076199904976
5.567075588224933
5.719096419601302
31.141505969112796
15774.64538656454
0.4864370655924679
11.412368081307164
7.281914934123488
3.1885574178954514
7.009472105803751
12.200165471545521
12.925766512351288
32.23583678405637
10.17683637517662
41.50688847789263
196.9796370808598
4.28548266877871
125.62432426166043
18.636989258917538
7.703712131107926
49.112502272580656
6.707358537005658
80.02566570541383
46.025378184653135
10.564993478649264
13.609256711322068
39.59217832803514
37.17511013643255
157745.22013454288
32.686576429853616
2.378386531458076
2.4574800402877433
187.70890119964966
6.390000832000361
3.071959601340563
9.580744821934038
4.006705653168718
2.679941117025379
12.86802699097598
3.807099126129534
2.6083020681488343
130.6568288682203
39.10452960154092
3.629785856775823
36.716912922186346
6.296839411186287
15.537742860074834
42.236146693655925
12.60572599548573
8.782333621769105
6.078469173303853
123.65757092570118
7.449463680963686
10.054626343784143
9.254111461699278
6.97283230931793
2.039396715266088
7.12737408602375
4.48148652827739
28.117796950301415
10.358818070738083
185.9880268768531
4.424949297118431
2.022925086468512
8.37485820353048
107.76495022995053
2.819811604099937
35.50251740085719
1.507939708101847
7.488469664636724
3.718864075891941
12.38150126087448
5.208840954773725
13.481815711879872
14.626873786985662
241.29213632183678
3.799443600749936
27.18109792813752
9.849490213908512
2.349310316583477
38.714055870127254
85.6560858259649
0.5436459668380533
14.06152218791761
6.341906992097712
8.499557819418342
64.60602804731981
1.8340034813722323
51.61476320565847
5.397908087011922
8.18056098568595
8.166068249720539
16.499771607848288
0.529820336700705
2.3004373912299014
6.624026698130815
85.05834551544848
3.315182320801089
13.908847420733085
3.1279237675037717
1.877306058211559
2.1049291642303936
2.391860777543502
16.40152289898637
6.8611955288334165
2241.7161078278114
1.2421520713507022
2.4416591115210107
6.4031296273987595
4.508596112292446
7.4013881641953905
34.81593328037904
3.9952771422082907
2.5505668631292764
3.5425099050617814
7.705028614428243
33.7631720294366
102.58550995537837
3.324785118181901
0.5058077481403433
3.765160634538625
3.627100623608295
11.609541056150514
13.146208661594343
37297.310573601055
4.111092651551493
16.45777046915089
10.68326453566537
6.214709539957551
2.6012996800123167
59.22830848399633
44.11665628519384
7.0305274978961005
14.304606768600372
2.0834841794198766
1.5398030806300067
54.353316273248936
303.7039408916098
45.06095876592484
25.024026297121203
1.2541044335415148
4.647704872741449
59.47186300521369
15.42783438676205
18.03731318207683
5.220982516233463
95.49317699128724
20.71450016113073
109.38502436343674
0.9426130879597003
8.670739338867222
24.734068861074768
5.010410259803374
1.9914534713988405
28.828928953612657
7.572409813184405
1.8646172926062459
18.138396836575463
46.94491154866782
7.129799713400521
10.829612253098185
7.157955249390209
7.3941122140313595
414.9239249331575
12.708819466726766
3.1800365318761044
29.98771379352059
2.9281912744869993
8.209485813057292
4.802631174859599
2.926013572607636
5.045865443723384
7.835763863312076
3.330986578450657
3.5935217552546894
1.5353404038420615
1.9286669826971998
14.780698425020539
10.077052715781878
11.948736228219401
101.73731269415838
15.828767552049456
8.226122860832753
6.421944261507719
125.72708513447628
5.480252408744723
9.055196725676145
1.1146772965976797
3.0487628115605814
23.96552549975143
9.27481864823887
10.827495118725471
5.4890601422618985
21.724483364950032
1.8223118416494142
1.370120370909459
3.292140170432948
12.663916518803227
26.9113795887189
2.1450525024155374
11.095826338774774
3.558695856515715
4.853246369210587
12.126688999233286
12.175658308720891
7.436755789525812
6.572174742224679
1.1846399991484224
8.44039657633786
2417.5080910177753
1490.394885825421
40.584987269239974
103.1544642343504
3.4369284206688127
2.8470789933583687
5.091114534169742
0.2155269343104051
3.3880871299858515
6.660864775741473
22.61441959283694
7.043510384149512
2.9192663153327274
9.722802754620867
15.76834051091339
8.099822911777906
18.055598107062742
39.65436783116155
2.6074198762115097
7.4274779473293755
48.00535324194496
24.27905691546883
19.902606891065325
24.021247383702818
8.001406364661431
43.915771856757054
2.243972510701842
22.631584754693865
62.434536604775055
0.5436459668380533
0.5436459668380533
6.571993165594572
4.4385126000295685
14.48145429989232
117.29167708274518
7.81224870578421
3.718665214917527
45.874353388501504
3.064763310343043
96.71576621178485
6.6559734362386855
282.68650882358475
62.85560735358638
87.55758708363746
3.031922983655187
2.6740439605295325
6.607187426637476
87.57983025133898
1.8501716543810867
1.2777404694243621
3.7107165250555
15.18868223116592
1.6229623626333591
29.527773870826152
6.652292969231912
2.397923858631299
2.235594107147811
143.82552840546998
10.848600313337002
8.324843450472368
4.8667009271449
1.3009262458899324
10.980142095451205
17.80653297860641
4.15281224518381
22.704860989940187
17.719980168322685
227.07242141128071
3.0087833397162727
4.743488389663345
1.1773458087694857
2.395157421217537
37.666755709016456
24.04248632714138
5.687012564706668
11.588758245413379
0.9411045357236001
14.444489415043499
86.43223761286927
6.062153115401174
5.384139301186005
1.3332366658489239
37.96637203501413
2.1379787633695697
10.684884497175116
7900.19350201847
11.292706606935443
118.38751186178058
7.83641590490943
3.054257907728883
2.0329160644737905
13.098247826317568
6.092349754594214
2.45862552655377
1.490806630828457
3.7182932997205267
10.50214223781608
7.977323880497143
16.54809219563357
41.00179166561726
8.075105909583081
8.798998250733995
7.317803549205207
24686.889525213355
1.4181250395242504
10.270093786567081
38.24849700560404
6.206488404228857
9.157706576125811
8.05884258220755
17.109065219025094
1.4728434594235267
4.708127203162002
5.579564326620085
21.978674748164252
2.2026320194866162
32.867153206661094
2.7018325096021014
0.7962357526355233
154.1098892567182
2.658135136359536
11.300150651241482
3.0907427437200568
1.4946792189907774
10.604557985559296
3.1845904177789492
2.974764245698754
3.9243545131808095
40.77550675062279
30.33400191388787
96.76246848264071
727.7566837809622
2.368158458652738
19.129889243325593
3.5910705371548657
8.06548414471061
3.1010390712839317
8.018173885806537
4.407952012429357
2.3115348596783005
0.7481855459716064
3.20855076797117
6.105893995712119
1.3106555279473127
1.7668813005801574
116.28918138574912
0.6701795177601777
5.329211116653505
1363.6396541407257
5.335703478771084
1.901837444766434
4.871797290821591
23.298552431593805
2.8161820719572086
1.0785364687533887
4.637976279209147
34.84387870523622
2.705211639975616
7.397853915977141
16.5434898830165
2.351949683832509
7.581944330796297
203.06280201369822
8.092871633382696
22.21225322568783
100.19837581697038
5.65190634389659
11.073424662077986
4.126407891252612
34.23863840349643
6.472091615074561
3.472885290963961
5.7997523899230075
0.8691999220884372
7.787863760693671
12.846277209456504
3158.2426961546
154839.89771095803
13.014017651315879
6.810725236585082
10.32194619836059
11.59251702032952
7.5844620854815
1.9013741184921518
14.131065061797035
7.108733395995831
9.510437965466817
6.803483056196061
15.544076828814003
3.0387686795677773
2.4016542184135807
1.9568827508807072
12.161664571940541
9.067129764261324
67.44735381760972
12.270991270492852
4.058163622729435
20.551262974094357
9.263034941248495
57.70650295216706
9.321352513256665
9.59201557503032
7215.497355817296
4.109346943157723
1.2400095782313159
4.251335040880991
12.249859210260485
53.85598766465967
129.42243218775207
1.707375481778692
1.8912023881758961
247.5344025889313
2.9377495247925407
26.61310751670959
6.559942888390825
4.847462197865184
64.17891006842629
2.1167767724699296
36.18852092314695
2.0031091452229672
28.09083431161627
33.694456607330196
1.737424210766517
3.7617314825482593
4.280023429669873
27.656618034935427
3.493216110692489
0.8992974621798351
13.9905883514582
47.16081164137844
145.8684704370977
1.8378537689314247
2.9815342514883016
1781.510621589077
8.030150488619986
20.490054299621406
11.18078061161064
95.08804318228286
6.257548012212048
6.697653863458495
11.427576111407133
19.506241333552836
7.50390011927899
5.477617660802483
17.705773154697905
11.283287772883813
4.986914959994653
15.638351245521683
4.01490681663671
97.81092108736226
50.451020334166486
2.7785663597231767
1.5772424544320431
4.548277843708611
3.067623449615368
45.929046332972696
6.264484821235821
10.584660968873537
52.716362950310895
379.055048588482
16.50990266543663
7.638564890265439
17.779469813706505
2.7034785352370387
2.612673535364742
2.080045170342019
3.207984511591306
4.0884774790965785
3.338072375294393
2.131756632486855
2.247809137777054
11.547206474003715
4.6051645098494856
2.004170104355404
9.204929776419142
6.662317231847549
16.094150726903074
4.204494210125313
1.7583314910070393
42.07344397225842
2.144798172766869
43.823689831950574
5.142207042556052
158.57692044943235
11.502998471005423
4.136410437764489
1.7778305943873447
3.836695031583259
3.7958959170760265
4.817372349873529
177.61578858036694
12.247188473506142
3.7090837678542545
0.838815234129591
19.2633012187588
23.905580832609076
93.87088684216232
224.7816634421797
11.979264267954608
81.26719207261145
2.6209987107288852
2.605127588240519
10.217087293052803
3.6074569273375854
2.370111202127264
2.5197842464534657
12.144012429281707
198.9989288216461
19.443860785660036
3.3919486709893842
20.76231084179784
1.888457462976287
16.592983696122033
11.705294027838
4.605649238210327
2.880047998716704
1.253667244858886
3.413909353275703
21.256942861906595
12.985893339293645
27.358675071664273
4.116140305063563
36.4466682251264
41.65655014467228
4.761122974882633
6.276434961990377
11.356753106419191
54.09524413746353
5.073645655475669
1.935491111372213
0.5673066492756005
5.101949099717045
5.326730136955122
3.706931871787797
436.87049504735467
9.968241260962134
33.15969761255272
16.83461037425658
6.080797630244712
4.970778166726749
234.21803254146752
0.7546629986859305
0.43882625566122935
6.558375632911547
1.0586649720985537
10.464129829731647
12.583724310131192
12.944306561186451
265.7463037240115
0.7388275383374069
2.9695185187817477
24.094158241978928
19.088047004518657
49.099892273720485
2.2715838699143154
74.26684592673644
21.1528447581508
2.4576469187803234
16.865101696864258
1.8121839409293594
9.793598115293246
3.495934674846474
2386.60905771658
7.1001971634566665
311.88131494959043
0.23051503112319832
31.141926918536697
5.135936422798095
22.160849072900973
3.1050159070371093
1999.7493124546384
25.359044145867646
10.377495310017638
1.6124959757856419
2.3384991592655147
6.982058422345545
2.9539150051667984
5.649555691648654
135.62810246736967
26.915146398667318
1.4599236280015537
5.659252074992928
3.5470857657677106
12.221261877456847
4.410981483279255
6.358062412780891
4.557295872158827
2.588423490988138
104.91241904885027
14.796664848266111
10.342406108244006
8.338879289940483
25.870400157951725
12.48626003716628
882.746556094866
4.257600556197058
36.202779215874045
5.784556090508611
7.287368947886877
79.74748283211014
5.510751357030873
20.88289125311762
9.770366030691477
0.8637478311884323
2.144940102811226
35.66245554670436
6.616680779958539
10.861479959265061
6.607655749077321
12.410934925326927
20.107302392121365
4.048975507766003
3.176438060512938
16.724216036023677
23.15982448963578
20.811215292514547
7.303331117141566
1.612471729344084
11.020906926379599
0.20962172841265744
35.58605583788058
5.647462287167372
16.39451022946674
0.8499717461320409
5.796204427249307
7.751578407912701
301.24245065959633
38.960718376812935
11.9734304969931
8.700890836302888
8.789125682984078
38842.255783166416
308.90541591111435
113.99560485776848
71.19244590262764
716.4868023382527
3.5696620908884533
0.9270443836438138
89.5488111289991
8.402089410183166
12.730079689378512
739.4582674985353
0.3947521878027724
346.54291039730697
0.7309283160157001
44.57579824061483
16.889736283096255
2.7432077469631646
36.6154145010788
2.96269890365868
1.890960615228576
21.354997711894907
21.500678698641252
14.823348974238332
12.67616822178812
973.6567521565273
8.756447556682666
32.047170166693235
31.273544149614573
26.038948438431973
1.570753608925215
2.807437670485115
16.39789194468016
9.762787383308456
29.540311567107416
32.41849704540716
14180.3204133101
3.0084126290571676
1.9740985451890731
16.835840043628007
30.160115882744986
5.410738688844007
3.5229118149319367
1.5552290264046604
8.612561624931164
3.470947546974824
1.3864225073644418
29.769604285067174
3.751749034799362
6.385350158734397
146.76705673770098
2.8131411974926057
9.039865099022325
244.17972646170506
8.402056701743433
92.2633410160661
6.766257036132379
19.405263324331102
0.23051503112319832
6.969525416316287
8.621220107522824
4.645895522072427
77.97568771555116
17.04240123490025
8.802164347007333
44.14579151356706
38.355573781563145
7.461583201905816
5.404072986869242
7.261408786375448
4.288722872711475
97.39135143536917
20.34632319355734
4.560619120457283
161849.05895604915
36.49702310611943
3.953575419985234
5.257426893472896
105.79365180670904
5.656177626406896
11.485951800021176
45.056798158941874
2.540580959090861
3.4918008261980997
8.37257180281582
49.56617256237449
16.682840292644727
12.881547833680141
8.808657974347803
18.707362464361807
4.27250256673024
24.030246141794542
2.4253552719952953
4.127964113533541
9.106871021126999
5.371880335021354
1.6405428866785272
9.596286186447923
4.0575800549199705
0.5678906237457984
159.29479143566058
1140.20129326379
10.633782524282633
11.105783589556793
2.437583645645716
21.708162934075624
2.453885786559994
3.386040830988266
25.90233659846905
1.2682487398611109
4.707837062637408
6.157752810310278
5.917074117556094
16.751869511504125
3.572587495850211
19.874248188702527
257.13608369740194
7.68917735387897
6.313228527690282
8.223157857527905
3.151224536918173
16.47349936381046
13.659316076648075
11.450709239412445
1.1871855654143857
10.460316179787414
31.8434183152813
11.468009097952907
31.949050284293037
6.358372935235558
5.848410220796346
19.906012824226217
12.053585429709745
66.71368713982034
415.6210380823431
21.38650130133641
434.5740932313357
14.194433033089794
1.1509260891681206
2.268854509481951
26.86525259129172
15.08463531090538
21.98372381794787
9.795588208788075
104.5493601930946
19.455395158988253
18.156394998208768
8.146942694444835
10.424726534649025
41.29022208087821
5.631689255923515
1.8219927529697766
6.628198887032106
0.5723135482526067
3.0134775404993173
5.205074195393628
3.1163539797932645
193.1900635965241
6.556772583310416
30.621670725991535
13.904464989233876
2.2957597185203156
1.5851376260834622
1253.5449838266297
16.253981942591267
0.7166090906662546
0.7196370354514383
4.332274994900711
3.871638775279541
1.641273894693363
2.1768406825209174
7.451772256132703
5.7217453643280205
3.8940889849722353
3.0873842687994806
0.6107244258243025
6.782178107932525
11.59940439090674
9.945150776548866
8.89891716507568
3.631137337340668
0.6992045218376532
3.4038145138947487
4.224171922212918
3.083673090751629
27.192617042845665
12.797205960226549
4.997093417791554
123.8250394397723
3.4551328862572395
23.08302311361507
12.627309532189514
19.71081474146532
27.966853458151856
92.80469136968075
5.091118252618014
2251.943205314342
3.3376508362510613
9.986074516613861
6.765338722675991
7.317803549205207
11.979004896262706
6.12366220566561
0.7176202182590241
672.3715574728383
2.5804349012476564
7.3631675493378275
5.61755696685354
9.668149668472125
95.8512604197469
234.53853724966177
5.213127078650789
11.40611812606374
1.4382020117155294
5.592959773371623
3.8708048678565987
15.408646537034812
1.6549541466722157
0.5436459668380533
19.921643828309
1.9167923379494984
3323.470758755377
25.816188810770157
441.92655600782734
12.350673083693312
1.98587163530392
0.8004081861710276
23.010504503461142
4.21743084610498
3.9681955756916416
5.667783194162048
6.46536052482193
125.68876372948307
12.936089768593408
5.5809742732364125
3.873661573271461
15.395355500063221
15.318263731207793
1.3421123148199263
1980.3490410873674
1.039240360837946
6.4594869619883815
35.339468854948194
1.445785676201187
0.8863756872410755
1.935861764702321
2.753020308527204
1325.416056835674
4.8265673554958575
4.591890872210402
6.858705664159438
25.001218101196457
4.372340806387262
535.6292719478465
7.377612756543025
3.936804377758886
1.7583314910070393
3.354413141303043
4.177967721884757
2532.491634805975
22.20212629754231
84.49462094892914
34.44224069117384
10.087430451350757
16.112965374372095
3.1729284571151055
5.104689239702921
44.78492024038482
4.9355031327462475
2.4585317752674114
1.96393436354511
23.52736636394792
1.8343742285644886
5.382428959127761
41.0916248532353
9.6218312842615
16.344909200415316
4.338922013240191
833.2396171087961
127.10985269767292
8.309738368793703
2.060943941521547
7.826037594957888
15.298787267875564
17.612413466082543
16.632685131396105
7.045429418260561
47.76142972451643
13.950053347285106
4.019610389768324
4.74768523545418
8.401697103481066
75.36905568461123
3.438303209990511
11.560572560045525
13.031873121413923
4.996344987955569
8.74127590629298
71.05664119135633
4.262079191318481
6.381344270186142
15.765396399568349
3.5053548685997598
4.341957331710631
3.8874960534962284
5.856350303833029
53.64954552012338
5.470798710537582
8.758493098599189
23316.40390380504
3.6448527520765657
3.1529071999073013
6.575034446439197
14.071719568983658
1.163242687188647
4.42557781600992
1.6036699368520937
43.23892525898076
24.554609579655676
54.6189403410756
74.53677928717345
48.313459365849525
6.942145018494462
167.96516223616
5.401450516624859
4.7641353670399695
0.7189062250894138
2.3793268846575977
1.5127534047737927
1.5594739518035863
5.183934945937323
2.4772138124013705
3.8806855480773654
2.5481052115452303
2.5099685743907587
4.17678308473785
3.9266807915065978
5.092378250841133
6.009056133736717
5.856367984169797
0.849209258812244
1.8999088620522497
0.7143163875044305
3.2007619489854324
6.0384201924441925
7.241718805098985
5.784089322728979
15.554112372835611
2.9087930824163863
56.931493212628254
6.738783721584529
91.38974129838881
13.500499190387103
5.437084844096473
7.928600704970968
3.6951053808528105
6.164374527435301
23.51004546352563
2.6548538906790617
1.7583314910070393
2.8797461844256818
1.1859956398752165
0.7962357526355233
4.944687266377327
4.238681469266401
6.586109196939085
525.9831458143668
14.87100287270072
199050.22759328128
22.01986259354932
52.37819228088773
5.418677058557819
4.1408959746164005
17.758744468395356
5.005925888762915
78.79202633181836
15225.278352071591
20.635363303950434
25.48735835596584
59.857876978977444
194.476273841018
1.5849247867534615
5.1386458704699916
6.927701962880871
14.849888218150529
34.16516013707645
9.235056755596379
54.43098710895393
5.406703532288672
1.8421523392558474
89.84873518458639
13.021065613576
3720.0834925929144
6.116992902974636
11.508403304573955
7.081371325171812
6.373044772887976
30.41968771493623
9.683127197289078
3.9621630497378035
36.739776434452
1.5065665362197016
23.660354987661222
1.4938014769312147
3.4674719091884096
2.927727966976496
6.450940442299389
17.83480358959894
2.7714667068351417
10.235061978127156
160.47248756580518
15.966200382689683
121.10843691840753
34.39431099546133
6.617626574733636
18.18853461674479
8.120212101320028
0.8866589866179093
74.91343456585382
1.5293346454158878
3.1587666095069973
33.81706889928673
39.65869277018608
5.2113091705612
6.9675261864936155
46.65723782000629
8.138671169168273
5.620520111958685
3.722884778259737
2.2016883321572656
489.53388748397634
9.311627279602483
0.5436459668380533
13.857886122296502
5.104399795194878
42.322536767981354
22.965848061051616
7.863666595819787
2.6155450738162016
41.58944825070435
4.383504515842992
22.96166535000185
4.419048929519878
23.829989458780254
2.7281669246234888
11.468291060226791
2.9070541948825834
49.02818822496357
38.02489213542796
9.17711585443878
8.524593073720666
7.626019074684724
173.16332807783147
49.59735641994273
4.221096985411982
4.096805040024808
3.4206353416188318
0.7945407553162817
15.200940195886336
14.714958286761792
13.782802059854582
11.170345913567498
41.263147447108096
7.490399884337757
7.461788269119063
5.984917138354169
22078.06007970172
98.96544110954902
248.335649967444
1.2989562183639665
0.25641302154139883
1.7090040784228946
0.6462365325205689
2.187677013636987
2.0635294597739793
3.854722524381275
8.755944771996697
1.1436708267838014
0.49649050382346455
9.697550414158496
20.617118254893974
5.017326501258729
4.391411442093029
8.713056727573223
3.2560245665890815
4.533857537196046
1.2541044335415148
0.7962357526355233
154.58039594060307
45.67962192074751
17.649073248643234
1.745152396596485
21.96248793420157
18925.79080765298
7.462967595006631
312.4170584034333
1941.109180818892
20.206634293900898
7.401857384693009
4.958793523718638
2.9178872879923943
116.56840016291198
1.532818063674397
1.1425488902044585
15.934789683680084
2.317678494895845
31.290411936802553
2.2482854559400405
4.192389219149743
2.4473274638029534
773.3820329222453
4.409018471990375
13.47753180126395
2.687339511039326
6.659161341995539
10.509108152598646
28.732031337094213
5.026854533163041
5.357344845238944
14.738308533970567
6.956935827872543
123.65563366427497
4.91838533036407
3.359051055172481
71.78377017520398
5.4949040549082415
22.17916601854179
8.994831309471595
34.749847849926844
9.394748422140124
3.6853114282399986
22.90596922966853
24.124674101942578
4.2781350962340445
7.472894216003716
21.760184920889998
16.207859953965336
42.04475098862291
7.312081026935598
7.342473099862399
0.9054813875506875
20.129230167915097
29.96764183058502
4.204858559545967
8.254969187835806
0.5058077481403433
0.25641302154139883
1.7583314910070393
3.064781254171616
2.2635110625881265
28.801865168802337
15.16978348137043
2119.74535825338
18.009560496002248
0.5058077481403433
40.269998871512
2.769504859851671
56.679542652397394
16.742797378317487
2.8822365571609536
51.10356380339205
7.393330439522595
9.818149910476698
11.184994162045621
13.827451170396532
9.819170572922697
17.33815887704791
17886.634667994167
518.1377053086557
107.6114629632479
3.6243458010498366
90.35889335015439
10.615546598420037
1.9883202474050374
17.565317211149942
2.1205265783180196
7.995343881983194
3.4164868310834473
3.4615359334090563
2.7952383239916094
8.91019156561865
24.346826462779823
0.21431472390980338
19.86064482002414
1.3464553788100766
3.307065665792037
1.7315721555339796
12.653204132817514
2.0401431872925895
8.679963115213624
9.541450525915666
6.982588348025903
15.819716556010237
1187.9529159385331
11.286261753677266
16.59627095016019
8.507565076540363
6.96655769667941
7.209298772393898
1.6752670637604723
6.398392579070992
7.0750393082250405
2.8915674554315354
11.26200250471282
1.4840630013976073
0.5625954133145347
1.7075354962050717
57.46831336280505
5.441525390144015
10.404815112965911
7.677204306558721
2.0172484474208123
22.35558781731402
32.08802126358468
447.6306263148452
14.87295235550689
1.329723750596155
4.169944710113375
7.718291736586302
13.107635757825868
4.448301234575182
1.371453113303191
8.303718928759768
5.733563420965299
2.447802910183107
1.3396246292432388
5.237424986502216
2.70091935735128
4.2673068820956
19.314684570883188
11.536304974914128
2.392279240138615
12.37214853814698
2.6032437825217385
12.124186918005766
58.720504436350126
6.318654413789895
7.976895002991181
6.0671830895371714
137003.29758046975
0.8378321361253159
4.801876786911246
3.1754363600520628
2.8881898864994144
3.249413615480876
3.4627328637664867
18.285640342692655
2.104322894297425
3.1725567724937824
59.63783675512812
0.4797222605765395
18.118368775457775
10.708410867144648
9.842510855923187
4.705812396505856
11.568078238966443
22.206050597238672
37.28195753550554
2.3618904312170725
5.938571969684601
3.9440451223805604
1.556466334975584
1.4489001478162762
19.226092664461433
8.612018629887924
18.12858414457495
9.60827376048174
3.9621111664635995
2.52830077294841
7.211107895082776
24.452300193536338
16.546996389883667
12.041240497539883
2.8414206045182535
4.755919500588146
14.850032076915756
1.5017840047833086
36.72392176531357
0.2976867768344205
3.1284914626644857
15.57061724019573
17.9636232567496
2.678030949518364
9.654198505722572
88.21905768124186
3.269129932905459
3.368038547911775
6.596795061162702
1.3195022043367386
4.4185290699463255
4.380114891431202
1.3933115779807048
13.102947509969326
18.527940295152163
2.8801034838505206
14.54917866392276
386.6653172037475
2.9827780549639793
3.6979969787326015
9.20295057085961
8.939042665140867
30.39850502255358
20.419646870485536
1.2541044335415148
1.2541044335415148
22.933237448196536
1.4181250395242504
4.412067472991678
17.102404364581997
8.437571242840448
4.1459218516231005
55.74523509648215
17.29189821673988
21.685658324996687
3.1528519848176746
67.91213712359439
5.709106366355412
15.265841376387346
22.731735438513127
43.92026007332847
279.2879710468265
8.451199918313883
6.152971857980139
4.048549636939245
47.56553079468543
1125.7952527814364
27.922078894097552
19.387057832767326
5.637115803805476
88.97686902003267
0.8612319975484266
15.150313484456994
1.88028935690535
12.691831131137672
4.1746077751565345
20.23476257852154
4.523920835088228
8.334089981402212
4.3160766207303265
6.9136208042659915
15.187929672294255
15.488171470885796
19.634935691578615
8.217800889036448
68.2554865263991
3.8828953756189653
24.82396875586089
2.6681065087713325
10.751289021702604
78.9441417768413
3.873185499145533
44.16167610884668
8.252887203306082
5.1307203567955355
26.178917704482707
8.012182975893943
19.792234851828866
3.1173639137581293
69.53921005880562
1.374263826791952
37.59647715738474
2.6871861252872837
33.85382485563584
86.84253424758921
2.4255779670304753
5.041869844286523
18.744806579821088
45.28037010017394
2.0853013375768077
2.773693464606568
24.63195465087098
270.3988424307249
6.144155681046616
5.93392426470038
1.9986558560336887
1.1125394825487653
4.487857333963992
0.31471162638638667
0.7962357526355233
3.6571359194386086
0.7635060718113996
4.869320892139885
1.6496363402584202
126.60556789961714
101.43421809381698
6.83588840022643
43.03497974607528
5.248257723691063
112.11578994624118
9.867598333572925
6.369102370391405
26.881871716469476
3.95783438096616
4.746221201839361
3.403496486623503
26.122411583710765
112914.51031110894
2.717131113669891
6.489035742234449
0.6107244258243025
0.6386052650448715
6.168753893105389
7296.591616283571
49.71770448443765
6.46334806431552
90.57190855168625
26.364349308193095
1.1736043637120983
1.9035564604723385
1.953545744089401
337.9253405441766
0.7635060718113996
0.49731453227202127
4.314370478797667
2.336029190265157
7.52511507805443
12.381344700660001
3.0283159194280884
9.407488312982116
34.560008583856
1.50911501950692
10.342774707083976
0.3531732928161781
2.2368356499573325
2.6004132376282154
4.16798661741738
12.42990753646033
130.8394475691901
8.905837791468329
192.3527547617747
19.621027422586053
6.546693470195006
1.0400658850122388
12.563417037612501
143.7270729394517
3.6025290774485503
3.52285718892316
28.208896144570133
41.50657272949893
3.834616778235019
21.501846452356027
3.5753127181309003
15.038632279501966
5.497482785950108
1.5021713992084578
2.8154247913246384
4.3836733074294765
0.9763002930244817
28.54830733342584
1.6229623626333591
0.9786992109123052
0.7635060718113996
0.37966004590849284
4.946552484961098
2.4759469672854726
1.5332925222870724
8.500214421855848
28.17122700096796
25.75414875107802
17.570344298128795
2.498955097869178
67.03433267232197
32.11918992575293
9.013011551466077
4.391695391025811
6.329682071673366
2.7288107585758867
5.726299431011316
3.6868595210087314
3.206535702963201
6.0884355456452575
83.63586256654483
9.360749167534653
41.78701914411955
9.912300248716026
63.31469011150328
22.10182158703539
1.4892829298004227
54.12962786582888
8.458686323032197
52.14223404188301
10.291370112293755
11.233724934301108
11.470095027572036
4.849594619941677
10.986355190058141
2.607871439310605
9.600507770056936
8.815751797600017
146.31200671286172
4.382379195025216
6.622358441504
3.3307828883834745
5.565688413065799
33.318504280099695
49.36156334537901
7.794502185982909
6.486860461047898
17.798952279306135
52.512803661083154
5.656715502964026
1.4938014769312147
85.77239790888166
3.587700483471182
3.3038274274420285
6.769348638540069
4.966563492308145
3.625462510343349
15.611522396274575
68.43345307947456
1.8556322605855335
8.251294309123203
53.948312074879745
3.0671837903285777
8.445207897058419
4.551427376435636
11.245015358821245
6.065404453939972
3.762067780495419
1.1648305600495947
18.02674576783531
2.474185248631865
3.557338710235905
5.073772925887168
9.215983571136228
0.7976217725293306
4.51660747891701
61.7814782126729
46.751857237074674
2.269101360331607
5.870715222753205
63.427454014237476
933.6021766394906
6.175377352227239
6.070476193340338
13.695633804888583
10.545936471458031
26.394407985515226
39.597237664161085
12.672670272424028
5013.5952029521895
18.821570641495285
4.612028374867503
8.982482747240375
18.767123903126457
31.07151836035682
14.047764049741431
9.83356233694608
74.36727704516915
12.40421291288145
1.186703494621141
15.623044767488686
40.225702275144926
3.971610437416743
15.358793987579222
6.543364354359906
7.428505410050772
76.34708330391175
7.27006689089741
8.990917642645478
9.398327981755054
3.127658411801226
60.196166447532754
18.500609413063195
6.969196488723289
5.198673994864144
3.87855631155975
0.7595679515923922
2.795974667915889
28.600356529102925
5.4918476373313405
4.322374448097525
6.171350202703085
5.24780518601025
165.16047654866895
3.403383197058434
0.6153073521647516
9.240233263123718
3.4225313921518747
12.558618871662308
5.079481008445281
2.1615403334009025
4.068108697573284
6.510477444405772
6.082033464073005
44.61229660937229
3.881659068807103
1470.4437260945724
7.196591030840628
138.79957474856639
10.385173518859386
4.18101423274788
6.898395266699302
33.51406295278534
1.817087765102173
2.209375674970643
18.019903778683258
14.18536395296995
8.436907205424554
9.963305143240397
2.389414350042718
52.29649947231775
4.451890583949082
2.1815049958261845
16.113881978184125
2.39025188355353
17.303605055319586
7.621033442990987
5.322379613148522
132.0071079396518
2.6080396339159533
2.8210945297009387
27489.701837096003
7.510918456794382
3.0942616199656876
53.38782454185644
14.798971064310129
27.228155353557547
5.684587988450637
2.033817818873457
51.04946674362897
7.358591910951869
173.58697652819268
9.233313011512749
77.57439575923321
4.055780816524212
14.231277191397268
16.98192312561916
10.166404888152716
6953.350976829288
2.250368588238591
286.26746057628304
1.2151204616051974
18.451571368016197
1.7370307167729724
82.89339854050024
13.765569815181891
27.65359130824468
4.615641392893872
319.4443405412852
7.330383916307541
184.04954619008748
4.572039087323548
4.4115433648606945
6.358326384563588
443.1971403539583
6.150490040391073
21.73902284353947
36.57376508925389
33.921270508734295
3.037552285228031
1.9568827508807072
21.847311589603336
8.810945735060102
4.382438899815829
5.516743170248029
23.008172601959597
3.2518238556295835
2.17935896713443
2.3267937940644203
1.9430032608345387
33.81637010377741
2.94650308059544
4.8041229305686155
17.587169653991577
18.732588850522742
18.381427972841927
18.990309857146535
21.68699766031713
4.928610647772871
74.42954129268655
145.98579913334498
110.36602038547127
3.8389395896005527
6.254597753792187
3.8133886997154507
2.6303937958582324
13.037137378500507
63.87393246872283
4.635443295799894
5.498881241309847
13.925108008609229
11.499390134074126
0.31471162638638667
23.60594052935317
7.54516391728463
7.198954966624343
752.1689095122324
446.262735858299
12.933308004765092
2.7067088849731125
4.4175116953998375
9.448513220677874
3.2767643988559754
2.254438500673928
7.520408685419022
3.3207360865080275
8.45470101850089
14.905628222883692
0.9745312863987211
0.5152733718312923
6.750034388985691
7.230880722007876
1.5435021033560679
3.9230936411558215
20.35750617323513
6.2544674501158415
10.540322654040933
2.8443772647565
11.711005274302542
79.10821739953607
3.193955619197701
54.799932637597166
14.065268373051982
5.6857949470324085
14.133851619587535
1.5898093286106691
2.0037765918958375
8.226381602352195
450.7161529053626
4.063571149376575
13.453200937278885
15.926196451545632
83.83036478350891
5.716461136979304
8.818635395476996
40.14089243952225
2.2768866183719485
142.67585829088924
48.350160168296526
2.530144991808646
11.775378671483113
6.895690463976646
0.576308648975848
0.31471162638638667
8.607043162744743
10.829691907796082
2.696271488468761
525.2997092515658
2369.166239470601
14553.795364687961
137.28905973455576
38.577083477676624
14.548627913716452
58.703793670857095
77.47373624056755
10.33342160432624
2.1702099716637533
6.739109175917229
6.600561752350691
27.8139168071165
1.0761924343087945
13.369764153214378
11.43740655228933
1.883112431356719
3.892956244491085
1.3374085302404046
9.954416310730156
3.592025264829216
52.53892166304658
17.029625570900897
3.6639517898025797
4.501795644458696
2.9788669932236234
5.173712027477551
1.8921139148357526
2957.8747979981786
11.132605178757476
0.5808489619121134
45.3477719461934
168.85472045378123
1106.9234532725122
16.238816599840217
5.000652217894261
3.012474515710365
8.534869623994467
4.292275853854184
3.86846375889823
4.833938699614164
118.17138100493798
10.239395433539022
217.75347738158155
7.981768190523958
7.137949460110877
7.049100763143343
10.411289139692673
2.6157499771645245
6.649308207302443
5.669172853597743
6.67008292221172
9.282001113007578
2.70091935735128
170.65642744294144
22.40493258227029
3.6182258440197073
8.105030663785506
217.11471634391626
2.53004674086647
4.580187862169549
3.6962029706766444
11.779952585376034
7.261144930173781
6.924761931735777
6.243136753231124
28.467348447044827
4.881008127037566
8.689313676822735
62.00793345529273
6.001178038609088
6.463787607689692
7.868943583889507
4.023897078189988
11.259143643622673
1.5127754088442735
2.994882444467185
7.5781124614242845
6.50275393927256
38.83621155071294
4.244182482280732
3.0552678682019048
3.4093418050635753
14.06064383472155
13.632443944891556
5.811996408239887
4.865105414772517
22.584878686877957
2.4365783830165286
1.7088357485077408
75.63768548910603
3.1547993033421933
115.94288568814817
7.692857172130553
4.4475374809029535
3.8949364364247945
3.064781254171616
12.716092211344204
52.97153802025819
9.019098306169344
7.238402437915828
7.2281655826799245
10.844588378018
18.618868253079352
53.73116976690966
5.632998970000316
78.56550775505323
3.376639227631306
4.342280909100441
5.424581187822657
27.279495066038407
15.713003653503709
3.9991613942465696
4.41247531359372
23.109878567933414
57.670217771044946
6.944205423183042
2.023393549739416
6.956571656141918
2.4432695674865705
28.99816650948776
8.68913963135292
10.366177763146553
4.310017578731371
5.5263578641742255
3.163113034889192
1.4439608567158388
36.41783371054753
2.6201738433597157
4.76387308339101
10.551763792535432
82.12071888805067
56.971262367498916
14.907599481503315
21.351819742289035
5.256585298588478
13.808469695918156
40.440489943286565
5.092092149066185
0.849209258812244
4.768558548314234
0.23657608312620132
15.143052365471291
8.17072008620164
2.605491486162851
14.96283812797969
9.100430220923368
148.58693074067796
13.302346863364347
56.779031524827246
13.506273141522186
988.3480485294027
1.1859956398752165
2.3729839404629414
3.9116122600389294
4.551167413359719
592.9505107963143
12.947854215595777
5.722349537893531
27.007193732253455
11.480745185896513
2.333060912982102
126.36870681253743
31.221090771247802
5.311056757397612
20.005228166231756
208.33297594988287
10.848617936730175
6.527087399295879
10.466763768628857
4.363208695996965
62.2892119892791
4.134949655809812
6.047735929313031
70.28840441798707
10.390873636722198
2.773437637632194
14.641826735347786
2.133087733169999
3.436483334595051
19.54217570662904
12.721369492876978
2.97356249594315
9.80799196683423
5.475549554824566
4.321561454811903
1.3963262476372913
8.419126898713898
4.231827639454088
0.9728549751705351
7.9024941344414685
6.404847402486946
12.028708259231493
9.357993586480399
335.6076298047402
13.365249928675517
7.358663832245765
3.268982820973926
72.79379641839392
67.33337205551156
678.4436867271502
63.78199294692215
41.49384806202014
4347.458254275351
4.712248732112812
12.1547877956313
2.9705999089568427
3.702018262263316
120.92693035407203
91.96100937701755
6.180339677765543
3.461183893532387
2.8936874349436987
3.0012373502206837
1.300824341811858
3.4695454042198164
8.345983313093946
8.521455157718606
31.279907359775393
234.8908665339451
0.48282565905211605
3.2206552256380223
63.92272428660668
24.67258878853744
5.778071793551258
5.284672502875458
3.7278424176548626
7.512055615076458
10.71364319829322
103.94236999644025
54.97538832765326
0.8596983270318622
140.88578732011575
29.005126844971407
12.802127837360675
10.434493254063309
1.1112032347925194
8.199190434062306
28.05464382680085
1158.6743147043712
2.3721460543213064
9.328974598859533
1.7309414717648686
16.746961545399508
36.07980267350731
506.1894289646074
5.045913206277595
1.143568275853965
4.327246368423314
12.031867622963343
12.845574618275517
11.777080219662665
9.075823778708266
3.288521281118159
0.775041841987248
16.34810812141052
5.025146545271708
3.1673123408773893
32.31138048924572
17.675189120138636
7.231103743984862
15.361756300925624
167.4241118668608
3.600801321228313
16.309834156718274
80.64338040176875
17.38548532861377
4.58346604545421
25.11903530550994
32.71928406609031
12.818291787770177
15.945691598715943
2.6220096435395646
6.177475161603741
5.138894331931047
9.590402390186256
61.97689718790161
9399.404336282716
358.72807178510175
10.670095957548138
4.552971854356608
7.451648645688109
1.3338109726934286
4.982034602379965
20.90550266093213
4.278360838964226
18.42683193870085
1.3398663300160147
22.496912504282705
5393.30206483997
29.61389349253061
1.7786321512635013
988.6027202554933
581.2198009114967
6.560967166466596
3.764997437641667
3893.3856547551354
1211.0120789024932
16.914595843120985
3.6884825178134317
3.26139838239893
3.774310685260793
19.123990921438008
15.693050731606697
18.064464363538328
3.2423795756636378
7.023820816619433
1.063154245029563
19.1428560717994
1.5153458172002745
17.435722082922286
11.621871586740122
13.839799275719045
4.34911329177625
8.217382118035683
2.531139259025177
1125.4564835802978
5.983685978788944
24.292062064983085
18.569725603212184
13.68238061718986
734.9004269169272
1.7527072208069665
41.986334681270066
6.145094075529379
14.016184355464425
5.461664019186685
0.7921587736967655
0.8154507651218177
1.792468684901916
7.538068644205987
7.596186977666828
255.00950425064477
145.72431990275834
10.577496319850937
131.7778880762581
5.012732772009183
7.91505534564034
5.171479850937764
22.37347274665757
5.873456377361847
1.09307184839814
4.85052671437487
102.23316541514517
7.8974874847567555
260.4603906472796
10.572013327593595
128.85440175203553
21.968440918624694
8.29794658192345
10.53380469108112
1.1991775224245922
2345.9999365705053
10.150730289030221
18.78254392385968
4.228024989792731
3.271122944351982
19.786746466817547
16.265392326846317
15.363247913339757
120.30004392355062
17.894599441731494
22.337069544028875
0.28245820262812804
1.2328253527800639
5.55512356998516
1.1089024419983176
152.43618141091736
0.10658114854834086
71.77147678037483
6.4633316311403455
8.395043346650539
9.78492622577851
5.470161248890832
167.4363463628958
2.0416931463210526
43.501176618630915
60.18744755619362
25.591578445942794
22.500968161961815
3.3954444804657538
1.7718323875787212
8.385693843710406
22.060152225087716
1.4566487690497838
19.70204093993506
11.110415779740713
5.455889377665789
0.37966004590849284
33.80293686505314
9.73364818007382
3.7485047593214302
25.90536402514233
12.153537283405136
93.75987773202397
4.142019790233775
24.162197525854715
6.248426577655195
9.698918842435866
6.191232073236211
0.3040504757263749
8.713556419414768
61.62373116494862
1.5279467395480417
49.660002722807434
286.6591733264572
1778.078529695363
35.05318630426389
5.129380836968462
3.494799419861342
5.882892264023074
5.368635603387267
12.828966625774754
3.815745896670877
15.123777949206342
5.296158534412596
1634.2464115992304
3.2111902280952656
24.238368219216014
3.5936933487552487
3.8973368944510973
4.022696351475732
110.11457305528609
8.95840655435525
6.539928128215966
1.4367767897953376
11.892409789280798
8.524011542356462
7.337293577461595
2.4819841092644004
20.83531557140624
0.44872135369537997
3.841870919225199
11.574325745486732
4.438613147648384
0.8357978419381231
14.624761884620746
5.984988903294687
7.254256348708241
3.5747058548867425
8.885862567311541
1.7222189614431223
1.2825377026656128
9.701792988822142
22.236386537433688
4.39467755510484
95.22006592477715
20.45482792150355
0.6409154652364051
9.818633384786425
4.110454205680817
14.274615838770188
20.215235581424437
5.863176738788312
7.92295960770333
95.01351009459668
12.010379711375627
20.75681899938283
9267.503000564
20.008921980305303
30.757667149892605
199.38455626556936
11.860063944969085
1.8724178083608658
0.2760441107173904
2.932909450652099
5.382794834567278
1.0949092959218607
4.224145398656209
6.139841137659527
16.67590763768302
1.7625455370836685
9.45817629374198
8.199960945753267
2.441321737241019
4.80029495688361
13.362460850162645
3.8163316318083362
4.157813612979363
1.3849375792470937
15.029205339263612
104.93214976247643
21.914974808447024
9.921165663847006
6.685875631840812
157.53630708311843
112.0486101975651
36.456337885879044
45.18839559792478
8.634546346511705
2.8104370983754725
5.968141941630458
12.007259369756948
198.45557901532356
4.648708939337549
3.1061442514128457
100.94650815186054
3.3434857192356704
0.8093773247149711
