Model: MCD
Dataset 7: letter.mat
Time taken: 13.181812286376953 seg.
Accuracy: 0.16
@scores
246.90502578068575
13.258656361267446
57.09204826592205
28.323986041945396
23.265817033096525
25.806223130061966
42.80672178686606
33.695442674944175
58.22910304683173
22.640693656102624
310.5103266179715
156.64651581636173
14.46550287284926
116.01438770408416
21.740715128630782
26.062548738925052
12.576002046145604
135.3120053895392
30.296074365410824
161.79609359449947
19.131967780812072
25.13957439624277
28.302753736910375
146.90634824702545
18.122281254797294
19.35690274724495
157.08533319232725
93.70967141479125
158.99564063782032
27.233081980302682
12.393173714049773
16.8754820344619
22.546741024744257
370.0995338583091
18.67641604311641
51.92911085441266
16.622153701535943
95.62147473974281
217.08146214767737
337.9521430516367
20.43203161264382
19.32939612025084
118.67967073120668
29.605682741579614
18.543719511024563
225.720466520766
15.569518497090167
127.81208480200698
18.78804471090069
30.452990386173443
18.199590244730544
24.497021541183045
18.958590068628887
23.470981034932322
21.30857855840933
19.739704369236286
248.89101565211794
20.378658384732738
167.87305164954924
136.83650668211632
58.98914779911565
25.196390646798893
17.672033170095784
15.203518837860317
189.775697129194
152.6655946825208
225.44712183665632
14.22951603133006
14.608277511411204
156.4419472869614
418.7070464326208
123.52631082155438
239.2755689059789
15.619622480673582
20.939081527787785
21.075109920010263
44.91153402965949
305.0915945813699
142.08963838829555
90.57687987071698
16.98337375832311
122.45962243001075
19.282956659106148
36.6679361818926
92.22016333369696
248.75361069151938
16.552538574129233
22.334425995948237
15.53834718095165
21.54281031663096
22.918329784114036
125.32410494903542
24.58779200075114
245.13945385788355
16.194896819845646
25.93970228845497
37.71135728455032
23.43100968651914
24.06250249185593
128.36452284801015
16.2865296471761
134.91100849505915
21.85563793851192
18.490742680766438
27.02730409499874
22.7966719327842
218.72274046716532
17.647657967406317
18.877111474319825
203.22923943029994
122.45502215245325
241.74669299575987
183.18578544697323
22.210913203911396
15.345996940858887
27.82008557117359
26.755681931199888
25.61741619498116
197.09916955307915
15.770566760517253
21.51689182851011
20.75821233090935
88.95891717213716
24.111560814142223
29.46745312989371
14.334483232821333
14.672805408574762
31.43766759883367
247.91598646726544
25.839706941431274
15.20745636841805
12.361037446716118
26.795985789056395
30.868445626840373
21.295294363670784
20.829168589087885
21.312112188805617
352.62434643411217
27.2132592270126
31.85462606772245
20.30258264011633
226.03347881352332
119.3023272304279
16.57823975632629
17.183778878568738
117.73052042877595
113.6434388709884
38.38976599262395
18.91580006947637
226.0169145666116
21.44991873108704
14.870847123853203
30.15548629614587
393.8061306142972
102.01227760290236
99.57565616442665
18.406414981181655
100.10110634565856
20.54194706241829
205.04836174056499
164.58738242342025
29.841770994319937
17.56872274143307
15.0074767927333
31.77627656855718
30.07082134957554
144.57161591971754
17.12666517052444
16.785816206998827
209.75177724964195
126.53839731946029
221.26613173359905
358.44424636621034
22.263268742696695
21.931959300422676
25.351154590077982
185.44365370232137
222.37898132867545
22.044493566932804
26.519258193329556
53.668601138335895
134.51418947289275
445.326777128558
38.06171458222295
240.45119195893977
217.98779615245337
21.116722762119714
18.77941703319209
23.5991462763916
241.60323427714178
16.582293982421888
22.172277626729652
21.95369612000972
133.45310873600374
15.623003242374878
26.349152684888217
19.448304395052073
17.89031309897061
195.9927144709475
29.685309922718176
21.50758477638226
120.14354542076612
17.979950786449297
17.776278558171903
173.42000223876914
19.970941341081346
213.8476818594056
24.897230257675215
207.31617509396588
21.698209054429874
184.5273864762647
14.655807023932452
29.524271743794642
263.6997354790745
17.602446336236973
26.554261836954108
133.56316164193203
13.264092698745017
113.62491803176428
153.07764011851947
52.998846576481625
13.109113894875764
118.2283875278046
18.079427276148788
413.30937764575924
20.826329661505895
18.435661324067546
16.674546817624382
341.21820908655343
130.45569585423544
21.65321398010756
316.34050879366237
205.6834662039999
38.34501354491445
103.4372266914572
19.953845867703368
19.476139212653276
18.214881166110366
32.08957247301703
31.997172548817886
89.41044226280941
30.681504042499476
23.104894837914348
20.800199555053496
29.693824597866975
157.0287541104504
159.47094677707491
26.390793723359884
143.9160027715283
209.61137898541853
20.228700238408045
462.7883666495214
85.73779770214213
178.51847220448727
153.61421425221167
236.89533616181856
30.964866278648202
17.519367451310146
58.71538810432928
22.555575461198156
21.573798400067894
20.381179692730782
32.67278763645598
86.71486994576256
30.460074837560146
25.76976672652087
22.841436631264653
152.31820490894717
131.69321504222324
14.618006457467935
20.08292591026781
31.1605516505875
18.29681846668626
40.68177817259204
18.59726005800041
16.13461009029594
21.82733680506051
21.49028009653438
180.4430951235364
416.90537279033765
172.88941771693288
19.18541595907559
18.164322680196626
23.91422460511427
154.0178258478181
21.247128852443847
240.0393170765273
119.19521675734741
16.802767165188683
261.80582293503664
45.89026993904368
20.22214126256435
336.29012878736904
17.459108440197532
209.54960104588145
20.22738657269235
22.350714788767597
19.247113492722214
284.0136214010249
14.620892884891953
114.44897091004117
158.76944128865148
102.35116441066948
328.5455463259279
161.2709741018875
22.837405254706248
17.55478118794808
24.80441273679659
178.64871231633572
152.23202924117788
19.067037417728496
125.82759687542975
24.807883207674255
14.500902868785335
24.17428952588952
15.12682371439505
38.450695016884076
341.0753895064879
21.492764634778897
397.22013491167013
19.845890444571438
20.020510311487897
37.28080511100064
28.649708917541563
24.778099419717645
21.39016756488099
16.690901768320522
32.083839662577475
26.389245584462007
16.88540266745846
100.20793093669455
115.52278101149517
30.57867809683876
20.20056313703269
28.46093342708014
16.679435211680342
142.10546014079742
19.420011873300677
22.896146588336805
23.963855241158456
126.18814470426747
97.30616410153422
22.972276485251122
18.633296918940914
16.740324029160746
13.465225468985318
18.536934810723682
16.919545856542225
20.099750123817344
19.292174065480033
24.891576039345253
15.8006028257283
162.14249546067975
158.82959031907464
126.009084119092
19.516808282654843
21.0125174806024
20.155114451972324
28.302860965834594
86.42977645558368
67.991645482559
22.957926522073354
21.500543868162595
22.370761981442378
148.27656366589204
19.253561073138137
355.7004300202857
30.315850328629836
120.81701196269076
25.95968858787343
20.77311314224218
107.48138068091859
212.37926240393554
16.660739949137465
19.944533125361662
19.04485247981315
14.921465273253387
184.23952988330117
16.627005732070348
19.252106289131497
238.5541232440405
14.226472604656596
18.141986812358052
151.3253192472526
16.194896819845646
324.1398063033713
28.0482150102873
22.340215105555984
163.03346050377397
407.92041911835736
33.501783401159535
185.156154026936
129.6636591477482
24.526357280029664
24.178339003287284
24.098380707083265
121.38491933354152
17.572405427022794
24.929524373412363
24.58295586805682
151.05147879069665
220.65759965623022
25.48104199332749
26.370376204202365
12.448102460510306
52.78075417722346
161.73558164394228
19.346013920009955
111.90420335559394
20.14147383110966
24.910887786310152
35.64554510022222
17.55952325436689
24.394580400741518
224.8064227761447
216.6540984770785
195.77323088761315
297.53399089270533
29.136048303018498
189.31954623697712
161.2534030708832
34.13974657754277
13.366628586142795
117.05866083802097
268.1546394497622
66.84989765495351
18.84546501732794
22.48739067488817
20.963295502466938
19.815896773324
14.969283229668115
21.81228602450935
128.20089710629674
121.40122290382371
246.1701557721322
91.26523819911908
30.53887548234299
16.39568039202633
15.892124505238879
198.35128807056742
22.2185412968961
14.060221102598378
233.48448907505508
15.674154850437777
72.48123727635412
137.21382770254183
20.506893805852236
27.73866975363057
24.339992249236126
21.978504407974402
122.05505130502503
25.059627030774283
20.987366572697034
217.93693919370895
70.75062060786439
143.86059003917399
87.6571035583764
271.62684636428514
155.78430120312584
121.38492319558553
19.945934812059168
24.363437764890033
27.451139819447405
16.69393525101997
11.822590718664323
16.642037374537015
39.256963798195535
28.69768296680455
26.575918376485536
32.47143496349455
201.9655034553432
17.467526471841378
72.15915371226365
25.866407513098803
23.906752884070603
25.750264983387492
16.660739949137465
21.249478397853466
55.40083302062538
35.868416115369854
19.74763216091144
19.485125755897226
193.00676239827163
34.19841248714876
26.621078916389024
44.978047102963004
20.134633322748115
29.66584574143185
210.26881768771696
26.957690257344886
148.1872157999167
240.1826257371049
141.52971266949692
70.2733437525798
25.43574921211675
14.702075065798104
21.418874185117208
130.68450092135788
20.146803691199946
93.87804232760372
29.441855715801083
21.797882007939897
76.72504827980222
72.22513247084183
33.66951591398943
165.84725772749417
52.09079715101406
31.15056171492678
23.61864792557793
229.64206763683347
70.41936513526814
54.63887787991702
33.382783770117825
29.063580798542702
185.3530867963844
22.724636510481943
239.79521985193054
51.61435490480404
27.550666420004575
226.67558738951763
27.475312846140227
26.940021528467415
26.880698305382623
286.53701794882693
131.14584724187378
30.528729571614008
191.49089628498166
20.51367990502988
186.97028123145614
53.79460192068949
250.19094582723457
95.08735931964213
49.21484584224357
12.988680476695059
37.303375244515664
163.76870452284493
41.81043656619933
24.54785891616414
65.85272594448023
26.08654531166618
32.74852338879235
32.84138205021911
31.4778467081369
26.268804578828686
40.50162296456437
23.121523958044346
37.18388517556992
215.478089080061
49.75015291165638
27.224481729259804
81.05674334709266
83.63741029523591
33.03270660596873
29.660594393019075
40.40378826793132
267.6037937548126
88.90644899735031
317.6228666001532
174.3063967230114
72.62126928501704
62.19490064520152
30.703670637578917
103.72824051511432
109.72554444664453
19.717839732420288
418.21844212096414
142.28430323122015
124.13159649941704
28.55430238213802
29.230722439887945
29.540865630965843
111.5362229943762
41.27070724763199
143.8300577659763
170.97409597009803
22.522719033716648
17.296472905680847
111.93092021399714
116.23875531614692
41.81251341462682
18.73163494772502
112.39405036801391
53.72650799357207
33.553876554241185
32.34992789617528
45.64997893491024
48.27164336127011
83.66853061806796
25.053673924430523
37.43762104417133
188.15918275775317
69.50993049150763
53.45292446073435
29.660680830841496
42.322111123022104
25.502570779638404
50.37164851896991
47.646626926069395
29.91498092248544
31.89545756466722
126.69641419659746
41.01815050664305
32.542106188083366
28.184788088744003
43.59545623431733
114.56952306338408
123.00322942125672
40.23090511070608
21.713141899857046
27.584634691278644
145.77555933880663
36.519538242404074
150.60343565303452
21.054757724066377
104.39496564462189
25.29465610438324
40.99093820923083
138.18917282879602
152.84730232554955
32.34011363455325
182.35420216017775
211.45161446584103
112.18814791351006
124.35115434843513
22.478440806989155
45.79854192827556
170.43220407681662
20.0078713505483
60.86583200493699
207.97515870725834
213.05756108723156
27.79181202813335
44.797465714695555
27.24599706476282
24.305266365561916
35.260503804368824
51.010641299182836
21.431130482128992
43.50113012678428
24.75708318885873
31.575602065633564
18.644375830753468
33.22970289298804
24.12450696617245
28.48680628740418
28.08740878045434
34.91042589320632
127.35870648234767
101.32575632330924
181.25046171028927
161.11960971477131
67.77785952416181
29.31665327591615
153.7182815152434
50.21077519422717
76.79150913813714
42.99122241690357
55.349581003258514
38.992874975144545
28.68830164722581
42.92541182357953
18.50703971093465
186.3313265123698
21.57773313038252
30.96338395024157
19.009569348996095
27.32463108017076
22.692740067214515
20.741463715821265
33.0462551909573
17.458589434352778
105.52861127794233
151.74913661320988
178.34319764911962
33.85285319992519
32.16902223206122
25.478802404782318
18.69225297968949
18.700376435906946
23.60469006318144
43.89146135022338
180.97945598853576
59.18557771025161
26.625780766017527
192.39422705035668
138.49941497057054
31.952087898819915
129.23418164338656
30.61464189210517
19.56868830755446
44.1169419209522
135.89539618118695
29.66199558760171
19.93535020122912
173.04994919567713
19.97399696813731
24.938352750808274
150.20253670145036
45.73950055682974
250.8872576183225
79.72187928559121
29.86437945380787
39.76634282600108
47.034377654017526
62.564238276775924
37.36607988300841
26.346084812102536
52.01949920070928
123.4292958365949
37.32025914948729
35.71750337911675
30.399367238385306
28.106667431264302
27.91495545886865
27.969571430658295
128.87686712452415
59.711033502640596
20.80424798151448
28.359208521258754
28.09714849089024
23.269956221736514
30.512638999972243
26.92874992538578
24.152149440318695
29.203804548098756
168.25189731046362
25.15507057111122
206.2513198702664
63.888833293161596
21.634247131631145
42.377963329956685
42.621691105413966
30.197651071215393
43.648645825068186
22.613552568930277
25.933016884057444
107.617028436243
176.52591591377944
27.59531934510228
35.96177423371346
148.98509683283552
62.85490490217752
267.43286351732957
34.96142013580525
34.21167492869799
119.28110047647249
38.834337052120276
22.94081099931168
43.90189836208209
169.63801190581754
216.28807254219197
22.70732454171373
35.587298506394845
55.93146511800283
111.53126423781076
24.959807259859247
28.20029747050659
30.35368197575282
30.674665435997284
20.76077836268618
25.111181300630427
24.14399950427941
145.37582135734678
31.917413225923774
36.82093599073231
28.078844046426028
88.94840903140599
253.60906637327824
21.892429937111906
27.10073223489692
189.96738910424648
36.2321294443254
20.847844811967125
21.873272241578185
20.712038686211816
27.230354551388224
32.138852498161874
467.41929548730343
48.92897458962184
51.83639146282083
25.017823167181085
24.16119494558055
33.13323201620706
151.69829535453985
23.409372646989944
32.04088549722935
33.92503052283047
240.0846430705522
41.26946957817127
109.10869072729481
39.92927374880993
182.90942334071008
144.91905576973022
37.7519155951085
54.52208227065714
21.098347637823185
40.889110078890134
24.258805829186272
35.39095783940712
141.54181102623676
18.001839087692193
34.2224789508468
32.78186942800766
51.11139276368482
18.256770144373796
60.213315269426246
45.07455161118446
24.252140264592615
129.45821541513428
19.21439359067117
18.184788675355037
40.070920938622294
30.404984950957918
24.11163029849233
36.59211037958514
29.396344851381066
31.37807568015411
128.48696149486656
36.09887032528253
24.599598812850207
40.42887646517649
49.405210110112534
103.41700646844623
110.57007493544853
142.36224294231621
30.32591875324433
30.701225565532795
39.140096002657614
35.432532298100014
57.833625227699436
55.888599450633976
21.772476231767154
74.79669435219546
37.61965984063859
24.23781018776674
208.92917010116525
25.492775062805546
56.13189953451115
34.72469699682878
32.3882324107807
36.658265747922684
26.147923034799
176.1758826535664
32.53751491590633
31.727408555394003
149.82606475631013
41.034362211630146
128.48357667688612
45.878040721211214
23.824619273659735
32.5015699166556
31.131639112149163
54.75130138463654
174.2366924629714
125.21710316762824
85.31513600364224
25.947743929118964
302.1473127347832
32.531047303390764
160.2694032048778
27.300136304385987
32.39114806326867
86.36350637260014
56.8805808457909
34.520263171128505
134.28540294563487
28.832920621926327
22.41878015511913
43.3738397552207
34.21455648916797
13.314238859034031
29.492922453123597
25.779601488032696
151.91243470029661
20.876550824628996
132.44129048329938
37.639479530555676
44.050404850314536
67.38622714140115
197.10674584750012
25.196422499755585
46.04262908419029
73.12470262369646
25.84185758438407
27.83606966357481
29.71571961753905
30.853317622582214
186.36708454497236
164.79907584760423
127.10311377419261
33.409710621424665
17.761973910578636
293.6043163668587
24.201391345775743
23.619474493191824
23.703007302225622
95.48676211097768
15.251308350699041
23.212241618022315
246.60582834237587
26.406760513930003
103.65595954181772
23.916584678387323
102.80953123109072
22.274873425761307
192.3738046115309
63.252131223108094
245.34896227646504
20.939537197811624
181.56639776457752
37.984616938003356
32.93708447541287
17.911178454571903
30.75606151514978
117.43779509704143
98.24110097780786
171.2675778537024
28.01245360312378
120.0604889552281
28.052144152968573
25.164687789754296
25.183175469516698
31.315462425394532
209.89073152041908
18.80817764725751
164.74760357942463
112.82916882253832
82.63840063604947
91.67774217979229
26.383635308514002
23.50492755163657
19.69689700985957
31.761739838001887
200.63467775192063
41.863575409738786
27.72430697927839
344.6871850075685
70.97955558098097
39.62049838122478
107.91488296583331
32.79693549222554
62.267896767078845
32.907955095308914
44.72187544379683
40.680643724680884
141.0553605675538
157.8478547871954
33.28913078894432
90.68960640824608
120.6310173071304
189.66533699846065
30.06394707661346
34.09204697819544
68.58786465292127
171.09728400510838
69.18760689103652
34.62753552657731
38.27056999565066
103.35330432882422
38.704244727569815
40.63068106878143
22.860389612315977
43.453968263463146
57.67896395388857
37.435455330088026
39.29275063737497
33.637455200580646
32.69938827218752
44.11037526405403
152.26923299314325
132.69155770213274
188.7562036967032
20.364739919982377
25.168510969694527
31.675440616707736
18.032429234977673
37.52346564328561
30.834740438090293
26.850486210939536
46.62190861002194
43.05131439352061
33.35565047112514
24.868023754036468
28.254028915860637
135.50173970436762
32.96015299197138
38.90864180986339
48.11026271471137
105.45691951050851
21.133624715785462
26.441260973439785
68.97540278309086
32.26888612850573
34.03729557007493
18.89678568543999
158.92162723215085
165.99222003025417
31.68483338581926
120.06191828194368
102.87260981337116
266.44165813301254
39.89842555582861
26.56439771212989
99.777907305675
137.25895204539574
287.87325708278195
37.78426725747904
31.341679277234636
181.80718745363757
75.14013535508997
75.3153951926237
24.745865728449314
408.27767104079567
440.81806134783966
34.273433194453276
27.975573061531048
76.7238024800159
245.70198263346984
258.8104196041659
191.47605394978189
269.06072342026454
75.86031767611301
17.063748652192277
35.170126446990174
48.588055460043016
56.01162572007243
54.249178855183295
33.8448835908648
79.77201764754177
69.47604853229907
149.92264531142376
203.45192833339578
557.9996763081385
40.83748983894873
29.99645334116247
176.3287575048082
41.90286843808434
35.91681205402159
318.0222670350994
44.7934397032818
40.34550204424089
159.48505692527715
33.84659967849909
137.7609014232325
327.07567157839566
46.24818036530087
40.62161355119596
159.2528449997286
120.23122978438752
70.98495248122823
118.52636639078125
34.58040819610706
338.1866828322322
280.3353330588323
44.97719353001489
41.55488201964371
37.21725451750645
45.78019075525903
48.07665668665456
152.48002871511562
58.73225722008766
72.02877645772108
45.637074188178566
40.92084755364799
53.886547708582206
23.186165984204564
30.484377465515706
56.29345179977231
71.92842415636494
28.01751256307626
121.53867130511823
467.1020979818468
31.605135479649196
34.604758321856664
31.46678296507124
109.96219170394227
60.660752201914065
27.82462131204398
178.30772683038552
342.76332793240454
45.10883271316788
446.16455731089616
22.831571356397767
45.421642059374406
42.75766505453542
338.7778388793042
26.385905945601067
267.1025288630509
89.16554784310327
55.696040632646856
37.26414432985708
73.53445433055438
46.158578248345464
70.89210458157143
68.07476981007392
39.005625582392895
301.95556325894347
188.23025425734016
42.95117073999927
77.25753271666434
119.17916872326683
156.97964969281463
210.42634780275657
106.66527708133897
215.72916267480903
79.16110394963496
83.03422240005625
147.7633160854777
121.16516833328689
95.31876798940894
50.50502910170732
181.60300335739512
137.30518743535072
97.08005114009555
74.15220883160701
67.28315088346335
107.75429360374382
92.48705469838998
267.383625778144
54.452264191791244
70.73491249847507
47.15302450154767
34.87372198287879
209.6179021125566
38.64630482117606
66.38009440668574
115.32285366284556
190.71709681351615
107.6677552046991
34.62270119780306
34.21610250653281
82.27783890002121
38.563315575711016
95.03881514570223
28.0921931982097
29.951054771274173
47.87359419057193
60.407245605393626
50.54485230474759
41.19271464371663
67.20816116541073
128.47949086467375
20.498886532731813
120.53283461106516
192.354259713833
301.9863081752525
47.163788070785884
34.63879416456665
385.8190532833223
71.91669096073522
113.60199173622246
85.07659909816012
39.3778665178649
66.46464224070121
82.4254439114789
17.74522400087828
56.723048881807486
221.95988653212862
40.28565211653915
31.01291327230931
40.66565371170561
99.65973180045722
52.31482240760927
51.560437215342986
507.40445692010894
27.380717834517583
33.47624391614848
135.03239162646548
128.03247328130223
98.58642866178144
86.96079588974163
107.97469339164951
40.28762880991979
268.5225364841889
20.90047686421527
49.2430556006828
38.29239309785318
32.74241511664306
102.44306101424317
86.35964559522012
61.67360065725776
25.88225759062019
142.04147799271237
136.62618630425163
168.56726431008175
20.51813364965078
47.02600937855268
133.91896916622386
25.915132396916153
41.1572341488455
88.84406387970981
36.0452012146042
296.6248419095712
32.67803278213526
23.841960765769237
166.4870493613603
34.76497619632754
161.25915759828376
27.25266679663102
105.03074364539908
424.2348578337513
39.896222296069325
69.85799794318525
123.21297703882064
105.42889964735771
55.20158415452972
140.1054755683988
35.10495102541106
108.97025023386928
238.51712115256686
213.9382988864036
91.78041168610417
99.24794243821087
416.8622575052512
38.10221935478311
147.36925120329667
18.875331974699122
55.92893611980044
40.10871608291767
26.28086654138354
168.41588957894336
59.2707444233328
96.70016058662661
178.42976539073572
38.086454431576556
81.30623362562628
160.13219803045186
108.86455320167582
44.391898303979005
32.34583380338285
81.6409891210707
66.8236131076858
59.678401969062065
401.064980052332
25.903689558382034
420.81665021338597
95.42516403494452
105.4143337009133
128.31210284952166
195.12731740907208
267.93981337824357
173.1631360655862
214.82405869043117
132.84821478383725
23.4521726656256
46.594451099295426
85.04249541197544
114.7325580092023
187.01472064656593
55.907918841024
47.56224084566823
135.7812516172169
266.563707930076
65.84336746496939
61.94750459330464
57.26514529356929
237.65539541066894
108.92163260827965
45.20406605621531
34.93320667916928
203.9826486370021
81.18660674470789
44.10569815470791
44.718999386527095
52.07593486397136
43.24132586259207
32.94672522980861
77.7315606177234
189.95790751892412
149.22112485771945
109.63320356369252
111.36962420711049
94.70622829128243
279.275261567631
128.9964098720195
36.749874013521946
56.670185240961615
66.3848057492383
62.56923134130221
195.42307733806078
40.61950489417712
35.909359377162055
27.83372008300322
132.2912978796881
57.73474613497504
28.304535973573795
180.89450152994723
37.897199208606544
103.07437022146871
28.29706721688281
42.66431177901207
44.281137960789444
115.07305295318473
53.04481548404118
155.07813300753853
24.97195580181264
533.6377062831815
94.14046233051326
40.66530135879172
28.09636701026919
249.73077679442503
170.48520256864006
44.54022729276722
44.41394073480285
58.63206004193921
62.64512374053094
58.727821197566264
98.13343589989991
34.80899100084926
52.661705068329
32.445244493494116
449.0956611576631
283.6158650556628
55.89626573313789
205.82991518780275
24.660253328147785
30.288250638836814
26.510059662304382
104.93236871956762
49.517297516472794
63.717640985147355
62.36789035566217
29.520374494112623
708.5918270681724
149.24047182001985
150.05853364980445
43.38238667339589
44.81870649540059
163.42891240748992
26.234303879470183
34.890107818034906
250.04780810470774
29.946706534425534
140.73216061711847
34.655582430265014
47.20917798119979
21.375261783941635
199.8121645865238
24.286101956216996
46.01189819036244
140.731442407279
37.353605380021335
55.28195598553356
135.0782254678122
572.7130789635511
42.403909884121155
29.775360054897376
128.8742192634933
76.18228990675941
49.68144844953576
143.28760498384713
112.33725607096764
31.44556070736448
93.28703930826714
188.16180469440292
44.700067836885594
155.39609697144414
36.48655960610461
21.36011992941924
27.31276636792426
133.65801364663807
77.91253080444022
98.77600128456555
235.03596481562732
144.42729268955307
21.22902749594827
32.36860546293337
34.98905562902307
25.503174208038757
99.16426273221688
35.27960704273581
244.63865613503629
143.62887574283766
84.35048942234444
49.07170507845924
50.72120082267349
151.292404419073
120.807962328123
118.31980470057321
23.556495904662167
483.41005538932876
62.83464468057548
79.09665809935693
145.84274979063187
146.57540074368126
42.66957693914465
34.54184830268821
750.6972385679519
61.62441608546706
53.81531429144058
299.9890752094072
30.43078425724772
83.80990638026412
31.510543805806243
36.83230948130468
91.94348112826083
72.93690708171799
37.01224050390972
77.16277598777125
67.38088114220619
361.6638205988846
20.665092624542016
286.0835106459251
25.66395867755243
153.5933814864545
149.33838718460345
263.4940359265864
167.21088687430242
83.15608624846385
112.86780105151264
732.5518709825733
33.609990088648814
118.90738951684061
41.697267848540214
102.02428845448918
193.5508239703601
207.51522573904313
25.25123090380271
116.49051549072001
34.88031165874439
92.75916975262346
34.62417026324772
214.48944395627922
29.472501953075025
140.28686936434792
59.41484329697066
119.25945092971219
101.63804583311915
24.668927894976655
76.62095299212591
172.93646421863937
110.21951143323732
46.8131580507041
53.6984321145123
159.08939941881698
26.400002064778366
32.33599506746734
149.57129940617796
60.2081531432518
43.87787569563578
323.60737611429624
164.69759611004727
157.24149345635968
74.59465677590734
49.03166817620742
143.68687286814756
34.45054842721697
16.753095406783018
316.85009640446066
94.33785997899872
65.82466206694988
226.14993691284164
116.98587855093311
45.21340681907217
46.402736285139596
23.40381802176832
30.931372401148657
224.5148380740556
82.9520152855143
38.257443829639314
387.14533454975145
106.69338819109608
33.65722948785779
398.53029848143217
41.584162806236705
44.89580002755949
16.97258708244339
64.40840340334636
35.086129966221776
29.8561640822479
234.52639835557127
405.3866584873717
24.711965899318017
79.63928609861492
239.60132819641674
32.92629695808114
41.27265485397117
46.97662073981115
82.35899395010861
38.080995761540876
117.24793761905963
33.06427095496607
368.98027533895953
158.49891517961174
43.409736913208114
115.18338952930598
43.65863736733636
97.33070235309998
386.0358844897014
82.35145551643319
37.03933243824528
77.4425289481201
127.97744742930851
28.65743171117637
82.88738610251417
109.54793479654181
25.553969329595084
78.3792085334018
148.34534497729024
98.4450312720536
185.96511067228494
239.96006523805812
117.99422145365378
148.19955805924587
153.2080845519275
177.41232258380415
60.19475431905708
174.24078382306266
101.57818424276434
49.46141980545448
54.48231599638001
166.86769142523502
170.81645662217176
383.1356381348916
312.13528941557803
217.56013580945438
109.0002927164689
146.7581492591268
50.44108183764053
171.45292077388035
126.08750569864218
221.1003914211511
154.9076809625632
49.11565468882351
62.23927121650918
104.53012152712502
260.43852485586547
97.66857908977366
147.12196109693912
210.8985100369765
137.938952732376
265.858886518463
377.7957518927256
260.4414770503728
220.12766761445585
487.6401596441949
434.3692519105125
184.09078683250522
227.52561786827178
225.10168380100808
133.96685702140476
176.83443162142686
58.168889346622
184.77008989400778
120.86202615694515
148.47347515815787
118.53169473822709
187.84192800862806
77.78957164901371
500.28627326276785
206.49548303731143
162.93560827879026
77.1711520135176
142.80156344654654
181.3791645272516
98.66096495359906
200.9456785010502
126.26394254747986
430.86442424944755
128.7069250911429
199.2729771412457
155.21713390899578
630.9884724679001
200.40168397882624
154.4359390388337
112.9342490908072
233.3334530832073
39.942675814461886
110.46897991532967
161.58945698455156
177.10908547610705
245.52481870882298
343.10130932681227
172.18621266025897
438.0154827417149
169.15837319632053
52.641637330737765
154.53823267190543
71.14778234073103
172.50931428578954
116.79001844708415
31.408169032409166
282.3117308014003
144.76182559059504
65.32989199768426
111.78015596214426
382.5198438812965
795.3912664997757
307.0246567643788
132.4222131642293
171.40795430461878
196.09972684273424
44.12631729117804
142.1022592016734
245.45489693811143
82.48987601578017
365.84520332614176
163.7771243496144
219.35266935307322
127.19118657940916
