Model: MCD
Dataset 4: cardio.mat
Time taken: 1.3748109340667725 seg.
Accuracy: 0.4090909090909091
@scores
36.872462315123485
38.43989240613559
32.75412158347881
26.961939520375847
1379.953346503589
12850.101011756944
43568.206272296324
37650.053747109894
50921.71820998036
53075.32410934334
57209.334406996946
46693.15859354753
3025.195160502758
3087.0412880647573
3769.3239623885656
2012.3488107590706
2652.1541971977563
1823.5452481869245
3094.6517735008492
1623.6778756544034
55.235757183878626
1094.2916640521103
750.2687046303178
845.1819300751035
591.5914322764538
356.07143026397733
90.11351507165159
203.57970983169363
241.25673084535939
161.25584251884732
158.78824263932336
434.2250262640671
22.049583624621363
17.706435734944023
203.15933328168256
13.70619843614285
8.506974126976003
16.054166612804206
8.225020283746675
6.199597370710969
11.253072671857659
34.622178355946694
26.73964193034102
10.618817916186183
52.03707926672885
9.530696733437571
9.530696733437571
22.159393623115577
17.338181349537233
39.690693268882
24.318615974325038
37.866187360390825
21.663817062263405
36.202377617511374
20.769707495859393
44.69946991719847
28.07236297190909
33.70307165412428
35.402393557050395
41.8206643525534
199.41593739927592
167.60217036920537
47.78355912891691
2823.9643815021714
38.1658045878131
14.822325566929168
62.68275093902567
22.325158612035786
39.41317420825393
43.820673346384766
10.781388089319362
65.79151951747319
231.33123110090241
709.1316737415567
23.579997241539566
761.1334418262966
14.27189337208771
894.4830668387533
40.636478525903904
44.048948937006244
13.667795109679302
270.80919434524435
234.95337373888026
17.717301951183217
33.4335116299457
29.384701294777724
88.19890365385163
43.647722823605285
26.368109691960637
103.48376737007797
31.608559307472557
15.016801829375858
35.49679405566124
20.47736928912346
14.739048832229415
19.537705736331638
20.677246407238584
19.211946471998917
485.09381010081165
164.58837974735712
21.581092231678582
23.201391679918178
17.803581057135627
18.600011014434653
20.473901831784083
15.769741305212582
9.372744906924956
10.072131426313838
57.30162406747401
62.63422973955655
77.10251026738139
5.044898402607593
3.1830517815572428
3.598924589479588
11.905906722077395
8.294949153973633
10.475829586642126
13.914659128411893
10.937731784444303
9.892526549751906
8.722466230587084
149.4768825231614
223.8568809311463
56.853691926514834
35.42131744524337
16.106164797504128
20.74439386946109
9.45110102156118
22.410149403773133
30.275715985231713
19.88568228729008
46.263514990257924
18.05218793351799
47.58470938182564
12.952312407244058
45.725969884273276
55.67264876680525
466.24400174257494
28.554726394334978
33.14285294930446
1308.1231776004788
228.51005927322214
31.133399200928157
14.686434888295578
12.334376062079032
14.662893286175324
41.88913914956262
37.584593658751004
58.99336812712852
21.38216651346101
53.653322398024144
21.0449306489597
26.989482110654684
108.99154377524565
154.59118602829082
54.09830260783791
23.030802423424444
66.28300726043074
27.20930402143633
38.6556729463549
101.69250174180198
14.92244139464058
21.05303882806163
38.4739146614793
26.560379479238456
69.97979311960492
74.81921922354438
34.70304823082632
69.63287323587146
57.723445328630426
84.67945798429581
15.048327194758617
26.07691829574496
13.684777439717488
20.284588290183013
12.666119326178181
16.21664344274842
13.041537685845444
16.097312008496605
16.097312008496605
17.26553078950191
20.041065545941475
14.177782167765034
27.985795253219365
16.693371310214
17.449775147129888
26.51179825270498
26.952252837174118
32.245931589723455
39.54370868591182
56.356223080844096
62.55232777877034
924.0739969952458
74.626495453957
67.04918885447039
59.85882088166388
50.73733051186646
57.72462008928976
59.45980497779705
12.594749852308299
11.036368625971287
12.729176834025688
6.299625708079551
14.167116551012528
13.093721196077944
17.820640742577773
30.866367122523553
14.152459644302331
19.54850227798066
12.288094292099426
14.065218517203398
8.817104696755175
6.027341916671355
35.691731763490914
52.821986512106555
34.41847075685536
25.268104056315526
14.873119535312304
11.66192376000096
27.101346082565303
52.15936075222969
29.52272827048412
21.01803880871202
25.817250229636507
24.800197929649116
122.31132414217045
134.21077385795914
556.8048359330867
1078.7971785767961
354.1841385255762
10.475888825013827
2861.766029388693
2809.74597029972
1848.7789481102475
65.02186454682763
3750.1233379228497
683.6301131440464
15.836023556856105
24.816253450352825
29.599513893067055
23.60111209540144
40.65431714450294
26.83228298727149
37.56958888061084
20.566825581988834
19.89494020275879
22.751832072907103
22.38258040676606
69.57891627913762
63.145291849198976
20.396438216933227
15.272482193967447
54.69506972733209
15.845856451955367
59.37381801711506
77.37086289858858
13.206534042180584
13.449667560948875
7.721152279326345
15.11751088184782
29.53194147648035
4.438938943855218
4.020071602443748
7.291666898859549
748.5399234306406
21.402798984744795
24.09055762941805
17.131925210834247
8.581153938074152
7.839440823914105
98.74346701327401
55.78383471384858
15.729978162502135
65.69315237961585
67.9476935942787
42.152780292751245
63.625089973527594
1131.0333536724281
966.3430626918307
1992.8798611656446
2208.1925356200095
266.1340044305047
410.11144946852414
2137.0549017397357
1773.3689025635679
3350.0456268221506
1776.1001609288337
157.88907853902114
114.16384856067376
93.10041640524602
131.68557314827765
77.3326780929649
88.75916695801826
21.434293907977512
20.82004275119059
24.731581192418094
24.067575254091636
27.665273251954005
23.879967426919684
12.918661124494342
335.68641763327724
294.2640530553549
225.0525665940831
431.24095545736947
151.45298271347013
393.6192055968117
10.810670546230199
11.195701521934213
222.15321035140033
256.21665775489754
292.96329290010686
183.1601313993662
1078.5541484699422
1002.1859169214853
696.1853174324675
1868.13051759493
1357.6345497428024
950.8118730797621
14.474843833307498
20.68934798134388
22.92371328128058
20.004504774827055
19.17713695798454
16.581080912405355
4.205232127468172
440.4544278944958
475.4173630015399
217.55497013844845
94.27175717132488
282.2900924166766
77.43167355459374
74.97293258249677
71.32088010544518
135.2882554257337
26.88324434925002
97.39031071658854
21.758685847020065
339.75795827437946
509.91403088471236
33.111706561020696
46.18243565460776
31.10040208470592
50.803582923553705
222.18648933401593
37.05070159500926
438.734458620187
392.07119808340707
736.6115555854348
1312.2128592655752
35.06913433321089
32.486284359328835
30.50862989043362
93.79294433594886
9.30824181477917
9.051690782780858
31.72887134031421
87.9674368071573
94.7191539268513
42.22314582683582
20.94582953570645
12.837630053516488
213.43682011667667
42.20338404315296
19.10341284370817
338.95636731814267
603.7857443821242
677.6035742708765
214.2519398239624
13.487675577026453
24.167723736131506
28.636527832449435
21.83602295511418
16.367784233071944
30.15906412382597
52.28234828986498
21.119817352825784
21.26680166032017
43.54942742463823
23.74911958070158
19.194933669986696
51.356697221030224
46.84535879499899
59.86838318603921
45.76509507600821
168.7334478623576
100.7840588986131
29.685334969518102
46.88353694505859
59.84431425285142
14.58424685459061
145.164264854337
97.38060699825772
163.2190064180372
201.2016277241657
48.808231571801215
53.99492975269405
6.185007449439329
62.256148010556096
67.9499811326729
35.1836305075562
20.116682748312524
12.150719275212085
66.78027447370175
36.980187708964216
63.15861182703623
14.25814286999667
29.007101874910823
128.49412658856065
44.863632053722014
19.10560515219927
24.32976396350597
8.349851194023698
8.010597622412378
9.396449541525918
7.958061770768789
141.23810344949334
248.52952538526
35.385187516720194
99.16071927925215
91.49825765868972
187.08802389141397
77.35557593401613
110.74889170699804
79.45117751145023
26.521178708296247
9.090554158907342
108.89337326410578
5086.062507176941
9355.27552771493
56.02026097454496
6465.794555944901
14430.78263632826
53883.85016580814
51196.99246810834
57430.82738687007
59146.557266540774
51838.0099790081
60099.0878859439
5.378827161509902
4.66999093813885
4.172445257765167
6.556928703696029
31.480553394852752
22.452023742714918
22.046469302530557
17.178236827538992
11.140456925492309
15.033425045271372
18.909669392794044
498.1989799964798
62.331842621309754
31.32915316723509
84.05745088217613
81.44814162769012
113.31759560488308
9.492683249238821
304.3750105822483
40.27102744956099
531.8816711155066
309.5013606577259
435.1951396659426
623.3154752761981
33.78772407092725
20.347348826443625
40.657292222556094
24.80181011222113
18.609707915028054
65.49477267851712
510.37988768710215
127.20110764946338
44.96814630022033
68.10443859310381
34.448074394856604
14.470561518977913
15.03295371136369
14.073199531388877
19.514107638103095
15.361628674694314
41.72911570089342
30.033171827973344
20.192382297454035
96.82353799408816
42.559411189947454
32.35026049202492
20.284588290183013
17.346458442977813
18.253449940496868
16.74442318397101
16.74442318397101
6.806605611485829
7.670515261150547
9.20733039568949
34.710772224059085
21.575038603534505
13.306132755220919
17.76765012809097
20.17666383546167
40.1882485500513
53.7297323138652
49.721684944855376
26.642294815672635
27.511877008796343
22.27983649178213
11.731237167842245
48.9222257409676
46.289364297145816
28.736660767416144
47.25874789578662
29.19030425519335
10.577200928973282
88.25369783436294
77.0028817924572
73.57043235693989
84.80750978232403
15.751447396192644
17.075765310299992
12.792736984555336
14.884405712810143
9.900460022006115
8.098556535307171
7.067455486345393
7.4230857183226
5.466326710506935
5.460209341423409
4.916007957570471
5.073904761685166
4.658027011160451
6.504022657884533
16.727182125007772
3.9826417726519994
5.799519038748351
6.416600447195687
12.905104734102174
12.2576671356822
9.298727585503169
3.976104205824982
11.588688015000088
7.008829884570671
5.417773599501286
9.558370738178798
5.106434023383496
6.762292787719878
11.538803012572668
5.800196689423857
11.267648053940585
3.455316326911195
3.946399987296288
3.387831739591161
2.8076001023726875
3.9865976665706886
4.334262632250891
2.89011191736823
7.009608564113757
5.914097370658592
6.8481882690965925
8.041764851066906
3.710293659839745
3.3934308210401083
6.770439744005088
8.707266733011929
15.752035926829821
6.433565495201284
6.0210183624626135
13.131490019148655
12.180857536554125
5.387783081542668
6.682697676999264
6.48882451938954
7.66361019585897
7.071177800578087
10.132513008118686
9.780970449717318
8.618611842388088
7.378119195904692
9.876711501242225
18.899211250222887
30.68425360632883
20.430145856205723
12.749104466593113
25.799834196370902
26.41476618467479
13.596767369320258
16.62934075067863
9.49535380485761
52.53555409162981
28.400907166448082
12.873841233268337
15.84671297468643
12.409054178543306
10.63668018135094
56.269375957187464
60.066088240122234
15.928442395614498
12.158061867150357
6.465391325632607
13.32852392319842
31.61778199254295
11.361064492285207
13.74468157043497
16.68181359840024
12.686581616665134
9.478035964220663
9.594966754735257
13.613387935470746
11.633113583937076
11.834238037153371
10.592115291459933
11.072715204256468
18.274074763168247
7.726360468763977
10.651696270348205
10.41599203675475
11.589072388311717
44.70613066969018
17.404782746373115
17.034078205116277
76.15213150929192
13.523672344133272
15.889444611982487
26.779123210286233
16.405150287550455
15.96206485802772
20.973052033460316
15.670764875036472
16.427640950557606
11.199864516635609
17.636700028340837
31.27219202471474
37.68069091913259
16.495993195881713
71.07525998865343
81.06012644758805
34.460497920004684
32.54666116074223
34.52080793607254
26.69077828331057
27.88384116369111
58.365023238101266
44.09139843399349
42.05493262294206
55.44031747070951
12.860651272320244
145.20854771799435
220.93078830294021
172.80919779377749
49.061283374865674
314.25044748923347
36.2603138620853
58.22224301284081
282.8144259484188
422.85846874108296
143.90524239632927
22.139166176365933
11.668667558020976
8.109738415712544
7.5876660816858825
6.423561136849357
6.437012451815393
20.879256519513078
17.198169000004093
13.371374204922978
24.84903699367241
12.875710792064949
20.05654883167078
17.470027213577954
7.0094058958604
9.379721183550078
13.98611948264748
26.44197672136165
13.885474392733721
18.076784406278573
15.266066217739832
15.744942507729245
14.342220390154901
15.526339597387443
21.896177052029632
55.59201558862856
89.68929917763418
117.64787955203819
28.116226161644388
203.3466340965367
10.687296946319222
6.743964650760093
13.88272810458836
14.86548100260625
9.430786781408084
9.184949886207653
13.01091328359443
5.216034230434158
5.576806255649987
4.893298453849059
5.447029790271156
26.00107810068978
8.546273108925039
23.35995057605547
22.87635184329534
21.96689987942391
22.69550445884601
32.08303871921946
34.959040707165144
13.651794816780491
22.46224593846232
26.59898522873027
24.554684676222628
16.33114345043491
11.447831782108398
12.470264316687604
6.600816411181402
5.968955202480558
4.860000663569815
4.903740482301373
11.401827980562782
6.5908897976260095
7.2974933417622205
11.098361280826854
6.259931486603874
8.355837045752647
4.695394558666579
10.838351379910776
12.502237828101968
9.919365563755688
12.138126592869693
17.190192418690312
22.269896983455922
23.726382976216986
49.865905613550595
37.06420184984988
41.07138055640178
43.919644064368
42.57281740316822
97.73364291905958
126.03650620602981
20.7577828317054
8.60888452111429
46.006814231860126
40.21454691467387
133.39523172161677
68.45560027365904
52.28056068509808
40.25212605735722
162.17787754858827
143.625533379036
61.502604759712156
32.513227419576864
12.682222106020012
9.86390723817487
15.248085836604561
104.92024567210873
65.34471996370077
36.14952806232331
64.82820085487917
115.15103309356141
8.225585987417722
18.8652553121691
22.080612329082573
12.08199054818461
9.058189847914257
11.67280072128238
13.86995742986678
14.836675397496489
7.60730292979255
15.893574618931734
14.62816270721148
11.740749539796976
31.42707239555837
44.83677378079934
21.248521850574498
37.604206621121186
9.789882259325154
13.145800064998108
8.67592062180524
13.73425955538112
11.994581583547138
15.949352509328598
17.562330398824514
35.91791858352928
14.605808443950187
38.609524407251335
23.5641779512061
26.34522991267962
11.667829339242573
17.590583798887234
14.965587131057399
17.53764640986799
17.53764640986799
17.53764640986799
17.53764640986799
11.504200197984192
12.242410349775783
7.693158260410704
9.278983574842727
14.893500246669594
10.590238231540559
7.69260678604611
11.77556281753955
7.096274062187895
10.540872474502509
7.38829949903255
15.892622733147201
10.993103681846549
10.188220960237365
29.67883466719049
50.80589688292768
135.46910124887015
179.53601097790184
60.41660831025749
86.4624310147931
8.22287887598059
18.31197313476906
9.155461966302607
8.901684033310168
25.790522786273677
28.53748687204452
19.929040766554053
28.792247717385738
22.435098175367415
78.87262759751377
59.547121520689046
56.31014870238064
58.031679177519415
40.92615617664204
25.679751021019733
41.362135358660936
105.02109368467477
109.0492352296373
182.51350054851875
206.705598301875
22.2400903311151
37.49975268623057
166.1784143653001
39.16830902829895
33.899987466164376
41.591400690146735
54.42557822034002
51.891904159424165
40.31104175920527
12.491374770303816
14.829577653005494
10.113241982685878
13.23158800785928
17.76204063972272
15.787168739667756
9.963450901910896
16.69216492635921
9.316726591581729
10.555904733450362
29.175668811331455
10.605010828665886
7.714561440327617
8.119222631925881
14.256320369503062
17.284438753194298
17.396175764791888
17.464075008981805
16.90263877951283
22.283657537239854
23.369574217208953
32.45241208431189
13.455504682330156
11.172214306518619
7.142172616335779
7.628644426617573
7.247442986617863
8.729448434256192
14.649099188862618
18.757624675444884
14.647295039914946
4.187124969306676
5.7778708431852905
12.652402054681184
6.825275832015111
7.498284660269482
15.692358370144154
4.388329170037542
13.028457918858404
14.277491480965574
7.9866367055113185
5.177961600448569
7.307261082600128
10.718787199931036
14.032342699239363
10.134630379730897
5.981686764674014
7.617693852721475
12.240742592756245
6.417888237821094
7.670893970176571
8.875477515854989
11.945365724991827
9.381508092486037
5.6782377974467435
5.828203109621667
5.975494256878434
10.989636910372635
4.874003632963467
5.899603131399162
7.045407725338046
8.584640418633317
8.39773048474298
4.035293562995378
4.633164966968508
6.7795809774620315
9.846614302484873
15.246067608553071
22.32032887132864
50.54530039888016
7.523535717841587
16.531697857712203
41.06319265159695
14.719095598590675
12.44656646941242
13.000265325729645
17.877161814440413
37.06520541925815
15.275858589111404
13.021110954954505
14.798748713998144
13.41459064851907
14.205415143088665
9.824712422921928
21.27789116568783
9.262637386923265
8.47214145979195
32.607350996143744
35.78805954309309
12.798972161773715
15.33679190683844
24.523790649864907
14.909906180663258
5.998854387437037
10.49288256389739
7.883287933470637
12.746561182612227
6.450116977249689
8.93740271949916
11.391093210158003
12.94289252306669
13.406566044573761
10.061314163578379
11.911016563165912
14.924900043716399
14.111364824219653
14.146882107130208
26.857775450123825
26.536248378115197
17.386686687621324
13.737231261348319
11.384738478472828
23.404823091362008
11.619238147110305
16.473783062232997
28.37083054123977
15.755340291415209
43.39024767740017
65.2472985234034
28.98295264948801
20.020113817215226
50.057107849877895
16.697495842308502
118.89406510752228
135.52904041112376
164.88895806018755
902.5434304209462
648.8136744392868
260.817442250535
41.05655253268077
35.304695362990806
19.0724426327708
10.186614279267932
8.199470112609598
9.022385564293112
19.096837703223738
18.41244431784499
34.4099723240396
26.975342015986286
197.0626525915659
46.82343254442276
44.20172356702194
189.32346252694686
125.86819725173379
352.84838213450297
285.9973749888291
369.7257328376519
206.75248461250743
80.34812634591553
111.75772066299108
187.31656103237682
399.8345068343751
63.24489005094763
322.05973515104546
57.146190385937444
270.8096222052034
36.06243552948612
18.221968285918802
55.6395439688893
74.60619772573277
112.58894047242059
169.59460637888915
193.26952237764326
120.01843610484882
200.29314963571068
464.2113875591494
60.75819807932345
265.5909516687462
36.45181877623702
31.889990640625776
44.08330624528724
49.416127447334986
57.10721086672364
39.90998365493558
12.66572072963334
16.50574530906457
17.736955722297203
4.932078192291678
19.63954411086182
18.779477208577855
18.90351901498491
23.024884977551036
24.595822247412514
16.707850998230313
23.948125847841403
26.39516190580477
24.0596674903141
36.95765196861382
32.344925152833646
13.096969230984953
48.58598160323231
63.50014114970417
161.8675018945914
98.81461974659565
10.287221752037293
10.968928110415263
32.631387449801075
15.49171839777488
15.649024503406853
26.800134403219154
37.89042485695461
58.84271196385759
232.9015959626209
25.06218048549892
33.32272441529662
25.69540823848886
30.50453167062708
58.59185396894744
234.55086595815365
364.9847831725241
110.5204656323733
6.854734527468589
11.241030206292383
63.839911294680064
192.19170134972182
225.01895715497471
301.8281802606392
505.05448258097994
223.25234113680787
8.146495454727399
9.033521021362636
10.43162541323204
10.887171005100162
10.616041979207541
15.219040193617444
8.528619709502314
16.434193495747724
6.410851892248745
6.800307551881229
8.783510474210024
7.975157851540999
10.694043234581232
23.131266772469022
8.234166196202114
16.435251569906587
13.46399464496356
15.432025966432196
5.7467662724351865
11.745514447263632
11.601148231279021
8.625366823145521
7.627064523056379
9.451194564658019
9.368815005874145
10.775293096336632
10.642626935568318
8.713806678447018
7.434904795203973
7.1786388800718886
11.52229437717621
10.356113030534255
12.53974658517154
9.307560830958199
14.435734498707953
13.05350080183455
13.381458320068868
11.764892796922563
19.44149678050494
5.092720450828504
8.546562956333657
8.420593474505807
9.632676329971105
10.005878136783947
8.517628209257275
8.517628209257275
17.569999038986907
11.422802104154874
26.269830112121667
25.047184281065483
21.657433650147887
20.611662264367695
12.210369451282725
18.060116062093062
6.347618149479784
12.262480300771427
10.576394415650986
18.976034619250488
47.48115303337852
24.772254822836924
19.581173449942685
7.300677620560071
8.285663069353221
8.948828748457668
11.560611874779916
25.560967086686038
638.9753041550731
415.51242451508585
990.379525334496
13.088726731215
52.441592317058245
11.534992177915033
69.78277758747264
29.826863141907765
35.50390819616863
17.32980069160785
24.267935040128677
29.094217833613936
11.284805230705619
8.126766328884663
12.713199535667085
13.023228660586941
8.903559305587885
12.202974675934632
12.38137366875382
5.806995064940265
11.821561254910318
5.324561082659907
6.070750702782444
3.5967987202934415
8.74241854080058
18.925261491883898
19.261081583051805
6.451986299097585
5.684989530893916
10.350917226176662
13.421686692459183
23.722090889856815
54.90628309441274
12.212344680285307
17.15362625400589
12.481770035852897
9.379861626438807
6.08232532489153
8.636381719817924
8.245407490613836
9.706881388701648
6.262788299811424
8.946816261471772
10.322714023522792
10.03987977549832
6.222373008989868
8.631505858181033
12.36937780152795
10.499866221899714
9.29621182204421
6.3332423986187045
6.740367925454942
265.37026675040886
331.0593050701581
7.140358643592693
8.132025482494857
12.94565865996422
16.85611560339528
10.626353491899406
7.808046669504064
12.31633134347834
15.487277545904044
25.666733024878376
14.155669669303991
16.33187843149894
6.781256390598287
7.967296668475935
8.879209326455783
15.243722785903511
11.760394413558636
15.658360316622854
297.7360009067329
44.65393923322879
244.22628588387806
372.7234768170499
677.4446323029634
818.5763315059496
34.326449958511944
18.335137876479468
16.992832009861885
35.4185462448267
50.00215030893675
10.77841981877407
30.73826845299241
57.305474796216714
13.27801958374133
55.197863029107694
30.07758496705167
26.70779830781016
58.57233412944478
56.593093436260965
23.850357390608323
25.02263312378081
26.65026783794172
32.966385219396244
68.20481281795381
56.803019912689834
135.12264309184386
178.96080863055508
121.07699380426736
97.67953314571417
141.42649979140657
13.409980525836168
26.50844570804506
25.299194919912672
145.83702563483206
884.3149176578177
555.2132826371537
356.561073165077
1814.9646054482453
701.2979113780049
480.93938947908237
429.5129945162175
715.7429152207087
491.87150349798696
2156.0368155434294
1990.180056046924
1830.691167715087
1975.51884012846
2174.3217489518843
2336.2978505199453
1931.2466597893954
29.03298023157691
64.76269665154572
56.03728694692522
214.22258336320095
36.191445285206804
30.875250543272248
34.37295280584246
314.65510284712707
27.75022254077854
52.042079559225456
54.64037362556236
57.581734385926815
58.0011212012328
61.576326098058985
49.90281593468418
12.000078829511557
11.359254529489728
17.63035768785614
20.903911830042475
88.73623086463209
103.84912705079593
79.89169988464249
67.2425469127972
39.45929743662787
57.07211288247733
29.154627669722984
436.6184454798619
468.3287158763368
377.95623109711573
800.7108006481019
148.04358098022132
16.574760999418956
17.539304510373487
16.034936348484717
16.225649763204647
16.606964120306873
21.730378030948742
86.5290354055043
24.538755381285203
25.194770855646194
24.9911852132348
25.190184676508743
23.90466342265166
36.38478330227855
24.020310431089825
31.050684027390602
24.632367469564294
36.631769051028584
14.03523539514177
56.89540655160404
84.57070627357642
133.55136208014605
294.2922084771172
120.81399170499519
351.5355414116377
431.7264674141184
321.48452102171854
305.1757834367898
278.7453960700691
351.0404738579718
459.3175437424036
311.41031723538725
219.79032575976956
312.99988994681087
231.12438123183836
259.8542143341678
161.48457802480127
156.8636527568102
232.44844190378484
100.883127800537
112.37543974697152
84.49098389154565
79.19007031198532
58.03156308261349
65.57015313092914
16.028653608011016
9.344039006696685
11.758027039065345
11.099403579587449
11.639339828118665
22.031252184147398
32.62511715624848
28.484497283329876
101.2902208307125
76.66052346335249
29.288346681802867
27.7163061815235
86.88273817266624
19.48710506803812
21.599223708039187
29.24444090912578
11.649699145919143
9.510129222538891
10.483005068996619
22.181179180784873
15.237670837786116
14.497048019658854
41.85019871269596
390.662220368901
156.00568246089531
134.82622098981304
100.46087759613978
59.777631539526745
50.67851994881823
24.399244355218386
37.60425673645348
17.277721749564062
27.903042711215072
13.661437563464245
19.200847286841558
13.58028598004479
36.67525969373508
31.5093570488071
36.36425513738499
49.148466380373016
58.10302873093997
73.30016698151083
101.48538597578386
84.34673976909576
36.13918454010203
65.53718765033332
92.328659137792
63.165401634340505
18.21573154806013
20.133091726952365
17.74257768824558
18.910012444223415
25.477491273410163
36.610873658576
17.170775187101608
19.04279406034754
20.984799665143605
25.16019004403233
30.7780591827994
21.84040749761835
70.53067602132057
28.841399827500847
53.76327990566781
504.72194954202746
8.815833017066339
7.859098185340317
9.162222390879759
7.975869955522886
9.232802332915396
9.687580555302006
10.489880231465703
10.92382258668352
10.692428310264196
10.522760610856688
9.690918781194187
8.612314710478755
13.818061722061062
8.132637733624664
14.578222541426346
14.229284912695626
118.60846326594633
20.934605807225907
40.33629346104111
87.72997147188975
373.02299693683517
36.0369435702133
12.47263147008121
14.6203986391844
278.6541456843783
156.4576297205339
34.97245076031375
33.69699373880184
32.22979405371898
28.83418863943033
33.87508971267212
30.458343705589392
34.28784261997917
195.00752334488425
200.7596462714646
220.0333122191554
144.2384698314477
205.12328633594566
251.80536461609955
168.27072000501948
42.37129824593885
27.27682916717697
33.396716918870155
21.987708132727118
25.27262434846882
24.235017588184768
17.72833634928886
27.86491439442049
39.000228601188184
29.631065683346087
18.630682560949992
16.660764304809963
17.385239686379162
16.638165799700364
15.615977882029238
16.743214703717452
16.323085881516413
12.488414400335028
13.966998520855435
18.926326104296106
25.592113294933625
18.712794815541173
15.947456840867963
63.613970142640916
17.463002961052553
16.749365698776977
18.103121913983156
25.226494478311555
17.28307343347098
12.744059294979174
9.599003773563552
11.216359648493125
15.948761097484294
25.14793660664192
29.28057206697818
40.36632198821066
35.858844573641164
32.78900982618108
53.017699890045726
7.433073166554328
11.084178396857697
11.41202496867378
10.926430980616692
9.873807710701556
14.687824289674927
17.201101434099932
14.211647478963773
17.364699127007217
15.819301343817248
13.859119426517346
205.6877756503854
270.4339953050261
133.6176696961792
126.07249136914672
50.20822438515931
39.62825163404586
211.80040320474737
146.29414244474177
50.90007206759607
275.17130634400667
10.876488935349302
13.072553536825565
9.825174390872663
10.81076311581414
17.051074916771384
16.33612321513888
18.93994376841518
17.563810539045907
20.89305632729855
675.9008072434267
786.5837171309286
713.3703129682126
715.334151368483
770.1171562269705
47.94255803085961
40.9745958101336
86.37941848185204
42.35147304512253
36.78728403305963
46.70400667439738
44.643860740602115
59.237869432334826
60.17540473337267
85.16949508203767
59.666983062039264
56.95413345980149
54.09155461464692
51.73328952560897
38.73734418744889
59.27733869901656
108.0851955094059
135.3921334771371
44.6430045564843
122.41314841312148
60.3012696971611
9.610416853761894
13.735844553033179
7.929515099318754
8.992436978374634
7.293878422681744
8.78603496175284
8.589654124040075
13.835703390993292
12.617825124665591
17.604908786438433
14.29213052839185
10.10242011645999
12.37411650134719
14.70856223244458
15.73462109759841
14.162895296124468
12.725408309451053
12.881260947816854
15.665452223297171
10.830034286438021
6.003403883983825
6.811792903122419
5.82449817497768
11.26327998055725
10.521533955360763
10.248535175704468
26.174124670111357
30.825181767190895
25.48095901207053
31.705524134353816
26.487616563443805
29.84720917080188
25.597810984129584
29.15805208249858
22.301413485239546
22.129973381261237
33.4430287906962
37.47228652597401
94.03592825295688
76.91963804146822
76.47347638315833
89.7868347263904
116.6056962892563
67.81731559511168
62.755936620668294
54.957299631730265
56.65354685597944
41.8071952447102
46.219786953411074
41.35708241447969
52.300249623242536
61.63932508117231
60.1070157945747
72.22024700326341
128.65559985932862
129.71518209925813
1779.5755329592903
1433.3117738715346
95.14836700975086
67.81103490824601
62.33573087464484
110.29672035819983
115.25716636027335
163.91313977370956
223.1680374920476
168.21206015417047
256.33515012009394
38.128358071285064
280.3911815146312
21.31941936525228
21.240152851071528
12.569338941469478
17.812216075624704
18.456872333453468
19.81319546262481
20.10103074245433
18.87915408727525
20.3328221012837
19.690692655015738
17.711694483650607
16.148110606488704
14.68306945191276
21.140679909883193
23.841742064046464
15.693725680567319
18.177471096552942
13.668110565692224
12.267799202606689
8.40170378185806
12.066777719003982
11.76561042481283
9.280423184526633
11.595367187443669
12.91731996786221
12.816506453694256
12.622236518335308
13.070550636373753
20.063342802185183
120.64101951502785
101.94211687296071
74.21458128677689
45.28395414838155
23.443192517131948
24.33573518690828
18.308540905286097
24.460007813810932
11.562194814572763
11.566357600321599
8.64583206287844
10.24184891545702
8.865174998571252
9.43737301178015
9.571285997414515
14.992800892378488
31.6327382951834
80.26126307709683
114.03898647491422
137.8672993839381
123.97094970006901
56.104803573425535
14.500348017334185
13.654658640013631
13.642432945129864
15.248459969281425
55.9503299416767
38.979595098250755
85.06469729040371
207.42100340708458
99.39768018580017
30.514509748848525
14.204224257467287
13.605937463229488
9.03103805937614
12.651430933461345
11.730992511290218
13.165161794770947
11.679066091673759
16.642599134322747
2073.2513136756465
3387.299715793214
33.029088198169845
32.12125178657615
29.760015977399895
31430.111832703697
30616.78861190758
30.729231698007
29.079872185800667
21.545632087626757
22.261095454486345
21.108377213433435
23.323256493471334
20.986221409583248
28.40495639664695
833.1301365102405
34.94983930891921
72.48570640575082
57.25973344312462
113.82611328542177
23.40521744648881
170.34081497750884
165.28365164692573
206.6346156400195
38.49568022106214
38.49568022106214
22.214394745802032
49.06736078007346
17.718097334915104
24.351597023077424
26.166522158603712
19.124328493682093
22.217092381127095
108.54241241632072
139.69684153642922
59.4634020644607
80.1805706486761
24.595468800118383
16.698151127632904
16.295719175655595
18.15891271225501
18.276393578189456
12.454110030294764
14.548871607570009
16.54720828106942
17.04893611587623
14.38823638093348
19.66522041734543
14.409972722588925
19.509096546438833
18.517152209166156
18.847350661298236
25.953368668292693
28.827415455323756
28.24716955297031
20.562276976319005
23.685675311823278
27.720041669360917
25828.989620187578
24226.894788591308
33942.42689840458
36173.367672886685
30880.06910978309
32206.47557488963
26800.631116485805
36484.67732832119
30942.569005300804
32005.322159661187
23.78958797440653
29.99117209260369
11.19472432548577
14.442109843277525
9.41687588937005
28.814204073647577
15.974167118635444
33.746522919977984
33.04130264770042
31.476688263141487
35.796146547223955
20.536050641526852
20.981575917554867
215.87176915194547
1178.3147571084505
1341.502761411188
2073.769451654456
1594.2395442757954
738.7348554660089
276.3384196280918
591.719349217108
277.7959907131929
204.94502987760538
248.51859691011876
365.88000501303986
303.9362515132179
322.9302921676678
55.07788711987832
146.60041309471725
575.5361912741546
1653.9824745149945
2741.4892870058748
2408.7412418142817
1305.655211829257
886.9388165980897
825.0058590051511
1068.6494555100107
231.37166899174798
216.6591419231291
112.25191679042312
324.46601248507415
243.11150302671578
284.6576712800295
213.96833923664815
191.59814051101554
234.67117088368667
151.98672346873343
115.629068292653
143.1440998230742
244.30655853301292
236.2126936386864
165.67800231091206
207.6946443728247
124.62088205028765
737.0197707356169
515.2084578414027
595.0217485492345
485.81594314732723
427.1161995612531
297.40393190775785
645.2274735107272
445.6481540639281
261.33182706759334
198.87864582547968
339.60949373917197
4891.9609744745885
4900.143035570979
5187.836417994267
5019.847771538508
5388.980502422902
4268.152837931999
109.22426390979435
284.8607890219769
369.5135439267803
442.54283627382193
330.3790169343174
357.5037456054821
359.475241833761
501.8203179654975
450.7022319522932
711.6648144756412
777.5176352820272
590.7085640155019
801.006424320764
875.3336032232551
827.9641581938413
1065.3647054298565
645.3367951937112
1797.608377417017
965.5427422517222
843.3705239831223
881.1416659501807
485.75938449197525
588.5787826782438
715.6348380524823
795.839370600557
1411.7514861783068
641.3549642025431
717.7386592852483
761.858020199126
858.2085557858021
1070.6048163792084
979.6070015333065
755.5186612606233
828.2323031987083
672.474168887828
474.7914525996616
3598.789635578429
