Model: MCD
Dataset 11: musk.mat
Time taken: 120.09614968299866 seg.
Accuracy: 1.0
@scores
29348.37061910114
33700.416482964836
24384.12492379033
33355.95070624494
33277.67493032021
24150.810136096818
23529.257830447343
32574.582271824707
32596.595035343813
23569.877630996576
32614.974464482526
23903.32194627228
24122.50562992091
24025.116809447496
23628.3842941484
19364.19006816849
19363.616491681874
23686.42910899501
23724.259997615573
267390.93568038644
267315.4667115754
292408.03925545514
295331.26979079726
253627.23019228992
253112.0929032328
255647.6980696728
287484.5285544451
255066.3981394555
288807.2178459319
255705.24942032242
266475.1448657116
53977.82386422507
168527.41273041902
53920.7076631976
168076.8151552613
46774.18534193848
168535.52745819074
50929.48519689958
50930.01152618574
40375.16336170277
40604.462144001605
312573.6221288211
40480.73236934925
47264.70995400466
36116.76961951679
36072.68954404041
47428.754586720876
47686.730854680136
36094.14490299366
55358.23264555003
55549.31868808822
50461.19478642495
313919.06380173314
50776.91395130354
50484.05403605178
99523.41498306858
107143.00238111269
99370.66088306427
107323.83053305562
94059.1049540841
101933.82163072276
94096.30789338215
102442.9311687874
314483.7594239335
39131.63959326922
40862.28370840683
40652.395333379834
53617.07036544079
40725.37883890386
56056.49969734761
56044.89434334127
55466.95406342038
49209.146680096244
48807.22960373998
266861.23656034836
45505.406038654604
36279.030372756264
50209.0303215611
50093.72119855442
36341.76202747161
100335.30604175628
96319.8868408287
100566.4210388067
96456.14233257239
96430.96557745805
312714.2312303666
90595.93793932389
90047.56778417245
95368.03968829438
95829.24333708765
95483.86040065368
81774.20213054502
50618.71348234014
50647.726969617484
45039.72067422535
267664.7069269646
267357.5186604107
4100.894543441134
3911.33479858758
6227.261105432897
8492.912018209974
5916.391400274946
7943.733179593493
5765.435247848722
6666.547929696761
3456.605219001305
3533.3338058735267
3227.8093662499596
13095.345108165304
7737.541622538585
3227.368444328332
6302.399604135338
8437.35431812124
6050.851714150894
5719.440610183215
7946.45746314741
4611.33113876121
4854.0246785812
5625.666761254359
13472.137016885476
5242.767329943469
13277.656656820596
4588.934826493885
4417.531761989976
3793.3950116096344
8716.050509299877
6076.253841882901
3422.492943716443
3013.6673278945254
5638.150484586133
8872.505402330695
7860.230804045432
13384.734242122806
5161.542789819963
13616.136739158723
4080.8458456464814
5374.091559957563
7589.106841496554
5173.468476545162
4872.558854036473
13309.614520302597
4093.627890099612
4273.875496999158
3652.6810258693604
4200.009778110114
9202.851991818188
3711.385084248598
3626.876291436389
5479.48162131461
4178.795351793344
3726.376687848342
5005.881183383446
9083.335221458448
5908.13948393329
6445.745467222193
3507.7977081256176
6619.406484686833
3820.8658354768336
7886.167692606349
9242.641548518144
6386.599320798963
6283.057562717222
4814.8642649689045
5591.8977445396895
3450.1114967843378
5022.914172267563
4694.718765147663
3098.513315478198
5935.26567005642
4338.484957551373
9363.19267634244
5584.609178798071
3244.6913218542304
3345.2803999246858
3052.0772334789194
4434.783017085094
2996.6343660202488
9057.26188553665
4837.400017007387
4302.166947801654
13469.319943192626
6576.541816528665
6561.967814593885
4362.785080495327
3868.125296029345
3360.121574492235
7715.074501067587
4124.571550267878
5393.146487710047
3841.679138875004
4267.3819952106915
6622.171596963197
18077.86838813866
17344.719779166764
6778.380335905779
6817.075732101017
6454.955737589024
3777.8546142080645
6507.908850342457
4089.017318498217
17932.343337980838
17033.70945872461
4283.127412429123
3746.5868239678703
3683.2443402641175
3820.1502556317546
3356.4848731647353
3306.1276063129476
3783.9791477449426
7662.018556112571
17944.53124453866
16795.89898979099
4060.3299895212676
4180.333352656535
4020.580415444442
4574.219478351681
9684.511926975701
6378.475851018639
17617.39421524239
3815.392066206501
14831.13960786288
3565.4629948828756
10192.902308827557
18421.70418647872
9434.461420022679
4119.801982957718
10175.61150009992
9500.19675992626
5027.627147843445
10105.460096658971
3503.7354255330943
14933.112393272022
8606.076023253845
3989.3278426817774
4313.64600979629
5878.588800589335
5670.485956246253
15125.073035037198
14841.54142571757
4217.769033109376
15989.087175256162
4830.174355396182
15282.251259439425
4700.197892293082
5372.8369178046
14852.91572956774
15346.225227807328
5148.268608363631
5256.024373317423
4039.290440998895
5755.431364045069
4180.35863459816
5953.059957023594
5006.5630468714935
3545.0641931302152
6039.749010847176
4106.005243742573
3466.944440167913
7638.535037013413
4226.152031368179
15992.531505147992
7904.100917643583
4750.708991111764
4670.645411942578
5536.644418121432
3905.033750215839
3730.3404282972087
15140.19631368192
4918.152807565589
5003.628820975264
15658.587829231614
4510.596527211706
8183.7126513722105
5585.570163401131
15080.39447022599
4910.226737439143
5028.378398071813
14952.955237329796
5949.515027520991
5686.395842445909
4642.070204224468
3940.9750415980693
15078.241269422577
4011.514371662992
3952.5859839770724
5405.462192512653
3978.735796835554
3800.9647285556052
4329.963482575084
3342.8289141439423
4427.23710160842
3598.3003329786807
3187.4315025607207
4845.881947260821
4052.2136018653323
6637.713468288992
4782.394578774765
6267.982369182745
4189.247538909708
4644.387990292822
3838.2967062872144
3885.802161077834
6715.460404880618
3850.9010753883726
3960.7615970786032
3851.1673225514287
6009.5286819941775
8656.582655922506
8096.29816904248
3372.117693759018
6702.888204527334
3529.6547201586845
3464.03404365057
3513.8092834665385
4249.525695101083
3621.402354370227
4347.4688670699825
3890.630668544208
6389.363082455282
16458.921055702474
17236.347232868502
8203.620944559458
16223.74836645214
17796.52911845977
6083.177441424946
15943.878723282316
6802.600841833928
5778.452020930841
5711.5071252083135
6905.388691893564
6485.423616914106
5649.210436255941
7124.841709415379
6601.905468716519
5551.543039280012
5226.71656495113
15270.777429774564
6080.886420296048
6346.040705062919
6304.85625370275
5497.038529347993
4561.249998273905
4299.837491736546
8053.5432568887945
5292.988665795763
7374.679110729238
7814.460316708528
6203.051580470785
16743.203179874512
6298.894813292151
6593.601176049309
8121.832476677954
6619.7292980342745
6302.010181976746
7760.513432901898
8339.037413085045
7662.866130411467
9794.898332475648
12405.524260253824
7930.736692280117
12084.23457254945
3573.2154388895506
6774.424131944873
6208.184351961398
5399.9080969065
7301.707950205937
7041.025705930537
9250.231711714157
6472.380602031855
4271.8042751752355
5970.510127889875
4254.55249888451
8256.3183716313
9373.375147186915
4313.963142653923
4446.278380789705
12378.005267008866
7521.836868756169
7646.409897987575
6088.121968231491
7624.53873479229
7886.880660348117
9255.125577703486
6209.289125895535
13864.884882685574
5730.3883992644905
9207.329723498682
6049.886086812895
12195.69215392295
5988.033464981462
8103.156918992055
9431.045726269323
6254.658871223821
9305.903258560495
8283.90895504581
4549.831701911634
4496.433473383073
5758.065787119485
6582.51426714927
12193.91797041396
5826.348622273343
4358.947953258625
5416.078019398976
5972.98183740561
9250.113309700842
12081.059893790098
8123.68955115609
7406.134890973122
5303.131894318919
4386.553080080364
5615.239432084967
7697.77877254075
4569.032981791208
5599.634201592799
7622.2544232288565
7017.158091889611
8959.045407390488
6740.822029435543
5552.713356705218
7698.159732598275
5679.708632519221
5586.344169496514
7179.31049789958
5532.7765496047405
7759.701166860685
9485.626303341727
5587.409461733234
3924.136972069723
3993.990465899992
5767.02769069802
7755.868404858316
5427.1438359774165
4475.821521260955
7312.93848163252
3853.9101682054998
7828.497109275073
7135.781753307913
6989.646080971665
7965.682580546329
4169.774665684809
13233.337106846098
7258.1163964759835
13045.955900117498
5400.716910845649
5344.3831100889565
13274.016722174822
5667.21273570297
5585.670814649833
15603.20379483031
6551.68856151688
12435.0671093271
7174.188277879821
9367.625410359151
4655.568663751018
7176.376271821293
7729.4055324208075
6630.664097157722
13016.94333422351
16245.49521842128
13634.068900377742
12101.878108370513
4192.226092372558
5490.389832870467
7481.677621017647
6053.001541996911
5747.996494969291
12893.96580579706
5744.354169880953
16075.925825188595
14997.628496839428
3993.49766527956
5527.550959217333
5476.060344698707
15947.749339916669
5789.109644067615
5274.405803357803
5795.381387012812
13139.307434023016
9592.8227805252
6982.363228690565
3298.169814992765
9784.975407853894
5440.537715940496
6177.5647982241435
5521.242808785037
6181.783312951591
5784.357155757378
5341.8489085824585
9703.332592820425
9949.593607295841
15405.0773239252
3881.9111028475804
5624.519629786157
3834.5268165702396
10807.312534064971
5251.642715131513
9744.57851870422
9818.737325587592
14582.848280025877
5929.711313793597
9615.46253928943
8355.730621588384
15678.436871696566
8071.145430570848
12158.723419891863
6433.810565806625
6337.504680029279
7366.842820955346
7235.48126780463
9987.837899861996
9589.782805224891
6413.4748825754505
6218.038251685469
6349.373397695135
6331.912184189687
6269.211929867951
10313.128833889845
9592.25335222053
11084.096518851064
10398.28343917041
7205.588394016559
7249.560333498477
7240.23775387855
10552.954455774321
7209.0643127463445
11270.051847201226
4277.623416962065
9737.571199628479
10351.124812898364
10624.294025102989
6204.175744895516
9911.127353439782
7134.871561985562
10942.20663144701
6186.678040538958
12576.7908124959
3474.2486959956623
12127.489076880029
12514.702818191568
3909.731902476641
3561.8467953590844
7559.346635079548
4360.084081142054
7460.675566222311
12147.693209764204
6383.920318640905
3952.7759296792738
4055.566506892395
7798.597833445479
3510.847105619501
3516.5506052111023
7526.608100952726
7990.132361630102
14286.945992178951
7363.423052843749
14098.757432093225
4207.40470915339
3653.3718683054967
3711.3161114645536
3781.7458874557306
14306.484111635811
4681.258585998972
3551.157525906223
3527.0093070847424
4250.071475893833
14099.745656822117
3692.167050573747
4108.187918300788
11222.035210355425
14497.774863328063
13894.231991353583
3656.3037544481367
7530.303821141508
11605.35505054774
11386.491791745528
3533.516403227124
3667.388970285014
4778.789930833591
4371.0736050683645
7287.876674717056
4598.894092422888
7218.657297859119
11730.357819569765
11411.03442596621
4034.958572210048
4193.082736512635
3731.079267870676
3723.658601111654
3606.607240092272
6315.122360089221
14427.046937696148
7441.815867530206
7449.543031490591
11976.997638562174
11312.812350094911
6317.084248471216
6744.693211077041
7686.287405355227
7276.1523475451695
8192.447623279188
3776.0868495549335
3949.60677447498
11619.987325437849
17274.529732377607
3841.7009262288225
7633.331167341238
7427.01100230878
6196.467186533253
7308.095169489532
7281.894233685748
6759.739326674572
6495.51400695317
7378.025489840572
9321.127624610872
5233.116979054651
8083.268060754409
4833.432582671668
4952.227432362429
4927.562226156807
10626.776869761894
5049.605193136909
7676.625594048245
11505.757947887285
10340.072210694663
8500.837748632779
9658.69625419365
11249.061825259776
8714.60319618832
8938.98366804355
5239.695465470356
11544.361188002295
10864.769529707697
7103.476983854262
6659.127109753761
7140.071155225637
8719.105807105896
3954.353821873637
4036.388671517104
9866.088269507181
11694.27210645007
9898.959045443167
10937.317614302618
5133.921290590506
5867.158199117714
4931.841093647678
11486.136499616452
6020.94547944077
11715.940810778116
3954.413630205645
3966.8301756233304
7455.84703693049
4049.2597705525973
5865.686719387384
10105.2262418135
6148.7605607319865
7799.598190397606
4581.827074007943
8265.434340541728
8371.710253989415
6269.443482563833
7517.667434091511
7244.779243224415
7760.877129630417
6101.539933530092
12673.654745603086
7774.083126974503
6369.48247365364
6488.192750371965
5476.253672293589
5174.808234017052
9377.744502440142
4759.4995288516275
5349.9065982962
7509.067086409208
4165.964963620497
4183.944815153557
5267.683541043332
3778.876850944891
5244.720838530863
4087.563228822984
8131.903694669047
10767.263344301922
5267.912108870207
5387.096019605258
7569.5851475098125
3907.4290919422792
4603.701462701831
5221.96197763509
5683.193308227261
5399.345529521747
3849.986153727681
3625.1839805852037
5971.829130773218
3919.9715050332948
5932.279060273975
7792.667130419072
3933.9398447869107
15025.645173044137
15111.98698032223
3868.965223606661
10494.676791044876
3550.0451955987382
4585.079801909763
3447.1147029321223
8139.157828872947
3660.838439196507
3625.581503234446
3847.938162897682
3350.1818616111286
3321.987943952976
3399.422132421575
5051.503461430657
14659.1627994339
14821.754955158998
4052.694304971465
3877.07868304631
3435.830183403047
4140.640194397944
9957.771353017288
10302.469904705764
10181.644548898836
3541.009022207402
7492.041736527316
11392.037816394444
14615.051970122982
3977.658207370627
3581.1938279633423
3406.2365617436108
3399.232199376296
9681.297231531029
3217.3536117338335
3249.724954685462
9506.292094190445
9990.296172426513
14526.057585679288
3278.2908553995826
5889.601072125222
4928.897944878961
3563.6200864731045
14858.465810252474
6028.170562229457
6008.509223396275
5302.150792294467
5369.425596604076
14437.359529189116
15159.664949632293
12661.571832337147
6007.31900347437
16027.577667770425
9209.545757967942
14649.476898538447
9794.99804814484
6852.070723198716
15528.943022441357
16066.683827645975
7248.5412921277875
7067.3090491735
4844.404705818565
5432.455909082885
4882.5981045238495
6199.562091807377
12182.169438878187
7577.470793060769
5064.64116326686
6415.5631473770045
5607.364642062186
5335.240074614323
8247.379441499557
5706.360588625064
10473.911270601104
15945.674567668462
9142.403465504613
10112.688159800697
6720.344419380277
4893.002675015644
5160.707552730866
15928.541921389688
7633.586025113
9240.623259729404
15788.513973932673
11326.109788999986
10133.753372019068
6750.192664226999
15963.370419944511
7765.559288567204
15464.71589233568
5613.470057107681
16009.523829299374
5014.57602006475
9813.95951870252
6885.9900926896535
6634.064428443015
7203.060101069891
5102.733196974585
5467.023238582976
4534.7350869283955
6323.165493072193
6582.9744519865635
4777.9195866001855
5217.647171878856
8860.59593752742
5090.443962700758
6671.212071954002
5381.985451086983
7176.746816914357
5665.178430035724
5610.348003364819
5159.191585024422
5767.726902525999
4391.977552932083
5392.069894091716
11615.298930598929
11716.884514605
7272.367813670404
6373.960105532648
5087.586971671042
6473.223409556228
6369.684753512385
6506.022158423837
3809.5639446162686
5838.306320830439
11312.187204063723
8528.51147271896
11335.28993967416
6616.000818929573
5938.712878128286
8155.062361253037
14764.563161277314
7017.844990999476
14221.340119965864
8196.981898020598
12231.760304562422
8082.691069868346
8489.531020820785
11307.492728649779
7955.868432317399
6811.670048679753
8456.104371158666
12087.32650079774
15838.602431668114
11137.484027466471
8257.12131380194
8632.839617653837
9916.185970031282
10635.263242326455
12010.223552330615
4940.096935320571
11110.335026224879
4992.2756059418425
9085.501252594699
10774.221219862535
9289.080983866523
10313.59287482858
7115.872705100722
7131.70482428843
11780.044259966871
11022.516789310941
8118.679670871488
10102.896390488091
8383.181805300743
10410.567273109831
10912.539042551924
10368.442383338741
10022.030244464942
10797.644498305106
10372.091326476926
11544.560747510634
7902.5484586613475
9589.341786349069
11036.153407626798
8999.710122935583
8908.872603165437
11609.254970099879
9915.525036358635
10105.1751251584
4913.86756356845
7574.946334144215
11726.87267565262
4967.177953395523
10537.84524179093
5484.716343235485
9226.273391130771
9276.905183810073
7762.555641234631
9442.142770081202
9245.377222373607
11771.491796119568
9577.396790841725
10560.157953993283
11552.68824263025
10391.10360856404
10331.43785987501
7519.651537980482
11503.593280532219
10827.08719307905
7104.301685932511
11619.260840710274
6792.361716183232
4199.1025106150455
4933.062704095659
12376.429539353338
9287.05486296177
8302.954798555347
4244.832933945759
5050.790160439238
11532.269017125045
9554.39446800671
7757.148387268077
8288.087911754661
8093.066477974472
3908.956528068221
7241.07598511806
6969.575621057775
8714.847756106003
12245.841777126347
8063.178171607865
4213.296944963368
7671.096694151903
8323.76322816464
12333.50740920812
7959.618392020636
10440.513207027463
4290.656199280811
5043.933473806786
11130.42385579826
8113.517130036258
5062.071791614319
12370.797356665948
8210.801345525422
4210.644601042037
10528.47827064215
6231.1098062898
12244.794662664803
4609.1264276463935
10661.02498896461
5796.059060184725
10226.74386458582
4641.90262612766
6686.081683815629
8038.122827026434
12069.578676666388
12378.506571448404
10358.506375260746
14848.346500037096
10766.454506656919
15089.241644672447
4094.4605830224323
6505.521100626802
4130.475107679977
14827.088978616532
4334.156573065864
16416.57067021716
8003.166675073617
8079.495390331918
7473.2948790793425
8015.236737830751
15187.209426376437
5115.323192478239
6823.331205845509
11034.099208874424
16022.533872737778
14740.964771823137
7035.562636570112
7330.9579329978615
4995.3460602509995
7481.314604162883
15145.510842831958
7160.015498740788
8262.64748558582
9910.255438309612
15496.994521957036
8375.850640090544
10819.456860935956
15700.53253061671
16488.159262462883
11478.552512077924
5390.95117532894
15603.631322004394
10959.45565472697
11741.33241023058
11310.638298840413
6852.565040679279
4141.075544256089
9465.552558087886
4903.776583434913
6855.666588496482
4889.537803619056
9286.749667555607
7369.769816080834
7333.400305206634
7216.746343201693
7261.307597937042
8233.360295391283
9472.919198523357
9201.785285818423
7603.587281417238
9307.268050222785
10591.765407669322
9268.568033562005
4365.633396999754
9511.211969520537
12841.424219019349
5704.582652846051
15552.43827191927
15586.14503969828
16119.184658364898
3813.581316239185
3788.5119517816715
3842.867820047457
11868.295307170232
11934.761521372086
3662.5309794465643
3997.2587894715216
10326.73615670958
3987.4520193596145
3878.220274172966
11681.017752370932
11992.214432449444
15086.650192419938
15221.581214069036
3751.658343561291
3972.471069249489
11684.343230698407
12290.273960654085
6865.6354906827955
14854.690135525601
15511.27523228629
5636.5793489228045
15127.79433477971
11457.915049610452
9943.480632695975
7279.661401082967
7700.0139612306975
11006.33009310948
10791.188886618198
10511.003267117498
11258.793102752848
7320.338585670295
5839.463780882108
6134.744082874668
10776.127518223602
10923.943308048567
6565.597679571874
11027.992442781138
10982.765192841074
12793.576031767754
7421.749873576851
11674.2370853878
13038.688364783362
7462.22965842888
7516.212202978417
7270.501857383731
8427.245785524983
12726.48047169438
6007.1255350105375
7505.088959527506
7551.82998630686
6494.819721899442
13196.344955052922
7311.311380100161
12806.380884102644
13439.505547408538
12324.233641327019
6670.429161165295
11117.723095166677
11458.409561042
14166.364781913342
7310.817210162397
7522.438841251613
5713.701050372846
10345.986221070583
6134.406357310007
10820.93171088081
11170.166398909187
6914.986094577411
11580.91505704556
6655.601426893181
6917.615471889687
7051.613146052435
7314.13685684819
7123.729306661907
10348.451765691014
11047.414719069719
11269.36288442842
6921.341959853271
9917.717305388811
11858.707512405956
6571.245627359967
8286.693391720353
10472.066712190226
11278.559539923055
8124.894116623982
11684.211878075816
6599.222462467812
14737.099836112033
10715.172197086351
5719.339878234257
7001.152050038511
8228.896268892506
6874.507291493048
8032.910238898946
7986.958205715844
8310.06114330219
8289.362640692412
15060.222753471324
14384.582935921817
14706.247244568405
141.10403073878183
184.79673296436374
119.25504767913978
103.88642057167982
5908.444255766656
167.73416705211235
151.40093117722688
207.581017498153
141.7701587980275
143.54710809310177
152.5709338506049
165.9260991645987
117.97044105881584
158.84842493176183
151.7174270305539
140.37284392073488
216.29120581943306
109.14779223870711
147.0986169068503
128.56069699009657
93.91642538110162
177.98210529292825
144.67124802743638
115.74582030935596
160.78905331216717
145.72248260460384
116.1855982795775
263.13179885864446
107.50513798238748
101.62106868640768
142.06695766619504
107.61315745670777
155.53434578262673
133.79182353723314
163.4490551200371
231.91421673747442
257.49085855501323
179.24251084083807
150.67025178873988
159.7411520719626
154.80275857121063
140.04777845978333
170.88966291309816
108.83325355953178
133.72877370044216
114.20148930445173
144.14614834435525
151.6934076768473
244.61578416809022
136.97106945744446
1233.7628728098393
212.09795549492503
152.71347261237554
142.57389984148273
125.62876867298004
1054.370777487297
126.34100953874977
135.26435569354476
130.16828169661468
1116.5639995581464
493.72162862981475
174.41050065591202
144.24233462670657
1912.6277927710926
1150.2574909035955
117.03957604684706
1088.5766822018338
140.193999479743
142.61613096010592
1922.669806844336
1083.0925970637188
176.33219877665948
184.60332501374398
192.77843630961434
132.0977943225256
1191.7443610153514
217.33262380965783
174.7541030297287
114.16696354169348
172.9246610724904
260.5908692598941
161.57792794939147
174.73859964271426
150.32458058809118
215.90517711266165
2324.5477236728602
232.0485614217257
2353.0086934542956
204.01956481222658
120.06719819718106
2715.690788820003
238.69338971712273
2925.654360624249
175.3052066928035
2260.1033311591063
3176.641802025584
177.26527201724852
207.0346495462186
203.6112414034394
400.4747144388747
132.54973332002226
172.5617664815395
255.40057165571247
140.13689842100382
153.3946981641397
179.53482580945328
205.15556310542274
154.69121184847782
242.0452044350161
207.23436404858438
218.92788697431308
141.37059767847222
142.51239398641587
236.46687161754787
239.9975950684816
203.8964981532963
387.91073380628313
181.01619530370135
181.5202355034282
195.62444553481583
232.96794625155349
225.87905567927407
253.94962482005093
125.85833793283359
157.70848621919237
244.22429745428923
194.204435341939
176.44977270455593
211.2443287920293
250.72684583675982
247.83168890935008
191.0874945907365
190.0886329400994
200.22228647125655
154.09828928386793
177.12310712321573
182.99006299490011
196.0346166420311
224.0995012351732
195.75325761731875
1855.2599630235884
190.57583846510195
193.0554924759399
3134.9958126927713
391.5041737111485
110.49911460278645
1166.3801374262127
4257.690224581111
238.45349435444604
5060.465089433897
4245.955777473586
254.65405310387928
284.51573629783957
3221.9936524370105
178.11679931595594
250.4441555400191
151.52689066145726
2162.934022125206
3298.696704565015
232.95950486601703
403.1772994207744
146.87870027654114
209.60386899339485
5289.955486540829
4987.889850424975
3100.3538096019374
6331.092854531167
165.96643013748763
193.5528360646623
187.46037892164748
223.77435834696882
4049.2264194325076
226.37871379299702
5092.597152752825
215.34780414566308
4948.552062026068
5788.034253193214
7673.1683831104165
147.03711178347137
240.71357700010157
3177.681627664954
237.34580895324012
183.61258062819672
7661.767405847029
281.8020983084882
4551.347654032066
7553.117776902769
185.30400497907334
4334.496314310193
132.5904632371379
7382.1394512906245
282.69595921310747
3565.290759425229
196.70479657017148
278.2365981789859
1066.0807941021008
630.063891237749
2738.736622899676
198.02513972754593
121.41929386924616
152.08809859818223
136.90545041308621
140.61653632185963
107.08786325363832
144.4217055740142
137.1802792572172
106.89849649257258
138.4297538614272
115.73585912785055
106.74012539392834
172.6633919861683
231.22452190795468
125.38876557739938
144.8269782544356
162.58870448464697
214.4973615519782
130.67576586978333
171.07742485251066
105.2003944002135
110.99971950181293
110.20481196301522
116.65088767910925
153.3131158131286
159.13644092424192
137.54500965108292
118.91560237193428
106.53599697011603
151.79389938584472
114.16094537300262
175.4965550734844
160.58522259063224
149.94046705574357
130.57300693107186
153.3105781389619
147.58354935266567
164.66345328966506
193.9182400014933
157.427281854563
155.4075181390596
119.1148957457826
152.44487871989458
254.7062358870702
141.57455227517102
105.68686088662417
195.0046459296534
146.0720449897465
133.797856146776
158.18445758030734
142.5686751315165
426.36661186871976
106.46263719677899
112.3331475794518
129.4753449401365
191.29629100100166
194.01433942859558
180.39040881769625
133.9353133512839
156.62153438207054
141.50059401668187
132.0106756975099
220.57754251329004
107.12799181031468
153.48882094900432
269.40249116049523
103.765007914052
124.34219697811204
100.69078008358986
132.88302639326963
160.99217345990175
191.54168926962467
136.03190036851674
130.18895661310341
111.19780180218095
744.3343412939679
128.96336779512913
115.84804719754364
175.08706318142583
146.24737245025463
140.83602830363435
95.31605266443069
136.52930107132437
159.3487712786275
142.922320040069
139.90802464456124
130.73615826404009
131.03360351369997
167.63426054513775
131.47960430758081
124.29886778674698
111.4896907873165
125.93141941583798
134.4729529732753
211.74629879512997
130.29419226275272
138.50957396781934
142.3719527022266
105.86025426161183
156.33037614313324
128.88447356885774
124.80755041143388
111.57115542852353
150.79781174761618
217.96582477468144
138.2863281010795
150.40785596426096
138.0292762912508
150.20948608774185
198.60614441685635
151.5692713070527
155.62990287127968
163.21750514906375
144.60700688157772
97.45773813227599
144.99864629526192
147.03444550817733
133.80694272347992
136.84164716562074
131.78085730613293
141.338459874893
183.05702451694196
118.96050484493537
128.53722292937874
147.86574873915563
124.13730834915029
147.34166340438256
136.45137054717796
151.64587056920004
111.1833525545461
135.17957596509268
155.26360881459408
145.94159991579528
137.00359795273437
157.61637477255195
117.66385359025765
99.53734387363237
194.42832004893938
135.35656338280367
196.96025661095885
152.47079772669795
133.09304514647053
115.29576724357858
183.27557356147008
163.90361274473108
1879.1722098995697
132.9678362797132
134.20460613977687
149.7101029099265
956.7378608124292
212.0890486131567
177.15399517557148
160.13231082081245
176.35752299951488
205.78987932594794
147.92028121627538
237.62526550176167
223.94857054311234
104.51898844206181
3577.5648132255183
1492.9486879744995
1458.9893331426492
770.9216179162249
4270.275918201256
213.6258096613224
158.21456815357254
181.6584520430983
177.94784138858637
881.6549301774545
130.61551665335406
160.0478826022112
206.28255679546726
165.2595426689361
173.27033880907646
183.1839669854353
153.09719547202985
161.02279746910006
206.47799611396854
216.00018313229094
149.49244426891093
119.13222656495965
161.05479034947354
200.89183892665756
228.10473388232072
183.19629728688696
158.81738413326622
203.2584591297517
288.55114799418254
256.3065151947993
181.8260986719727
247.02077934476767
146.97076000336912
136.3870402390417
1129.6868889147354
205.7516944577663
193.25442336863682
200.85995444713106
183.1499908528696
159.25835632637097
1392.2351679359917
3640.304827167254
198.3295081528295
173.44737135514578
114.93938480482075
148.61801293036737
5180.012780634912
172.32669950117332
175.91284793374035
217.00529983080057
1390.7609913113502
3779.7881522676794
5244.251571390569
249.43556317274036
1403.7850507485691
107.66059881947228
192.95544089979916
3916.791841619026
593.6592339831858
191.2085620397838
155.257572801429
148.84407946598412
172.6610893772259
170.8613382832295
158.6202194907214
3240.6803440276663
128.82994817663314
173.11994918259288
4157.260290613531
5049.002148207514
222.78689595748665
158.98209847870646
876.1343406350612
178.95631220201585
173.25310688013442
210.13763558253422
1003.863438356098
122.37124834292575
260.7693553795167
215.8349326224088
248.87645886547176
205.0898569326011
226.96797453690448
173.88522702539802
195.5973012516401
234.87604807265268
207.71022582681053
239.9841597802872
104.88465532888893
192.07989138155696
371.8004241757769
255.3834593233746
255.4646564179146
104.99810943924354
128.41884348436594
89.170489059542
153.28465112949127
109.51857232391669
103.7316146920508
116.77868214582449
99.38584802849219
102.32764000073365
146.4446672548188
94.71246779539807
97.0811151103259
112.3077331596744
100.6311058167832
105.92909364138757
113.38008334771881
163.48158679839707
144.80853763397772
144.24933886040463
185.43169001000848
153.27854321240568
133.72656522716818
150.09318623745628
167.94304462154312
123.06635893436663
155.8321564975132
125.94720278526587
129.09339508039417
165.58745497984143
124.35890898014657
136.52847921109924
142.29749652285966
122.3679528546269
108.19699842831176
108.62043371032803
138.75209773330113
250.2565670455946
92.33483235368217
218.68678911603638
158.47709942027475
142.11690133280638
103.98600483413384
154.6222944474141
180.51970240704384
115.8462186782824
139.95350991860892
129.27796206103642
145.7903815165405
133.20724605166208
150.27942109264157
126.23687762694937
140.88961562227496
142.34152628140203
130.10714804905817
128.98374017385407
160.09523686056485
157.55107429457672
135.60764216056864
138.67722089332648
119.67212733289614
138.4952353951474
133.177738381399
146.58814948174967
152.9777122148462
125.65008750476818
104.79929644898453
123.38876055250157
124.79162140973483
127.75943971146663
173.72766994773576
186.71401724871168
159.91024083172124
123.75198477326848
137.38069218163332
151.65156036820176
128.94388094291284
139.23277371388258
118.71490742130555
137.0206977635194
144.3594063395902
120.23337988532259
135.40701841942803
110.77630766480343
169.16930505615213
216.5553449026378
129.4752336204319
158.35124986656714
159.96632787708512
237.60500361375568
130.61266805384486
143.72897397443145
137.9153376030454
171.823873212207
126.18562832471704
209.59767570808788
130.1347945055367
160.18268241973084
168.4009323479328
119.45236709649535
138.5800843865377
101.86071916375028
163.89271229308878
144.06061325288294
125.19844822556534
119.0876915196227
240.12347275833338
110.48275754990598
107.43063238950714
144.10858917306228
150.76666574562148
134.78966522966743
157.70156996883833
199.20494232744662
168.55029277497587
168.5037046855449
116.71063515316311
124.59573822052323
187.3830524609367
109.50085676040919
159.01071520864375
131.83425200487332
174.16863015998382
117.60224009249544
235.88342190680237
129.19403109513735
155.75519754911647
130.4503825217468
213.34831353046798
147.23079669729069
209.74265546586162
149.2767958008208
146.3795310882046
164.4583399011604
182.85791473731246
150.5096022013936
164.18378797515095
2559.3266556503077
106.06888665741215
163.42674569951078
142.56633509377718
163.23361349283002
801.0299617290242
241.01947492893555
222.93119695588794
186.4347292901009
186.753875223802
130.38426026349532
963.0562269729355
120.40343306251575
1049.053497904526
263.2645986511484
1246.5249259127809
201.78236673691163
973.9953553581045
1027.9277286132308
1106.383641956842
216.86009704260547
1175.3985736655238
193.32139727123024
165.12930785018827
475.81547979887614
222.02192909084917
206.4760451333411
220.25458151764695
754.7718376923843
1545.3853632762098
806.3683049917083
181.05863162491727
1759.806507016264
214.83641909060321
150.06306769329723
148.12287873416835
1509.8251987301662
198.34075200316852
162.75028671497068
744.575588755599
221.8277096378275
223.75785665223623
1732.9223727692447
867.7023252299434
190.68780876766112
118.52329604354023
187.88941773804572
182.9396783812933
205.60020886021874
169.6758203137627
1710.2450561761425
213.2103417514562
195.86914425956934
200.5044262767776
259.8321656679329
165.98782615117833
159.54971419535082
105.33019004468454
1611.9973829983908
962.9493184403979
282.4632456906115
291.76921746798274
196.3486576781832
219.94046564456804
179.26687245593786
193.12872450028183
163.3572519981638
199.9720385369244
122.08187212781036
167.49590289889545
209.75185382761427
5343.378036548171
5857.734892353329
1641.3022521866817
4932.471315186956
1230.4480880906183
1476.3574577144163
4973.479280366767
239.566034501177
136.26756686935258
239.8408436757786
263.13463150094327
5768.974857076684
372.74283044115884
1449.2863345797202
6023.0127531386315
217.66421068667768
1536.384767250137
1250.0043552334455
6665.305816239513
112.22119267665468
6619.411583516199
2548.3769786850335
5452.047550209879
5460.636713556161
1259.6832847336636
228.4472970588903
1496.3700269307562
2908.5043521311536
230.0697805917112
6591.312210827053
145.07257391615127
5616.274026614207
9995.796275499812
1660.0803241763253
5970.329194915257
245.13808694181677
9613.495436378453
199.33687051016312
4372.451347818136
2811.8597324892626
200.55110388214337
137.25314559780466
229.21410685308035
1952.733342337397
2271.68348211133
247.6489212180141
1655.745790443495
161.25987228979898
126.76484337524475
112.52373039439655
199.2030382441435
132.44815086139363
123.3343464098406
133.6226507595145
103.1692804023447
252.5753216611056
176.90977984029237
111.16053401534163
122.686636502151
118.52368586940923
107.40698214709045
145.72644410567324
140.13123897236773
375.7803617425758
116.37132767729156
134.5819306670537
248.93459527839767
133.93131525256072
126.23519846967636
111.11308482563112
102.58738255707908
115.7316389798491
136.96090131222974
159.7007458756251
113.3393799096863
106.29761864520711
128.86622670304328
195.06600443120007
135.34672933596505
191.95226383904586
129.08984373140936
419.7897096391732
199.30623530313366
139.01328784138786
198.7106862740277
123.74581115369284
97.70661630870235
117.68923411145369
149.71553798702502
136.41009120680272
130.391406031014
154.6540693461263
195.26204856983065
227.24400967493364
115.57403417943317
162.90915496229493
185.76528296227997
138.24745608899627
130.5242544189939
112.4157773667439
129.77920630973802
146.29561428690695
218.72157565857077
151.55276351137525
205.5492071661036
146.20769273503925
476.35363409076194
202.16425436219612
1091.7700706187823
157.83682263629967
125.80238725118201
158.14543642071206
108.06192004406617
122.83020467912692
126.7084637513741
155.91111641326773
142.1193522967062
138.57475168683195
112.93351737494669
126.29263181701702
105.06940647720418
130.99325773292946
135.23101653695426
179.54811344696722
151.98923219361683
114.60696683902356
113.5896479533727
123.15884364166266
214.1696891203906
118.21406006798637
169.98846446653351
144.4582793374384
137.61507066932046
144.3684453874355
125.14085213664066
147.6452621917756
246.06914623421642
206.48287491586711
160.55105547191863
142.36447239388758
205.54970624871797
154.7112475686355
169.9276397734506
169.8678683511857
133.95385838697683
139.29595240452159
144.45812849494368
134.04138922789826
146.3665393673342
116.01279283559327
146.9154476013906
141.80901701563712
151.1894435007937
161.5872865245589
180.17656031512536
199.1765473667284
153.8217815640249
461.36828043928915
205.94845255029736
407.90596512186687
231.3719915927918
215.62487705821616
149.3810142378141
179.30209451380992
256.5389957847551
174.75840442404325
205.6155130007412
227.8130233552491
225.52244793847942
153.97193093598042
153.12223785081625
149.2319007602588
176.85089518352106
148.01440579176364
130.49994744587207
172.37087802151342
143.01512724789103
181.36635784581466
139.9684213313877
183.13301813547486
1920.1330737510611
215.91837490064822
166.0223334962188
206.01877159299335
111.52493167330154
169.12834247875307
292.0501728619379
173.16669809445227
128.60518364824352
256.48244392762035
151.06239678852373
175.71504916469448
138.30415178008582
400.1045235097138
1218.3540949297048
130.59935920128999
157.37314796127762
146.41822720441976
601.6504155760075
223.41537846539103
188.24352711933864
495.3904908391849
209.31442924336062
1520.5874558063092
1647.796300768587
5394.101730702199
143.87585006806248
234.86781987482664
207.2042032401124
207.61821201384777
6161.8188394237095
1995.4221422352612
167.62394133118607
186.12231758999815
163.04927906662357
239.2905280746777
201.7046114089809
141.39290391294116
2172.162288088263
474.3552915127715
159.57598768946775
230.85474244925342
285.10933215973483
195.9066322625168
170.56254290064157
256.2666013617139
176.4742520223458
168.42708187049902
184.19984130548363
239.26336090598764
224.3192841907874
270.261719474127
190.98781601834085
2229.5170896960785
344.1495012838443
2175.165761238436
214.5747501830835
1377.0384506370133
240.09099318024832
148.26703079625656
196.7726823506337
255.41980446950996
234.2038910741275
382.07724311274933
166.60981054614902
178.52360219835487
172.17925036631118
6320.880946201889
221.3540972026985
207.1459681582287
174.54801465308327
139.18342089350514
6664.632036992795
169.19142698849524
204.35546317831069
5015.7227251639015
1687.23815432827
180.72844988117103
165.05177396018615
6592.556377692261
987.3665384570213
4979.195040693613
179.9978173167482
219.637045599947
178.96378484145572
193.97874280972718
4588.572526660934
158.17757666347916
186.3649702624234
6953.641143208608
1660.627280431239
1944.6127542080599
1667.074644063474
125.78177501742715
158.41516574128394
4654.041403125724
2226.6404514948936
5130.8161091192305
205.00720966422938
206.27369346601603
4450.251360646567
6143.741824431934
4489.022158254649
2196.125150723649
131.29073737268297
1701.25954497907
215.37167248726155
153.11397900243693
2214.435291815651
189.78309107354278
157.06892095135805
216.54210215409475
221.47999220498718
2422.5069075161227
732.5100351017504
187.9970676427606
460.6351359297089
626.0791437342507
264.0647945331355
604.5481491365881
228.49621889261724
2566.4313706232606
645.2602578318874
546.3181617737241
2531.1297246021627
447.74139434630644
147.61407252459014
131.04380250948273
139.76556928928386
143.8041072369286
126.89374660733863
147.95672758566843
153.4180759750766
114.49188886679752
1845.736333525445
133.69921427731188
143.7762645100661
148.4431193277377
160.85600158082045
135.99249405436694
120.04452788893602
160.06223050615355
129.62744409224808
208.04701516717137
187.57363957238357
159.4634806325731
436.625740879419
140.16910136676603
131.67226554416396
186.75334257123458
167.18505904227828
167.51125951897228
143.3418845971177
166.2454209981373
158.00998063190104
138.82601260485643
153.91608697458668
132.2099537397935
125.65572219347825
180.87695692947693
130.90697491676784
142.55637110748177
163.43558567797152
125.1063074953873
639.9736304894111
510.73727506734303
227.8701632810499
145.03533484541288
167.69462277835055
228.03216681182272
135.50162343437307
181.01216516723474
203.70245629032286
167.18203946944215
134.4192570350403
141.9309122574604
146.96195478959305
163.7083928273331
172.18866186466363
153.94266393344367
129.0407492947578
193.83345022203196
182.38056640806377
140.8197154659167
142.69227400606172
149.35281677949905
214.24409185420484
186.95967541286416
196.21375861578355
179.72031031676786
148.1279801963954
131.0392099725746
128.46741923686514
155.23173370768257
178.22497479997708
141.2402640609427
134.89547697329607
146.62421617366755
150.10931271945776
170.50643434484647
132.45304638085986
160.0173185578708
189.85442603270585
151.75060154098193
131.04109949638243
138.04967939463688
123.02096250816697
159.60838109694652
131.80351583497753
132.3686773880568
161.15986295453104
188.49445345449487
156.2601062006257
372.89377519108837
419.4855209494017
827.3580189181495
2308.8173836862675
3177.0198224691144
1054.585083566219
104.1966099706811
150.46679499653996
147.12818938698445
196.89361002317776
211.18768943944008
148.35748372378845
110.71458474594692
249.26794438422044
231.5101619018185
119.0973859755521
136.16270641899143
120.42567402945642
219.01220903875588
124.50000254729483
173.1361452583522
143.3683174802277
121.3165461030446
405.0335214181405
186.5626254479733
178.4832749982296
140.2638298724229
656.572121421646
142.02472803644753
134.00016840796275
170.7931731243031
153.12794103556575
143.10248953232852
201.0341961935503
215.0491936714082
211.194816249955
197.24793745895687
135.95212604241772
174.80226795502978
124.40318082611154
136.68821898217362
595.3209838933863
187.396774980813
250.57798636714506
183.0726548349685
2341.3202794035856
187.44373314743416
285.9269930058291
1138.2193300869053
899.6069982275808
115.41358617770659
4611.369027463155
267.58727575105587
1111.7961364086605
222.23749506732895
187.86856573939917
203.19675266695432
212.8321466351871
991.7925003296862
169.49925103508903
299.07596550152965
124.04273505130648
225.86642043953822
508.52217827377467
155.51693028998432
186.24413152250824
216.6528153802814
155.55759640864522
511.055830237989
164.76924768304724
151.3157153467625
216.37046566025813
175.5827872591219
140.60827037389092
489.74073806005646
181.08329961934885
500.7194844199489
166.7295564890419
250.64613717776297
1199.2456469937997
161.08112849816135
150.23326012933157
184.99000552087432
101.86571351572468
166.78861911164122
223.00657376193453
187.73815264989292
141.8757159045402
408.83132989826765
164.9645868189723
228.59511285837223
548.9164073481547
119.71556300737458
166.35133478781967
108.17126877593745
193.27688329907252
169.24730552212247
124.79785508000873
198.97270038060094
116.61259472986802
170.80345031990646
231.73048487078654
765.727886725448
129.21091700929992
155.5462332211052
160.99831833251397
160.81815789766645
188.99799046381335
148.89775078952076
687.2095351542988
130.1290245170745
172.4610672111413
1132.3010790218927
404.70424897079204
177.16574819965217
3051.2220292600196
166.78839580218505
183.1207244690209
196.274377754126
239.04416479965727
3419.6889965985897
191.9154405717419
280.5987096280937
6714.966488048222
4159.481369451549
185.67308742409244
275.6971016463875
1064.709582264208
152.6260810032449
140.27695113362984
173.82068408355752
153.41728342335838
1113.667161395614
133.61299301751671
189.19739141763134
2449.2597164409694
1128.629081941583
201.14719097814668
2370.8485714064627
165.60811199440195
1026.2521792132604
231.94949702654912
3452.5217760369405
3723.4705008662568
7001.748072070132
6751.51760312339
174.1860287052085
1047.5713349794582
208.3703914487386
595.1291710818851
107.38511340619652
4968.884699363272
222.1447180827154
224.00290422146082
763.498611395727
153.37812835372125
143.87908650249244
108.11634589793441
121.92857636478452
185.07152594767388
123.39841769344301
196.0570967454846
161.2456158488417
168.47428211646536
233.74518871818918
130.18241963791513
211.83003258689098
227.99898428507032
177.9913043203781
171.23641468515552
144.6093038994734
128.42591456262534
144.78794631762844
160.38993226811152
156.9183646845912
122.7617792220235
126.78671654748644
171.3829914823217
211.53135602155288
167.79800063310978
111.67623608590714
124.24668040382582
171.3282682692505
131.8240813170516
211.6159996191709
149.17055361380886
148.95783494880988
154.65675484191485
117.64536994954751
124.47569081253019
183.69133566157066
135.32300495781854
167.71692084974597
163.89763513101514
183.60751902177134
186.95493855766648
97.60379644325337
128.39699218493763
166.6850065697668
163.1144704816311
101.34970439888218
165.01812255247205
109.21643424582314
280.988419885565
136.22854799613148
132.66907695200996
116.14540008944888
146.90244474170566
159.9050226540666
160.33281503259371
157.9389340266219
123.49628839981591
138.72278695527856
196.11451558675333
174.18378189501396
168.5827283437389
130.56402404564705
146.86612156266585
152.6275694990481
190.92676387497025
303.14044316759913
1004.2188242643416
131.00715468848566
140.52013029392683
1301.0704929164501
125.26277949315931
148.00988385325462
193.4536895178344
143.69084222747938
119.81246625831295
1096.1955422348624
171.41980782748544
132.7395624789715
114.25715414846093
1117.3435455549616
184.2086311986845
144.46864029702618
132.07562989936844
146.67567699629035
105.36927757924494
217.39225375224876
120.49700121198276
131.9348123376298
129.85152247339158
114.8226398604881
262.36249359562873
1333.6111665168014
730.5511154059277
258.53519966379764
133.94765670310875
215.76913476883357
199.02205050573139
172.92891873633477
194.32618411057953
181.12671585564863
252.81568404838123
165.88645662922988
179.12896990406085
193.94444532697904
126.3502589442553
107.67764722090953
133.67490525482026
126.38985196170631
149.16087639667666
1328.3078777883275
2941.113747618203
119.02442652397968
138.35031599649744
805.0300393305718
156.6406296788346
160.29698487464353
121.29500024630187
168.1964684709535
3680.4873287686733
5697.867991637659
189.1061590861313
185.33101156131315
852.248686738183
141.8246490493584
629.0473263909225
150.9042580951661
153.61369071890448
140.0475365411387
198.2517631957522
171.60946260164314
171.47854301954726
114.6853880289924
128.33961229952666
127.3556494835697
204.53082462863574
147.8383877918908
164.19273732652601
140.1136881522671
110.64941105730902
158.77576570730616
767.6374859812554
194.1391715663847
212.8730754358306
218.16426052279957
175.82737079888457
226.5503732623998
283.1132424480506
933.8417134122291
148.51037809548865
98.5305270843578
225.69938423786965
112.45079166312217
222.8183180594806
159.8998031727847
172.94032596276045
234.79075607022628
167.03648697441636
162.93541080181961
138.91879605667583
274.2412189535205
121.4639496643909
4184.062251270161
179.3026522228253
4679.162584672771
194.3989571823842
198.2489674686056
204.539988838775
697.6560898652449
146.0922234686651
3492.3795830706113
413.7737330999621
90.88540281918107
4165.976590975533
218.5678365377089
1129.8393261371702
169.58903387680587
150.1782578597156
130.78429424414605
178.3374066922422
4430.830262177196
211.39637723029693
159.15878231434237
105.87955273765155
142.5534271971265
198.64823724150003
206.12599579076777
239.87817809141941
141.99442180154662
186.95984626055878
178.22112553159445
167.59828965057608
145.29929975025243
141.05602044399612
108.31807246958334
139.54885033999216
139.9270174409154
164.12016543467337
917.9612731859619
168.02196177442994
218.46297079050896
160.8680143895626
136.85234819080029
269.4349620130844
156.12155290683143
152.64950211382637
142.21217575111365
113.5217801646479
156.5253161136302
3715.5434726417216
172.69371289296828
137.93988169153644
114.18259315887938
111.88303669999374
99.75278855004257
151.6958600002854
164.9908454613435
166.1579172074421
145.47664968360084
141.10213611044816
136.85492032005266
163.01219117968003
145.41389228211176
156.7827071176929
186.699224107931
129.26763917843815
104.1521174486738
153.69639976462494
122.76148473347659
149.19634946035725
124.2905240027961
132.6991291080642
153.5894958293987
135.54782020180537
171.50852751028984
154.44885525621393
176.71892944691606
112.88296533580447
92.13591724271248
166.09381193638944
143.68329957530113
140.0398038290935
231.15331550771953
152.30327982816036
114.2723897905999
127.63693987477654
117.1226062421969
162.89791404973528
102.67134860434379
167.23465119156123
149.58296699416394
151.9814884085493
135.6436044850883
166.85489686092194
124.3117278514884
153.4456293678498
147.2928492440642
128.64437583910475
107.96046474465871
146.20271489517654
131.2798286753485
151.1934109126417
143.40989208130958
134.70744904598183
108.52767382837715
111.1815269558077
119.50651487562669
187.0725298978391
190.49920228303006
140.8134681744428
158.43264235316238
160.1332648620637
149.0471889685059
133.5620683514109
188.90119276141985
121.06002382263068
107.98239317551386
175.00943717965703
146.04943827859807
131.08566248724918
133.12799072785674
134.34820543800885
156.03482252434162
129.12039592671016
139.91671194664445
168.02469563036846
174.69342784919246
137.1610075597368
216.46746346726292
177.94254820458372
166.51434448115248
154.11689577080696
171.05835353657952
176.15283933774433
142.96223334059908
162.92476342203554
133.5776097304697
151.32111850425628
211.33530185899536
135.79702455845097
228.88925267259057
156.2268026253234
287.2792599787315
771.3195214992766
114.31422743882496
298.1165274959084
220.61372531710165
251.96423599029166
211.48212851450788
210.08567213854462
144.96356079365108
202.54001862390896
161.63509669444392
179.51587363060702
128.1515421312368
107.3422633503684
135.96108148998394
806.5614341853868
1155.975915393418
118.04100305464887
148.02729843771135
121.37311693801999
159.7957265496235
944.3864633287841
134.86561177771733
136.04455254386488
148.26423733775837
233.90149734768386
114.25299359623543
1491.5054519776527
196.23630804685297
140.85641136475155
118.77591299154587
212.51638537357567
968.1669920896554
1513.990036446056
175.641940348051
136.55821161946602
151.74089144856669
165.20183330954023
767.2394847304629
153.50542508743507
197.8242942850902
258.82722562305753
194.44931221586967
126.25762467922823
197.18509348834277
222.21565408663025
124.65730087511497
162.82176193991722
211.18294924675257
140.94457017785288
214.737050154278
215.52146826840067
534.1942394602672
1440.5726284335944
181.58991417585491
239.97852913180995
220.54794346046958
114.68357809103995
193.92958659728845
1047.312571414402
163.165510094154
1407.6408854640426
187.3977404618288
173.89264789481786
199.13655121276776
944.1156178004403
761.542165666295
246.49360360272703
123.63438480444289
201.3076699713264
147.98616759749902
174.80757811783286
175.79761337163987
185.6500520651486
140.81158943525827
170.48536863693107
183.28349198579954
179.26110694020122
1221.1192676930827
113.07255311941724
150.916236870349
220.15427512153417
150.7380893054003
134.00824466658295
208.2422902547201
893.8633733188226
206.0132371336955
190.88184465080832
134.17375021443678
200.9885417574229
105.11222988720237
1080.5233301792946
225.37996198042748
160.3888808588594
127.95840639967665
179.93426468482355
124.25546487169386
152.00111237676748
237.3928586776405
162.80467690745076
1132.60549430297
133.18289656368555
107.95711759103733
128.6688961897637
177.49955786664844
221.65025492431124
182.07896670743605
211.2849447877905
173.65568020430874
157.4019352352036
205.14961097566976
172.42332049529773
1501.3638328218935
122.43588006578756
275.90027732327246
5968.338648641957
1485.3832422447163
4872.3225631122095
1230.9345342070585
2520.1170526309015
197.34982328301368
239.62432743574288
9587.364817995725
4501.029725851693
169.46849905278833
9436.489354545593
182.08942671184968
217.18914314278427
125.43672964845445
178.25424771699397
205.37530649685215
166.12766662733088
126.98940996345979
209.4303267774935
182.71420971235426
166.11268783996854
1013.5225332621173
239.66424104977318
232.6465952955578
2041.9299318122016
992.5117839444682
1390.6014370381347
4889.111905965042
178.32902373754428
260.63630221321085
3566.180189844441
105.38959771164183
8874.0066948687
9759.810090849009
213.32449668950886
1534.0860196886674
5413.913222502048
1061.9010717152632
1379.9442779473775
2617.6372296226696
4697.980736501719
1300.091479289686
161.0199820008918
790.9574189532581
1657.4501166785456
112.64706327071929
130.74304741198148
1334.9639110192334
141.51520526249783
158.13559434329483
187.67223022758313
227.28958975449643
189.9410812510925
152.49769074544963
576.3477799965644
215.73398542211044
3818.7086318324473
290.2688485901764
171.2138574754361
147.56884281451892
122.12890747085498
177.08072723040215
143.0296660815061
195.9301186465612
147.4821525963602
174.78787260469002
120.55755018585506
133.1448974141265
140.3171481239561
175.28474252216887
197.14355369238703
164.3545182191886
129.28427168898952
103.92658791204704
154.82420367511898
249.27227640371262
136.42749720793813
171.1899556540492
187.73481018160356
124.8956686196457
126.19402819644247
133.75697464040744
176.41637075238708
146.15122332746398
163.51476349490616
158.2584181558701
245.37652927634502
117.47129018176071
96.68313463869413
152.90588377219396
188.68260533661078
117.58596245797644
136.43671851152504
137.0760781683937
108.28386572821444
400.2989405540752
154.73461969453803
143.17757668920535
156.45393215413867
3943.49431847987
149.86991711212676
148.31665729803763
128.60135555538866
138.80343985400665
116.55442965146419
126.61199903268141
190.51047305274267
541.3332236588689
162.9289205816316
166.54863742961808
162.84757434603756
190.1894704748447
278.0624809962184
189.88035275915368
3932.813727517153
136.3070641904671
161.96145121377367
163.55856382865971
204.21832796919216
146.1317514950128
153.89922478176396
125.47480602020485
108.46311758161161
136.5108089255176
156.4325336695956
123.6506063875184
143.00045058550523
155.46411037171285
670.562011053116
246.1326916879051
177.56303593967436
170.35308158182943
194.81683013908673
196.60744597688443
194.53772926548558
263.4908721109518
1485.24565339735
253.8260489193607
152.45830542955542
167.13450393070605
1103.9762590820433
223.93025588069582
184.530149689562
1815.994433682943
282.7108474148314
199.78457765830026
240.98086260588667
276.31361767166106
172.80783769829506
140.37818296613358
173.10961020934053
205.40915516941197
281.717257033249
5266.7941333711215
145.3515692790927
202.9942365286753
178.43277392866742
148.10709831987367
5986.226358994858
159.46565284785015
146.95965994788583
202.5049479611962
131.00579737926316
462.17379749853365
1689.6546907451766
156.87293345567906
259.6819769386097
220.2263038796342
244.78287239328083
146.3771785716608
165.30611405401066
138.6750805649176
231.88977870991468
501.4303125463216
2329.90975830019
152.22986135150143
144.8523557376362
143.40237530144844
1106.1041680222686
126.37173887255301
169.84926132663395
144.2450988262506
160.94450460948906
192.97512684717043
364.18466785258914
204.93071574916723
569.6378719167407
261.39662129876876
199.4259986492269
382.78182841736464
142.46179844026403
1300.9767303326248
127.91783956707741
123.65379463050657
472.8318185562059
148.29794322719226
293.1745453033859
1430.5323236863114
291.58115496581047
191.51091854697415
224.9891577428944
180.52164461680567
2131.6400984861875
256.99620030801356
138.4361879712264
688.1246311409218
158.14363194091308
365.08777495409197
1654.0481961647683
5734.366485354385
3432.0313579112853
246.0763747123927
5672.471910953667
432.0684356264909
226.18308412556286
147.46654096682306
178.82449896796027
5037.9638925801355
160.02780610126888
129.72739134791152
130.19435528418177
6296.273535547486
199.88720596758048
186.3746871734819
620.0432828139797
573.9169074479705
133.7012384426587
671.453667261788
1216.2462865317261
178.55409019517532
149.6008655288852
170.89776220103874
152.3782901594243
501.0459711788127
177.51175651193972
135.36609422774723
261.08765094767716
122.4774978165764
214.7188043666779
186.5094423755054
149.70238045154457
152.81762540455915
628.4959054144222
143.75482219708874
193.20130661820488
757.3457004915535
124.9060183651188
169.64479983366613
177.12702924626208
138.93205665231
212.55380441726416
168.65678047525054
189.23049702944772
149.2570988099755
149.7245003570332
153.8256386641567
202.671343738503
158.7160185291546
168.62553020185126
234.14055070311946
152.47451569009021
141.16305340821572
185.2475672665788
156.35299822480312
193.74338532292882
189.708273999904
177.83933948907247
204.04186484508358
138.10296548210422
177.68106736596894
159.66731970419028
151.15800912905704
137.38501205655433
192.41686115558036
225.40359225735273
174.67176418959355
149.50889289668436
154.41623715175774
162.00195150474335
128.34514335084998
137.61192584329962
201.4725422471521
189.81704931704172
202.6450303992178
138.32123551831802
165.41988643823206
148.12748889089482
193.7243158023453
222.78183592406359
214.09266234262407
113.71621215711849
193.34690683374208
157.80416221049413
163.55109693772357
155.7587785433584
201.00824579304123
145.7251484969642
172.2698038353542
169.19878222857
169.00358886390353
159.3801646145127
201.84618782507647
185.41875776982874
132.57295126824295
147.59125643606967
116.73295195342857
147.86298652898859
578.2114712773989
148.87169746532663
230.31055665345022
152.27886843602917
165.75929973357233
226.87891922751118
132.98152326650813
152.86579206229283
126.03468648199372
138.65504866736103
148.0852595869367
155.59328651612623
183.31847678799784
164.22658960463178
214.99773174809775
157.28283330314798
168.6730053313896
223.78085102881442
236.32655219665241
3789.373596946406
234.76432696482402
202.725817896632
185.64432105699598
154.529817175569
592.2816230114427
223.66400882856448
170.4268846051786
