Model: MCD
Dataset 12: optdigits.mat
Time taken: 29.240010738372803 seg.
Accuracy: 0.0
@scores
41.37867516907471
99.17228947440628
41.39036906852875
62.44101546057669
56.082673218805866
26.11183353826815
663.6254471335994
62.97374684594046
99.21204360211405
33.533544727410884
109.8689377508741
64.67442091193797
76.18002139797443
205.7335809306383
83.19117721989458
56.82449678653002
53.75863557795494
88.26902427126849
39.409548529236396
70.1811479317448
60.982767783453056
58.63531896750699
51.98220706332029
36.1928772375672
75.22511940342523
76.23563198287255
85.22518978033017
98.13670842280217
135.55029642138385
281.46458427277014
39.12841402331841
117.05314912857119
67.44555827536585
100.18267309683074
52.886845958373044
52.66275124145783
47.286170711574115
39.07427272039106
46.00582664085297
81.0825351482531
52.29051034817863
101.93800828417378
51.329747244241496
102.57479584739363
73.03730755508599
65.44392523227442
77.45249607908372
79.32889744385886
33.40800383106563
99.42678774964074
34.871040643631446
38.25901037012544
49.910695677708375
46.133813672999395
45.24334136211039
78.09494910985437
58.272576267318186
25.92043024003734
224.68284196009137
58.094811291994844
50.17643497061871
52.03676760847402
43.08499630227675
135.95798826541744
63.603532487680106
56.94157924690887
110.12894751113298
116.67274610173888
163.91536576321505
48.14774962909948
55.982077553952024
69.91985489708526
64.59345383580416
104.08470072844605
37.92427167473065
64.79541685767434
65.34486046383786
28.817610760047458
71.69779627479298
34.79143887246874
221.0250010547425
53.93330819469409
40.8643458413177
39.86611629346885
40.84025719533333
68.84376975906908
34.994517117873
79.18924144452305
38.48759691953812
61.58768699649867
36.37776345796293
125.329049830651
24.18622025506518
52.41592117206404
52.217362164697086
70.03294000782199
46.12736284880242
53.932395450797245
56.69295696284072
40.42859007446279
40.571887237477355
158.0516948666361
39.94217267229041
74.51996594648959
63.871007282166104
109.00024472224374
50.21588493352821
47.30786652805333
62.90664502666207
52.17813024328008
44.37286085242498
32.83388996528652
43.25188785412379
66.13198416605991
72.7322511574636
129.42073090048297
37.50452477475315
102.46136441898118
61.521281386575765
121.57060579235132
59.905439799293276
164.1333110241543
31.692706839419863
38.31028343820962
33.49394746958811
37.966213604902144
68.21842011443135
72.35132294386051
246.39050907380656
47.93555323309218
209.56255765759562
32.78093219988125
45.318915804945846
29.51682483834951
28.418425456451168
60.08074313830876
33.85934395095306
288.3736300587178
53.85397228495042
120.25831515080075
35.49171048075486
87.42669611920127
67.39135370953139
40.49662668264466
44.66221874342015
184.45402220723474
710.3796159870169
31.236160811655466
74.29509293494331
46.77138126340681
78.26902465595174
45.43708459286203
55.8355390755694
66.61154463116225
69.29974848228845
79.02846732441633
77.34716934354094
41.99291268559813
348.82102389463284
51.79627365600918
39.634907749350475
36.64072903612827
33.268140878674444
30.405965020010463
61.17988650873559
37.72933062480773
33.484552986653696
26.169253054551167
104.17979209616337
84.83066046109167
131.72497385131456
55.89348916383351
43.42490315019593
73.93010598399096
25.489088709209526
31.673702707411948
26.68129893033895
113.39772619733394
36.53472419626159
36.77508032590818
171.05348007317912
47.68939139895225
190.60508253548
39.3957812303957
46.70638656005464
32.15936941542061
64.59895194783758
7278.1649019025945
47.83453674723873
92.53818460779429
44.05406666969681
106.6973529447058
46.61327827189649
75.4448094445018
77.06446331443756
60.67994596329966
33.73896998956262
44.07481990118126
56.03957091138706
50.448551953194325
38.35294289569045
51.747139260991545
119.26469096719683
45.18711816536217
55.46600953460647
101.43486706106447
68.7032160753439
30.275134755013987
35.2185503143794
27.832308888284278
71.76420058555247
60.898957627630054
64.17278774260406
125.33346766199122
61.51025481884362
49.53437788447914
84.80742855910756
29.76037931868633
81.0862162478492
40.452494677318654
254.0596434295303
203.22406040639976
65.80371712648048
28.81463655968845
33.52194870419267
54.20856630823536
36.79922307936578
41.97034774580085
42.76447020322962
36.00099795982918
28.77602101618063
68.39712107068573
26.628951350473045
44.6071541752401
55.22904305857713
28.306338188552253
35819.20002563272
36.02367405148904
63.66366762819712
47.24656685690445
78.67326296871656
23.502506243769425
51.909824298966456
958.6055699270014
29.83257173085618
46.45234515150664
46.078102330456595
72.12832945260897
31.336566161556924
114.95825459864865
37.578431799734275
55.08993545695937
53.19189369563308
37.73464509183242
28842.20447852897
53.790951454256955
38.48354295658844
46.08128194463301
43.067767716694256
42.216550600497165
48.00867353158762
69.56336812481406
24.941862084331405
113.98577983891131
56.332562735427416
51.94169812993736
37.17359825478867
35.1376704684131
42.20615972780148
71.7357993653693
33.213684556327635
107.0493602130748
51.867023051270536
144.48248489294446
43.7520940647051
40.97144368875338
46.37430945699326
39.559585235944056
72.64556908783646
115.31518668453089
45.65599211726331
48.829987846227894
27.779747659336422
34945.80541735154
50.48275747424405
31.741998401638625
52.75996900891023
41.4587024450837
35.623510919667154
81.5748776350413
43.72081887405503
58.663251610481765
22.155608998017414
75.71100716798242
77.10750252282637
43.11969022167599
57.15713772200203
35.76466062732456
94.8940738022427
42.963941167488215
50.8572860016622
46.97326362703651
26.24233184762166
41.996115801858146
80.22256776260068
52.679234279973926
60.623442259032245
35.96132845301276
28.728127987172673
26.36953236146149
48.62136576056305
53.25405921842163
22.27661294701757
60.51469545497182
38.92907028242551
78.28424969004988
46.92776969938624
69.29520285632017
29.119262338026196
7299.174239372595
40.34718883856294
33.122119112948965
20.718387712828516
62.25204766621082
47.41654129385373
45.42707861006502
100.04809949761963
47.97924586824825
63.20485247269144
37.67617477476336
45.36634901987175
65.71502237332245
39.739466606156455
140.88139682841742
110.58770465295311
42.1071777769593
62.51594893822075
65.57750995387008
278.25999837233036
65.29941664141657
44.455502755998154
74.04843446950184
38.351375046472
104.9622194616855
42.2275274275217
36.602177684225744
38.168923861683595
48.16699872601821
68.60132192843203
48.62569213650686
53.93717044444506
98.02681155639512
32.14474867039235
2272.1221563993518
54.872281271689616
75.0715648184966
25.688444032762565
169.2581614020035
58.34264739343446
60.32663087636489
95.75073695171082
53.20461580266787
11331.28190399771
52.77554146522931
31.525737853780413
28.749418738946872
67.27277606697987
41.46658033440056
51.66250414377588
127.1558572306377
41.99656503145823
33103.48781669238
56.87307963407065
43.01437800632617
45.18632737357305
84.48293064942247
57.48565288560207
52.0909972975042
149.3081713144254
52.046778717841654
40.204312124893065
40.29183843695003
37.26368311785933
38.84529762878126
33.37333197436864
2140.8702251630675
10428.788378589883
79.17013034366997
616.6592313087219
25.7276468617272
538.3402588292824
56.50561239591965
2248.666332694589
65.77119030831642
93.33538412041383
128.95946206165831
86.65494022596334
26.539404283795292
155.4802825117346
39.33242666902295
68725.39585085334
34.09262286847724
29.048846162071047
56.6953303156411
37.07270287024956
42.622788905371486
42.5839693645658
46.03953290943449
28.586270839469652
47.41406316890654
1243.5053553032717
39.13261867158952
107.5771826509309
88.13923490153569
62.72383960957354
39.154188949586995
25.86364411011487
33135.49860921774
26.50258808268263
49.538714094205226
51.664658237244396
28.622260344965184
1214.876985817407
53.347751355680494
45.40090239877717
41.956861137214574
40.3497457806518
47.83399322329478
33.24427471132593
48.38489223578956
62.160324035596275
62.95840095121071
59.24846347532945
52.58340483789579
54.77065133135889
31.752657557448735
47.51524350958125
207.66452153414798
69.31163189429068
36.935795065921226
46.35582886798851
41.69568291465846
36.28771514018538
45177.5756706599
115.22503779694782
47.935880542233996
59.613290366488926
6526.789223744392
69.4038108229119
44.74269709365101
50.68453927022841
448.718764763561
80.58908005620478
1229.1518526263324
33.35107037329536
113.70377048580686
49.95957956047782
40.06716945856938
44.653872946623494
67.9458769402896
112.44978676707618
88.8649353811081
31.430520214135242
49.00968346561636
405.46471662172377
97.37385221475188
52.55994399007987
69.72826625486898
62.39276654437184
27.594537400706784
135.76480368160435
74.23867683771624
45.378379574651035
117.9642472426886
59.86779641114152
52.9807158803445
69.34339698318146
68.10795608462388
42.19884678525101
87.25823759841371
91.11045252934599
45.54113680407378
269.2269357695374
579.1019140092505
44.151641989941695
72.83735000906623
71.88867288770751
37.657070975940925
78.16634788656079
59.97220243142817
63.33197395032396
134.12654437271647
138.7228271059353
47.36925193628758
33.638308126103134
52.9311171557256
89.60499569281359
85.79502405309019
58.89588097607492
86.40373586114558
57.60451238241153
930.0526459086454
36.77847241201956
104.50906775610956
64.40672464519159
50.1009207861315
1177.1783352949308
223.74572543598595
180.8488572003005
95.26181787451317
87.97104251846972
108.33863339642167
281.27270088638187
122.27986873873206
45.857323541794514
170.80910915620908
83.3139049979689
2092.567681584096
70.31945448643087
51.28689351010933
51.64175373353583
52.40109886093646
31.07580231535364
47.58601531631675
46.24373896838242
69.2188918469974
1465.1750303229087
47.13263416858016
42.46879140857408
69.9024504574337
741.8738276250582
93.69529523564441
84.51712321300823
1169.417337547194
73.37618971975579
45.54752053914866
410.49742584212146
203.3023879328747
723.9574027967303
75.79474072059186
68.85466200650148
34.57601683258618
80.1494118964186
424.1647417334375
47.03624987652131
63.04261486041864
2437.775217173878
32.83515314856611
38.107148213966425
82.36080362341127
70.71065160266755
46.807273684779005
37.82798432422399
72.28731306659165
91.4887238547166
53.65905061397292
32.795615411123144
60.79970246634393
44.16736978161063
122.16184214038509
41.86463647234295
53.18028572230274
180.57190960094061
83.77066380214582
97.93396293468672
181.45378039744264
97.10122097368958
87.36498135096335
131.66835631059223
249.8295233667586
86.03389443501928
38.84610670484219
99.07023677937856
97.1254443389335
92.36296452211775
129.52854604393053
72.43002241580345
85.16793926827219
97.26590628372773
53.81828613232355
101.25915305909919
33.276446737384674
75.78933626426694
36.67503667170236
74.11769416352006
82.12399587917304
67.750315516271
88.46706333088939
39.1812816102624
66219.77531597264
27.441428425682723
55.18987747578045
50.17194388121976
66.0947471647161
57.69544665742687
44.01977294235511
6147.963279486665
72.12184179100635
113.52375074783804
28.84476065694252
47.983970408561476
42.541204811479645
78.51154956620285
56.358749915825555
39.16066143767959
205959.3787182942
48.28661994791429
144.81029627306177
84.69906421141457
141.2188153474268
89.07755271755934
40.085891216513225
109.42168358896267
110.81893401552011
43.09254779662551
81.55013668034292
36.94517929072502
48.661428537900235
79.7270332122664
117826.20046589452
1318.4571212538629
42.768419102406625
75.55529454688242
58.488036076281254
49.13509820171606
52.28079888871657
90.00387219602156
51.713629842759374
47.994978960557475
34.96250315476088
54.0035310620744
55.71263606946064
42.18060650892487
39.93637063743036
101.63882986743144
33.9892916138446
32.76046838616878
72.89549891948826
37.07300121115294
72.69300601235476
58.60517209892021
68.16571914525994
649.4187840291983
32.00747927878886
115.86043650021797
52.78334343278394
70.65651100355112
49.843640008083
56.396345773321855
42.39135978700479
29.643509227892984
45.35784201185443
58.09729859528574
39.74040670266614
132.468409663157
54.54538349855607
129063.11835950639
63.99718581424779
524.1908994774191
78.3046385204135
76.71618192556691
43.26088057950733
96.54549497886143
35.15602533582398
95.24984780018917
31.35324763393298
49.36870583412335
74.84823583676672
41.0633501957479
57.960192384017205
85.48110048954861
48.76361997561149
44.606252306098014
131.35284979667273
446.08718497120594
81.1020711623672
47.44721241800583
91.98732207256558
2180.2194220081647
391.11634934972807
106962.22878724143
107.6987011416614
34.401380153369516
69.06816247822036
31.597387908622956
41.12749070674488
59.544709968819234
57.00499892888845
8549.876469429553
129.00835825299453
353.75692388998743
37.27840850726258
70.05840815324515
136.90448655483817
64539.32053052722
44.63055891150559
628.1379177945054
59.18820344938062
24.310642505853096
57.538187657246525
56.54169857027387
86.59346646476111
2206.1070269838888
45.42459931497496
44.379199855518664
48.12326686106405
38.42679652251391
34.021848515406745
103.93665797887768
35.28457891693397
39.8794709973136
152.5454667261945
60.58765225051658
30.241355419570844
67.48228367353215
73.6340423985373
27.76866018761003
167.57521032880888
38.943230668633085
14344.074385847085
134.43473434599736
33.809939876586476
38.97850320237121
43.14220268826051
72.88111597543985
189.7073365719888
1012.4247777655141
74.4194435282602
36.7342038306718
130.51650035748577
88.32913708181539
41.703303702701845
50.59726886132989
40.77759679789884
53.982825294133825
33.46218671223884
58.1741944750262
32.888576370565936
70.76503395066507
76.0197637773042
28.536939871506185
30.861141357716235
179.84608836293532
57.237521708064165
39.488681042611574
92.9231374354125
140.9276165296612
66.19956535078315
31.549212903367664
56.25614045009526
76.86745501774675
35.05362861116804
909.4952505122245
52.37775607404697
59.69590511418614
21.017200629088098
60.97126106000649
50.690249103398735
60.13639895791294
57.34551787677482
30.153892870168697
118.59007158002981
40.89284082322508
129.5506443692293
391.1783353800731
46.26085564687774
143.28495248710598
50.31913549947168
40.79985549426182
41.546189713993385
28.43278652485523
59.00021809392432
40.21940629584061
80.53047971515245
70.38033558862055
43.66056290695323
97.35860134210803
43.232134662947885
24.665873781980633
62.92445760276625
24.27283888290801
51.62668346514599
26.879606947727396
45.75299529741435
57388.11641135174
47.21521347768764
22.625266821274614
108.1055711190536
379.7178348920253
40.561142150590996
38.988355864669444
44.84968801538735
28.933647417317097
32.36482667530433
50.27237859901754
131.69450658445447
71.65345096910441
58.35448075950639
28.344067788527866
499.43886439137265
29.13998130966876
89.76887302099435
52.282006686840745
604.6258881471565
41.20633442931555
86.02327713121844
156.91994961481257
3536.999999993847
39.998292949449564
36.67980875170215
3611.496358360536
70.75198371584443
37.889236921748505
93.17551999817344
100.2445505667246
110.94764595002762
106.3374873727722
39.811628425564066
96.15097131350103
53.22889465481093
29.275740934902373
315.6721499293355
38.910156828151855
161.78257635890526
224.71317427381595
149.35673864937854
77.11407467394764
32583.14418035625
47.365045386483075
36.870562498007494
68.42433539496108
31.16751329106182
33.49019779225263
142.00725468440382
84.8808595855971
41.20096194301008
129.8234200155668
42.09578974374014
39.63993363614209
121.70424918197448
53.26172596068845
53.15834788693498
46.11698920796982
47.52589286245083
38.297318264878996
33.72625554653852
101.93657200546068
25.385182370714862
41.20084719275403
35.39105874279657
34.4067128960185
28924.319947032913
397.71230436732264
102.56088640985357
8036.653450657344
279.22620037918335
122.049442839086
315.8712023820977
121.59454301357401
101.82854195282721
32.6346847981176
389.8890233767727
310.14301185475495
86.91730168265568
35.78077473679886
46.596977854702395
121.9164643461706
687.2689227193626
54.979460010082214
63.500625618248506
118.70101138513124
31.61827948377836
40.69268721299465
27.584545554504636
114.48612273008277
58.599987636658966
311.0233311129041
53.01310695222047
61.442074389920755
58.19353942092651
128.70693320670992
41.09452759666115
391.188317170749
421.7323470793378
35.79206511911941
33.24657125429228
75.03489916198512
240.49012978811385
121.37245807639752
16901.476884114996
74.05271079294829
49.85617252153344
282.8514484289723
77.55283900255762
37.60904642495351
122.61116392729043
94.01491664041006
47.93351591537087
56.87080488214436
189324.76492057287
166.71587213978586
205.11494210393118
64278.17404267467
77.72981094225501
81.16596736693077
27.357721889750504
54.787632827211056
36.42418634916849
206.53410278666206
39966.36068067588
56.620550359418544
132.858061878973
178865.5458388774
106.86489991231976
112.72959992599067
67.04713347204303
81.53917494662564
111.9613991367509
41.96638041229671
55.71963293455481
56.25560180407264
98.71346482864283
76012.0931457154
119821.30127938668
122.96561049815257
31.322767058895572
39.24538478361433
42.52267924084585
22.619286434950098
86.95345298786746
40.293638819388036
116238.59684072854
81.56332154466935
50.20949658035489
66.29776182836054
100.92493400830648
73.44224816228305
25.24824211667572
131.5549498325421
47.19159195911274
224508.423517118
204.5912975337368
28.195959966925887
99.4131805905856
65.24779727034502
89.50887851812092
23.624920113701073
102.17130435550206
42.52899620543619
7277.093934050877
106.41506305056079
46.85767255290486
64.89156797085678
132.88784072580196
54.1191073349177
65.12298337094788
75.44545709604483
65.8687232917104
40.563858736666404
96.15234660034068
64.63848572030972
74.43904596380487
59.32375278387081
54.06047908548777
428626.123136241
44.787482158560465
102.62929926796684
68.58746734269512
39.17573230495512
31.741159904170367
21.452997281174383
709.1081068914734
112.3817210556029
126.66816578028804
46.65419621482441
95.48547416836593
46.34001231500751
210.13514322002916
64.70915911179624
12632.493921894873
47.72197527618387
50.42107193013235
28688.073268326258
146.40247563567672
74.59000976999918
489.178217938497
97.58850649165632
72.448387723851
27.672670001476856
70.340237107141
74.25737531688713
97.06014560270918
258.6857577878949
102.78739138684533
115.58694936585778
17.227421453214934
136.97404444698805
490.1927923378275
45.759448847252905
178.74107386274235
30.201749225588678
3313.5801589008897
7280.364782849465
356.710191344214
46.7822165080523
51.78107405210249
181.32100489309948
124.9099530503577
23.684254041291176
92.62318677783506
45.68859990549229
121.7097303901877
7311.514395202705
64.43402119407862
26.66224071215045
73.06866318377007
58.697136573043636
54.44768474337261
42.58185115396698
49.71516865268056
29.743990047493735
20.853594316156443
24468.262600545826
59.62575386124069
64.07946903689066
64591.58332856818
71.07519329008328
191.2553048973535
79.20373826327392
192.44809775938552
402.26328490100934
63.465625254758685
27850.394002307905
43.76805237637052
55.44701616222485
49.16611727910121
95.17159640716389
124.82584767865895
82.81763013988228
118.95168437879637
169.21901162707107
79.81009509581108
144.29022969642784
36.57072259700875
62.38398640625461
39.94834813743706
46.16893547431192
42.1461163107006
32.744847313610435
102.01538834167795
83.36801432895183
43.97750891882237
39.82124437375306
77.88066398970452
48.9976542147299
75.51487717588759
63.55011681773131
39.38863821274307
40.51328807092712
51.21563744056883
370.5784060134819
56.68543747353878
88.75315736872594
64.62884661388588
53.94524915492242
209.35347165106703
128.6948495623216
133.94925112877291
58.413143711420105
58.704113617508696
40.4463704797046
48.69137933055707
116.96579531789317
505.42296032164506
193.88064812765316
45.731035592588505
90.07903686897438
43.512884384836354
125.1721594138988
100.15677860586656
25.11453679784202
131.48419495426225
80.884928591505
146.13123087721226
49.02708452559265
56.3782165604336
122.0668210292424
38.692841606676026
85.77884591794322
57.133508230464855
141.9448450016408
31.244120577092268
83.94248784723389
51.431651332720975
69.13276431000193
63.3175328656414
90.0102494857488
65.70240754025409
73.2269054348184
92.79132447691427
28.296905319080132
36.87930347104857
53.84928323706558
74.82005778631223
43.850914124049076
23.58413805996763
70.4124518725008
48.405928064724776
46.4323012632201
108.38979631608122
84.21385983625426
58.71901108062624
21.923658756234374
90.23914560130274
49.07555110090463
94.09253449967665
52.68261682921229
57.90527912980028
99.70477024865401
52.57418315175277
76.93479646921199
36.82202990721299
25.941878098382197
102.31124600229396
50.66265418888217
23.04242672020991
70.3262459484505
69.26438973810421
45.997128533785485
42.78545408076352
54.66357991982564
40.028123002074025
40.31602035385677
497.4704323742384
195.88177607897694
24.256461541058133
59.576300222451096
342.1778694342845
639.5740500287242
114.7737762979999
85.8576853726033
68.12200430805268
64284.214925231885
83.18269496627993
116.4554296839328
225.36860337566833
159.63978350970717
114.01777983406214
226.54667958874904
177.3953481636208
40.53890389588734
521.1323050750476
50.24548983239872
37.964229949428486
83.04919533201105
60.99439460539033
35.086717701347666
48.18752310832015
43.49063558881301
39.271161261970015
65.751817150161
114.45750036448347
150.7848247294457
97.45353160914482
77.2743218975015
82.76613645181851
138.0201954975156
30.53609592106264
96.04533026132361
44.66420830732117
191.6272421391853
30.20961681219964
153.09693391648207
306.80104142149537
136.46494027774494
46.55569092989865
58.553833547274685
57.74269715221501
100.66958627446326
85.65971816570423
56.0478545790226
239.52969258286305
44.58406114658955
708.9543376698929
52.31550876804749
46.63814863931569
63.01227556547013
50.391346233283194
101.6494223279003
36.38067814800439
230.21352456687902
73.33010941922585
38.73082613572026
39.72178058176217
57.70060093429203
22.399174448414577
72.02608494883674
30.851562224225233
53.853346471327335
54.255120297306135
32.346147398120564
62.74967902325416
29.11036043557284
127.26411031790175
129.82636747609587
47.55023143385251
50.63997669916717
421.1286206812321
44.33142404648266
123.2757084276701
33.28975798702247
30.167319461773925
40.75048269239054
94.071769196725
57.1089312876027
41.914397986845074
66.55553253211016
36.393178357123944
40.10649114834016
24.718449531284087
82.54337417356719
46.75399404494394
25.488162141269502
40.5098491460576
40.44089459820412
52.202475163679225
89.46389363348426
32.31096059345003
107.6352312594063
52.0614260105432
94.14695254359262
44.14618401166625
34.360061005929595
91.91943159933552
30.97909796853995
62.40612346573802
98.9277378685668
893.2656073056878
41.39951293708265
28.39377916087778
41.51146249069805
50.78414394263659
32.918405066318115
39.434648312835535
37.77396695836376
33.550004877712865
83.96669374104462
28.725273049140434
23.62322363310853
47.45057866178581
49.715964438345466
50.557799902797356
79.27135121013768
49.598568485646055
61.573063000957056
29.853085306561475
60.868907279916215
52.89428536335209
102.73901700666143
69.40844303571396
51.99142453180398
120.52218518670662
38.27650942903257
91.35403415135708
111.2437022263063
57.32111186788446
83.6701952528981
69.45078280788863
105.76962444693832
51.502488894755274
27.33851044188036
43.229335625935676
133.9851274660166
98.64942428563153
66.41517171782479
52.5112804651048
54.36400474308597
40.56837801656485
75.53696853234057
72.9165417275714
28.45154647425371
74.8821224257207
42.09167018526229
49.15396421672985
68.95090162139911
102.6567016961044
31.217721184633035
64.23157373462564
47.76011771601103
32.95522844632541
615.2611619305435
54.10493301633157
62.60695372555976
56.93245668997382
155.71395216580808
50.74401768530598
50.17518492222766
89.3769931394139
27.526400954811084
607.8699201227828
54.81819249675675
32.61580330002295
42.49252342356574
42.14842816988528
109.63263029834536
40.192320221878035
51.99608237428972
33.79702197474295
53.95786246530173
51.249580834312695
77.97701966510418
52.41654414664025
89.01972437376273
43.337655342343766
49.24738451489776
34.11429078782909
66.38542516848179
78.07681765424616
141.7575082112431
52.96710263529895
12520.130014552076
60.82258843410423
221.17459987731672
78.5203769603146
114.17774733487609
38.87047109917735
49.67656583914203
33.085934023331575
92.71546261679097
39.549947017824024
46.431346332284285
78.95002085138347
38.03141963402667
35.475992173202854
26.926557962404168
49.80475886607885
50.598417453117165
87.8831974147269
61.60104678829337
129.6231949005675
61.21689264683231
114.81696424807012
64.9948603925832
136.99133769021137
103.93259198415382
43.10768827870919
31.70310507013461
27.173445144704402
254.44499685990104
57.19943442010016
33.90204726797215
47.38874024700955
42.735932361854964
32.33506307885632
74.81384954314345
54.45054938763117
33.00789318915177
70.09344063116546
44.294497333590854
37.05793263185264
102.19488051967207
68.88404283040529
26.614339237829654
85.10114188360431
48.672179818459064
89.15734201477525
31.181914904213993
35.87748460387915
61.06149417405125
46.43915381808467
96.63230768602781
55.95986659661762
56.86499319791491
65.76826191492708
72.41594220961653
81.21761402267022
80.76610566103035
49.67927342142674
56.609881608625216
80.72251752560749
72.69941952737773
57.01506664847266
52.692035618371115
41.59518347491966
50.85716192945741
53.27868178783589
56.08030341541734
40.54608077461684
85.0991702730106
58.17347096987738
50.0101106342077
63.29646280663513
26.861202149254773
166.03750389916962
48.22211640902401
37.133166469395896
63.976434244964246
89.49404572124789
150.6270254105879
44.22052315341889
69.31340033648577
27.694446342982765
199.86612378152483
48.11174934303003
41.7261350087381
61.98400645645597
48.842844554737354
107.77884907880185
46.78162696014334
308.2722304269158
35.44987741907983
66.86089960989577
45.255067615062664
44.768990518293556
70.45119782382682
96.60244764147943
61872.34376034241
924.9285938701653
80.30539277458112
738.9626356936722
31.39695285845147
48.449867924681556
119.16764975909953
74.2850985776643
56.09837747296966
40.51432237126834
43.05832012665423
31.007880670197856
69.74045771904454
150.90960914794454
63.74929064004546
274.3900464700954
26.68359803607914
301.11597445330165
124.38410977758494
185.09926229062896
46.870872865112446
121.45252039542126
53.774536404903955
85.28189510589232
45.13761445670671
44.97510315591853
52.01179192936644
131.85243138520474
42.76632472346613
48.61225728400886
57.02794384668628
34.55930397283061
31.922642843477874
32.60015794950709
66.21070177520693
61.17130182252272
26.198473591790794
64.71255067236066
40.796998736866534
38.50769214396693
1460.9443856719442
47.95811517031855
26.414498827410135
102.68470375907269
41.38990411527578
38.180739917442274
72.84013994977911
31.55311843840242
114.56757607252337
58.566428666584436
34.74097038937175
43.97693152818871
39.36687581103031
35.39070671166153
44.804291354001414
27.299441352577887
249.8485624855168
59.11726021721576
51.129445125997066
54.74920714271116
31.9744263727963
29.650984220850535
41.39958071055334
76.34494180906114
31.452412978562812
35.714096707753804
48.45237253720397
24.45278950591399
28.346941027524025
54.808440645371775
70.36077308885851
41.03701189473898
77.62018883984283
56.275198655057814
254.47039678798316
83.80698669242051
57.75357864744056
735.3757902438754
36.62762961711769
64.89015797768282
79.60545392279704
52.74692695124435
90.86967992915234
58.437549363368646
79.08365269847047
57.59541576388543
56.07219640725492
46.69658760444983
52.25603764673544
196.8185427801222
49.12297114228938
45.67780152493206
45.8732124758223
80.14458458533916
31.93627562232117
22.71310936501339
65.46407345797977
68.6532066554845
55.90909509448215
49.52416329471755
21.651236064767488
56.45397099261422
125.61542056602796
26.381042298009692
22.46743238102387
135.7485146841459
136.5945669102746
57.15062704169487
45.0840299553968
40.94988098848883
95.68521496590603
85.47107529124287
40.91789919436498
24.381644259124087
54.131110347038955
59.41935113173717
32.52315078893828
64.61942822166392
55.48438804777033
54.42189767781127
37.173014985112616
63.58949616020408
17596.713456025995
36.39772741027207
196.35161768833643
53.718141640177265
306.49496579136354
55.76211677005781
26.757668503043266
100.6161488332003
299.5176618456549
44.095692007024795
54.904008694109706
207.05368455120563
44.1644155279389
114.59145232287932
25.84348716180571
63.1011789048498
103.7815072328575
135.75075910613472
56.6017136330611
73.1662947097189
178343.94733775753
36.44061326162539
33.2102297931026
50.1159080794869
3687.1647615192287
27.322930619211977
46.04751127517322
55.939659145220205
23.653584798856382
66.94944662133655
406.893609938203
71.7145334403385
81.00220254077055
59.6387498356348
87.16392855251233
38.7059309449771
58.40751010317946
63.85071459364344
28.713584271139368
56.27631154798201
3673.9233021116247
46.54554034769515
65.34026306264538
37.60296275569098
53.95898047305805
35.17335610795859
23.97948270123017
45.16406547246271
44.62135866087338
76.30851081327528
86.76017428377698
67.57384139237267
26.119937779597407
63.80438867021269
48.919323024460496
61.242242770425065
39.04906942112997
52.089869865870156
27.476344170490655
30.68840169682813
91.5324172225881
51.41494360793564
69.95963453605941
3614.641574073984
54.22646489526907
119.83869267451394
100.45881131746384
58.852901657439766
81.81483386112436
37.13053520104594
61.024281123494134
31.957649897708322
46.432297276643936
57.42874007731032
120.76980148783545
52.53194603902578
64.38338301640198
26.938706488105854
56.82620177124384
53.28793698910565
115.12915904026357
39.30609937888934
91.89224274055678
41.804478686171315
192.61968168014403
87.4977689711393
53.53385931907647
61.40409641347989
21286.052018974107
43.352621483473364
1768.8290264469274
63.80419685685789
65.81365156202622
76.69182909682524
99.03556475179747
49.99192505710268
93.43036747447077
99.9978712372429
58.38765565833383
69.63162788494162
73.02397669710908
406.32896883872985
80.17326595073793
37.71747557077204
46.124611657136825
74.54544193969458
47.29812156059896
80.0679261655386
34.759859175515246
2079.5728030509977
68.79197757597377
2057.1720374050733
138.00612336631832
10419.530381851146
891.0263024961143
44.06721415958908
103.37584086158492
960.0493124379884
108.98414590477987
329.3945722588629
34.650931002799425
73.25540915242598
35.83997992863077
116.56788054180056
81.89464944765419
82.13031509714594
70.33195835388517
43.50933767340025
124.23317978170941
25.325647696411767
193.60169927124088
62.84098767818628
75.83667485916708
102.4150421564972
54.879197477109535
42.04941395091886
74.96461224239573
178.63148575990863
105.42741626939967
92.86479472694165
55.868602984757246
36.21197482750008
27.799380701959997
54.505132634016135
50.50103423706522
29.2009937003145
64.04187096293023
53.081857936315984
63.021631847189454
60.2187475906311
42.53710895219432
30.65885877920048
50.91628006036815
103.83673186079459
75.01537563688713
51.54925733789421
102.18510533633224
41.182896208133805
37.52343839308483
56.136206799557414
34.92876286656139
50.49518842416692
75.69794416277401
25.60766812729411
218.2987517523326
32.59465362386791
63.14550164072708
37.438327389902284
38.90976600787762
21.667184192238224
66.5755630430669
40.51656118587236
39.90603328398062
51.38904393325018
149.29865213965317
46.95240923039538
162.50011501704063
45.629900618281525
38.28512319913201
52.7431079651034
74.99016382321489
57.95681874900883
42.6168949346843
37.80735242211135
69.61047938319119
79.78445566979585
108.49740598642319
48.989420002712045
71.42323067289634
61.88956354299644
48.139434309734895
27.939926571456308
49.91466615811826
100.47771783040432
28750.164919488852
41.86930713724785
84.37679230611332
54.97050529533148
110.96262318505362
54.97878018310588
171.8425532081509
2369.5889041889027
61.155227934161665
125.61034928201741
55.5680487228836
879.4006092204064
35.1785193215314
49.49204197895208
31.40595695545379
28.837838040074224
61.16075054940001
140.90934394248322
7239.819273599871
63.16406236842511
39.75309064219077
36.25150971164888
72.83614812088761
76.02678976345119
134.41491228116973
83.93621382555587
84.85694007904699
42.324162360540285
82.27964777048663
97.08136524514765
90.2303714089284
129.11359053171446
32.014767134148244
103.92504250840462
58.297786793672486
138.65156102138423
99.71261708787193
64295.948048208855
115.93368572549582
91.66042061415205
53.50271147597299
27.861187195557704
41.04104529345452
55.42565017105973
117.28735175421853
64.92586143881024
117.97113188856557
35.39845687888
33.38942807593898
60.7729258252337
21.711324844876764
26.465223723955653
38.63611175384602
45.7506628740918
61.43897155378977
43018.730978147265
33.852838998018534
49.60218786183768
77.08135735211806
52.616461319047616
76.93688213977609
90.83963195704695
43.88719229906421
48.87235074155154
112.19783226244877
48.57477596701213
12382.582768372542
80.1899016274669
97.09016165845222
2078.826238167555
102.62143775145955
24.810710830533562
28438.953404971737
145.58659102398346
98.52746882596131
43.34735024800097
102.96664405973894
134.69689275468335
53.60155543105148
64.87601712434936
33.379934574790454
108.68125257622415
70.1848640340086
93.84534874980223
45.44077727496931
108.66909800601522
36.52641925648977
55.13870704403202
308.6473679243097
62.289401380080605
75.38844824763065
64.96288648111782
58.89289066635518
28.459992906851994
78.0871727509869
146.07433861920651
10024.213798487614
39.03888281475225
22.866288671067387
50.84329419694883
44.97475396787901
39.92077512919069
41.53005865666071
58.05877655947207
152.51737269901744
53.38659495373147
40.383557141795585
127.19904908826133
46.25363716616137
189.99732831068792
69.24987644452214
28.31058292479251
42.916240772888145
68.31083885134015
35.8862662914448
114.85482897447363
79.79157493326255
38.910479662978794
85.71641994416163
178.09341883811874
57.82060067009036
116.15397073234078
26.633927701760307
86.56064607550977
155.76956025263559
41.513813147618094
118.20677582995071
42.2072849622792
53.30417910056053
174.54311502326317
63.71214341064832
38.875337109959375
372583.5247132094
231.12355531622003
79.59719420341631
135.67639240842308
67.9225038341892
2313.7279379217434
53.81771180645562
46.83722758391283
71.2209533701704
43.75768534718419
113.50619296984058
70.63677189491455
35.34107985134441
32.586355753003915
35.77461603658316
68.6249351670003
114.54126469398415
90.36980244837633
96.21714052192878
40.92868186257563
66.70097896148044
48.87164555484149
37.321327059430196
277.5417019901611
1778.1342459552827
35.95141537433794
59.88239184370634
37.46565380908362
82.09057698107827
70.45926770935004
33.95859385900118
88.98191653258266
69.52782462338794
51.3189173539962
180228.0572125412
29549.166348809784
521.0412808102396
58.7349098742731
66245.9391559815
79.9502132501695
67.70147025160236
58.7190858256258
85.09966058863333
61.71349710521052
56.23439433168525
216529.1213328077
49.30013940013021
42.745946233347325
39.72391406652165
66.49250090578936
56.37587053109924
46.95777630165916
27.8035811363541
95.16107830246987
62.26973696612446
41.78611218152882
40.98375661731234
86.17306323731123
58.96378953632765
29.66078977257159
53.171735130112545
72.23318748272335
41.447817412658544
38.84255279134598
86.42539224403811
144.45477084950562
75.45345745755387
44.26933642479517
34.54436583832291
59.076870200881366
69.87946001610199
45.927093827234756
11772.442647711548
36.62748733326565
55.03574740417212
52.776470652734695
43.104419517877425
107.12028542620948
48.396751207082744
32.069802672044275
52.91527163282468
32.386696984403734
57.067753433686356
25.40095833056833
90.5319720868898
45.93428185565625
38.89846146803332
155.29908996767034
43.130542134635846
37.69825216534822
39.82974255398783
53.563486905845
58.490039643590904
38.914802436293954
40.55873798721316
49.86620114011042
85.77443548373175
99.02285283828083
36.384636344362505
37.80347137965733
40.93333918033473
32.67779028103381
43.79599182314061
39.8147322914298
61.476647048667076
139.4949963057826
38.40775133781888
87.15010096162177
31.375255404423033
27.729898832752543
77.57186265070966
117.43055305506965
47.20473401049573
185.31450048058105
74.0831838477292
129.500070755912
35.989097495726604
53.194436159737506
39.57704476295971
72.01826812711306
60.88643360829311
54.2266361171876
38.76755034055944
30.09677311232352
58.415536010238526
41.81349397362165
31.727777992025793
140.1303278326028
55.57183845442669
51.93924172768496
55.8749018943122
35.16211732991163
36.58240220506716
45.12437394993255
67.3678285147892
39.760355858401184
44.65291437024078
108.97819381363983
39.45541119673615
43.14370647894437
54.23312479010956
41.169357708879424
35.98693383380487
30.793807910806137
51.72613585906399
54.42896613587138
55.76231569824713
67.96442740777267
50.345670170227855
91.25314935433215
46.706924377794316
32.257299311846786
39.4149278268894
35.502535011459585
84.00000940682729
47.476813019155244
38.89352916464352
36.66112354745364
90.29508748020183
67.52264750722435
109.89024828618543
106.51321384016535
51.06247200715506
108.30517857719903
41.49984120179184
62.2804504115522
49.266578146023235
33.40239171239645
140.7262887857231
66.05945248537148
51.30237916832114
38.26313073230553
17592.21431107504
23549.192042924
72.30251128605661
27863.40030926457
86.33391600530508
97.23365601648068
89.37074899655354
90361.49252600534
70.83367355690937
88.34248564420807
119857.85987317046
31.6120926274668
119309.46300034453
63.5279635810995
88.11105063819623
162.7274048506055
52.17443037442295
72.53724125214416
58.78695217634978
76.56028254775957
290.3901133569725
53.469238835926475
114.40124428710669
103.45792315181784
61.87350201675689
70.53241043197013
65.8194984467005
43601.047846938076
127937.79976678814
12696.198136479989
69.6370578559435
611.1992572291797
73.39860025910076
63.599127020000175
449559.14670026954
224.7742346993346
221.71902902981589
53.061991834476274
48.99227984734901
66.78016867551202
102.00583603094583
39.02135069102163
81.74361070455336
95.46500248680944
123.51413322962485
142.80830153542516
54.75370658282947
77.2916643615267
77.07190009631005
41.53967496101134
109.84904769509582
85.79269805983618
48.874420664676094
40.65884823745527
59.33095017215699
30.46665321111498
64.97846097387705
91.10237376416846
368.2432418707017
65.11618036186346
45.236166040407994
3664.899462893983
30.256436976989804
48.51803375351494
40.96226041634182
30.734258714432876
37.64227608946338
34.111423227651244
67.21644209926716
54.42771244681971
35.41876563507856
34.14003586716123
89.76572961656568
113.94309398658905
60.976925107278674
21.450909999034835
39.28775799166681
43.14237532735234
37.86674757279635
47.318359502278625
106.57517858950989
92.89185567439944
90.43669571473555
365.1442439684727
53.12053030835674
61.91288751959081
42.9980519386242
46.53109193047102
42.87191136413899
57.78092463421469
37.04260287633332
33.00722567578568
68.0326923210841
137.37550319744645
83.45503369421058
110.26678855521033
50.01182204667686
86.75457946501527
77.69703730737294
53.46360245380875
41.00462509377197
48.32587501437696
42.235818508291935
87.67682443537709
6141.753529031305
58.28876682131871
34.91375936757891
101.25987499728691
367.41737486677283
42.58936784164811
43.712437963211855
35.39270575123415
44.0202446356718
37.073278783319815
62.38483556406568
34.433242902736374
58.9505544944323
50.15101971616281
107.65809544408987
56.43267127089122
54.19028024592443
94.80793252441532
124.9920274042579
81.96544172431405
18.845011535465854
41.612941257513796
49.006173419241776
545.4672281813617
372.9894298837375
120.74821659406047
73.05842319386196
71.53905713521058
52.95161999551942
47.04053757210791
158.00141906213892
107.4942630185874
415.43807938707096
160.24538722207643
438.9361155804192
50.603812656102434
78.14518166171203
70.54887955153623
65.20523942292039
29.189319304923337
37.334446614238786
311.38386764497517
40.8777121614725
86.8399516834793
34.83479671654421
41.99749248136595
59.52197368730182
91.55081574681728
755.4097612107661
112.53205450167385
103.15895240721906
519.9846623989589
138.1558879182429
32.405893709077205
48.84065145705982
68.24714661711971
44.536549446642155
134.05768049241948
42.109172240140865
49.51647323647034
187.20113468433254
73.41968158852075
100.68653542549262
59.811065480413575
75.63167403975294
217.02868842431963
243.31988374280667
40.266474191302656
51.48274541151953
53.63174004068065
32.87570001158723
37.17931069960574
48.53129210062974
28721.865485873
79.08792736896255
42.42297869886922
36.075846787755275
57.93342012910002
44.35471939202882
32.29211060846424
29.638875479523207
57.32151098026689
41.97739303666873
50.56702605864802
39.754107241747036
95.90454186862384
52.78331233594755
51.59634173816198
46.51249520756765
41.75121605520436
42.727000368114545
46.10878610113873
55.90856382229359
20.112492022011587
109.01127667430127
28.995525650332834
46.86077613023697
12432.075253415664
57.14843610268193
46.89335561723285
74.00549963294115
28.723264533110907
79.36706301598204
35.48299248808762
41.99231314532291
3154.988273102685
41.3440088182236
38.6030403970201
29.866531128634634
57.43257564215416
123.38334525383618
40.77528200345635
53.00056312143958
190.8479495627458
22.371576833254686
24.07160989543602
60.24378113427957
179.89544619638056
86.61680037660618
58.77137143863904
39.40697088481133
45.50521789006109
74.78650601357114
48.50803573841318
49.973985563714095
58.77349803589421
3732.371683614313
76.65106932725901
94.12223303736421
47.81025527308434
31.122798143584262
36.862487554331096
101.45115720895609
70.48913159548785
57.01117638212632
42.89894592587318
166.55247639820038
43.25009459351986
61.894733606391355
46.36389682660394
39.738100023521994
67.38234980742995
49.54016341067131
35.58296595462884
154.7556579358361
145.99843965147284
75.76652816484656
76.32571452863772
65.19771742342968
23.14807459810625
123.34020795568907
40.79774528237088
49.1877962914823
30.86983862495515
51.683365314744535
41.203745549302475
355.42080960496395
63.12980300937555
42.543753294387216
297.85655682746693
38.49808242147571
96.65167966869012
552.3578203306495
67.61874639843977
56.96912188118685
79.14993499737582
51.74722225980655
37.87987859976701
56.06841257483888
362.2200679617013
218.97158888523919
141.51630093344167
59.148351996589454
113.32358624289492
48.37174767715385
109.53048936104982
35.320702954203334
123.72497114280476
124.11701940456138
307.478204869608
2047.564652637399
73.48117937632752
29.12888608537005
546.71102249373
27.57032986544634
297.62221536204953
25.28904753380304
46.54327190326332
34.30738589609699
143.3847531722644
67.29604612754913
51.80585137182918
48.7723064678664
54.99325200707766
3876.5193549713913
29.29133395368192
50.93353427180423
47.02180291119123
34.44680377671871
35.768802773804396
417.6292929457487
72.05994983281425
74.29062638282844
84.89260338675008
32.63929472806
151.3542693417191
146.6262465797263
58.990912708501206
36.3262880000332
137.99681941784402
75.14311088660578
38.029123415195286
236.57861639377708
80.402556608269
51.1898655840413
112.73011145277097
72.02110830198714
59.38135990650326
31.682843005789074
130.1165944683353
42.86871067176888
27.247063790942573
37.058155614422155
3686.594245413992
75.1248750443922
31.373039194478757
79.53781728796717
43.428699936803135
133.68508576137253
43.461205361668334
461175.8716530729
397.88418910151836
71.40277236945245
57.37948100007755
22.123666922562414
329.3252296811986
103.94921017088724
71.9083545660485
42.380221602217716
155.8715814463492
52.14464237433546
74.82007134515354
150.67073917483395
277.87470787265164
52.258504052872546
49.47454006421809
197.15795376673503
44.02260950546636
51.358022328172396
52.3009682926825
38.8488263021579
71.72015480563522
49.65375969362316
34.928536908701744
3625.0962229313686
32.20996278170618
48.63909068723216
56.37662994742533
34.302254749991306
33.91265035749571
37.09702828974148
45.15072455143175
65.53214658353454
44.1252934564121
39.5535704855305
60.931987691726945
37.343684286178146
58.58359090112195
31.221262597359686
62.55379983686596
71.71391641975723
45.702907695694456
144.74639061882647
174.1746536881536
116223.55249583948
108.62815992267416
209.36999178287533
206.7976946339521
132.53261975891184
87.22468310200036
58.179744664144195
48.37657411425411
32.90564591619305
47.0712255922178
34.99148493143532
73.95263772015402
40.74639153697487
48.12187632016742
58.29108480698311
50.80686992847559
43.34690104869749
53.35302634137108
37.00297089047375
56.76502748591455
75.87093688280866
41.34855234160111
3609.8150272603034
65.84657085112644
32339.48229224654
30.994843194958328
57.268298055470524
33.60725379335422
57.13083073101654
67.570948752631
74.03151721996896
56.19198056553175
94.37764938555605
3228.8169886448004
72.01103798558782
73.58984009326531
48.106728573483444
91.90623083868098
82.03769085733677
45.196223504809154
34.74845764017705
74.80195410167914
26.7458670398025
127.67677323471156
40.63486968066442
41.061917272020786
63.45637464567665
72.67351482064835
100.63409283085917
52.71674165223216
52.62564203386208
84.38908192867558
72.20251147570346
59.50392486829929
102.42019158503851
29.16259723887533
116.65014170312737
79.56447168389191
64.47113447562661
314.6096904059045
50.687986128787166
49.05949016580317
41.11201730302391
57.553096042104585
131.4916919035632
95.51619599222197
49.02491427784898
121033.03548176469
45.85594484713326
126.31976097366565
174.00889960073147
58.07429343071992
71.15964658845823
141.51318989930667
96.45088121654845
33.04663407939812
64.62020347534289
139.3185166139122
40.15412916126533
39.02558500711141
55.27199019898738
55.090988919825385
67.4699669709676
186.66090136838844
22.751935467637306
51.35611995805789
146.45420394357737
118.56925409077034
57.95920464988721
88.8255738689723
85.80680333856975
65.84371987406058
45.7093694655009
134.99890582218887
251.83185321721066
46.462643516057895
71.53199878607992
57.363737589371496
32.83188383677662
143.45614547844337
42.41185862916177
27.85263972750237
34.9621078926374
49710.61179303472
67.64788332182903
79.06900004010265
69.76788738887171
55.95593946806558
87.9995321773464
25.685597466777295
149.0100025039724
109.02629370347489
88.3161228556741
161.95492919352284
38.78463624446094
163.03719320236982
36.80539831585216
171.69762399982116
41.89380177063798
282.6550410278638
101.5032397325946
203.58002053416982
57.95274361771851
84.21056163577903
51.74176022759903
43.83235384027099
42.549901373504326
37.11867152939506
31.970462333543118
2186.0597323183865
35.637875849133835
47.441382851522434
115.74809992455857
112.37041295018167
59.614245149567935
25.431243144456577
32244.062995638622
43.11961739992404
148.3678585410496
75.577789183742
7841.340578815281
43.22841624836771
43.81248719274171
121.9273944547414
49.47095604698395
56.272523602234955
234.66871707337808
53.692018568582434
113.83166656126781
47.96148020302044
29.786963468321694
33.303275100860425
44.03870456669212
45.12493210823291
29.53901427255144
62.94726975724989
28.747647450080557
36.724686483713185
43.61743647282525
58.323095479892146
65.45250248135534
42.78522869712345
46.87353376558566
40.68364569908398
49.660139258688574
68.07200362645393
54.60612843993445
65.63891670960236
56.242656626698924
52.152913819011445
66.62842900656793
76.41865735835458
52.12315183003818
44.27240557067658
48.51014079377046
48.097843846143164
47.95946249848123
38.202433482512475
39.772950603553454
32.55568169306454
46.88370683619726
61.61977370094546
27.030102631923434
32.997088170507844
36.71305015964603
35.494544493261245
61.99872444668911
39.65623097861477
30.03506487062504
37.42482764291475
164.86260168357742
34.59454214593397
61.33953934590676
67.40423186404426
28.583854525785284
37.92957440030871
55.922966628433514
53.518478400022126
32.786449151355654
24.74326059382995
43.21821424071749
34.46111481130066
37.37694476517899
176.5434233400411
36.68475005839824
385.2678337107526
19.580682676707138
61.07924173538733
51.16720162978933
30.612328889656062
64.68039179568794
15314.785894148037
81.25711390395105
42.0613140470257
318.7822669546481
33.57964547488767
35.84734240636711
23.620561257979123
335.62760376735133
44.34672216515612
65.27554379344097
52.49176045286653
40.573069788618426
41.614441209402315
365.33998150862107
75.07100902357905
30.063963290180105
81.15890576388205
32.431404867942064
51.880782329109664
181.0272722188301
29.02470666734186
56.6876156831575
94.1398228280038
32.713592562818505
32.22304303080179
35.017693170441184
37.61767225947638
37.40392871477827
50.53763725178855
31.983236268281598
100.49628032208565
94.56856112056317
30.41334160935987
48.629329952940125
30.36217215819164
63.76891532032093
40.759757276294295
186.75133698572358
37.112185946160864
132.91573819101575
34.56703194687083
52.20521032543943
228.90790624906316
48.91377350387319
40.029622634182374
45.37968032275025
402.073206518486
44.110464976893255
38.671801870692455
92.87602261752457
43.88825596485674
36.64636908156827
126.22204566137245
28.46234465847563
32404.253631521056
40.96593858731871
42.758616610025214
57581.346945241334
62.49220657406989
32.3082424293047
43.75559925652434
43.10767016142303
57.05399522833581
62.25498332071098
3698.689366128353
35.34026103548589
30.984217479117763
31.207566907002327
36.33556664421262
6509.059412055016
53.35057887128741
38.065236601222296
92.59626499529983
34.37883992173569
45.970538562114
54.04227061946884
44.93121366628227
40.65307528958951
28.195059744833507
56.6872488557281
38.86838718475321
55.800012245384124
352.5615446375836
32.1900131772371
32451.26425852956
47.242352375923666
32344.021937863923
94.21320522023318
65.11767132406021
14464.093345104024
54.1936298790415
62.86192407113538
56.452030538303184
95.8901242085454
128.05865722399363
35.08898569541978
83.3985723121543
61.496949433225815
31.828616105815485
42.45373401296497
49.04401648079093
61.79032760089808
53.071033573416365
83.26521791602411
31.961512370478083
48.144751276794594
44.292244228427286
52.4387303623654
50.96117405722818
41.119386219795615
41.627002366025344
96.11363503093597
54.802096867347885
106.62179723071884
104.81027514984214
65.10241849054435
50.899335561130734
77.01904611716374
51.380318506062196
49.73547109660817
47.294459146788554
34.89909481457937
37.980030468978455
98.45280910310112
61.48136259167884
33.324790001077915
90.52689490783376
44.97669285463801
57610.58230002612
52.99754270208339
286.8830467839209
47.868604125102294
34.409664144612506
57.00667548462067
28.75243587795937
92.71701402991727
40.14236751067719
34.016954519330504
96.6206865199316
32283.313251623284
14359.775657442708
40.60291138949721
37.750159905052016
45.07319585912078
55.83142720707629
46.78131283168719
3681.5269552637337
57613.130573919305
14342.213850890741
40.04393454246454
42.313469691215374
15.509333260094454
37.16998200859338
53.95469371412774
49.85424449176325
80.71155393784852
86.08968611271224
14388.582853786993
204.30970424053527
59.23486870957034
59.88890990740059
88.41426361763587
36.93253505890955
42.20431549279178
33.47175509595442
41.71276727234299
67.3052468530048
81.70652891410674
41.09146925662719
48.84579751455706
50.3473168707032
448.1031094739624
47.545725637575764
41.43760419065289
61.99980518737662
78.8280081517004
33.99325558955361
47.28237330335804
61.84302744029902
91.39067227058356
57.179756655507994
31.151373024052095
83.73391953680046
57.64938336533157
123.82391408507306
35.90599082428922
35.25442251331906
25.60373366668816
53.035155112361146
42.394186268610135
196.3344045331885
78.17669083376727
44.30020120775917
91.55852686467833
140.54476882148214
72.13580819973309
211.33376603769187
54.49412177016778
1337.71210160753
50.05803442394108
48.1457584598443
64.11370231094917
35.25177906815965
51.8410999016185
34.125254647770966
65.86031586829539
44.12359907473998
34.31173535326402
37.32665748966189
40.877057267051256
56.59477411998927
32.46408747477907
73.3512063467376
67.21467699323388
38.53926136853985
72.72736117688846
41.06703736826695
49.0289477464977
21.27984324439375
42.71426922676294
30.505505170449595
56.92145922862247
25.326045324974118
52.00824002644414
43.884011021667625
108.93036738609649
344.6714955815668
6803.1567302326885
37.55934120538679
52.44992360928492
47.96055422547697
55.092306477642396
49.859649610653435
74.57442120954596
26.69216289022734
128.79709846455233
55.86443517816362
78.21645459691827
42.82435297235473
142.17068643546403
31.634358011425824
34.28070028658361
217.22235064743825
99.85978156097048
73.68386439306411
898.4666875435502
34.02369279221122
935.6573953767055
178.34564114083813
77.09792513486605
691.7979775607699
56.143176359971676
49.65749547126434
84.38287689020873
115.2178140401819
878.9287616991159
74.72630541104408
7567.507568608974
32.76581384765373
132.26951195871848
73.24490737066935
69.08624016454432
54.12786335305895
2073.105909171343
163.23855120722908
28.44653407904105
48.37261080960033
41.391909628014744
79.10350701572932
29.285273716754283
57.890671022295
286.27029074067144
459.063839306525
60.080696119073565
208.35355763742098
484.52423811927116
58.60344703743374
134.20006056782248
133.52358156076804
60.346317200341716
394.8745494746634
148.7836871597084
51.680490901132785
41.62213362844989
243.357144735333
73.49750364000192
140.77655696481708
373.66746540954216
69.30617068476603
29.283505737211676
71.87702428396051
121.4686263294472
57.95504502377355
50.87626085984385
61.696698665753516
234.47732330754016
66.02762718324571
89.7800075716266
52.07946654026655
155.60923176040913
120.59948970625537
91.5487817698668
39.46497644401504
1737.6397987744065
225.2516829642895
74.80300259939185
44.57120890164987
192.882696260213
2058.363213854691
226.23284536160645
332.3406083412149
7258.059167225326
79.02086213961294
50.723660177952766
47.20585900948634
32.35815449486667
3447.96360791532
59.95424205818326
23.4199141285457
113.61413391089278
58.21101644659208
29.098829282669865
33.771983549236154
60.84277687256531
55.99586789102176
47.063859962998094
115.46570748714774
27.142652037122566
73.06259688706493
373.39120891342856
68.08902719576935
55.78903217451236
47.6906300831145
120.53495298569237
25.085157813466452
62.78033120996233
380.9249472377961
192.2977619050552
27.71907671489278
42.044808800282325
345.2386285365715
13022.906393154117
75.8295031117744
684.3127149225338
67.30097399010357
56.09789621206668
119.6248279307372
35.46538664259914
43.87531282592873
120.75899065364374
32.391116678169816
65.72126606090455
51.334053736646744
29.223553683029706
35.22751798391308
117.5704165543994
33.41211330772917
47.685724851213905
45.94605432647433
53.071852437436036
30.650566980812542
76.39171061406873
25.761255305072623
71.53901891745343
38.05029088016829
38.619711721235575
70.48463642030482
37.55760776826013
71.3582934475373
31.433639687946133
56.61524205103037
45.336592747207376
50.99679277114869
59.54939336315213
53.21047647832781
112.77810926147527
49.35999586882539
42.928886843180685
7303.885203757343
45.717828513931295
32.985064814230626
39.04146310163775
84.9074401316253
283.4640586065595
35.53565639667714
24.717958737920938
34.83258129108387
66.9228604430259
45.312541817629175
77.78499299362906
37.87191491039421
61.26683019357773
36.70353396635333
65.78194990993619
117.54848868427712
64.14298396071044
57.35309743042899
24.313332028709716
30.314977464668594
49.58411772076251
319.64021530432956
110.82394578498409
68.25055392652676
38.29957995440226
50.487191616452044
93.92140216850733
67.60566158924266
59.70632424343587
198.80303348803974
74.0260842129881
78.80165902636907
24197.257578672987
131.59495449004348
56.95858216137635
86.33332635418171
33.638924951905686
50.954126484361204
46.38022361525624
126.06389633067693
42.77696301639588
37.30031989387025
88.07644111041171
113.30479726762907
77.38169680362645
64.62593231710892
47.95298712866827
6154.473313385987
47.321658939664836
64537.829598386044
56.901025668754414
71.9875356550506
21.823201076269143
40.08524077622546
46.369757691013966
115.0343144584925
69.72276792200927
37.6178973062176
6086.273432615322
25.185285361286333
88.64329468838375
60.57180978410112
46.9633726877004
42.54568847398349
112.51737271529504
102.13681536876564
56.13477717957366
35.269840122272655
107.99993584413251
154.07411945734765
3653.957654202379
106.91842877640892
74.63842670454073
30.962959778537876
49.989797709883106
29.1664774882488
57.42641641698588
3078.6858653395816
43.20485166058282
34.654845215717046
938.3200271059366
42.57952125181811
112.64373600561171
54.11937134575284
80.65954603765815
66.36631976449557
223.85634397720273
32.12216150822198
586.5935932725341
92.11219035526946
56.810693152368486
42.79676084748687
61.562993241908394
19.63032724231375
40.445750542482955
60.67605366810033
88.05635113582903
152.32073409126218
48.951280767084526
68.46090277956404
30.712197749501897
38.59522563136518
61.497521545622966
62.11544864070571
420.70123187497444
63.55027952179185
59.188834857744425
205101.3345725151
43.84775681212968
74.36743026449315
37.08087136768934
152.78574286706205
41.70359287375605
48.759489480179866
122.71274052173322
60.8299692914151
36.27258091548268
57.3249497102492
45.852029877398635
53.408562152140604
95.71922656637678
47.01874580743255
103.49302701098195
62.77509686934543
63.817625344909914
22.462262102362388
30.510801079154742
54.66026042833336
39.791299569326995
71.11504244455284
66.62726652674957
74.74186452088504
43.600507749521014
29.702584145253333
50.857756939054
111.66408343331992
53.15312219999966
38.790068013281484
202.28710592925887
33.11517191544311
51.181297436682684
41.02855294146763
175.839646284905
57.08377912181514
143.4655432201558
93.31816446505326
37.71555518954473
78.0212658876655
85.31523763802596
864.3247649864538
18527.29738608779
40.98003097678415
189.00993399368485
29.860904425936063
60.84031615158227
158.38635659024678
73.81696721617175
105.22821270774699
429.86731714599875
97.05362701329778
37.569173752692606
44.60599831058154
42.49971592778041
54.63340868048761
58.16683612908948
71.49582111790204
76.56448532948866
200.63580409544264
70.75637103740046
100.10567765705312
64.55279584629714
74.91088169658534
123.18477855853315
64.44775332301582
4728.0442376380315
76.32140933041899
46.405024098332134
59.82830320371205
93.09716180928342
108.4680093006489
73.93564620590678
152.0863740641929
53.10578266326424
38.44632737880345
54.9513956307614
45.28020861684949
78.09023711745412
91.93950078292758
49.130554698197685
88.40128492268303
65.90571507142955
32.449419489822255
36.20586724529811
56.26963560108459
304.2417136518196
40.228672588111586
24.501847885652374
47.84550391332593
51.030429594678154
36.07185373745102
90.99324248296328
51.77270064459715
41.60644255414262
39.19365564714683
53.23645027428725
45.02343874841057
67.66432971209277
45.01150466725946
53.490949755325445
75.59731889553116
57.05728593134891
29.314349884912076
28.48737035251505
44.266050708334056
34.104929532737486
48.11818171215567
35.97555309244474
3217.0682172333977
58.28659450109939
194.33407767207197
28.60021582854872
52.08498567979787
74.37893872862607
135.01272582486894
46.7255769861434
75.7254818562401
74.51644250520673
59.19059063463462
32.704764872539755
56.41985776129651
29.128705007458482
33.90537831806127
54.77860722438448
31.108732153578302
35.90952155535064
54.688405211196226
60.69414821293189
33.93709140485261
5403.28552325766
35.65822223799912
51.945317938581965
61.44154942468487
55.65554282949861
28.553841697977028
49698.53422812392
337.19509240654696
46.444572925504815
136.26222321068462
60.44804639585218
30.945047392053446
48.68343730247693
39.96987435938176
44.03898587934957
67.20539963512198
61.53760095407996
93.85280327756388
7255.6552544759725
52.831179885232835
128.59315730282248
53.84597648290659
45.74743442878313
93.46570363139702
305.9432279761719
92.64083009957403
66.124627333175
49446.929333217675
114253.7006852343
63.30687448831278
91.41818977151999
55.469855242021445
137.91266473027895
109.83501535264851
297.2861239276371
127.24142145351323
25.491834335615074
70.87595793329022
22.190096173550113
40.55327719270873
38.88952687134377
42.97957708888303
30.336270119091765
114.89336357533334
38.364616653264086
42.42524701560135
124966.46496408191
44.641212618861786
39.8352139674313
29.495986250312345
33.402399786628195
60.3755261666551
109.84525147470156
50.52046058575032
66.40127540854179
32.76233587406685
29.934925275712068
101.12675865260604
88.89452483918872
41.12934974979372
515.5326341467388
31.04998924506492
21.896123483546805
108.68040906438178
41.488165372759894
80.5229763489856
62.424982596155004
40.82113071238963
102.60354883308383
66.61145524240564
376.14836987038746
124.06206507987397
68.03277598838957
34.706762421491625
69.2292401559636
110.47931789736379
44.3477213337493
40.75707428924654
46.50124116332077
167.53215778891038
87.52392633304049
130.20148980975043
60.86314190646802
115.96588241388201
87.10643082202472
65.88819800584254
147.0506190975471
111.51733844063133
13073.721049836715
70.8265546620286
76.6502694046173
30.293167960403466
62.489269982716486
99.58051207566604
90.62318636431345
66.42187448138142
65.66736814736937
64.27541226268976
152.07604342722
41.39356570448258
77.85457161016703
83.22801528414703
45.908564934003884
75.47693636335404
42.8711264938716
138.76557118026923
71.8959245275368
62.040779859647245
126.31277177582999
38.33639759191905
28.098728906820295
23.565489163750982
59.12054545170358
45.62707303983234
50.58529865259034
130.59964037039248
56.74869701038014
23.620775368176062
205.6009071574078
98.77171539148506
40.00146224758649
117.27467483976798
106.00889040324721
359.0054322729092
49.657892222265936
50.62101301013511
39.94875145854377
54.48552902132761
59.03947369086696
125.88389739066389
146.73338029550655
979.1953064706396
41.433284662908505
44.01644677899199
56326.20216170257
37.02164258871816
61.532460837858665
60.464531998327544
958.9535936569407
148.01125532607497
419.5859802785063
35.111417909899394
65.07518212895074
205.0192288365535
61.46433510981599
185.51188072950995
68.65539072360401
114519.15498059963
88.39818502874093
56.418706695528414
55.58099460944209
48.47173096335762
41.854267227285554
27.840598204592172
111.43210024302567
62.53761154577007
47.79696350840543
108.09802704771218
70.7803428771275
44.02771515596282
81.76178493188408
70.83651230815984
39.533157234110945
50.4029505756803
35.47074510065468
36.31641403752841
64.62279164032954
37.10644821925767
94.32285048340256
41.629239377660326
53.95843638763394
63.56057172902739
62.87332632620779
31.843594920642666
37.80433411921372
52.09127613851639
33392.48569747434
119.35316063110467
37.897379084345005
23.33316814326877
46.24121141387602
23.756234191642058
96.27558954867845
16.380090496071176
75.65618865654723
38.997398116067416
76.64996254427501
237.1261740775459
31.603255147788385
87.78990357987522
50.58209274174653
26.380567249633614
55.82440056411561
388.3558564257358
676.1775187998827
66.6384646473429
40.16675590186634
51.610020848393944
50.33767627783193
115.54841993838312
42.49011440018354
35.72884872842056
38.28483395213061
48.81392535825209
28.120756107684812
48.67130746504639
55.957623997430986
221.41922974909735
50.77618691002076
38.32314771158981
14304.807429008612
36.047759572438196
28.946807481535885
51.833076991314655
158.74661971063986
139.45458335148743
73.72633602494263
32.85338027288768
67.25028889387058
64.64539172549928
69.76659370047886
112.87477900919771
76.52487096655915
36.09453282186203
36.81477967476692
34.45128858110817
119.90629395140658
76.89937909956413
46.806082923800346
76.08952471306104
33.25967426954349
90.60605448793883
57.95607256857798
77.78315343676958
81.8669721284412
84.54323987452919
37.71321567885896
57.90560368047262
76.48747429748586
89.73424221216209
47.14777181556745
74.3019101754894
172.88569173889044
62.392815244338024
59.724677537608926
59.02026518900381
60.959825712256375
94.78214046372037
4827.249493360768
77.74389982683059
68.70837534652479
482.8446272218949
67.33636837678219
65.5172944587389
71.46774631246501
131.16362794355274
85.86407939864355
78.91958825118246
123.61185343279861
29.992569182837087
203.7154435628803
285.25141945302073
944.1248674557648
50.723191164316766
61.103654181229004
37.877238882795574
63.90160754639121
78.49968196346877
79.62588463054361
48.02497621422907
77.23449047353813
44.049631054296064
41.184013287408874
99.47717289621403
44.39456555119128
24.927044228374314
245256.51486967804
43.48242637457294
34.76279898770219
38.45392012330451
47.59690601448819
49.68672847507642
73.56325814524145
59.01682419772149
28.631072358650137
74.88861333669792
44.41557731240549
44.82563033708844
45.89290054836686
33.556739904891764
54.63778275081077
42.379883191063456
52.74445272177091
79.63496915795989
43.950489750112304
51.557235783230524
126.73443903917085
49.1734694845405
38.94964121074777
44.80190098604665
51.30108103799003
41.198000162441915
33.405062658744725
35.80777668833538
35.127458134070864
165.94950914336323
58.560422939848266
114.33175413050512
53.044017755116634
43.85035101912867
98.18647580202375
93.42546016811995
104.01497882820237
45.33693160449934
54.26375792092399
73.60148631457278
54.722992872772146
62.33719663950289
87.3403730099594
111.12277082242493
230.54794568331943
67.6712999351624
124.81789129327268
139688.8962036371
275.65676975375436
42.35762164309679
82.994016218751
67.85338148005468
345.1641502807746
343.02346709477445
57.60768457836288
183887.6519227706
42.576703872157054
104.14597782544924
294.34674517494284
125.91284803480279
8145.476177459972
104.10198346674096
49.389738888902286
185.9125143652015
118.47066927758615
257248.48023374594
66.14619540619086
208.1341041483595
44.50940441612906
170.61148046811368
140.48829680917694
47.58132982599601
4606.227002387681
91.64501974468381
81.81277893267185
47.92530809896982
119.45018147199421
43.30119372764859
96.9209962252765
3620.691967368626
37.975589449801205
419.52023937096055
581.2567505112169
37.01876847913567
2008.9530924149676
264.8902147800307
138.11397229532335
86.46873893085255
70.30968281259206
69.87972500309637
26.80781757335756
85.9714382958287
129.73148930300772
296.65551796342777
95.40573288459692
85.75896031428152
29.83773112837358
51.32805436647196
46.144766444685175
59.08460231773513
451.5212332239807
51.10782081643255
45.9650527408525
78.94356186280123
51.668767486284594
109.54239829978522
48.069179156106536
121.64177513515939
199.00378972906617
57.76778452287168
51.83481655669091
58.024801945092925
54.43053809380756
65.23177500027603
219.0161521308405
122.99830780893696
61.309401852061036
61.28277153823716
88.01206495276124
189.52793080990395
32.432696659954495
107.4850047907968
41.6727199308388
38.50676320034817
44.15844749800508
89.19258750356788
36.00112910025222
47.89881216196918
46.15593490061883
88.2835299293985
32.99076042295656
114.93896177579279
102.24886292962597
39.400887374433935
48.38304033393916
36.535432278872605
47.482493016779344
72.0464204086229
27.385419213065887
39.187291383370706
35.40330698291325
55.40364554321423
35.51427129531273
224.35487005041227
45.93424806652041
56.57125333027614
54.61917247888731
78.39646613623201
38.66285005451532
584.8372383516021
42.90925094148112
40.114747535130626
31.405610248096338
41.55515674645167
42.84812213509415
151.90416581063255
100.25742251413057
68.23001092868854
70.57782003945466
38.13019840056551
88.76754863286172
42.78982225065987
33.79638956099476
60.275115345062176
81.11442624091688
84.96119654731928
48.10289989881173
36.941996777219195
44.10272188934894
63.42665809383604
54.703294072389056
148.35503735420812
30.84067033805652
43.91897990182953
55.95971016978736
342.43390182476753
32.23813948901122
146.57801276362093
35.95554987102659
47.4060022046296
49.0364407827345
32.63299672327402
81.7278245155168
195.04008195101824
45.54295573341925
42.976683343813406
385.0754155369816
40.373766331915824
41.234994875875046
785.3792213258957
116.47422449727111
12488.564015665466
34.801095628169136
43.28731768491049
76225.95907425672
60.656451050824394
37903.104095322626
163.15643641199654
87101.2334101668
43.00708909881412
46.53749617187046
181.67644050313768
24.75103572481932
56.36864540658467
62.334542886777406
60.22697984260087
98.15725357729318
38.96380062875555
32.448766806969765
38128.337934968324
42.60062435943891
57.826603045393625
107.60073348889355
42.157130427823134
29.073098799250886
12.996041100679033
27.428607542341453
45.051247547127296
35.468460213430205
60.88079582014133
53.1711616043068
7238.142542842387
291.9734390547096
148.2110055917561
39.97194851069883
73.31614717895599
40.5469453856705
58.41183615729432
84.2794145593239
65.75609688772425
84.90771427053046
61.35836798188784
71.19041185885544
21.18569686422989
71.85774895698196
83.72577665720551
83.0099134811332
67.71773568834162
39.85670516286208
35.61914183038571
58.18835003905912
69.81765665965828
28.831880614054963
36.12227953996569
91.08463030941606
45.73417211154654
12455.4625306027
101.0402903486696
45.83340050076837
37.474354329891185
956.3214953223381
62.524707269979956
48.97266871512293
28.616350226378813
43.86277593720814
132809.14036668447
33.44323991909525
75.06726828545659
35.599902584585784
121830.11211566534
48.71448006411661
31.151863807783243
52.57937640757903
45.836747416571725
76.08761207003539
58.80929107831423
27748.745619408102
164.38553666300155
43.28600380057198
75.87368509279031
57.129169611965274
51.08078623805478
49.17227852592554
222.02058278527835
135.75115406365705
46.171146098080015
55.08389496104969
42.8268895435015
363.9188950110869
55.17741626407599
54.04002942320463
57.28028047985896
38.25457537453282
101.50241226613434
316.4019521017603
10187.437144116231
50.10166147825455
36.57732646643817
59.565218768247036
74.01279573984915
31.376856610447316
34.66588976857017
61.24996964660154
60.75345212201094
51.13780586844624
57.55717010323034
37.486614551591074
65.70778325577149
139.60115570051602
125.10001058379959
61.97622082560422
58.98573503962892
36.274217829178966
38.972274894808436
33.41370432285947
110.28192399392206
45.56073679561209
25.372938497180147
26.75207087648999
24.321700629334902
53.26162013915045
34.947080555462804
167.94138305014738
95.36868161321662
35.68144924733101
35.95709513618496
30.222048671303963
34.465299446627235
37.0659132893815
56.272530480518405
36.9069476275401
39.890579625398956
97.57017474306153
29.750294353765835
75.45597412086401
40.21763919711974
98.16194114626497
25.246893598202625
85.0313605372484
38.141033154062356
1240.998756875228
106.21962192545321
54.80265494326514
63.98613917360496
46.55928434487984
72.96626125370793
68.09713918871074
37.06222244191284
50.43524372456909
120.28528519957779
110.77565903447753
29.757547959901597
55.4311763757035
66.82570833476902
23.49732180502573
26.857865727636177
28.3548552203763
47.80583502810519
75.03334974174285
38.18038126232748
35.10157903370176
25.553442728465257
69.0046532452972
52.82131285591777
31.58141660905582
65.57615594459516
40.14449081859665
103.13046951706514
53.49840950622516
38.05172617847039
64.08795640917322
473.9661413709967
43.39113179156479
32.35061140192906
34.69896716680217
82.29392350774312
97.48311234838405
14484.865474969842
196.00426158081362
62.87525792020806
29.36646624149362
61.38253572778898
49.51512731998618
100.89776348852077
44.99241220724207
47.055331869333784
44.824140606289944
29.809678202933398
43.2025980906282
377.2669905598362
64.57888602744382
158.72009588033234
101.10512398335757
49.45549602926128
64.6257618285384
36.39889027843276
41.97311298388159
39.60563956595787
41.093887222879346
50.685010991016384
84.98288893674697
92.27682428091349
27.64622439921867
31.060662449933886
35.16665598908972
29.858193864955204
42.5122591752323
35.63410008551158
37.62629310771225
51.328164273261905
55.51673105005685
35.63408435145577
68.95026959394079
92.08302161118985
36.08004871741524
63.90899101263031
69.86444019372559
34.23609651771446
90135.66168821578
88.7702351923374
134.54633245294116
63.49278098734746
190.9375470886909
35.38043224358993
43.0982386941599
38.85396821058887
74.71872950754111
40.63625744290154
31.07936391972546
63.923748873264906
34.95524466403833
48.758253809491436
93.4641612018084
107.8861164915499
52.73056023643049
28.633749069929483
172.8391388273602
56.21227162119958
67.84909861618229
69.66752887577937
80.23198243220881
44.771146205936354
105.08497844158974
58.12573051804546
61.25267487380274
124.25994055717148
98.47950294429644
61.15516363757415
59.34591336815317
48.81403310178857
85.9541905853444
28.753106542178664
42.72949517797665
74.57286098290014
65.79896838644724
55.313894369470574
139.3035571569664
49.770598252933276
59.930990319429895
61.73510414116279
161.60571701978714
28.401825958626752
210.20252727164063
262156.68309645867
63.24671392131721
53.27179544972316
58.076018087726446
129.68450549169884
27.64439161738568
102.2384368064887
32.235816181373245
41.90406670049947
67.20468709809589
34.11564594787187
49.86066239322611
79.43707971353211
3443.134377173086
48.61269072182374
85.10805953750341
897.3251417248654
51.538901579999404
92.87675700136735
31.377116180859822
95.3875392716615
145.72703198613857
27.84929801268696
151.60855638327058
63.906322831669144
55.9177713728626
86.9310830750322
230.98412723403422
28.043054027262812
55.27261670070027
386.0535002451919
40.31799565742301
62.250274399288145
64.6485657970075
365.10815120563325
46.22480386485974
23.171415096806573
825.1618531102774
80.78126247141668
40611.16421809292
5347.785440937131
31.35289574588051
18.537783658670406
73.55427669794815
83.79826342408856
125.6844967000749
38.66514662803009
80.74469948024961
49.92503720372554
69.84980804143201
469.58168399477574
31.485902015588003
239.15234695747102
130.5136092697737
62.167425678786444
28.977501384036415
22.812430276396796
41.88886323960803
51.36942471907704
60.94073408638366
74.42403159342906
43.62717667872546
35.589465760221145
82.399836987704
99.37306882946265
43.30859061854417
28.72012636036624
44.62162685075937
61.64077759927383
31.020803319400628
57.392926292887566
52.530625350717635
30.611147470731996
65.89422934541875
107.87346652302695
35.045830943422885
91.87248537738975
42.610988653774
48.94700412777584
65.15070181707259
58.20378671184554
37.176035211439974
94.32568489738304
34.34118005285134
88.6268418568481
115.80102393017575
49.07714466390739
7289.062624670619
66.72604510773445
95.69463255154238
29.60869098499167
43.182321706032106
102.67500593627983
56.95612556130953
72.21426029946576
57.726089684330674
94.64955117998093
50.813575714846834
43.264064591355506
28875.931017459116
98.73116135042474
66.6322998760329
33.43625987423817
72.93599213431551
42.89478935264656
118.8768057862741
42.86853755191663
24.037528085890575
44.14178738699788
48.28673752746825
44.45868792490322
69533.39473410991
81.31731354240412
70191.05977575913
11269.565142585987
105.98504898892868
35.92283018193838
64.68395438049225
421.6857864779194
36.9611794129202
62.38972895715793
28.754256721902415
30.43546855957471
27.529505340286256
168.39517462024946
76.15508083149268
109.62165839752281
101.95194473101944
116.77268483593653
83.82794633046998
72.55439329555352
78.30879566064652
17.252694706161584
5419.472856239995
51.45001658878708
61.93422215104941
78.83853338295025
33.84638658403938
42.827402149498916
70.02895797883812
96.83531786576123
60.58140962086432
49.580408194194455
1059.7580766059928
51.522231650096856
78.64296510356075
31.39415316037359
39.82100470761303
31.879592380518567
135.8538515461371
1732.3968029913317
57.98078853125121
47.771181292105695
2155.6620000616786
72.57105205994509
62.6046290022652
1005.0305743882059
90.51921112621304
50.059536953474904
101.77053138972282
61.88348011170712
46.61889612021145
49.145338834253536
50.24573441066687
55.8136100323864
67.44536265544248
40.435449791368704
54.17683801016402
48.82931534727396
37.79638888626004
40.05860179659304
80.19273663272998
22.419977440424674
152.81900990829755
78.6171164165934
33.93994593527685
46.50866576820027
31.303644643464033
30.19152154312861
49.22570486136482
42.81512919842997
25.035520061018765
64.93168455574677
47.915738457109526
106.97351285613294
80.45108782894152
43.96572051012005
54.77393975992618
47.58888990987996
47.695422120537714
85.82870639500422
48.590584328681025
93.87964725429913
89.5454481621993
103.81993307879378
45.78643377330625
31.52179412068159
42.7201870501582
28.05325199092456
80.11930288776493
83.58231434814738
28.436373932547312
84.068794917453
74.42900760958597
155.63447436150736
2140.3927593563544
69.84341208544643
65.729122442167
34.07705902393121
69.56395971029437
53.51570398015096
2072.881531286735
49.280123995164715
117.46094069638707
60.118784356273906
114.40079256826888
110.53458323673124
32.21713404344671
55.34144000287368
80.63922231456259
28.351443824015455
125.13022602345426
69.32018805536933
77.87010115503313
578.9203178064124
64338.66463496211
45.4209399569684
59.78698101873534
51.42656802663211
105.4105857904199
59.055913915901606
146.91845435225238
69.36845234534051
30.08732506321123
164.75878360894148
95.30062026851445
46.33124594180547
95893.54315730046
82.53529498116662
89.50791025032431
50.32612501387594
127.98533722437578
80.3919685775912
46.24729041967676
2369.588904209153
113.67261633335207
88056.35430627076
61.68227331440626
31.538284555841056
57.11967473977302
165.08445094179686
102.72979135713075
69.48057922590687
36577.92896604106
51.702647476049755
4622.572416852548
60.38953512393766
61.830477003609836
95.24765342405965
77.27641417654722
56.17815566704562
131.17335550217598
41.51734636056625
62.16022468209815
197.2078784493993
39.535659052303345
44.10892489885153
29.774229490590265
97.77228617948914
106.33743520628745
179.92847592282487
53.702964096014895
76.92109320945183
58.88168068362092
865.4752499282679
101.143499464827
178.484035492864
79.79583787348619
49.50559508805782
114.09149672317344
43.62599314342043
62.641276671111456
70.3453644506771
31.523406931177128
54.35687422346989
94.32554307827309
29.584812016765135
40.15792348246575
39.36819105316622
19.88252602538651
32.33525015225481
26.161743122000853
14455.364227532114
26.778845960896238
87.49559559862976
68.53558884055434
49.68462141757817
60.89887996119039
36.170915925333325
34.931198952990144
57.69749033908671
65.49266766270728
60.966800780901835
23.47449254617313
37.693435370241815
35.51041556524303
54.016391075086304
249.38186203590985
41.53114568110519
25.187988357792467
43.31121494571726
42.91930668544984
27.66144325250062
51.491960681826
36.117647010653414
46.6573326901421
17.583927439426
99.63114606203081
95.18291307431656
78.61469082490731
108.39300749697568
53.861920182730046
37.05276019333492
36.97817811554084
60.780000688479525
31962.404715031822
52.30326188720757
40.357883529485804
1417.2715759219805
110.74253098461604
25.752190709226255
55.7297292710773
35.24266306236109
39.25801130314113
233.54766379945443
41.00772882770232
44.74893880100959
65.71894619826921
37.223680652841665
18.870662342598727
41.67500494816541
33.066034916191356
86.38175253058549
31.540338429193486
38.501307981610736
136.64975048416696
64.89518472183443
65.1349103481401
35.702408380832225
14314.702800686853
78.00303437208683
56.32407285217471
4575.754223618748
146.33792457853298
54.55868996154444
62.63766064494577
55.6951330267353
116.72923022312797
141.34912092225036
62.52237346357437
42.67759221513401
2140.257295314762
32.97761132685231
75.07903439204067
45.230759241998086
47.88502229687158
73.42464488992054
39.58120778416821
57.363118637248384
45.43375838795177
62.831471113043904
66.97943359733382
60.13029474733618
38.40771320482149
51.2093832310764
63.74546597385129
51.800300168959794
71.38694120245742
43.44405092380063
71.1899726173994
115679.28870739262
338.2908278444201
42.33688334504856
89.21520743144498
66.84040774200798
74.51705082455118
30.91045335152758
157.0024706080134
47.76701652891226
34.1221787670512
29.369854016740938
49.41698859560247
113.66883940083804
41.130376623400096
57.65033274728366
36.66038373632833
31.110055698894456
43.460483799235305
31.24359393258878
52.932840753439244
38.15269006218044
40.64217549654473
81.96098711491717
33.64546316573869
56.792002265647525
45.808863308568434
50.31676704969049
162.51124639343874
105.49246101075974
67.97016328587566
39.49834317527467
93.33181234054923
31.3975589404244
95.21440127473448
84.72025401403928
61.08992261203424
90.97239026523728
41.26799412492839
61.164436023063686
161.35182401449617
175.90013766370805
50.44960429108982
54.78133001356778
48.633435499497025
88.51145151978736
32.18282619457168
39.3319618946822
37.68851151811964
48.14982553401707
48.28410213416758
34.54468187214951
210.70801754755
69.90236098871175
42.896990669953524
67.17669015098124
38.02532375569873
48.095363372134315
39.27799997720007
90.7151978519583
42.333114003221745
85.50155472467507
50.6425707500554
39.74323228370448
48.421595925384196
32.94335727515753
40.024236105806516
50.56166364337148
347.07142806052286
58.861222309049204
45.85789607764409
61.03026325194734
47.465440814474576
48.77436963597467
182.85135145239713
50.57092069623931
166.29192790504723
102.62323674294406
174.00071940334263
11663.70322671716
60.253008050147244
14469.265470643166
57.2101590172975
46.030511113675786
124.01182045672422
62.83867460143391
43.733128065893894
86.66848229266625
70.2662778506303
59.710644451636696
60.17057321318801
58.148882709453076
260.7594232972024
54.98368093033962
64.58469912935531
51.6608186575167
48.57864592013418
139.81499959764867
129.59329484454315
44.019933560749394
48.159746032715944
37.97955006241442
149.8827083485552
61.77323377643352
134.47838357342462
39.67283112758631
101.85900602795306
161.28065670842255
77.22724487837131
38.889399768141985
123.93326992721857
568.0450907859946
117.44720420238087
66.23408396344226
43.31667509021105
289.13661897051776
27.24026858911997
52.14083154237638
88.77807956599703
50.57213851504015
70.64573695547864
306.67418093559843
6426.922468921986
3722.559865606447
36.752086934114644
53.209793040470174
128.71120055989525
115.33194807575555
61.88301150932239
79.9862306515025
57.270586857134155
66.11936336343571
408.19496926736105
110.44985628266878
46.371580470399685
62.66270524452371
125.26754397697357
96.71826680039894
56.29361750291331
32.679063087743785
45.18684771778791
275.5274866067899
159.96866919041614
59.23510429907752
268.91589069830377
42.35713672011134
44.340227509085224
71.79366432814942
36.688391077129424
65.2035969540909
62.77880229354075
109.51320324160906
51.67952513048132
43.04310466829838
74.07949846515102
100.52543569392579
60.99350329392362
57.57509361475991
128.4636281838691
66.57805249803602
26.821357278797663
52.592752543673285
42.26497578395372
55.68198240392644
55.49861145715647
46.744211571613306
22.38450512804312
45.08413430591137
27.010904121190336
232.8809513950835
81.73089145907898
29.11947245257376
43.236983161088006
38.34357404208983
79.6481722862749
50.38289604058517
33.5838312342012
73.56223751732537
50.02276056492833
66.81264385684018
50.78055256091525
73.8787142439983
50.222278191647675
17.65307674929307
13.698333241467868
62.873246192028944
82.38533759244046
136.76454412700016
21.70518061449589
205.62224082663118
68.02596466464819
69.39008990098822
42.167739535833604
56.60910580002896
108.75339045772454
72.18040088240953
50.0308400747312
44.28899620031042
90.65567231961379
36.54318775047452
38.596289963267324
1337.1835994284384
31.647166170600396
44.210330708549066
70.47752195734216
36.366031291797114
30.618644416025088
93.7640346384999
69.19482367754053
32.35984670098116
79.9667823239355
90.61190968721004
184.8556172920767
27.704833817817033
75.79358051286533
63.335621736977004
209.14049954681775
35.01103013283568
81.95429595562874
43.864702626216705
100.01737311621545
130.57208425842555
31.41252249853664
214.6114421093701
116.41692349935872
41.90943845220343
69.37650159198253
50.309323693180005
59481.04704469835
49.98269057902837
52.26929722173088
224.99626276830978
15.903860420660127
113.97810351310318
178.76375766243746
18407.125980938377
57585.96615307055
27.13618060612825
106.18910673959674
53.40098563563864
407.3972187229912
36.40105118195575
45.78331734481295
21104.750874471556
94.87221979453368
68.07801015097064
45.362658599627146
63.630540407589336
75.36497231043862
93.83752558418122
71.02392085743355
44.40290535115243
43.73125882000887
51.21620807001753
105.91264512342278
35.67141627314419
35.87303678080863
85.84369522839671
39.278963390236314
40.96330506080063
14319.581782395362
95.89925182478825
77.82629175466776
35.56706328981211
33.616391357672605
34.399746105506885
47.14260312748581
49.39390553016351
49.80732676903959
46.64100206274113
62.540262079975115
40.841241919402655
281.77919962850007
54.51970540695311
57.798800456889886
60.00972537907147
67.85181698694981
47.8192537327524
2074.579979345312
643.1505385455774
39.64260705515208
88.46656684343921
150.75577478139706
67.09238632177592
85.32859674455277
105.01788159938562
31.646746947070177
64.22259823599322
42.176413091508586
53.767807454593395
15013.874651391357
88.19788019120645
55.82355861142599
3662.5909549182898
42.30735966253084
42.52760913656469
55.74174061110395
74.81096373236608
34.35902773429464
42.88370164360019
118.28805681464361
70.4594270700484
36.2506845653451
252.89220647443204
36.86653524512913
27.510582937176604
40.84038673712389
136.88948548144782
34.156508507570166
102.8432618330589
21.792991262340653
69.26382975870794
46.62793998466821
35.53634351228197
72.55860013806156
32.1547550865147
40.093901284037244
43.63952017427818
36.51433764250406
938.1890536815167
178.22480551043608
70.80090869855881
42.04159273114422
48.93671517671578
41.27069358817698
27.194452905962898
90.62638002720581
55.59453734116257
57.82569633747688
67.03545084386535
147.80586242992757
2232.4641526411697
43.25702655979069
35.417375418689105
44.24509534661932
46.90056711049668
125.04613327819447
32.92225058027262
88.55115757217101
55.609813082992645
57.628911653182016
41.90639070933208
115.62220687424502
78.63663741884673
35.25276711134616
51.71616633697945
25.3621487695025
30.629062469381896
63.80343289932687
65.14133179730582
51.80193449891102
42.978065637361
22.95755961569623
34.81757016922411
35.22971680808236
39.73513969692051
96.7433041126555
76.86068889116986
33.97303067017805
29.561255349621653
53.840813277388
29.672890250006624
88.02414409342322
168.4896424674708
111.65195669636782
33.89960397453555
48.244595323911824
36.828076796221424
50.130944888414646
92.34981230461419
56.45496931969249
103.87156158300817
37.58603684079392
40.50383968020741
36.85661165329938
91.65886630281852
29.681511928023163
86.25033058398938
32.89880464962876
61.26946739878403
73.61904514611203
68.13271463779435
66.04979567596122
30.672049780881146
44.07744923967698
50.90958722804194
56.020221956272344
67.32574105715904
67.71526834779165
59.69183218024679
78.7002295481619
44.08355927833513
39.077727429891354
29.63815665235615
40.31197224910675
50.45529641074536
22.592923592310655
62.11884449340538
49.21438356266209
39.95281126885928
61.200155516821376
63.886204288372745
31.044957726321712
3655.9200310477618
110.25157820660847
32.34926806163469
59.54417757622556
32360.12563179479
36.92164020788657
32.0838525556009
57.04193353718756
130111.04246325801
54.743988249142944
32.367879032302625
54.543373604170874
66.68524014229558
27.4295589199589
67.46319490716746
70.54906899712395
95.96674878516353
30.31607947355638
48.12273346062179
36.20431201661674
29.558537760639453
228.23195213266914
66.9859615843166
59.28345232446402
56.91704455440911
48.15553720034591
47.093807258233426
100.71477147512181
100.74406388249278
78.06744507001781
53.61213126993753
95.55582599556703
29.17378430452929
28.95089249745562
38.05029274010215
30.416977795597433
55.770701268661135
73.38840953044001
62.050313486804846
289.8410869985523
57.32518431921906
34.78674651165297
57.88565259493865
128.69962311727522
540.1311615511395
49.42301948977751
52.2421474570767
379.5774587174023
102.52723733520263
58.97299429736593
45.90613432134571
115.21382065735513
110.49882546699219
57.1742211257616
59.71340999564505
91.34079143985997
39.600693870174
616.9667783864593
44.27247477260512
78.16530802409194
53.97985584358273
24.95521730004132
69.592272387179
45.1418499006422
38.58551572474741
186.3806360257355
119.07656479145805
97.87046552244044
82.47692628826816
560.3271524962515
73.24806058655992
61.88383633697253
37.96926352227939
23.33573025246114
78.6958016868987
37.23614035192996
150.99312336187103
169.96604175907387
43.52100518424952
42.82254696682715
41.92922803430024
54.80892271701998
23.130816927494024
34.87511181301733
123.0673037945552
60.41364128756681
137.33832325945818
39.78445511746428
49.4985905575152
68.28921616978053
24.884392166075422
44.200018406531434
40.24915420512226
60.47092872709656
66.4033282081497
103.48088208162903
342.386071912892
475.7138608458834
55.45991968161406
75.70693169183471
228.79473680980664
87.38253130543922
121.73577174601155
31.288844659995412
49.72512357378129
97.91500301875617
39.05406315413002
29.591719922241268
503.5971798984363
49.991323350330916
53.036143864983515
70.32486345583081
36.43998146107093
49.811268326422635
35788.71206744019
713.4705421313645
87.4707050567583
27.637813792059905
49.91831372891964
46.70448645430291
58.05940281170654
59.8068759586796
94.25066789761755
78.16960114402869
49.571425118017224
33.57876879056291
64.0693238009516
59.491598786460365
82.35584533836717
67.98009634557097
89.19854021250586
49.08434293787475
45.27775972471039
31.1247899900545
65.61542815642919
43.27715465359364
39.61492107931563
35.89695914551429
90.90718485075519
47.34765595536206
53.83464193994706
44.92237171743562
90.48441874676655
54.0758958524861
50.27059298491143
88.83941325768023
37.514812953491194
44.13693621890452
265.3459456789207
111.26338766387866
40.26734818932073
53.8589521659257
38.328626577736934
41.802894010426954
118.44600607217671
89.88667970283595
55.27771129571676
94.68586872438449
52.86935200827859
26.30777876606742
229.97212451689606
40.45034832787557
45.14253868444812
54.38330891559342
32.703749762370755
41.57824266514695
7344.251831901739
104.55815269218624
25629.67929805893
31.5463063325889
139.31986434044654
49.433804712665236
57.42229089550487
32.31075555494999
75.9471612543419
131.53627655947355
27.189029724124254
64.64680268207262
49.38540175114494
51.30406146879386
70.72185259695462
67.0626864008643
24.946170468477533
322.63947390829924
2220.5296103220453
98.81713267778314
39.56387456747095
63.20604929603087
55.40621069123332
98.36925395757788
907.4916569865238
36.41626647583016
37.84491776672159
33.66387656485813
114.02400665251268
55.57385372878373
82.44124627147477
45.52656321060353
63.44434003557318
42.80474112366052
47.706531765462756
44.649600665250134
74.45421679450253
608.9688734397998
206.76897799383633
68.12885970089039
38.19007834269697
67.2061626872596
41.45245213452556
106.65732750728995
4240.07409320497
100.61413268768406
41.9482232115121
43.02658063118489
39.0257688396798
83.4258261090232
67.91284461259463
51.028812019082565
60.48534345680041
110.59692854643228
71.47753977097811
1275.3097344270377
105.14299879788354
47.62159137065585
30.213219921096787
97.2588405166585
110.58711109046087
58.27013966337893
30970.620222349233
31.20382988635963
47.2371725223068
28.783012852581173
49.299763779238226
41.393596997741426
77.50853813002209
80.48925689505572
37.17022749240691
108.68514490721546
55.740854148614645
34.04563941139906
70.06333200842862
43.95834739738777
38.57947409910623
104.38202514488395
102.62032220201674
47.42859783609596
35.36236715131338
40.936649751281834
78.61719781196916
54.3363866594612
42.75241026741138
54.93362480212042
45.69931827837475
125.65585472273222
47.242299129366614
75.21414045849724
33.38233650539671
82.50667616445355
76.57059061668662
462.96363613366185
28.196540525967336
34.00234120885115
64594.646849687946
36.79144175275533
47.41975223166603
37.75834531952648
71.78345510001975
50.92776164685733
48.670418600718406
52.64018381434286
94.84301292080438
60.85646896186029
32165.89469379848
39.46227342123114
43.61603462041025
66203.92976293142
178.4477135452936
85.1184347101667
44.6316559020277
75.87674948836363
105.60325283576289
157.29131010657122
45.77709356005226
31.7889692265163
70.46145596657081
65.07895991317422
34.47027382360414
53.70095499542268
60.458652356386054
125.0255093969252
60.45742361656377
2495.273539499842
2369.5889041945907
47.96253544385168
47.84914418470156
34.34413278352953
88.26137521095296
111.11142665534169
57.35367068372233
75.09581795242501
31.604828381897335
75.31206824483044
116471.00667360441
214.66497204584613
91.1781702648143
53.80500331592524
106.66119348107317
53.32072333932846
41.071100248611856
107.97684761672807
45.669136697534945
53.62615771265841
76.26560918140822
64.79292918218509
47.11413053579531
60.906208408638584
34.80953364638456
50.895269307231175
38.39654012598536
54.39549371869999
30.29555468594194
66.01978461351086
49.686832393179316
39.924678816412325
64.55447591233775
39.79269891676191
39.12735796730135
74.54605571645156
72.88258388250955
30.353830310842593
49.686832393179316
48.21308037115728
56.998806646069596
64.50673570864336
38.10690921694876
43.71695792328654
59.31411929263756
42.605968022693375
54.44244921490481
37.95790366860175
38.953991144812505
59.66164097158402
56.91660641850601
77.80451954494856
42.36920835519297
69.27615078050576
46.93477613774019
46.25123313560525
52.79797194781042
52.767602113748254
51.314461708336836
40.839199211194064
43.061666715902646
36.37115732871084
46.56046886144101
151.80902325309137
87.3541429162791
59.31411929263756
34.64466858350329
40.84844033103818
39.1122027253396
35.21330379593509
34.79236574748502
20.297208418724452
37.21565094542815
37.91914117496384
46.596847988781406
87.3541429162791
40.42209214989862
56.75609515881942
47.43140177791179
40.839199211194064
32.956749391657716
66.51044821736117
55.54334582089196
47.5131194518902
62.51027711172943
60.906208408638584
28.256421218334467
63.26562129281507
62.00430821017941
29.697250500028048
63.774293588748236
43.94709572790239
41.31083686022042
80.43616937598422
34.79236574748502
51.02832467245265
86.33910204293005
51.50473575903926
34.726049865514916
139.67013656091046
46.93477613774019
64.79292918218509
36.21341802908011
85.57054796894151
46.25123313560525
54.376027032922494
48.987226262731234
64.42348384469845
68.2419817118228
30.167498396506566
69.65998635667768
52.605332979881354
54.376027032922494
58.41517642851957
44.4460610449684
34.67427586158932
28.861732901558646
71.89879871688055
42.23313783139874
63.26562129281507
42.36920835519297
77.89017354532717
44.95847102981367
58.98113495058804
35.941283353215496
40.27737503356215
64.0765511358166
75.47407535852801
45.918497473958126
43.72135428989521
39.279877036094476
78.16515194381881
62.88366883069213
41.73744949467496
56.57403302557773
66.97701276091934
46.25123313560525
39.989598010220675
44.09318206426812
80.25473964719639
49.5925151593681
111.46064151086067
42.66194673973738
46.02235576324799
41.10537980306711
41.89866539403478
67.70245115381545
37.95740063341378
51.667948548291754
41.73744949467496
43.07397899596929
54.11516349733593
52.84385454530259
61.43960780665258
61.751051299350685
66.51044821736117
51.356436218207335
73.14996627073336
64.79292918218509
39.42641079443867
35.79952138113499
38.11782647742514
52.30041861077402
50.378184644355045
51.89227594257687
92.44815208707232
41.0359835574118
47.10163945504384
46.38029388868942
54.44244921490481
66.01978461351086
