Model: MCD
Dataset 22: wine.mat
Time taken: 0.10750555992126465 seg.
Accuracy: 0.5
@scores
144.40136927523835
145.12153123828907
71.32876223020284
132.3232296467803
86.68345421769504
80.97678090888976
88.00621063171398
74.08344933909338
203.6206054688783
149.4833823886816
46.632084260061184
47.548424068716216
30.143240596099137
33.427729494318314
29.28823711886761
21.742764373228848
35.669697950326714
31.492128406030023
16.483296258955576
66.63906656823733
97.64710107715689
17.774409933823428
38.28505981335023
14.365675995210589
88.30554307220717
46.70585388851661
13.93983507718808
13.769154336711862
15.092663076378107
62.851657854628435
15.12980770303746
10.1108149541766
17.297639240919676
13.3267467896754
11.574814870689215
53.692254541787825
9.615408878464596
9.84845216288021
16.998317013620394
8.266726539256036
12.054147268828787
11.243896161820334
12.40668489656345
11.096881839962508
18.036090350243732
18.636555110826524
117.55774382517897
56.327917030790736
11.41564680643849
53.47096420072317
38.73180654066242
20.465062950017817
7.972065785754125
11.247182881009033
15.60263640951278
10.745060987745637
31.460162182311457
9.54839728851076
9.241510626591255
15.91915940133196
43.94045148333264
91.59445926805012
8.836341093442966
48.8007723626704
13.133303370479604
12.033599826770487
33.558804611903824
12.463504667686355
12.970143685786223
12.895787190867678
13.065953238589394
18.81817925379721
140.71369587551726
17.067349139663058
27.47079027366494
55.3537952177682
10.316000805455579
21.02017266780337
17.098757424165388
9.934928453239328
10.34266441197117
31.68902151140076
11.82788360018101
15.143727915903673
18.34526971826837
18.533512392845882
10.714244077611767
14.992364285676915
14.367191465153823
7.547773562058298
13.59796077223902
12.423611717031854
13.63389849201796
11.734778899512285
10.31551545301449
15.475637566425155
15.365491563753515
18.889069349735063
7.495180742730594
5.10545096413197
13.330187833555328
22.445475807685742
18.791707571899476
36.06193858711009
14.263447392531745
14.385945755933447
10.156553553194396
11.492196958521031
16.758401994859316
61.28364165310189
43.037732044492145
12.196737728867882
12.449384820238546
8.877016148227957
6.632133805162839
8.133742075870709
9.786975716282557
11.337334823995905
12.254597609780268
11.441392343379714
14.607515286510194
10.136569776770038
16.018061791839433
12.395271012527306
9.413005881097984
5.986598904289606
11.953499765291117
14.013024563449106
10.71594314858249
