Model: MO_GAAL
Dataset 19: vertebral.mat
Time taken: 300.3452911376953 seg.
Accuracy: 0.0
@scores
[0.9999981]
[1.]
[0.9999993]
[0.999998]
[1.]
[1.]
[1.]
[1.]
[1.]
[1.]
[1.]
[0.9999998]
[1.]
[0.9999999]
[1.]
[1.]
[1.]
[1.]
[1.]
[1.]
[1.]
[1.]
[0.9999999]
[1.]
[1.]
[1.]
[1.]
[1.]
[0.9999999]
[0.9999999]
[1.]
[1.]
[1.]
[1.]
[1.]
[1.]
[1.]
[1.]
[1.]
[1.]
[0.9999999]
[1.]
[1.]
[1.]
[1.]
[1.]
[1.]
[1.]
[1.]
[0.9999999]
[1.]
[0.9983157]
[0.99999994]
[1.]
[1.]
[1.]
[1.]
[1.]
[1.]
[1.]
[1.]
[0.99999654]
[1.]
[1.]
[1.]
[0.99934405]
[1.]
[0.99998]
[1.]
[1.]
[1.]
[0.9999647]
[0.9999789]
[1.]
[1.]
[0.9982059]
[0.9999317]
[0.9999998]
[1.]
[1.]
[0.99998367]
[0.9999956]
[0.9999975]
[1.]
[0.999976]
[1.]
[1.]
[1.]
[1.]
[0.99999994]
[0.99999964]
[1.]
[1.]
[1.]
[1.]
[0.9964045]
[1.]
[1.]
[1.]
[1.]
[0.99994504]
[1.]
[1.]
[1.]
[0.99983335]
[0.9999999]
[0.99999976]
[0.99999964]
[1.]
[1.]
[1.]
[0.9999999]
[1.]
[0.99998325]
[0.99999964]
[0.98441637]
[1.]
[0.99995315]
[1.]
[1.]
[0.9999999]
[1.]
[0.9967095]
[0.99999994]
[0.999999]
[1.]
[0.99999976]
[0.9999999]
[0.9999579]
[0.99999994]
[0.9999998]
[1.]
[0.9999992]
[1.]
[1.]
[0.9999697]
[0.99991834]
[0.99996614]
[0.9999996]
[0.9999994]
[1.]
[0.99784267]
[0.9999999]
[0.99981135]
[1.]
[0.9364189]
[0.9999987]
[1.]
[1.]
[0.99998176]
[0.9999922]
[1.]
[1.]
[1.]
[1.]
[0.9999933]
[0.99999964]
[1.]
[1.]
[1.]
[0.9999875]
[0.9999999]
[0.948127]
[0.9986736]
[1.]
[1.]
[1.]
[0.86466235]
[0.9886581]
[1.]
[1.]
[0.9999998]
[0.9999999]
[0.99999976]
[0.9999982]
[0.9999997]
[1.]
[0.9999839]
[0.9999997]
[0.9998957]
[1.]
[0.9999994]
[0.99997425]
[0.9999993]
[1.]
[0.9999998]
[0.999913]
[1.]
[0.9999895]
[0.99999964]
[0.9999994]
[0.98047674]
[0.9998789]
[1.]
[1.]
[1.]
[0.99999917]
[0.99999976]
[1.]
[1.]
[1.]
[0.99999994]
[0.9999676]
[1.]
[0.9999999]
[0.99996805]
[0.98663306]
[0.9999999]
[1.]
[0.9999969]
[1.]
[0.99999845]
[1.]
[1.]
[1.]
[1.]
[1.]
[0.999959]
[1.]
[1.]
[1.]
[1.]
[1.]
[1.]
[1.]
[0.9999999]
[1.]
[1.]
[1.]
[1.]
[1.]
[1.]
[1.]
[1.]
[1.]
[1.]
[1.]
[1.]
[1.]
[1.]
