Model: MO_GAAL
Dataset 12: optdigits.mat
Time taken: 514.651605129242 seg.
Accuracy: 0.0
@scores
[0.99999964]
[0.9999999]
[0.99948883]
[0.99618775]
[1.]
[0.9999858]
[1.]
[0.99999976]
[0.99999994]
[0.9999996]
[0.9998447]
[0.9999999]
[0.99998605]
[0.9999997]
[0.9999998]
[0.99999356]
[0.9999998]
[0.99999154]
[0.9999999]
[0.9998243]
[0.9999988]
[0.9996766]
[0.9998978]
[1.]
[0.99999976]
[1.]
[0.9999999]
[0.99999964]
[0.9999993]
[0.99999446]
[0.9998506]
[0.9999984]
[0.9999999]
[0.99999934]
[0.9999964]
[1.]
[0.9996378]
[0.99998134]
[0.9990251]
[0.9999994]
[0.9999999]
[1.]
[0.99999917]
[0.99991286]
[0.9998286]
[0.9999997]
[0.8868098]
[0.99994934]
[0.9999993]
[0.99999964]
[0.9999999]
[0.9999998]
[0.99999684]
[0.9999993]
[1.]
[1.]
[0.9999951]
[0.9999999]
[0.99999917]
[1.]
[0.9396213]
[1.]
[0.9999721]
[0.9999845]
[0.9999999]
[0.9999626]
[0.9999906]
[0.9999944]
[0.9999999]
[1.]
[0.999998]
[0.9999999]
[0.99999976]
[1.]
[0.9999848]
[0.999548]
[0.9999702]
[0.9999994]
[0.9999999]
[0.99999094]
[0.9999999]
[0.99998105]
[0.99999535]
[0.9999982]
[0.9999323]
[1.]
[0.99684894]
[1.]
[0.99997526]
[0.9907099]
[0.9999949]
[0.99999976]
[0.9999324]
[1.]
[0.99995315]
[0.99999666]
[0.998358]
[0.99999976]
[0.992023]
[0.91320574]
[0.9999987]
[0.9999676]
[0.999843]
[0.9979476]
[0.9991862]
[0.9999989]
[0.9999838]
[0.9999993]
[0.99997884]
[0.9999916]
[0.99999833]
[0.9999995]
[0.9982345]
[0.9999765]
[0.9999989]
[0.9999759]
[0.9999385]
[1.]
[0.99980867]
[1.]
[0.9999051]
[0.99999607]
[0.9999999]
[0.9996427]
[1.]
[0.999995]
[1.]
[0.99994326]
[0.9999998]
[0.9999068]
[0.99999654]
[0.99999666]
[0.99994105]
[1.]
[1.]
[0.9999997]
[0.99987715]
[0.9999993]
[0.99999636]
[0.99999934]
[1.]
[0.9999825]
[0.9999208]
[0.99998426]
[0.99997735]
[0.99999714]
[0.9999898]
[1.]
[0.9999585]
[0.9999164]
[1.]
[0.9999995]
[0.98403084]
[0.9999995]
[1.]
[1.]
[0.99999976]
[1.]
[0.99999654]
[1.]
[0.99999964]
[0.9999075]
[0.9998774]
[0.99999994]
[0.99994135]
[1.]
[1.]
[0.99999976]
[0.99999976]
[0.99999326]
[0.99997544]
[0.99997723]
[0.9999998]
[0.9999849]
[0.99999964]
[0.9999999]
[0.9999999]
[0.99999905]
[0.9999999]
[0.999998]
[0.99999917]
[1.]
[0.99999636]
[0.99987924]
[0.9999973]
[0.99912745]
[1.]
[0.9999994]
[1.]
[0.9999999]
[0.9979514]
[1.]
[0.99996376]
[1.]
[1.]
[1.]
[0.9999999]
[1.]
[0.9999999]
[0.9999996]
[0.9999998]
[0.99999046]
[0.99999774]
[0.99999714]
[0.9999966]
[0.99973834]
[0.99999493]
[0.99999726]
[0.99999964]
[1.]
[1.]
[0.9999968]
[0.9999267]
[0.99999994]
[0.9999956]
[0.9999478]
[0.9999987]
[0.9999998]
[0.9999996]
[0.99999875]
[0.9816459]
[0.9997457]
[0.99999917]
[0.99999166]
[0.9999995]
[0.9999587]
[0.9999995]
[0.9999993]
[0.9999446]
[0.9996046]
[0.9999973]
[0.99997795]
[0.99989784]
[0.99906313]
[0.99992967]
[0.9999995]
[0.99999917]
[0.99999976]
[0.9999974]
[0.99993634]
[0.9999999]
[0.99999976]
[0.99997854]
[0.9999999]
[0.9999959]
[0.99982]
[0.99999714]
[1.]
[0.9999999]
[1.]
[0.99997044]
[0.9993456]
[0.9999145]
[1.]
[0.9999988]
[0.9999672]
[0.99998754]
[0.9999951]
[0.9999221]
[0.9997002]
[0.99999404]
[0.9940141]
[0.9996034]
[0.9999992]
[0.99999964]
[0.9999764]
[0.9976251]
[0.999969]
[0.99893343]
[0.9999421]
[1.]
[0.9999934]
[0.99978507]
[0.9999914]
[0.9989522]
[0.99999964]
[1.]
[0.999985]
[1.]
[0.9999998]
[0.99999535]
[0.9999995]
[0.99999917]
[0.999999]
[1.]
[0.9999994]
[0.9999888]
[0.99999803]
[0.99999815]
[0.99999964]
[0.9999875]
[0.99999714]
[0.99998]
[0.99994004]
[0.99999803]
[0.99957347]
[1.]
[1.]
[0.9999968]
[0.9999734]
[0.99999994]
[0.9999981]
[0.9999978]
[0.99999785]
[0.99999833]
[0.9999994]
[0.9999601]
[0.99999994]
[1.]
[0.99996996]
[0.9999821]
[0.99999845]
[0.99998003]
[0.99972147]
[0.99999774]
[1.]
[0.99999917]
[0.99996006]
[0.99989295]
[0.9999968]
[0.99827236]
[0.9998336]
[0.9999996]
[0.99999714]
[0.9999983]
[0.99999166]
[0.9999993]
[0.99999875]
[0.99999964]
[0.998229]
[0.9999984]
[0.99990654]
[0.9999999]
[0.999995]
[0.9999988]
[0.99999726]
[0.9999631]
[0.9998755]
[0.9999597]
[0.9999937]
[0.9999969]
[1.]
[0.9999267]
[0.99989295]
[0.9999999]
[0.99985385]
[0.9999985]
[1.]
[0.99998903]
[0.999985]
[0.9999988]
[0.99999976]
[0.9999276]
[0.99997365]
[0.9998967]
[0.99999666]
[0.999999]
[0.9999997]
[0.9999728]
[0.99999905]
[0.999998]
[0.99950004]
[0.99889755]
[1.]
[0.9999992]
[0.99999994]
[0.99999994]
[0.99996483]
[0.99998796]
[0.99999607]
[0.9999999]
[0.99930257]
[0.9970014]
[0.9999995]
[0.99999994]
[0.99999994]
[0.99999696]
[0.9999804]
[1.]
[1.]
[0.99999833]
[0.99999976]
[0.9999943]
[0.9998134]
[0.99999905]
[0.99998266]
[1.]
[0.99957705]
[0.999918]
[0.9999835]
[0.9999999]
[0.9977772]
[0.999971]
[0.9999584]
[0.9999993]
[0.9999902]
[0.9999999]
[0.99878544]
[0.9999676]
[0.9998265]
[0.99521554]
[0.99589574]
[0.99852383]
[0.99999714]
[0.9999999]
[0.99976015]
[1.]
[0.99991924]
[0.9999999]
[1.]
[0.9999992]
[1.]
[0.99998313]
[0.9999999]
[1.]
[0.9999759]
[0.99997896]
[0.9992343]
[0.999998]
[0.9995924]
[0.99999154]
[0.9999949]
[0.9999941]
[0.99995136]
[1.]
[0.99955344]
[0.9999975]
[0.99999917]
[0.9999986]
[1.]
[0.9998906]
[0.9999995]
[0.999658]
[0.9999972]
[0.99995387]
[0.99999976]
[0.99986]
[0.9999999]
[0.9999603]
[0.99999607]
[1.]
[0.9999982]
[1.]
[0.9996414]
[0.99998635]
[0.9999858]
[0.99993634]
[0.9996011]
[0.99996233]
[0.99999785]
[0.99999917]
[0.99013174]
[0.9999966]
[0.9999957]
[0.99999946]
[0.9999772]
[0.99937224]
[1.]
[1.]
[0.99999726]
[0.9999646]
[0.9999993]
[0.999995]
[1.]
[0.9999931]
[0.9952197]
[0.9999924]
[0.9999998]
[0.9999968]
[0.9999776]
[0.99999964]
[0.99999964]
[0.9999995]
[0.99996716]
[1.]
[0.99994946]
[0.99999964]
[0.99999017]
[0.99956673]
[0.9999999]
[0.9999989]
[0.9999882]
[0.99999917]
[0.9999999]
[0.99998975]
[1.]
[0.99998873]
[0.99999964]
[0.9999999]
[0.9999981]
[0.99999964]
[0.99995255]
[0.999999]
[0.9999678]
[0.99998164]
[0.9999894]
[0.9999783]
[0.9999881]
[0.99998844]
[1.]
[0.99993086]
[0.9999411]
[0.9999965]
[0.9999985]
[0.9999964]
[0.99991566]
[0.99994755]
[0.9999702]
[0.99974597]
[0.9999999]
[0.9977962]
[0.9998214]
[0.99999774]
[0.99986106]
[0.9999461]
[0.9999937]
[0.9997811]
[0.9999999]
[1.]
[0.99999845]
[0.9999935]
[0.99990284]
[0.99999845]
[0.9999251]
[0.99999833]
[0.9999991]
[0.999866]
[0.9992779]
[0.998194]
[0.9999953]
[0.9999888]
[1.]
[0.99983287]
[0.99998695]
[0.9999964]
[0.9995256]
[0.9999981]
[0.999987]
[0.99999976]
[0.9999986]
[1.]
[0.999998]
[0.9999993]
[0.99999344]
[0.9999978]
[0.99987483]
[0.99997556]
[0.9999783]
[0.9999969]
[0.99999976]
[0.9999999]
[0.9999994]
[0.99999994]
[0.99999976]
[0.99924755]
[0.99999905]
[0.9999999]
[0.9993927]
[0.9999982]
[0.9997133]
[0.99999714]
[0.9980755]
[0.9999999]
[0.99998534]
[0.9997225]
[0.9999962]
[0.999987]
[0.99999905]
[0.9813591]
[1.]
[1.]
[0.9999944]
[0.99993706]
[1.]
[0.9999995]
[1.]
[1.]
[0.9999228]
[1.]
[1.]
[0.9999999]
[1.]
[0.9999999]
[0.99999964]
[0.99999297]
[0.9999896]
[0.9999999]
[0.9999996]
[0.99999857]
[0.9999943]
[0.9999998]
[1.]
[0.9999995]
[0.99999917]
[0.9999495]
[1.]
[0.9999999]
[0.99999845]
[0.99999803]
[0.99993527]
[0.99999917]
[1.]
[1.]
[0.9999963]
[0.9999999]
[0.9934623]
[0.9999622]
[0.99997497]
[0.99998283]
[0.99999964]
[1.]
[1.]
[1.]
[0.9999999]
[0.9999995]
[0.9999558]
[0.9999993]
[0.9999906]
[1.]
[0.99995875]
[0.99994427]
[0.9999354]
[0.9999994]
[0.99999994]
[0.99999964]
[0.9999999]
[0.9999998]
[0.99999875]
[1.]
[0.9999996]
[0.9999994]
[1.]
[0.99999976]
[1.]
[0.9999989]
[0.99999917]
[0.9999999]
[0.99988776]
[0.99999994]
[1.]
[1.]
[0.9999995]
[0.99999833]
[0.9999925]
[0.99999344]
[0.9999812]
[0.9999893]
[1.]
[0.9999424]
[0.99999994]
[0.9999947]
[0.999979]
[0.99999833]
[1.]
[0.99981457]
[1.]
[0.99984884]
[0.9999957]
[0.9999999]
[0.9999991]
[1.]
[0.99735415]
[0.99999976]
[0.99999994]
[0.99999976]
[1.]
[0.99999976]
[1.]
[0.9996414]
[0.9999999]
[0.9999995]
[0.9999999]
[1.]
[1.]
[0.99999964]
[0.9999999]
[0.9999999]
[0.9999994]
[0.99999774]
[0.9999999]
[0.9999603]
[0.99999976]
[0.9999999]
[0.9999987]
[1.]
[0.9999952]
[0.99999976]
[0.9999667]
[0.9998144]
[0.9999943]
[0.9999999]
[1.]
[0.9998816]
[1.]
[0.99999976]
[0.9999926]
[0.9999998]
[0.9999965]
[0.9999752]
[0.998756]
[0.9997326]
[1.]
[0.9999999]
[0.99980867]
[0.99999624]
[0.9999994]
[0.99999344]
[0.9999815]
[0.9999997]
[0.99999774]
[0.9999831]
[0.9999671]
[0.99999964]
[0.9999544]
[0.99999994]
[0.9990357]
[0.99999785]
[0.99939835]
[0.9999275]
[0.9999895]
[0.9999821]
[0.99955314]
[0.99998605]
[0.9999876]
[1.]
[0.99880964]
[0.9999944]
[0.99999726]
[0.9999999]
[1.]
[0.99999297]
[0.99976087]
[0.99877787]
[0.99997264]
[0.9999541]
[0.9999999]
[0.9999252]
[0.99998134]
[0.99999726]
[1.]
[0.9999893]
[0.99983096]
[0.99998945]
[0.9741649]
[0.9992858]
[0.99970025]
[0.99999994]
[0.99999964]
[0.99999905]
[0.9999086]
[0.99999934]
[0.9999992]
[1.]
[1.]
[0.9999994]
[0.999938]
[0.9999987]
[0.99999785]
[0.9999909]
[0.9999997]
[0.99999905]
[0.99998355]
[0.99999976]
[0.99999964]
[0.9997798]
[0.99997896]
[0.9999268]
[0.99998385]
[0.9998303]
[0.9999994]
[0.9999988]
[0.99987334]
[0.99998844]
[0.9999993]
[0.9999993]
[0.99999213]
[0.99996555]
[0.9999944]
[0.99959505]
[0.99967444]
[0.99999714]
[0.92468727]
[0.9999705]
[0.9999227]
[0.9996565]
[0.99503493]
[0.9999989]
[0.99999875]
[0.99999976]
[0.99998933]
[0.998672]
[0.99999535]
[0.99999595]
[0.99999934]
[0.99999994]
[0.9999994]
[0.99992144]
[0.99986553]
[0.9999869]
[0.99586475]
[1.]
[0.9985762]
[0.99998647]
[1.]
[0.9999191]
[0.99998844]
[0.99999523]
[0.99999905]
[1.]
[0.9999933]
[0.99999964]
[0.9999958]
[1.]
[0.9999992]
[1.]
[0.9999908]
[0.9999919]
[0.99978197]
[0.99999976]
[0.99999034]
[0.99999607]
[0.99999964]
[1.]
[0.99999607]
[0.99999976]
[0.99999994]
[0.99926746]
[0.9999993]
[0.9985374]
[0.99999917]
[1.]
[0.99999905]
[0.9999999]
[1.]
[0.99999714]
[0.999834]
[0.9999999]
[0.9990057]
[0.9999918]
[0.9999995]
[0.9999999]
[1.]
[0.99999917]
[0.9999898]
[0.999979]
[0.9999994]
[0.9931294]
[0.9999968]
[0.9999999]
[0.99997604]
[0.9999962]
[0.9999131]
[0.99965394]
[1.]
[0.9999995]
[0.99985087]
[0.99999976]
[0.9994401]
[0.9999969]
[1.]
[0.99999416]
[0.99996495]
[0.9999567]
[0.9999978]
[0.9999806]
[0.9983645]
[0.99973696]
[1.]
[0.99999195]
[0.9999995]
[0.99977297]
[0.999998]
[0.9999998]
[0.9999976]
[0.99998343]
[1.]
[0.99809355]
[0.9999192]
[0.9999999]
[0.9999981]
[0.9999603]
[0.9999999]
[0.99999213]
[0.99993265]
[0.999997]
[0.999998]
[0.99999994]
[0.99998105]
[0.9999715]
[0.999963]
[0.9999999]
[0.9999958]
[0.9999907]
[0.9999992]
[0.9998144]
[0.9999578]
[1.]
[1.]
[0.99960685]
[0.999894]
[0.9994996]
[0.9933151]
[0.9999283]
[0.99988127]
[1.]
[0.99999976]
[0.9999999]
[0.999971]
[0.99999297]
[0.99999964]
[0.9999976]
[0.99999225]
[0.9999757]
[1.]
[0.9997599]
[1.]
[0.9999857]
[1.]
[0.99976695]
[1.]
[0.99999845]
[0.9999974]
[0.99961]
[0.99966496]
[1.]
[0.999996]
[1.]
[0.9999998]
[1.]
[1.]
[0.99997234]
[0.99981266]
[0.9999999]
[0.9999999]
[0.9999997]
[0.9999038]
[0.9999999]
[0.9999789]
[0.99990225]
[0.99998486]
[0.9920633]
[1.]
[1.]
[0.99999994]
[1.]
[0.9999997]
[0.9999907]
[0.99998987]
[1.]
[0.9997276]
[0.99990344]
[0.99999964]
[0.9999611]
[0.9999976]
[0.99965125]
[0.99998796]
[0.9999992]
[0.99999976]
[0.9999999]
[0.9999998]
[1.]
[0.9999976]
[0.9999864]
[0.99999994]
[0.9902657]
[0.99999976]
[0.9999999]
[0.9999984]
[0.9999992]
[0.9999987]
[0.9999698]
[0.99992394]
[0.9999998]
[0.9995205]
[0.9999229]
[0.99942416]
[0.9999997]
[1.]
[0.99999994]
[1.]
[0.9999998]
[1.]
[0.9998026]
[0.9999999]
[0.99999714]
[0.99999964]
[0.9999844]
[0.9999999]
[0.9999803]
[0.99995303]
[0.99999917]
[0.99999905]
[0.9999996]
[0.9999993]
[0.9999969]
[0.999903]
[0.99999964]
[0.9999994]
[0.99999964]
[0.9999999]
[0.99999857]
[1.]
[0.9994757]
[0.99999905]
[0.9999968]
[0.9999999]
[0.999997]
[1.]
[0.99999624]
[1.]
[0.99999446]
[0.9999405]
[0.9999856]
[0.999998]
[0.99692607]
[0.99915195]
[0.9999969]
[1.]
[0.99999964]
[0.99999976]
[1.]
[0.99996674]
[1.]
[0.99611276]
[0.99992806]
[0.97563684]
[0.99999285]
[0.99999976]
[0.9996915]
[0.9999654]
[0.9806951]
[0.9999998]
[0.9999879]
[0.9999989]
[0.9996529]
[0.9999819]
[0.99976563]
[0.9999999]
[0.9999989]
[0.9999972]
[0.9999616]
[0.9999867]
[0.9999996]
[0.9999994]
[0.9999907]
[0.9999995]
[0.9998893]
[0.9973843]
[0.99999964]
[0.9999989]
[0.9999993]
[0.9999999]
[0.9999989]
[0.99999285]
[1.]
[0.99999976]
[1.]
[1.]
[0.9999988]
[0.9999999]
[0.9999999]
[0.9999894]
[0.9999999]
[0.99995756]
[0.99998564]
[0.9999758]
[0.9999976]
[0.99999803]
[0.99999994]
[0.9999999]
[0.9999998]
[0.99997044]
[0.99999994]
[0.99999875]
[0.99999994]
[0.9999994]
[0.99999994]
[0.99998164]
[1.]
[0.9999945]
[0.99998105]
[0.99999887]
[0.9999984]
[1.]
[0.99999285]
[0.9999999]
[1.]
[0.99999875]
[0.9999984]
[0.9999989]
[0.99997526]
[0.9997616]
[0.9999999]
[0.9999999]
[0.9999974]
[1.]
[0.9999998]
[0.9999988]
[1.]
[0.9999999]
[0.9999999]
[0.9999999]
[1.]
[0.99999774]
[1.]
[0.999967]
[0.99999976]
[0.9999998]
[0.99997413]
[0.9999573]
[1.]
[0.9999974]
[0.9999908]
[0.99999046]
[0.9999984]
[0.99999994]
[0.99937737]
[1.]
[0.9998818]
[0.9990716]
[0.99999857]
[0.99999756]
[0.9999983]
[1.]
[0.9999448]
[0.99998236]
[0.9999465]
[0.9999994]
[0.99999666]
[0.99998605]
[0.99999833]
[0.9930645]
[0.9999928]
[0.999794]
[0.99999976]
[0.9999955]
[1.]
[0.99999464]
[0.99713314]
[0.9999993]
[0.99970627]
[0.9999633]
[0.999987]
[0.9999999]
[0.9999678]
[0.9998658]
[0.99979943]
[0.9999987]
[0.9999882]
[1.]
[1.]
[0.99979377]
[0.99997145]
[1.]
[1.]
[0.9996573]
[0.9999999]
[1.]
[0.99991477]
[0.99999994]
[0.99979985]
[0.9986776]
[1.]
[0.99999917]
[0.9999982]
[0.99998295]
[0.9996259]
[0.99999785]
[1.]
[0.9999954]
[0.99715835]
[0.9999974]
[0.99999976]
[0.99999905]
[0.999998]
[0.9999989]
[0.9999994]
[0.99999774]
[0.99999833]
[0.9998759]
[0.99999857]
[0.99999374]
[0.9999776]
[0.99997354]
[0.99999994]
[0.9999999]
[0.9999992]
[0.99999714]
[0.9999919]
[0.99895436]
[0.99956316]
[0.9999937]
[0.99999654]
[0.9999998]
[0.99529433]
[0.99999934]
[0.99999964]
[0.99916923]
[0.9999999]
[0.9999871]
[1.]
[0.999928]
[0.9999042]
[0.999978]
[0.99973]
[0.99999976]
[0.9999999]
[0.9965558]
[0.99999595]
[0.99971926]
[0.99998343]
[0.9999956]
[0.999997]
[0.9999995]
[1.]
[1.]
[0.9999994]
[0.99946594]
[0.9999964]
[0.99998885]
[0.9999987]
[0.99978966]
[0.99997795]
[0.9998502]
[0.9999709]
[0.9956703]
[0.9999998]
[0.99999785]
[0.9999862]
[0.9999285]
[0.9999998]
[0.9998988]
[0.9999999]
[0.9993954]
[0.99974513]
[0.996511]
[0.999999]
[0.99995863]
[0.9999992]
[0.9999393]
[0.99999905]
[0.9999999]
[0.9999711]
[0.99997836]
[0.9999927]
[0.9999999]
[0.9999999]
[0.9999999]
[0.99979806]
[0.99992913]
[0.9993144]
[1.]
[0.99947166]
[0.99999905]
[0.99999005]
[0.9979495]
[0.9999988]
[0.9999887]
[0.99999934]
[0.9999943]
[0.9999999]
[0.9993499]
[0.9999999]
[0.9998583]
[0.999025]
[0.9999984]
[0.9999993]
[0.9999999]
[0.9999994]
[0.9999818]
[0.9999998]
[0.99999976]
[0.9999996]
[0.9999449]
[0.9999999]
[0.9999983]
[0.99999976]
[0.9992885]
[1.]
[0.99985975]
[0.99999815]
[0.99999917]
[0.9997354]
[1.]
[1.]
[1.]
[0.9999914]
[0.99999833]
[0.99991095]
[0.9999989]
[0.9999998]
[0.9999994]
[1.]
[1.]
[0.99999994]
[0.99998784]
[0.99999976]
[0.9927538]
[0.9999999]
[0.99999934]
[0.9999827]
[0.9999987]
[0.9999944]
[0.99999297]
[0.99677527]
[0.9997796]
[0.9993901]
[0.99999964]
[0.99864733]
[0.9999995]
[0.9992418]
[0.9999993]
[1.]
[0.99999976]
[0.99999565]
[0.99998015]
[0.9999781]
[1.]
[0.99999976]
[0.9999995]
[0.99997413]
[0.99837977]
[0.99999994]
[1.]
[1.]
[0.9999997]
[0.99999654]
[0.9998903]
[0.9999994]
[0.9999757]
[0.99998355]
[0.9999995]
[0.99999845]
[0.9999994]
[1.]
[0.9999956]
[0.99999034]
[1.]
[0.9881524]
[0.99999964]
[0.99507755]
[0.9999999]
[0.9774699]
[1.]
[1.]
[0.99997866]
[0.99999535]
[0.9992368]
[0.99999875]
[0.9999261]
[0.9999963]
[0.9999967]
[0.99999857]
[0.99999976]
[1.]
[0.99999225]
[0.9999977]
[1.]
[0.9999982]
[0.9999981]
[0.9986036]
[1.]
[0.9995685]
[1.]
[0.9999974]
[0.9999633]
[0.99978673]
[0.99999964]
[0.9999994]
[0.9999999]
[0.99999976]
[0.999998]
[0.999973]
[0.999997]
[0.99999976]
[0.9999956]
[0.99999994]
[0.9995624]
[0.99999934]
[1.]
[0.99984694]
[0.99999714]
[0.99999976]
[0.9998725]
[0.9999994]
[0.9999967]
[0.9999999]
[0.99999356]
[0.9999999]
[0.9999665]
[0.9999999]
[0.9999474]
[0.99993145]
[0.9994025]
[0.9999987]
[0.9999789]
[0.9999835]
[0.9999998]
[0.9999947]
[0.99998605]
[0.9999998]
[0.9999986]
[0.99976593]
[0.9999943]
[0.99960506]
[0.99999666]
[0.99984765]
[1.]
[0.9999949]
[0.9999995]
[1.]
[0.99999714]
[0.9999999]
[0.9998433]
[0.9999852]
[0.99999964]
[0.9999999]
[0.99999964]
[1.]
[0.96890664]
[0.99999994]
[0.99998367]
[0.99999976]
[0.99974626]
[1.]
[0.9997045]
[0.9999316]
[0.9997754]
[0.99327356]
[0.99705124]
[1.]
[0.9985566]
[0.99985653]
[0.999863]
[0.99993587]
[0.9937599]
[1.]
[0.97008836]
[0.9999898]
[0.9999998]
[0.99998534]
[1.]
[0.9999999]
[0.99977255]
[0.99999976]
[0.9999998]
[0.99999845]
[0.9999999]
[0.9993795]
[0.99999756]
[0.9999999]
[0.9999107]
[0.9999909]
[0.9999998]
[0.99999917]
[0.9995987]
[0.9994745]
[0.9999713]
[0.999774]
[0.99975455]
[0.999998]
[0.99999994]
[0.99935776]
[0.9935169]
[0.9990727]
[0.99999994]
[0.9971012]
[0.99998605]
[0.9994626]
[1.]
[1.]
[0.9999806]
[0.9997014]
[0.9999991]
[0.9999937]
[0.99999726]
[0.9999995]
[0.9998435]
[0.999998]
[0.9999988]
[0.99998856]
[0.99163616]
[0.9999999]
[0.9957571]
[0.9996596]
[0.99992704]
[0.99999326]
[0.9999877]
[1.]
[0.9999813]
[0.9999999]
[0.99986905]
[0.99992245]
[0.97524333]
[0.9999994]
[0.9999995]
[0.99999994]
[0.99997836]
[1.]
[0.9999902]
[1.]
[0.9996969]
[0.99999964]
[0.99990916]
[0.99966264]
[0.99999917]
[0.9999703]
[1.]
[0.9999974]
[0.9999998]
[1.]
[0.9999999]
[0.9999995]
[0.99999976]
[0.9994377]
[0.9999963]
[0.9999621]
[0.99999976]
[1.]
[0.99999607]
[0.9999751]
[0.9997626]
[0.9999999]
[0.99927974]
[0.9968697]
[1.]
[0.9999993]
[1.]
[0.99974346]
[0.99997365]
[0.9999994]
[0.99999684]
[0.9999999]
[0.99996424]
[1.]
[0.99984264]
[0.99999964]
[0.9999999]
[0.999725]
[0.99999976]
[1.]
[0.9999999]
[1.]
[0.9999361]
[0.9999974]
[0.999997]
[0.99999285]
[0.9999917]
[1.]
[0.9993311]
[0.99999684]
[1.]
[0.9999993]
[0.99999964]
[0.9999996]
[1.]
[0.9999999]
[0.9999999]
[0.9873396]
[0.9999999]
[0.9999999]
[1.]
[0.9999873]
[0.9999994]
[1.]
[0.99994373]
[0.9999768]
[0.9998939]
[0.9999782]
[0.9999998]
[0.9999999]
[0.9999994]
[0.9995334]
[1.]
[1.]
[0.9999947]
[0.9999999]
[0.999978]
[0.9999999]
[1.]
[1.]
[0.99999666]
[0.9999999]
[1.]
[0.99987984]
[0.99994195]
[0.9999998]
[1.]
[0.9999999]
[0.9999999]
[1.]
[0.9999876]
[0.9985704]
[0.99999964]
[1.]
[0.9999999]
[0.9999999]
[0.9999962]
[0.9999197]
[0.99999934]
[0.99958646]
[0.9999989]
[0.9999999]
[0.9999678]
[0.99999905]
[1.]
[0.99999994]
[0.9977456]
[0.9999716]
[1.]
[0.9998325]
[0.99999774]
[1.]
[0.9999989]
[0.99999726]
[0.99999475]
[0.9999976]
[0.99979556]
[0.9999999]
[0.9999987]
[0.99996984]
[0.9999971]
[0.99999183]
[0.9999995]
[0.99996245]
[1.]
[1.]
[0.999997]
[0.99999917]
[0.99998677]
[0.99999976]
[0.9991036]
[0.9999999]
[0.9999994]
[0.9999993]
[0.99999905]
[0.99999976]
[0.9996659]
[0.9999609]
[0.99997294]
[0.99999875]
[0.9999989]
[0.9999993]
[1.]
[0.9999144]
[0.9999999]
[0.9999999]
[0.99999905]
[1.]
[1.]
[0.9974978]
[0.99989355]
[0.99999976]
[0.99999964]
[0.9998617]
[0.999997]
[0.99995744]
[0.9998756]
[0.99974775]
[0.9999999]
[0.9999972]
[0.99999833]
[0.99999726]
[0.9999996]
[0.9999902]
[0.99998415]
[0.9999757]
[0.999998]
[0.9999977]
[0.9999368]
[0.99999917]
[0.99999714]
[0.9999988]
[0.9999912]
[0.9995825]
[0.9999766]
[0.9999999]
[1.]
[0.99994695]
[1.]
[1.]
[0.9999987]
[1.]
[0.99999976]
[0.9999999]
[0.99971783]
[0.99997234]
[0.99999833]
[0.9999999]
[0.99991465]
[0.9999993]
[0.99999976]
[0.99999994]
[0.9999988]
[0.99986446]
[0.9999998]
[1.]
[0.9999956]
[0.999999]
[0.9995959]
[0.9999942]
[0.9999989]
[0.9999964]
[0.99996793]
[0.9986161]
[0.99999976]
[0.9999962]
[0.9999999]
[0.99999505]
[0.99906325]
[0.9999987]
[0.9999993]
[0.9999937]
[1.]
[0.99983716]
[1.]
[1.]
[0.99999774]
[0.9999994]
[0.9999944]
[1.]
[0.9999998]
[0.9999807]
[0.99999964]
[0.99999917]
[0.999992]
[0.9999865]
[0.99999917]
[1.]
[0.9999925]
[0.99999124]
[0.99967664]
[0.9999986]
[1.]
[0.99999106]
[0.99999964]
[0.9999821]
[1.]
[0.99999243]
[0.9999988]
[0.9999689]
[0.9999573]
[0.9916367]
[0.9999984]
[0.9999999]
[0.99997985]
[0.99999976]
[0.99999595]
[1.]
[0.99999905]
[0.9999999]
[0.9999999]
[0.9995474]
[0.9999956]
[0.99878764]
[0.9999995]
[0.9996567]
[0.9979847]
[0.9999466]
[0.99976563]
[0.99999964]
[0.99958026]
[0.9999999]
[0.9999627]
[0.99999976]
[0.99737567]
[0.99994206]
[0.99999917]
[1.]
[0.9999998]
[0.999999]
[0.9994672]
[0.9990731]
[0.9999957]
[0.99999833]
[0.99997497]
[0.9999856]
[0.9999994]
[0.9999557]
[0.9999989]
[0.9999954]
[0.99983037]
[0.99999774]
[0.99998295]
[0.99908364]
[0.99995303]
[0.99999666]
[0.9999866]
[0.99999803]
[0.9999994]
[0.98956454]
[1.]
[0.9999892]
[0.9999996]
[0.9996377]
[0.9999974]
[0.9998082]
[0.9991776]
[0.9999699]
[0.99999976]
[0.99999833]
[0.99990743]
[0.99999976]
[0.9999986]
[0.9999752]
[0.9999498]
[0.9999998]
[0.9999652]
[0.99998456]
[1.]
[1.]
[0.9999888]
[0.99949205]
[0.99997854]
[0.9999974]
[0.99999976]
[0.9999852]
[0.9999367]
[0.9999889]
[0.9999999]
[1.]
[0.9999393]
[0.9999999]
[0.9999083]
[0.9999943]
[0.99995303]
[0.9992436]
[0.9999999]
[0.9999993]
[0.9999999]
[0.9999708]
[0.99999994]
[0.99998987]
[0.99983954]
[0.9996905]
[1.]
[0.9999994]
[0.99999404]
[0.9999977]
[0.9999994]
[0.99997205]
[0.9999808]
[0.99997187]
[0.9999934]
[0.9996993]
[0.9999994]
[0.99999475]
[0.99999547]
[0.9999999]
[0.9999999]
[0.9999978]
[0.99999994]
[0.9999999]
[1.]
[0.9998768]
[0.99999297]
[0.9999997]
[0.99994624]
[0.99999833]
[1.]
[0.9999981]
[0.9999831]
[0.99999934]
[0.9999997]
[0.9849466]
[0.9999997]
[0.9999889]
[0.99999887]
[0.9999998]
[0.9999488]
[1.]
[1.]
[1.]
[0.9997623]
[0.9936117]
[0.99999994]
[1.]
[0.9999999]
[0.99999845]
[0.9995439]
[0.9999732]
[0.9999975]
[0.99999976]
[0.9998555]
[0.9999993]
[0.99965805]
[0.9999994]
[1.]
[0.9999974]
[0.9999998]
[1.]
[0.999999]
[0.99999917]
[0.9999998]
[0.99998236]
[0.99998444]
[0.9999748]
[0.99999905]
[0.99940485]
[0.9999999]
[0.9470804]
[0.99999845]
[0.99838054]
[0.9999583]
[0.9999901]
[0.99994767]
[1.]
[0.99993336]
[1.]
[0.98106205]
[0.99999774]
[1.]
[0.9999981]
[0.9998001]
[1.]
[0.9984673]
[0.9997383]
[0.9999998]
[0.9999931]
[1.]
[0.99999976]
[0.9999995]
[1.]
[0.99999344]
[1.]
[1.]
[0.99999976]
[0.9999997]
[1.]
[0.9999999]
[0.9999999]
[0.9993373]
[1.]
[0.99999815]
[0.9999868]
[0.9990329]
[0.99999964]
[0.99999917]
[1.]
[0.9986444]
[1.]
[0.99999875]
[0.9999962]
[0.9999999]
[0.99999964]
[0.99976474]
[0.9999998]
[0.9999999]
[0.9999665]
[0.9998021]
[0.99999994]
[0.9999999]
[0.9999873]
[0.99999917]
[1.]
[1.]
[0.99999595]
[0.99999964]
[0.9996184]
[1.]
[0.9999998]
[0.9999995]
[0.99999964]
[0.9979118]
[0.9999999]
[0.99999976]
[0.9999923]
[0.99925864]
[0.99979603]
[1.]
[0.9999999]
[1.]
[0.9999997]
[0.99998915]
[1.]
[0.9999989]
[1.]
[0.99999785]
[0.99506253]
[0.9999625]
[0.9986994]
[0.99999917]
[0.9999832]
[0.9999597]
[0.9999763]
[0.9999999]
[0.99999744]
[0.9999993]
[0.9999956]
[0.99999976]
[0.99999964]
[0.9999987]
[0.99999076]
[0.9999994]
[0.99999285]
[0.9999943]
[1.]
[0.9999815]
[1.]
[0.99999976]
[1.]
[0.99999577]
[0.99922156]
[0.99999976]
[0.99992824]
[1.]
[0.99981284]
[0.9999999]
[1.]
[0.9999943]
[1.]
[0.99999964]
[0.9999996]
[0.9999038]
[0.9999996]
[0.9999987]
[0.99999976]
[0.9999968]
[1.]
[0.99999654]
[0.9999999]
[0.99999976]
[0.99999684]
[0.99999976]
[0.9999983]
[0.9999979]
[0.9999984]
[0.9999999]
[0.99998975]
[0.9995093]
[1.]
[0.99998224]
[0.99786556]
[0.9999998]
[0.9999999]
[0.99987966]
[0.9999484]
[0.99999535]
[0.99999535]
[0.9999776]
[0.99999976]
[0.9999913]
[0.9999993]
[0.9999479]
[0.99999964]
[0.9999667]
[0.999027]
[0.9999846]
[0.9995243]
[0.99995923]
[0.9999957]
[0.99996805]
[0.98928714]
[0.99980867]
[1.]
[0.99999344]
[0.9999978]
[0.99998534]
[0.99763584]
[0.9999931]
[0.9999089]
[1.]
[0.999998]
[0.9999992]
[0.9999981]
[0.9999994]
[0.9999577]
[0.99999964]
[1.]
[0.99999136]
[0.99692947]
[1.]
[0.9999986]
[0.9999019]
[0.99999845]
[0.99998057]
[0.9999926]
[0.9991989]
[0.9996828]
[0.99999964]
[0.9999998]
[0.9999796]
[0.9985776]
[0.9999998]
[0.9999951]
[0.9999857]
[0.9999874]
[0.99713266]
[1.]
[0.9999124]
[0.9999998]
[0.99985147]
[0.99995315]
[0.99911344]
[0.99994946]
[0.9999967]
[0.99999845]
[0.9999654]
[0.99999976]
[0.99999994]
[1.]
[0.99999964]
[0.9999006]
[0.9999982]
[1.]
[0.9998764]
[0.9999999]
[0.9999778]
[0.9999999]
[1.]
[0.9999157]
[0.99999964]
[0.99999946]
[0.999849]
[0.99961805]
[0.99999917]
[0.99999535]
[0.998049]
[0.9999989]
[0.99999976]
[0.9999996]
[0.9999278]
[1.]
[0.99999905]
[0.9999998]
[0.9999999]
[1.]
[1.]
[0.9999855]
[0.9999973]
[0.9999999]
[0.9999999]
[0.99999917]
[1.]
[0.99999964]
[1.]
[0.99999976]
[0.99512005]
[0.9999962]
[0.99999696]
[0.99999994]
[1.]
[0.9999976]
[0.99999905]
[0.99999976]
[1.]
[0.9999992]
[0.99997604]
[0.9999999]
[0.9999625]
[0.9999889]
[0.99999994]
[0.9999998]
[0.99999857]
[0.99445105]
[0.9999976]
[0.9999993]
[1.]
[0.9958602]
[1.]
[0.9997939]
[0.99999326]
[0.9993871]
[0.99999726]
[0.99999636]
[1.]
[1.]
[0.99836934]
[0.99999917]
[0.9999012]
[1.]
[0.99999744]
[0.9999836]
[0.9999999]
[0.9999999]
[1.]
[0.9999994]
[0.9999998]
[0.9999975]
[0.9999201]
[0.9911107]
[0.99999976]
[0.9999956]
[1.]
[0.99958384]
[0.9999621]
[0.99999774]
[0.9999498]
[0.9999918]
[0.9999789]
[0.99999964]
[0.99991745]
[1.]
[0.99999845]
[0.99985766]
[0.9999948]
[0.99992144]
[0.9999998]
[0.9979085]
[1.]
[0.99999124]
[0.99971926]
[0.9999969]
[0.999995]
[0.99999523]
[0.9999975]
[0.99999976]
[0.9999976]
[1.]
[1.]
[0.99999666]
[0.9999963]
[0.99999183]
[0.999997]
[0.99999994]
[0.99999964]
[0.99999464]
[0.9999135]
[0.99999976]
[0.99990594]
[0.99998283]
[0.99999666]
[0.9999998]
[0.9999999]
[0.95118046]
[0.99982715]
[0.99999994]
[0.9999994]
[0.99999833]
[0.9999999]
[0.99996185]
[0.9999975]
[0.99994874]
[0.99997544]
[1.]
[1.]
[0.99999833]
[0.9999963]
[0.99999386]
[1.]
[1.]
[0.9999856]
[0.9999485]
[0.99999785]
[0.9999571]
[0.9999994]
[0.9999982]
[1.]
[0.9993866]
[0.99998045]
[1.]
[0.99999547]
[0.99961114]
[0.99999976]
[0.9999825]
[0.9999924]
[0.99999917]
[0.9999993]
[1.]
[0.99999666]
[1.]
[0.9995203]
[1.]
[1.]
[1.]
[1.]
[0.9999598]
[1.]
[0.9999152]
[0.99648786]
[0.9975234]
[0.99999]
[1.]
[0.99999964]
[0.9999999]
[0.9999987]
[0.99999845]
[0.9999818]
[0.99969935]
[0.99997914]
[0.9999994]
[0.99999774]
[0.9999981]
[0.99998593]
[0.99999917]
[0.99990416]
[0.9999963]
[0.99999905]
[0.9999997]
[0.9999776]
[0.99938166]
[0.9999894]
[0.99998856]
[0.99967647]
[0.9999997]
[0.9999999]
[0.9999996]
[0.9999969]
[0.99999905]
[0.9999981]
[0.9970222]
[0.99884546]
[0.998368]
[0.9978298]
[0.9999959]
[1.]
[0.9999987]
[0.9999939]
[0.99999934]
[0.9999969]
[0.9999974]
[0.9977887]
[0.999987]
[0.99999994]
[0.99987125]
[0.99995166]
[0.9999912]
[0.9998056]
[0.99999976]
[0.99999756]
[0.98187184]
[0.9997685]
[0.9999999]
[0.999815]
[0.9999831]
[0.99999535]
[0.9999957]
[0.9999169]
[0.99999917]
[0.9999819]
[0.9997165]
[0.9999795]
[1.]
[0.99994814]
[0.99969566]
[0.99999964]
[0.99994814]
[0.9998847]
[0.9981022]
[1.]
[1.]
[0.9999999]
[0.93546593]
[0.9999999]
[0.9999989]
[1.]
[0.9999886]
[0.99935406]
[0.99999774]
[0.99999994]
[0.9999667]
[0.9999746]
[0.9999999]
[0.99999976]
[0.9999993]
[0.9998522]
[1.]
[1.]
[0.99999547]
[0.9999882]
[0.99999887]
[0.99999994]
[0.9999975]
[0.9999999]
[0.99999946]
[0.9999983]
[0.99998873]
[1.]
[0.9998431]
[0.999982]
[0.9679784]
[0.9999999]
[0.9998498]
[0.9999943]
[0.9999932]
[1.]
[0.9999997]
[1.]
[1.]
[0.9999999]
[0.9999999]
[0.9999999]
[1.]
[0.9999248]
[0.99999684]
[1.]
[0.9664476]
[1.]
[0.9999999]
[0.99999964]
[1.]
[0.99999976]
[1.]
[1.]
[0.9999997]
[1.]
[0.99999994]
[1.]
[1.]
[0.99999964]
[0.99999905]
[0.9999887]
[0.99999654]
[0.9999989]
[0.9999817]
[0.9999999]
[0.9995419]
[0.9999999]
[0.99999905]
[0.9999081]
[0.999995]
[0.99999994]
[0.99878466]
[0.9999984]
[0.99993306]
[0.99552274]
[0.99999976]
[0.9998784]
[0.9999207]
[0.99997133]
[1.]
[0.99999183]
[0.99998677]
[0.9999137]
[0.99999976]
[1.]
[0.9999924]
[0.99999976]
[0.99999994]
[0.9999997]
[0.99988705]
[0.99998796]
[1.]
[1.]
[0.9999938]
[0.9999987]
[0.9999952]
[0.99999976]
[0.99999857]
[0.9999949]
[0.99997234]
[0.99999994]
[1.]
[0.99999833]
[1.]
[0.9999999]
[0.9995841]
[1.]
[0.9999995]
[1.]
[0.99999857]
[0.9999877]
[1.]
[0.99999976]
[0.99999976]
[1.]
[1.]
[1.]
[0.99999976]
[0.99990743]
[0.9999999]
[0.9999999]
[0.9999989]
[0.9999797]
[0.9999954]
[0.9999995]
[0.9999985]
[0.9999998]
[1.]
[0.9999999]
[0.99999374]
[0.9999982]
[0.9999949]
[1.]
[0.99994266]
[0.99995726]
[0.9999999]
[0.9999482]
[0.9981255]
[0.99999785]
[0.9999913]
[0.9997299]
[0.9999938]
[0.9999999]
[0.9999981]
[0.9999435]
[0.9999863]
[0.9999987]
[0.9999999]
[0.99999666]
[0.99994147]
[0.99988616]
[0.99995077]
[0.9968245]
[0.99999714]
[0.99999994]
[0.99999845]
[1.]
[0.999996]
[0.999871]
[0.9999999]
[0.9999975]
[0.9951893]
[0.9999144]
[0.99999994]
[1.]
[0.99999213]
[0.99999994]
[0.99998057]
[0.99970317]
[0.9999992]
[0.9999361]
[0.99999696]
[0.9999999]
[0.9999989]
[0.9999981]
[0.99954474]
[1.]
[1.]
[0.9999939]
[1.]
[0.999995]
[0.9999995]
[0.9999995]
[1.]
[0.9999997]
[0.99999577]
[0.99950033]
[0.9999982]
[0.9999996]
[0.9999943]
[0.9999675]
[0.9999988]
[0.99999833]
[0.9999716]
[0.99999964]
[0.99998814]
[0.99905705]
[0.99999976]
[0.99999976]
[0.99966955]
[0.9999999]
[0.99999905]
[0.9999998]
[0.9992404]
[0.9999912]
[0.9999576]
[0.9999869]
[0.99997056]
[0.9999046]
[0.9999924]
[0.99999905]
[0.9999999]
[1.]
[1.]
[0.99867475]
[0.999935]
[0.9978148]
[0.99993896]
[0.9994669]
[0.9999999]
[0.99930835]
[0.9999981]
[0.9994488]
[1.]
[0.9999999]
[0.9999992]
[1.]
[0.9999953]
[0.99999994]
[0.99999976]
[0.9999853]
[0.9999999]
[0.99999917]
[0.9999697]
[0.9999404]
[1.]
[0.9893569]
[0.99997866]
[0.9999914]
[0.99962676]
[1.]
[0.9999992]
[0.99999857]
[1.]
[0.9999939]
[0.99999875]
[0.99999905]
[0.9999135]
[1.]
[0.9999996]
[0.99999726]
[0.99999404]
[0.99833035]
[0.99999017]
[0.9999959]
[0.9999748]
[1.]
[0.9999999]
[0.9999999]
[0.9999978]
[0.9999997]
[0.9999517]
[0.9999222]
[0.9999926]
[0.99997187]
[1.]
[0.9999995]
[0.9999939]
[0.9999999]
[0.9999963]
[1.]
[0.99999976]
[1.]
[0.9999817]
[0.9999933]
[0.9986361]
[1.]
[1.]
[0.99792063]
[0.99998486]
[0.999554]
[1.]
[0.99999857]
[1.]
[1.]
[0.99999607]
[0.9999989]
[0.99994564]
[0.99995077]
[0.99999905]
[0.99994504]
[0.9999993]
[0.9999938]
[0.9999987]
[0.99999857]
[0.9999998]
[0.9999769]
[0.9999998]
[0.99999964]
[1.]
[0.9999441]
[0.99999815]
[0.99999654]
[0.9999838]
[1.]
[0.9999943]
[1.]
[1.]
[0.9999999]
[0.9996538]
[0.99999994]
[0.99999666]
[0.9999999]
[0.99948347]
[0.9999472]
[0.9999999]
[0.99997085]
[0.99961364]
[0.9999942]
[0.9999918]
[0.99999976]
[1.]
[0.99876285]
[0.9999993]
[0.9999999]
[0.999997]
[0.9999026]
[0.99959344]
[0.99999994]
[0.9983439]
[1.]
[0.9998338]
[0.99999857]
[0.9999969]
[0.999753]
[0.9999995]
[0.9998872]
[0.9999993]
[0.9982424]
[0.99997103]
[0.9997514]
[0.9949301]
[0.9999975]
[0.9999981]
[1.]
[0.99999183]
[0.99999964]
[0.999999]
[0.9999974]
[0.9999986]
[0.9999837]
[1.]
[0.999998]
[0.9999906]
[0.9999807]
[0.9999999]
[0.9999999]
[0.99991465]
[1.]
[0.9999999]
[0.9999998]
[0.99998057]
[0.9999975]
[0.9999914]
[0.9999615]
[0.99999917]
[0.99999976]
[0.9999999]
[0.9999233]
[0.9999977]
[0.9987016]
[0.99999905]
[0.99998975]
[0.99981916]
[0.9999999]
[0.9999869]
[0.9999998]
[0.99904263]
[0.9999737]
[0.99999905]
[0.9999786]
[0.9999927]
[0.9999997]
[0.9999907]
[0.9999634]
[0.99999976]
[0.9999999]
[0.9999865]
[1.]
[0.9999998]
[0.99999475]
[1.]
[0.9999999]
[1.]
[0.999999]
[0.9999999]
[0.999999]
[0.9990932]
[0.99970835]
[0.9999356]
[1.]
[0.9999982]
[0.99999803]
[0.999922]
[0.99999976]
[0.99999887]
[0.9999727]
[0.9746202]
[0.9999999]
[0.9999609]
[0.9999995]
[0.9999999]
[0.99998456]
[0.9999992]
[1.]
[1.]
[0.99999833]
[0.9999653]
[0.9999987]
[0.99998295]
[0.9999987]
[0.9999995]
[0.9999932]
[0.9999747]
[0.9999897]
[0.9999997]
[0.9999932]
[0.9982023]
[0.99999905]
[0.9999846]
[0.9999292]
[0.9984814]
[0.99861294]
[0.9999716]
[1.]
[0.999998]
[0.9999999]
[0.99999976]
[0.99998474]
[0.99999917]
[0.99999964]
[0.9999895]
[0.9978257]
[0.9991555]
[0.9999969]
[0.99998695]
[0.9999945]
[0.9971832]
[0.9999999]
[1.]
[0.95136803]
[0.99999344]
[0.99998206]
[0.99999845]
[0.99980277]
[0.9999198]
[0.9999996]
[1.]
[0.99995774]
[0.9998851]
[0.91931975]
[0.99999976]
[0.9999974]
[0.98914564]
[0.99998355]
[0.99999714]
[0.99999994]
[0.9999995]
[0.9999999]
[0.9999999]
[0.97040814]
[0.9999292]
[0.99999976]
[0.99999976]
[0.9999376]
[0.9998111]
[1.]
[0.99995863]
[1.]
[0.9999998]
[1.]
[0.9999998]
[0.9999881]
[0.9999996]
[0.9994662]
[0.9993882]
[0.9999999]
[0.9999927]
[0.9999998]
[0.99997103]
[0.9999993]
[0.99999785]
[0.92918193]
[0.9995291]
[0.99999344]
[0.9999999]
[0.9999993]
[0.99994624]
[0.99999994]
[0.99999994]
[0.9999999]
[1.]
[0.9990776]
[0.9999999]
[0.99967074]
[0.99999976]
[0.9999548]
[1.]
[1.]
[0.9999996]
[0.99999857]
[0.99999994]
[0.9999987]
[0.99991304]
[1.]
[1.]
[0.99999356]
[0.99996614]
[0.9991343]
[0.9999454]
[1.]
[0.99999976]
[0.99855685]
[0.9999999]
[0.9982487]
[0.99999994]
[0.9999905]
[1.]
[0.99998367]
[1.]
[0.9994989]
[0.9985573]
[1.]
[0.9999987]
[0.99980026]
[1.]
[0.9999777]
[0.9999959]
[0.99999976]
[0.9998462]
[0.9999996]
[0.9999999]
[0.99995494]
[0.99988633]
[0.99999976]
[0.9999772]
[0.9999997]
[0.9999981]
[0.99999857]
[0.99999994]
[0.9999981]
[1.]
[1.]
[0.9999905]
[0.99999833]
[0.99999857]
[0.9999999]
[0.9999999]
[0.9999994]
[0.9999997]
[0.9991581]
[1.]
[0.9999939]
[0.9999989]
[0.9999938]
[1.]
[0.99999934]
[0.9999998]
[0.9998559]
[0.99925774]
[0.9999999]
[0.9999863]
[1.]
[0.9998418]
[0.999717]
[0.99985325]
[0.99998766]
[1.]
[0.999998]
[1.]
[0.9999981]
[0.99999523]
[0.9999977]
[0.9994415]
[1.]
[1.]
[0.99997264]
[0.99999815]
[0.9994128]
[0.9999995]
[1.]
[0.9999536]
[0.99992204]
[0.9999999]
[1.]
[0.99971056]
[0.99969435]
[1.]
[0.9999938]
[0.9993386]
[0.9999499]
[0.999993]
[0.9962122]
[0.9998524]
[0.9996884]
[0.9999919]
[0.9999976]
[0.99999994]
[0.99999905]
[1.]
[0.99999994]
[0.98555624]
[0.9985211]
[0.9999573]
[1.]
[0.9878081]
[0.9996553]
[0.99999976]
[0.9997117]
[0.9999778]
[0.9999685]
[0.9999995]
[0.9998132]
[0.9957845]
[0.9999875]
[0.9999564]
[0.99999964]
[0.99999976]
[0.9991472]
[0.99977255]
[0.99999225]
[0.9999994]
[0.99999976]
[0.9999889]
[1.]
[0.99999976]
[0.9999919]
[0.9998433]
[0.9999988]
[0.99999976]
[0.9990815]
[0.9998284]
[0.9999928]
[0.99999404]
[0.99999285]
[0.99999976]
[0.99965346]
[0.9998055]
[0.9999999]
[0.9999944]
[0.9999516]
[0.99999714]
[0.99998367]
[0.9999999]
[0.9999992]
[0.9999629]
[0.99998784]
[0.9999998]
[0.9999994]
[0.9999999]
[0.9999995]
[0.9996486]
[0.99999154]
[0.99999726]
[0.9999908]
[0.9999959]
[0.99994653]
[0.9999931]
[0.9999999]
[0.99672115]
[0.9999998]
[0.9999966]
[0.9961302]
[0.99993944]
[0.9999971]
[0.9999913]
[1.]
[1.]
[0.9950242]
[0.9999994]
[0.99999976]
[0.99999976]
[0.9999959]
[0.99898994]
[0.9999975]
[0.9999998]
[0.99995756]
[0.99999756]
[0.99999994]
[0.9999995]
[0.9999999]
[1.]
[0.9999999]
[1.]
[0.99999976]
[0.9999967]
[0.99999994]
[1.]
[0.9999994]
[0.99997896]
[0.9999999]
[0.9999999]
[0.99997956]
[0.999999]
[0.9999984]
[0.99999994]
[0.9999143]
[0.9999999]
[0.99992144]
[0.9999988]
[0.99999976]
[1.]
[0.9999938]
[1.]
[1.]
[0.99999976]
[0.99999744]
[0.9999924]
[0.99999934]
[1.]
[0.99999976]
[0.99999774]
[0.9999999]
[1.]
[1.]
[0.9999997]
[1.]
[0.9999659]
[0.99999917]
[1.]
[0.99999946]
[0.999997]
[0.9999934]
[1.]
[0.9999999]
[0.99999976]
[0.9999999]
[0.99999917]
[0.99953306]
[1.]
[0.9999999]
[0.9998784]
[0.9982711]
[1.]
[0.9973491]
[1.]
[0.9999986]
[0.9999981]
[1.]
[0.9999999]
[0.9997592]
[1.]
[0.9998307]
[0.9999993]
[0.99999976]
[0.99999464]
[0.9999977]
[0.99999976]
[0.99999464]
[1.]
[0.9999999]
[0.9999411]
[0.9999989]
[0.99953884]
[1.]
[0.9999776]
[0.9999995]
[1.]
[0.9999858]
[0.9999956]
[0.87213564]
[0.998271]
[1.]
[0.99873316]
[0.99999994]
[1.]
[0.99993753]
[0.99998784]
[0.99999595]
[0.998787]
[1.]
[0.99914825]
[0.99999857]
[0.9999989]
[0.9999876]
[0.99999386]
[0.99991727]
[0.9999767]
[0.9999994]
[0.99999994]
[0.968115]
[0.9999995]
[0.9998545]
[0.99999243]
[0.9999997]
[0.99962616]
[0.9999641]
[0.9999938]
[1.]
[1.]
[0.99992573]
[0.9999412]
[0.9999974]
[0.99999857]
[0.99999785]
[0.99999964]
[1.]
[0.99999994]
[0.99999785]
[0.99993587]
[0.99982524]
[0.99999887]
[0.9998733]
[0.9999997]
[0.9999025]
[0.99985874]
[0.9999646]
[0.9999976]
[0.99999726]
[1.]
[1.]
[1.]
[0.9999906]
[0.9998442]
[0.99998116]
[0.99999964]
[1.]
[0.9999995]
[0.9999999]
[0.9999958]
[1.]
[0.99999595]
[0.9997275]
[0.99999964]
[0.9999004]
[0.99998194]
[0.99998045]
[1.]
[0.99996454]
[0.9824569]
[0.9999999]
[0.999997]
[1.]
[0.9999994]
[0.9999999]
[0.99987876]
[0.99999857]
[0.9999995]
[0.9999999]
[0.9999992]
[0.9997976]
[0.9999994]
[0.99999875]
[0.99999964]
[0.9999832]
[0.9999993]
[0.99999994]
[0.9999973]
[0.99999964]
[0.9999907]
[0.9999988]
[0.99999833]
[0.99957496]
[1.]
[0.99506783]
[0.9991027]
[0.9999999]
[0.9999999]
[0.9999847]
[1.]
[0.9999715]
[0.9955603]
[0.9999995]
[1.]
[0.99938595]
[0.9627135]
[0.9999999]
[0.9999993]
[0.99988997]
[0.99981225]
[0.9999993]
[0.9999739]
[1.]
[0.9999996]
[0.9988337]
[0.9999975]
[0.9999999]
[0.9999997]
[0.9990472]
[1.]
[0.9998379]
[0.9929692]
[0.9999998]
[1.]
[0.99999857]
[0.9999769]
[0.99929833]
[1.]
[0.99964404]
[0.99999815]
[1.]
[0.9999945]
[0.9999993]
[0.99999845]
[0.99616283]
[0.9999393]
[0.9999999]
[0.9999999]
[0.99999684]
[0.9999999]
[0.99998665]
[1.]
[0.9999979]
[0.99993855]
[0.9999997]
[1.]
[0.9999998]
[0.9999999]
[0.9999999]
[0.9999957]
[1.]
[0.99999607]
[0.99999833]
[1.]
[0.9999999]
[1.]
[0.99999994]
[0.9999993]
[1.]
[1.]
[0.99999475]
[0.9999883]
[0.9999999]
[0.9999679]
[1.]
[0.9997293]
[0.99999595]
[0.99961996]
[0.9999909]
[0.9999721]
[1.]
[0.9999927]
[0.99999976]
[0.99997306]
[0.99999017]
[0.99998367]
[0.9999598]
[0.9748013]
[0.99999994]
[0.99900484]
[0.9999994]
[0.9999995]
[0.99999964]
[0.99999917]
[0.9999949]
[1.]
[0.9999999]
[0.99998933]
[0.9999975]
[0.9999988]
[1.]
[0.999997]
[0.99935627]
[0.9999621]
[0.9995742]
[0.99999964]
[0.9999999]
[0.99914443]
[0.99999976]
[0.9999987]
[0.9999998]
[0.9988485]
[0.99963975]
[1.]
[0.9999891]
[1.]
[0.9996954]
[1.]
[0.9999894]
[0.99999774]
[0.9982221]
[0.9999962]
[0.9999999]
[0.9999998]
[0.9999999]
[1.]
[1.]
[0.99999046]
[0.9999992]
[0.9999999]
[0.9999714]
[1.]
[0.9997289]
[0.99938655]
[0.9999995]
[0.997822]
[0.99997985]
[0.99999696]
[0.99999297]
[0.9999683]
[0.99999756]
[0.99999535]
[0.9999509]
[0.9999354]
[0.9999995]
[0.9999998]
[0.9999994]
[1.]
[0.99998647]
[1.]
[0.9999994]
[0.99997914]
[0.9999151]
[0.99979174]
[1.]
[0.9999999]
[0.9999087]
[0.9999987]
[0.9998195]
[0.9999999]
[0.9999995]
[0.9999963]
[0.9999999]
[0.9999995]
[0.9999944]
[0.999949]
[0.9999729]
[0.9999993]
[0.9998443]
[0.9999958]
[0.99999976]
[0.9999768]
[0.9981421]
[0.9999999]
[0.99998105]
[0.9999974]
[0.99999917]
[0.97797483]
[0.9999994]
[1.]
[0.99999845]
[0.9989546]
[0.9996145]
[0.9999364]
[0.999998]
[0.9999957]
[0.9999984]
[0.99983525]
[0.9999615]
[1.]
[0.99999154]
[0.9994405]
[0.9999999]
[0.9943754]
[0.99999976]
[0.99999845]
[0.9999984]
[0.99995434]
[0.9997858]
[0.99997455]
[0.99976027]
[0.99997085]
[0.9999998]
[1.]
[0.9999999]
[0.99999976]
[0.99996936]
[0.9999943]
[0.99999976]
[0.99999976]
[0.99999976]
[0.9999999]
[0.99998826]
[0.99991274]
[0.99999994]
[1.]
[0.9942702]
[0.99999607]
[0.99998844]
[0.99998236]
[0.99999774]
[0.99999976]
[0.9900392]
[0.9999919]
[0.99999213]
[0.99999976]
[0.99960816]
[0.9999999]
[0.9993205]
[0.9999914]
[0.9999989]
[0.9999933]
[0.9999902]
[0.99956465]
[0.9999999]
[0.9999992]
[1.]
[0.9999994]
[0.9999939]
[1.]
[0.9938425]
[0.9997618]
[0.9998394]
[0.99999976]
[0.9998989]
[0.99999964]
[1.]
[0.9999983]
[0.9999865]
[0.9999999]
[0.99999976]
[0.9999872]
[0.9999999]
[0.9999998]
[0.9996881]
[0.9999924]
[0.9999999]
[0.99918973]
[0.9999998]
[1.]
[0.99988824]
[0.999999]
[0.99978864]
[0.9999608]
[0.99893314]
[0.99997246]
[0.99999976]
[0.9999994]
[0.99999964]
[0.9995918]
[0.9999688]
[0.99984825]
[0.9999831]
[0.9999996]
[1.]
[0.99999964]
[1.]
[0.99999464]
[0.9999976]
[0.9999997]
[1.]
[0.99999964]
[0.9999989]
[0.99999964]
[0.9999968]
[0.9998113]
[0.99990094]
[0.9999523]
[0.9999993]
[0.9999131]
[0.99999976]
[0.99993813]
[0.9999998]
[0.9999995]
[0.99752784]
[0.9999765]
[0.9999999]
[0.99999964]
[0.99999464]
[1.]
[0.9998987]
[0.9999974]
[0.9999999]
[0.9999997]
[0.99999845]
[1.]
[1.]
[0.99997103]
[0.99999976]
[0.9995398]
[0.999633]
[0.9969506]
[1.]
[0.9999995]
[0.9989672]
[1.]
[0.9998957]
[0.9999815]
[0.9999999]
[0.99994254]
[1.]
[0.99999964]
[0.99998546]
[0.9999999]
[0.9999982]
[0.9999834]
[0.99940795]
[0.99999964]
[0.99987286]
[0.99999756]
[0.9999999]
[0.99999905]
[0.99999905]
[0.9999571]
[0.9999939]
[0.99999946]
[0.9999999]
[0.9999999]
[0.9999997]
[0.9999988]
[0.9999893]
[0.99967426]
[0.9999584]
[0.9999952]
[0.9999975]
[0.9999999]
[0.99999976]
[0.99999976]
[0.9999869]
[0.9999932]
[0.9994774]
[0.99999976]
[0.9999999]
[0.99998707]
[0.99995923]
[0.9999999]
[0.99999213]
[0.99999905]
[1.]
[0.99999976]
[1.]
[0.99949217]
[0.9999948]
[0.9999994]
[0.9998882]
[0.99996924]
[0.99999976]
[0.9999971]
[0.99999976]
[0.9999988]
[0.999997]
[0.9999995]
[0.9985081]
[0.9998396]
[0.99998415]
[0.99996364]
[0.9999993]
[0.9999933]
[0.999998]
[0.99994767]
[0.9999975]
[0.9999999]
[0.99998903]
[0.9999279]
[0.9999937]
[0.9999822]
[1.]
[1.]
[0.99999964]
[0.9999752]
[0.99998516]
[1.]
[0.99998736]
[0.99998003]
[1.]
[0.9999765]
[0.999995]
[0.9999989]
[0.9999989]
[0.99999726]
[0.99966353]
[0.9999796]
[0.9999999]
[0.99999386]
[1.]
[1.]
[0.9999864]
[1.]
[1.]
[0.9999842]
[0.9998846]
[0.99819875]
[0.99999976]
[0.9999814]
[0.999994]
[0.99986136]
[0.999987]
[0.9637234]
[0.9999933]
[0.99999994]
[0.99999976]
[0.9999597]
[1.]
[0.99995434]
[0.99999785]
[0.9999999]
[0.99999964]
[0.9999999]
[0.99997044]
[0.99982375]
[0.9999827]
[0.9999995]
[0.99998844]
[0.99999046]
[0.9999876]
[0.99991864]
[0.999992]
[0.9999944]
[0.9999994]
[1.]
[0.99986017]
[0.99995553]
[0.99998415]
[0.9999994]
[0.99999166]
[0.99999976]
[1.]
[0.9999999]
[1.]
[0.99999994]
[0.9999992]
[0.99996275]
[0.99999994]
[0.999987]
[0.9999999]
[1.]
[0.99999964]
[0.9999814]
[0.99999726]
[0.99998164]
[1.]
[0.9999689]
[0.9999901]
[0.9999958]
[0.9999919]
[0.9982234]
[0.99999994]
[0.9998652]
[0.9999797]
[0.9999982]
[0.9999822]
[0.9999958]
[0.9999998]
[1.]
[0.99999964]
[0.9999958]
[0.999407]
[0.9998286]
[0.9999082]
[0.9999882]
[0.9999913]
[1.]
[0.9994503]
[0.9999992]
[0.99997723]
[0.99999917]
[0.9999833]
[0.99997985]
[0.95584357]
[0.9999641]
[0.9999974]
[0.99997383]
[0.99978364]
[0.9999976]
[1.]
[0.99998784]
[0.99999315]
[0.99998873]
[0.99999976]
[1.]
[0.9999864]
[0.9999999]
[0.99959266]
[0.99998593]
[0.99999917]
[0.999948]
[0.999609]
[0.9999694]
[0.9999998]
[0.9999998]
[0.9999992]
[0.99999166]
[0.99984264]
[0.9999998]
[0.99999964]
[0.99999714]
[0.9999995]
[0.9618411]
[1.]
[0.9999999]
[0.99999976]
[0.999995]
[0.9999546]
[0.99999917]
[0.999823]
[0.99999124]
[0.9999984]
[0.99999905]
[1.]
[0.9999998]
[0.9999999]
[0.9999989]
[0.9999938]
[0.9999998]
[0.9999982]
[0.9999999]
[0.9999999]
[1.]
[0.9999995]
[1.]
[1.]
[1.]
[1.]
[1.]
[0.9999839]
[0.9999998]
[0.9999999]
[0.99999887]
[0.99998856]
[0.99999535]
[0.99999]
[1.]
[1.]
[0.99999815]
[1.]
[0.9999938]
[0.9999998]
[0.9999803]
[1.]
[0.99999887]
[0.9999999]
[0.99999905]
[0.99999994]
[0.99998015]
[0.9999902]
[0.9911156]
[0.9998517]
[0.99999833]
[0.9999994]
[0.99863553]
[0.9999951]
[0.99999326]
[0.9739101]
[0.99849766]
[0.99999964]
[0.99965525]
[0.9992807]
[0.99951214]
[0.9999994]
[1.]
[0.9999994]
[0.9999998]
[0.9999982]
[0.99993694]
[1.]
[0.9999255]
[1.]
[0.9999782]
[1.]
[0.99997663]
[0.9999825]
[0.99999833]
[0.9999999]
[0.9999919]
[0.9999204]
[0.99998724]
[0.99999225]
[0.9999143]
[0.99999976]
[0.9999924]
[0.99999976]
[0.9997813]
[0.99999994]
[0.99996835]
[0.9999995]
[0.9999665]
[0.99998224]
[1.]
[0.9999978]
[0.9999999]
[1.]
[0.9999999]
[0.99253225]
[0.99952245]
[0.9999998]
[0.9974767]
[1.]
[0.9990783]
[0.99999976]
[0.9997525]
[0.99999905]
[0.99999976]
[1.]
[0.9998692]
[1.]
[0.9999999]
[1.]
[0.99999976]
[1.]
[0.99999195]
[0.99999833]
[0.999421]
[0.99999905]
[0.9999999]
[0.9996543]
[0.99999976]
[0.9994793]
[0.9999993]
[0.99999946]
[1.]
[0.9999812]
[0.99998903]
[1.]
[0.9999982]
[0.9999784]
[0.99998873]
[0.9999999]
[0.9999999]
[0.9985773]
[1.]
[0.9999988]
[0.99987507]
[0.9999981]
[0.99999976]
[0.9999341]
[0.9996394]
[1.]
[0.9379116]
[0.9999846]
[0.9990657]
[0.9999998]
[1.]
[0.99999976]
[0.9999684]
[0.99999994]
[0.99999976]
[0.9999997]
[0.998684]
[0.99999994]
[0.999995]
[0.99999183]
[0.9931018]
[0.999991]
[0.9954488]
[0.9996664]
[1.]
[0.9999951]
[0.9999865]
[1.]
[0.99999833]
[0.99993837]
[0.9999963]
[0.99999905]
[0.99999964]
[0.99997866]
[0.9978861]
[0.9999995]
[0.9999997]
[0.99999964]
[1.]
[1.]
[0.99999994]
[0.9999996]
[0.9999993]
[0.9999996]
[0.9999996]
[0.9999999]
[0.99999976]
[0.9998926]
[1.]
[0.99999714]
[1.]
[1.]
[1.]
[0.9999989]
[0.9999808]
[1.]
[0.9997182]
[1.]
[0.9999999]
[0.99999285]
[1.]
[0.9999999]
[1.]
[0.9999997]
[0.9999848]
[0.9999999]
[0.9999989]
[1.]
[1.]
[0.99999833]
[1.]
[1.]
[0.99999857]
[0.9999994]
[0.9992754]
[0.9999999]
[0.9992601]
[0.99999905]
[0.9999976]
[0.99985397]
[0.99999994]
[0.99999595]
[0.9999999]
[1.]
[0.9999994]
[1.]
[0.9999972]
[0.99999994]
[1.]
[0.9999988]
[0.9993589]
[0.99376094]
[0.99995506]
[0.9997242]
[0.9999988]
[0.99997723]
[0.99999857]
[0.99998665]
[1.]
[0.99998796]
[0.99999654]
[0.99999833]
[0.9999997]
[0.99994516]
[1.]
[0.9999996]
[0.9999908]
[0.99995595]
[0.9996947]
[0.99999976]
[0.9999374]
[0.99998176]
[0.9999012]
[0.999602]
[0.9999678]
[0.99993336]
[0.99996835]
[0.9996829]
[0.9997921]
[0.9906504]
[1.]
[0.99999726]
[0.99998736]
[0.99999976]
[0.9999712]
[1.]
[0.9999772]
[0.9999999]
[0.9964493]
[0.99996316]
[0.9986042]
[0.99999905]
[0.9999868]
[0.99999666]
[1.]
[0.9999862]
[0.9999994]
[0.99999976]
[0.9999932]
[1.]
[0.9999994]
[0.9999987]
[0.9999995]
[1.]
[0.99999905]
[0.99991214]
[0.99993896]
[0.99998313]
[0.9999669]
[0.99998486]
[0.99922824]
[0.9999999]
[0.99992037]
[0.99673176]
[0.99999535]
[0.98043656]
[1.]
[0.9999565]
[0.9999808]
[0.9999125]
[0.99999976]
[0.9999988]
[0.999965]
[0.9998758]
[0.9999958]
[0.99992704]
[0.99973714]
[1.]
[1.]
[0.99370456]
[0.99988776]
[0.99996257]
[0.99999917]
[1.]
[0.99914837]
[0.9999992]
[0.9998641]
[0.9996339]
[0.99995226]
[0.9999999]
[0.9998008]
[0.9999637]
[0.99999994]
[0.9999819]
[0.99999833]
[0.99999976]
[0.99999714]
[0.99999917]
[1.]
[0.9999992]
[0.9999756]
[0.99527663]
[1.]
[0.9999969]
[0.9999985]
[1.]
[0.99963]
[0.9999784]
[1.]
[0.99999154]
[1.]
[1.]
[0.9999995]
[0.9999908]
[0.9999996]
[0.99999994]
[0.9999979]
[0.99998206]
[0.9955944]
[0.9999943]
[0.9999995]
[0.9998286]
[0.99999547]
[0.9999995]
[0.9994904]
[0.9998247]
[0.9997816]
[0.9999957]
[0.9999626]
[0.99999976]
[0.9999999]
[0.99999976]
[0.9997833]
[0.99986905]
[0.99995816]
[0.999982]
[0.9999995]
[1.]
[0.99998176]
[0.9999999]
[0.99956954]
[0.9999951]
[0.99994445]
[0.99999845]
[0.99999714]
[0.9999815]
[1.]
[0.9999998]
[0.9999949]
[0.9999919]
[0.99999523]
[0.99999774]
[0.99999917]
[0.99999964]
[0.9999997]
[0.99899817]
[0.9999995]
[0.99999964]
[0.99999905]
[0.99999326]
[0.99999976]
[0.9999999]
[0.99999976]
[0.99999774]
[1.]
[1.]
[1.]
[0.9999752]
[0.99999976]
[0.9999944]
[0.9999648]
[0.9999956]
[1.]
[0.9999777]
[0.99999917]
[0.9999994]
[0.9999998]
[0.99999064]
[0.9999999]
[0.99998283]
[0.99999994]
[0.99993825]
[0.99999976]
[0.99999994]
[0.9999852]
[0.99999917]
[0.9999994]
[0.9999999]
[0.99999994]
[0.9999896]
[0.99999976]
[0.99999994]
[0.9999997]
[0.9998996]
[0.9975076]
[0.9999999]
[0.9999963]
[0.9999999]
[0.9999999]
[0.9999879]
[1.]
[0.9999994]
[0.99999994]
[0.9999987]
[0.9998455]
[0.99999666]
[0.9999939]
[0.99999976]
[0.9998687]
[0.9998487]
[0.9999869]
[0.9999871]
[0.9996598]
[0.9999963]
[0.9999989]
[0.9995523]
[0.9999987]
[0.9998683]
[0.99999785]
[0.9999769]
[0.9999999]
[0.9999937]
[0.9999999]
[0.9999987]
[1.]
[0.999999]
[0.99999404]
[0.9999771]
[1.]
[0.9998348]
[0.9999565]
[0.9999945]
[0.99999774]
[0.99999905]
[0.999999]
[0.99999696]
[0.9999999]
[0.99968445]
[0.99751663]
[0.9999976]
[0.9999257]
[0.9999999]
[0.9999802]
[0.9999987]
[1.]
[0.9999999]
[0.99999976]
[1.]
[0.99973035]
[0.9999991]
[0.9998176]
[0.9999969]
[1.]
[0.9999999]
[0.99875057]
[0.99999994]
[1.]
[0.9999999]
[1.]
[1.]
[0.99995774]
[0.9999999]
[0.9999875]
[0.9999999]
[0.9990413]
[0.99999887]
[0.9999999]
[1.]
[1.]
[0.99999243]
[0.9999996]
[0.99792695]
[0.99999976]
[0.9999777]
[0.99999833]
[0.9998166]
[0.99999774]
[0.999979]
[0.999999]
[1.]
[0.9999995]
[0.9999971]
[0.99956185]
[0.99990225]
[0.9999945]
[0.99999994]
[0.9999995]
[1.]
[0.99984837]
[0.9999926]
[0.99999964]
[0.9998172]
[1.]
[0.99998045]
[0.9999989]
[0.9999981]
[0.999983]
[0.9999989]
[0.99998856]
[0.99999976]
[0.9999946]
[0.99999994]
[0.9999995]
[0.99999934]
[0.9998373]
[0.99999833]
[0.99998677]
[0.9999982]
[0.99999726]
[0.9999949]
[0.9999955]
[0.9999999]
[1.]
[1.]
[0.9999348]
[0.9999958]
[0.9999974]
[0.9999998]
[0.9999964]
[0.9999994]
[0.99999714]
[0.9999994]
[0.99999994]
[0.9999722]
[0.9999958]
[0.9999403]
[0.9974524]
[0.9999616]
[0.9999992]
[0.9999988]
[0.9999434]
[0.9999986]
[0.99999964]
[0.99998975]
[0.9999453]
[0.99999964]
[0.9999994]
[1.]
[0.9999987]
[1.]
[0.9984765]
[0.99999684]
[0.9997363]
[0.9999956]
[0.99997926]
[0.9999935]
[0.99686986]
[0.99995905]
[0.9999942]
[0.99968755]
[1.]
[0.9999995]
[0.99999785]
[1.]
[0.9999999]
[0.9999865]
[0.99999416]
[0.99899745]
[1.]
[0.9999994]
[0.9999997]
[0.9999568]
[0.99999905]
[1.]
[0.99999094]
[1.]
[0.9995301]
[0.99999285]
[0.99998575]
[0.9999982]
[0.9998856]
[1.]
[0.9998169]
[0.99754477]
[1.]
[0.99896204]
[0.99999845]
[1.]
[0.99012995]
[1.]
[0.9999955]
[0.99999976]
[0.99998724]
[1.]
[0.99999976]
[0.99997365]
[0.9999992]
[0.9838828]
[0.99998933]
[0.9999532]
[0.9999976]
[0.9995956]
[1.]
[0.9999778]
[0.9999997]
[1.]
[0.9999839]
[1.]
[0.99992645]
[0.9999999]
[0.99999696]
[0.99998283]
[0.99999994]
[0.99999994]
[0.99975204]
[0.9999926]
[1.]
[0.9999827]
[1.]
[0.99999064]
[0.99999833]
[0.9999697]
[1.]
[0.9999367]
[0.9998412]
[0.999998]
[0.99999934]
[1.]
[0.99999917]
[0.9937016]
[0.9996249]
[0.99995077]
[0.99999607]
[0.99986744]
[0.9999994]
[0.99999774]
[0.99999666]
[1.]
[0.9999998]
[0.99981284]
[0.9999988]
[0.9999855]
[0.9999999]
[0.999726]
[0.99999994]
[0.9999945]
[0.9999997]
[0.96037936]
[0.9999622]
[0.9999945]
[0.9999996]
[0.9989096]
[0.99974585]
[0.99999994]
[0.99878234]
[0.9999895]
[1.]
[0.99998295]
[0.9999999]
[1.]
[0.9999987]
[0.9999515]
[0.9999999]
[0.99802613]
[0.9998716]
[1.]
[0.9999986]
[1.]
[1.]
[1.]
[0.99999976]
[0.9998975]
[1.]
[1.]
[1.]
[0.99999714]
[0.99999976]
[0.99999595]
[0.9997822]
[0.999977]
[0.9999894]
[1.]
[0.9984168]
[0.9999859]
[0.9999994]
[0.9999993]
[1.]
[0.99999225]
[1.]
[0.9999737]
[0.99996907]
[0.99999774]
[0.9999987]
[0.99999154]
[0.9999893]
[1.]
[0.99999833]
[0.9999985]
[0.99999535]
[0.9999928]
[0.9999913]
[0.9999999]
[0.99994075]
[0.9661849]
[0.9893484]
[1.]
[0.9996944]
[0.9999962]
[0.9999995]
[0.99999297]
[0.9999862]
[1.]
[0.99991953]
[0.99999994]
[0.9999901]
[0.99992985]
[1.]
[0.9999957]
[1.]
[0.9999999]
[1.]
[0.9999946]
[0.9999945]
[1.]
[0.9998253]
[0.99999994]
[1.]
[0.99997306]
[0.99671113]
[0.9999858]
[0.999987]
[1.]
[0.999887]
[0.99999976]
[1.]
[1.]
[0.9999983]
[0.99998826]
[0.9999999]
[0.9999995]
[0.9999767]
[0.9999975]
[0.9999243]
[0.99999774]
[0.99959254]
[0.9999125]
[0.9981661]
[1.]
[0.99996895]
[0.9999882]
[0.99930835]
[0.9999998]
[0.9999999]
[0.99998045]
[0.9999997]
[0.9999995]
[0.9998709]
[0.9952379]
[0.99999976]
[1.]
[0.9999965]
[0.9999911]
[0.999998]
[0.9991281]
[0.99999976]
[1.]
[0.9985309]
[0.99997544]
[0.9999857]
[0.9999995]
[0.9999698]
[0.9999965]
[1.]
[0.9999984]
[1.]
[1.]
[0.9999529]
[0.99995697]
[0.9999201]
[0.99999464]
[0.9999299]
[0.9999397]
[0.9997206]
[0.9999999]
[0.99999934]
[0.99998546]
[0.999942]
[1.]
[0.9999981]
[0.9999999]
[0.99999243]
[0.999772]
[0.9999765]
[0.9999989]
[0.9999999]
[1.]
[1.]
[0.9999967]
[0.9999909]
[1.]
[0.9970678]
[0.9999882]
[0.9999989]
[0.87638116]
[0.99996257]
[0.99972785]
[0.99995697]
[0.9997141]
[0.9999653]
[1.]
[0.9999844]
[0.9999608]
[0.99999976]
[0.99999857]
[0.99999964]
[0.9999945]
[0.99996066]
[0.99999976]
[0.9997426]
[0.999999]
[0.99999994]
[0.99999815]
[0.99999994]
[0.9999387]
[0.9999568]
[0.9994457]
[0.9999968]
[0.99999595]
[1.]
[0.9986438]
[0.9999987]
[0.99999547]
[0.99999714]
[0.99900544]
[0.99999976]
[0.99999976]
[1.]
[0.99999976]
[0.9999997]
[1.]
[0.99999964]
[0.9999458]
[0.999838]
[1.]
[0.9999932]
[0.9999999]
[0.9999549]
[0.9999901]
[0.99999976]
[0.99999976]
[0.9999822]
[0.99998105]
[0.9999981]
[0.99999195]
[0.99999976]
[0.9999988]
[1.]
[0.9999994]
[1.]
[1.]
[0.9999993]
[0.9999987]
[0.999555]
[0.99999857]
[1.]
[1.]
[0.9999988]
[1.]
[0.99999976]
[0.99998546]
[0.99999714]
[0.9999998]
[0.9999998]
[0.99847674]
[0.9999999]
[1.]
[1.]
[0.9999652]
[0.99945396]
[0.9999999]
[0.9999997]
[0.9999946]
[0.9999801]
[0.9999999]
[0.999998]
[0.99875057]
[1.]
[0.9999992]
[0.99999774]
[1.]
[0.99999964]
[0.9999992]
[0.99999726]
[0.9999949]
[1.]
[0.9999991]
[1.]
[0.9999999]
[0.9999815]
[0.99999976]
[1.]
[0.99997264]
[0.99997467]
[1.]
[0.99698234]
[1.]
[1.]
[0.9979439]
[0.99956715]
[0.9999999]
[1.]
[0.99931467]
[0.9999994]
[0.9835948]
[0.9999993]
[1.]
[0.99999887]
[0.9999671]
[0.99999976]
[0.9999813]
[1.]
[0.9999947]
[0.99999976]
[0.9999996]
[0.99997425]
[0.9999957]
[0.9999974]
[1.]
[0.9999986]
[0.99999917]
[0.9865097]
[0.9999959]
[0.9999992]
[0.9999799]
[0.9999998]
[0.9941846]
[0.99999976]
[0.99999917]
[0.9999999]
[0.9965929]
[0.99691266]
[0.99999845]
[1.]
[0.99999976]
[1.]
[1.]
[0.9999998]
[0.9999967]
[0.9999995]
[0.99999654]
[0.9999999]
[0.9998754]
[0.9999996]
[0.99999654]
[0.9999997]
[1.]
[0.99972904]
[0.99999964]
[0.99999976]
[0.9999986]
[0.9997567]
[1.]
[0.9999998]
[1.]
[1.]
[0.99999964]
[0.9999638]
[1.]
[1.]
[0.99999803]
[0.9999995]
[1.]
[0.99999946]
[0.99979424]
[0.9997878]
[0.99999183]
[0.9999995]
[0.9988894]
[0.99999547]
[0.9999281]
[1.]
[1.]
[1.]
[0.99995637]
[0.9999999]
[0.9999998]
[1.]
[1.]
[0.999984]
[0.9999963]
[0.9999999]
[0.9997203]
[0.99999845]
[0.99999964]
[0.9997698]
[0.99999857]
[1.]
[0.99999976]
[1.]
[0.9999962]
[0.99999994]
[0.9999967]
[0.99999845]
[0.9999995]
[0.99995804]
[0.99999976]
[0.99999976]
[0.99999106]
[1.]
[1.]
[0.9999999]
[0.99999905]
[1.]
[0.9999852]
[0.9998076]
[0.9998089]
[0.9999979]
[0.9999999]
[0.99999964]
[0.99996734]
[0.9999994]
[0.9999971]
[0.9999947]
[0.99998045]
[0.9999999]
[0.9998989]
[0.9999617]
[0.9999994]
[0.9999945]
[0.9994117]
[0.9990821]
[0.99999976]
[0.99999994]
[1.]
[0.99997246]
[0.9987357]
[0.99992955]
[0.99419844]
[0.99998677]
[1.]
[1.]
[0.9998386]
[0.9999999]
[1.]
[1.]
[0.9999758]
[0.99738383]
[1.]
[0.9999989]
[0.9999931]
[0.9997225]
[1.]
[0.99999714]
[0.99999857]
[0.99999475]
[0.9999938]
[0.99998915]
[0.99998456]
[0.99921215]
[1.]
[0.9999912]
[0.9999989]
[0.99999857]
[1.]
[1.]
[0.9999987]
[0.9999994]
[0.999996]
[0.9999024]
[0.9999999]
[0.99999887]
[0.99999416]
[0.99999964]
[0.99997336]
[0.9999967]
[0.9999745]
[0.9999997]
[0.99997914]
[0.999999]
[0.9993311]
[1.]
[1.]
[0.99994475]
[0.9997826]
[0.99996924]
[1.]
[1.]
[0.99999595]
[0.99964786]
[0.9999986]
[0.9998777]
[0.99999666]
[1.]
[0.99999756]
[0.999968]
[1.]
[0.9999995]
[0.9999992]
[0.9999951]
[0.9998857]
[0.9999988]
[0.9999988]
[0.9999999]
[0.9999939]
[1.]
[0.99999774]
[0.99999964]
[0.9999999]
[0.99999964]
[0.99518275]
[0.99999404]
[0.99999094]
[0.99999714]
[0.9997655]
[0.99995565]
[1.]
[1.]
[0.99998266]
[0.99976397]
[0.9999988]
[0.99817324]
[0.99999785]
[0.99999726]
[0.9999996]
[0.9998845]
[0.99900055]
[0.99999523]
[0.9999854]
[1.]
[1.]
[0.99996316]
[0.99999845]
[0.99999726]
[0.917392]
[0.9999237]
[0.99999607]
[0.99533886]
[0.99873966]
[0.9738461]
[0.99999976]
[0.9999858]
[0.99998766]
[0.9999963]
[1.]
[1.]
[0.99999905]
[0.9999956]
[0.9999995]
[1.]
[0.9998859]
[1.]
[0.99999386]
[1.]
[0.9999998]
[0.9999988]
[0.99988043]
[0.9999926]
[1.]
[1.]
[0.99999636]
[0.99989796]
[0.99999976]
[0.99995923]
[0.99999505]
[0.9999961]
[0.9999989]
[0.99998826]
[0.9999927]
[0.9999982]
[0.99994814]
[0.99999976]
[0.99996036]
[1.]
[0.9999989]
[0.9999993]
[0.9999654]
[0.9999994]
[0.9996951]
[0.9999714]
[0.9999999]
[0.999997]
[0.9997984]
[0.9999927]
[0.99997485]
[0.9999999]
[0.9999949]
[0.9995443]
[1.]
[1.]
[0.9999999]
[0.9999368]
[0.99999416]
[0.9998549]
[0.99999917]
[0.9999895]
[1.]
[1.]
[0.99999964]
[0.99999434]
[0.99999976]
[0.9999924]
[0.99999976]
[0.99999994]
[0.9999993]
[0.9999991]
[1.]
[0.99999905]
[0.999998]
[0.9992373]
[0.99999964]
[0.99999994]
[0.99999994]
[0.99970394]
[0.999974]
[0.9999995]
[0.9993601]
[0.99999356]
[0.9995099]
[0.99998593]
[0.99995416]
[0.9618803]
[0.99998856]
[0.9999999]
[0.9999995]
[0.99999857]
[1.]
[0.99999964]
[0.9999589]
[0.99990547]
[0.997839]
[0.9999447]
[1.]
[0.9999999]
[1.]
[0.9999999]
[0.9999942]
[0.99999976]
[0.99999404]
[0.99999905]
[0.99999666]
[0.9999948]
[0.99999714]
[0.99999994]
[0.9999999]
[0.9999999]
[0.9999999]
[0.99999917]
[0.99999833]
[0.99999845]
[0.9992467]
[0.9999995]
[0.9999999]
[1.]
[1.]
[0.99999976]
[0.9999931]
[0.99996734]
[0.9999996]
[0.9999999]
[0.9999974]
[0.9999905]
[0.999984]
[0.9999544]
[0.9999995]
[0.9998952]
[1.]
[0.99999505]
[0.9998526]
[0.9999234]
[0.9999995]
[0.9999986]
[0.99874306]
[0.99999964]
[0.9999999]
[0.9999616]
[0.98726064]
[0.9999942]
[0.99992836]
[0.99999845]
[1.]
[0.99999833]
[0.99247044]
[0.9997699]
[0.9999721]
[0.9999993]
[0.9999969]
[0.99999374]
[0.999999]
[0.999987]
[0.99992067]
[1.]
[0.9999998]
[0.9999994]
[0.99999917]
[0.9997959]
[0.99999905]
[0.99999976]
[0.99999833]
[0.9999999]
[0.9999998]
[1.]
[0.9998802]
[1.]
[0.9999999]
[0.9999994]
[0.99999917]
[0.9992231]
[0.9999667]
[0.99999964]
[0.99999285]
[0.9981525]
[0.99998605]
[1.]
[0.99998486]
[0.9998522]
[0.9999999]
[0.9999516]
[1.]
[0.9999993]
[0.9999999]
[0.99995506]
[0.99997675]
[0.99999917]
[0.99383754]
[0.99999666]
[0.9999999]
[1.]
[0.99987686]
[0.9977353]
[0.99999666]
[0.999997]
[0.9999973]
[1.]
[0.9999944]
[0.9999999]
[0.9999997]
[0.9999572]
[0.99999976]
[0.99993086]
[0.9999999]
[0.9997562]
[0.99997485]
[0.9999999]
[0.9999995]
[0.9999988]
[0.99999607]
[0.99999917]
[1.]
[0.9999966]
[1.]
[0.9999884]
[0.9999995]
[1.]
[0.9999999]
[1.]
[0.9999987]
[0.99999905]
[0.9999808]
[0.9999844]
[1.]
[0.9999778]
[0.99990356]
[1.]
[0.9999976]
[0.9999998]
[0.9999763]
[0.999999]
[0.9999999]
[1.]
[0.999998]
[0.9999994]
[0.9999981]
[1.]
[1.]
[0.9992691]
[1.]
[1.]
[0.9999998]
[0.9999808]
[0.99999976]
[0.99999535]
[0.9999994]
[0.99999785]
[0.9999969]
[0.99998033]
[1.]
[0.99999523]
[0.99999326]
[0.9999998]
[0.99999976]
[0.99999046]
[0.9999999]
[1.]
[0.99999964]
[0.9999678]
[0.9999902]
[0.9999908]
[0.9999999]
[0.9999572]
[0.9999993]
[0.99999994]
[1.]
[0.9999987]
[0.9999974]
[0.9999157]
[0.99999905]
[1.]
[0.9999969]
[1.]
[0.99999976]
[0.99999917]
[0.9998889]
[1.]
[0.9999999]
[0.9999999]
[0.9999958]
[0.9999992]
[1.]
[0.9999994]
[0.99999994]
[0.9999151]
[0.99999535]
[0.9999928]
[0.9999999]
[0.9999977]
[0.9999994]
[0.9999941]
[0.99996096]
[0.9999674]
[0.9999841]
[0.9999995]
[0.99999976]
[0.99999994]
[0.9999763]
[0.9999939]
[0.9997176]
[1.]
[0.99992466]
[0.9999924]
[0.9999722]
[0.9999875]
[0.9999815]
[0.9996724]
[0.99997616]
[0.9999472]
[0.9999989]
[1.]
[0.99978834]
[0.99999994]
[1.]
[0.9999738]
[0.9999971]
[1.]
[0.99999976]
[0.99999976]
[0.9999997]
[0.9999999]
[0.999996]
[0.9999913]
[0.99999964]
[0.99999994]
[0.99999785]
[1.]
[0.9999544]
[0.9999902]
[0.99999905]
[0.9999999]
[0.999998]
[0.9999678]
[0.999998]
[0.9997916]
[0.9999999]
[0.9999963]
[0.9999896]
[0.9999932]
[0.9992775]
[0.9999977]
[0.99999905]
[0.9999999]
[0.99999964]
[1.]
[1.]
[1.]
[0.9999999]
