Model: MO_GAAL
Dataset 18: thyroid.mat
Time taken: 513.9081280231476 seg.
Accuracy: 0.0
@scores
[0.7603986]
[0.80234385]
[0.83223796]
[0.8602743]
[0.83383834]
[0.8064052]
[0.65965694]
[0.8777447]
[0.8161974]
[0.66634727]
[0.85640776]
[0.88793516]
[0.8431339]
[0.8437586]
[0.8882167]
[0.88786924]
[0.8726121]
[0.8547349]
[0.7863096]
[0.8338014]
[0.7794709]
[0.8458241]
[0.81539047]
[0.7682353]
[0.8479128]
[0.71579164]
[0.7546841]
[0.7960903]
[0.9024724]
[0.83559]
[0.8802217]
[0.8176318]
[0.9131932]
[0.86972654]
[0.8883617]
[0.8694351]
[0.62404424]
[0.82232535]
[0.05603665]
[0.20715284]
[0.8844248]
[0.5449362]
[0.7763132]
[0.85124564]
[0.8892333]
[0.7346896]
[0.8651967]
[0.78324795]
[0.8198607]
[0.8215847]
[0.88624746]
[0.8664005]
[0.7559329]
[0.884235]
[0.8674452]
[0.838132]
[0.89714825]
[0.9064834]
[0.57697964]
[0.69659334]
[0.91035795]
[0.87279046]
[0.7405267]
[0.83758944]
[0.6728344]
[0.79188716]
[0.79494816]
[0.7719461]
[0.68079823]
[0.90239716]
[0.8519]
[0.6672475]
[0.7249222]
[0.88404125]
[0.6966748]
[0.7631055]
[0.8062817]
[0.8427104]
[0.87212956]
[0.84245896]
[0.82424307]
[0.91079295]
[0.21392462]
[0.733629]
[0.87306666]
[0.8563448]
[0.8767785]
[0.8646964]
[0.85472155]
[0.88134074]
[0.79283375]
[0.891742]
[0.25041562]
[0.87554747]
[0.8634976]
[0.8437603]
[0.89637923]
[0.8515491]
[0.8454109]
[0.8121636]
[0.8501642]
[0.8430606]
[0.58431625]
[0.8664142]
[0.8770915]
[0.7729688]
[0.7779895]
[0.8538004]
[0.7406138]
[0.82411253]
[0.8779906]
[0.74000144]
[0.8494508]
[0.8976922]
[0.8291029]
[0.8624425]
[0.89927167]
[0.8175386]
[0.8178654]
[0.90311015]
[0.88176346]
[0.42409974]
[0.7764487]
[0.88592577]
[0.8452745]
[0.7236601]
[0.8120325]
[0.7414033]
[0.7627622]
[0.70937526]
[0.8428161]
[0.85255516]
[0.8974816]
[0.88636994]
[0.8580422]
[0.3200565]
[0.86810625]
[0.88638186]
[0.8820232]
[0.48297784]
[0.6930802]
[0.8808842]
[0.8412802]
[0.8134676]
[0.79380506]
[0.8199837]
[0.72698504]
[0.8785956]
[0.8872175]
[0.8780817]
[0.7355511]
[0.721506]
[0.8714167]
[0.8783458]
[0.73037285]
[0.8213458]
[0.79308194]
[0.8672805]
[0.70881784]
[0.77946377]
[0.89133906]
[0.8595375]
[0.7987668]
[0.79499805]
[0.8118433]
[0.78791845]
[0.7851136]
[0.85659933]
[0.92272997]
[0.9319651]
[0.79494774]
[0.7583601]
[0.84222156]
[0.89087]
[0.902453]
[0.86203]
[0.8496518]
[0.8410348]
[0.74382627]
[0.80993986]
[0.71531045]
[0.82441044]
[0.9259316]
[0.8356217]
[0.79702884]
[0.8379028]
[0.8161516]
[0.8858268]
[0.7564531]
[0.8456734]
[0.8181101]
[0.8786578]
[0.7561003]
[0.87968695]
[0.6038436]
[0.8381746]
[0.7867961]
[0.5815612]
[0.7352071]
[0.82437813]
[0.7790921]
[0.87948203]
[0.6839336]
[0.86287415]
[0.81765175]
[0.7380366]
[0.58548075]
[0.8936353]
[0.90562224]
[0.71118414]
[0.9034699]
[0.88925076]
[0.8739818]
[0.880635]
[0.8938676]
[0.89094937]
[0.84536576]
[0.7609476]
[0.7248133]
[0.8435292]
[0.8594301]
[0.7793412]
[0.8494756]
[0.88590926]
[0.87467325]
[0.8884727]
[0.83524364]
[0.83905685]
[0.77797335]
[0.64474815]
[0.7522084]
[0.8042653]
[0.9102442]
[0.66634053]
[0.68196136]
[0.8644479]
[0.738996]
[0.87719375]
[0.78994465]
[0.81532514]
[0.7901628]
[0.7315575]
[0.74829024]
[0.76651275]
[0.85587204]
[0.89391667]
[0.8852576]
[0.82557994]
[0.84201556]
[0.7275276]
[0.7694496]
[0.8506491]
[0.7796693]
[0.62980837]
[0.8373212]
[0.7442082]
[0.82161045]
[0.834531]
[0.8457738]
[0.81497145]
[0.8537438]
[0.8405484]
[0.9056679]
[0.8700664]
[0.7459279]
[0.880365]
[0.83559]
[0.87467325]
[0.8257209]
[0.8387784]
[0.8525084]
[0.8419148]
[0.87422717]
[0.8405097]
[0.7814057]
[0.66068596]
[0.87495685]
[0.7655551]
[0.7549504]
[0.8441434]
[0.88330966]
[0.6554602]
[0.88704735]
[0.7835843]
[0.71301323]
[0.7308271]
[0.8570576]
[0.7846004]
[0.8583797]
[0.86183035]
[0.81365114]
[0.9002918]
[0.9127957]
[0.7552147]
[0.8425479]
[0.81596047]
[0.8517973]
[0.8081996]
[0.7993485]
[0.8719703]
[0.8771539]
[0.86883384]
[0.8400274]
[0.89955807]
[0.6810012]
[0.82627165]
[0.8624007]
[0.8875754]
[0.89227533]
[0.9251627]
[0.7531199]
[0.62969303]
[0.84312356]
[0.8834166]
[0.7209145]
[0.8683591]
[0.51036584]
[0.8850614]
[0.80009586]
[0.86210436]
[0.8736849]
[0.72526836]
[0.8808198]
[0.8771539]
[0.8501859]
[0.85878956]
[0.8797729]
[0.65299654]
[0.9087023]
[0.7712483]
[0.88669074]
[0.78005314]
[0.8787904]
[0.8097416]
[0.88391566]
[0.86686826]
[0.88134074]
[0.8386156]
[0.90109205]
[0.9004738]
[0.67487997]
[0.8477502]
[0.9031336]
[0.8761729]
[0.8274336]
[0.908576]
[0.87769127]
[0.6983359]
[0.73936784]
[0.6050826]
[0.8931123]
[0.77507496]
[0.80756736]
[0.77649486]
[0.8423991]
[0.70026124]
[0.8108223]
[0.81734693]
[0.7797035]
[0.8567256]
[0.74790514]
[0.77696615]
[0.8547549]
[0.8812856]
[0.7459916]
[0.7233445]
[0.7602526]
[0.8560201]
[0.5586328]
[0.8309462]
[0.80225736]
[0.8030225]
[0.7978424]
[0.84572136]
[0.8253435]
[0.81181085]
[0.8274197]
[0.89658]
[0.6669977]
[0.9074284]
[0.87098837]
[0.8322307]
[0.82226735]
[0.8859005]
[0.86328924]
[0.7994715]
[0.8825431]
[0.9078909]
[0.8771539]
[0.77609974]
[0.7628966]
[0.44920182]
[0.80274117]
[0.8775513]
[0.73650753]
[0.7383591]
[0.6573074]
[0.8134259]
[0.8189596]
[0.76454365]
[0.8675068]
[0.8639044]
[0.87553793]
[0.798213]
[0.60875225]
[0.75968766]
[0.87127626]
[0.8677267]
[0.9025217]
[0.6777782]
[0.8565253]
[0.7364034]
[0.88571703]
[0.87467754]
[0.7419894]
[0.80922997]
[0.86093706]
[0.795117]
[0.75149703]
[0.8771539]
[0.8687693]
[0.8130332]
[0.71235406]
[0.7107387]
[0.734231]
[0.7816038]
[0.79025245]
[0.8854108]
[0.80642974]
[0.83709556]
[0.8496881]
[0.86891717]
[0.6708878]
[0.79338795]
[0.87003434]
[0.84292436]
[0.81942976]
[0.8212366]
[0.6679718]
[0.83559]
[0.87098837]
[0.67027426]
[0.83262295]
[0.7051784]
[0.6638784]
[0.606649]
[0.78593135]
[0.78593135]
[0.83559]
[0.85943055]
[0.7933944]
[0.7689051]
[0.8802883]
[0.8637614]
[0.8730434]
[0.8265154]
[0.74872786]
[0.7818889]
[0.86567575]
[0.8457253]
[0.86356634]
[0.8762609]
[0.82179254]
[0.81493664]
[0.8245015]
[0.9103715]
[0.86856914]
[0.7836055]
[0.88099486]
[0.89538074]
[0.8464385]
[0.83358765]
[0.8839363]
[0.759722]
[0.8634535]
[0.6986113]
[0.8229576]
[0.85233235]
[0.9025191]
[0.8760304]
[0.87191814]
[0.87284225]
[0.88134074]
[0.88134074]
[0.8516383]
[0.89171726]
[0.90351343]
[0.7883981]
[0.87098837]
[0.8413598]
[0.8716821]
[0.83997154]
[0.8713117]
[0.79330057]
[0.811497]
[0.84204614]
[0.8484381]
[0.7891935]
[0.7703866]
[0.80816126]
[0.8730575]
[0.8997266]
[0.87868536]
[0.8262519]
[0.8050327]
[0.89279246]
[0.90735984]
[0.8955223]
[0.6714551]
[0.8742046]
[0.83626115]
[0.8403241]
[0.875332]
[0.8457698]
[0.86410356]
[0.5426055]
[0.6539202]
[0.69763076]
[0.84717476]
[0.8392264]
[0.7678956]
[0.76581633]
[0.86778295]
[0.8226251]
[0.7937832]
[0.7266867]
[0.8851361]
[0.84660995]
[0.42444122]
[0.8015752]
[0.7765186]
[0.8702033]
[0.8744457]
[0.85697854]
[0.8904247]
[0.876799]
[0.89211863]
[0.8811325]
[0.8307265]
[0.83155775]
[0.84908175]
[0.773863]
[0.8820801]
[0.73380387]
[0.77681994]
[0.8352953]
[0.78593135]
[0.8476299]
[0.8387784]
[0.83559]
[0.9031074]
[0.9033402]
[0.9043114]
[0.8773359]
[0.80782306]
[0.67737764]
[0.8562881]
[0.8839202]
[0.71261394]
[0.8811672]
[0.87376064]
[0.88531953]
[0.6783277]
[0.8135135]
[0.82911426]
[0.85140157]
[0.8590361]
[0.8289267]
[0.8075841]
[0.79977536]
[0.740408]
[0.8689861]
[0.87191814]
[0.87284225]
[0.839051]
[0.88608694]
[0.80785316]
[0.8118433]
[0.88608694]
[0.8630122]
[0.8922143]
[0.70695215]
[0.40398806]
[0.4835225]
[0.6971395]
[0.71009135]
[0.63110304]
[0.4930602]
[0.84347767]
[0.849771]
[0.86378956]
[0.8123348]
[0.85520554]
[0.88651955]
[0.8253844]
[0.8351381]
[0.87336075]
[0.8913454]
[0.8582506]
[0.9040824]
[0.8809072]
[0.8489529]
[0.8858596]
[0.6983183]
[0.86844397]
[0.7973936]
[0.8943648]
[0.8949281]
[0.874434]
[0.6998098]
[0.7035494]
[0.8795438]
[0.8795438]
[0.81931365]
[0.8235506]
[0.865685]
[0.80926704]
[0.9102871]
[0.81679493]
[0.8495276]
[0.5346818]
[0.77433896]
[0.86413336]
[0.82906157]
[0.62583673]
[0.7584295]
[0.8144417]
[0.8504994]
[0.9116104]
[0.65131676]
[0.8695812]
[0.57411283]
[0.86105806]
[0.72044384]
[0.89781666]
[0.7912729]
[0.7985022]
[0.8432344]
[0.8478609]
[0.80359334]
[0.83420664]
[0.8663709]
[0.85158336]
[0.7171043]
[0.85907114]
[0.79117656]
[0.8688555]
[0.82097405]
[0.9036368]
[0.8579538]
[0.8415365]
[0.8031126]
[0.8046485]
[0.66844785]
[0.8357488]
[0.8647417]
[0.84666777]
[0.88391566]
[0.88493204]
[0.88493204]
[0.8188856]
[0.7993672]
[0.83853334]
[0.8748314]
[0.8655326]
[0.8257209]
[0.8979635]
[0.7707399]
[0.8084136]
[0.8370911]
[0.78908634]
[0.90604794]
[0.8789946]
[0.86228836]
[0.21221644]
[0.6181736]
[0.938894]
[0.88680804]
[0.8543738]
[0.8602493]
[0.89045435]
[0.82108814]
[0.89571655]
[0.8729282]
[0.83978033]
[0.80521345]
[0.73907024]
[0.8693203]
[0.9083291]
[0.8982401]
[0.8677871]
[0.89140105]
[0.8283492]
[0.8186144]
[0.9108161]
[0.78799784]
[0.8446706]
[0.8608693]
[0.79757154]
[0.7990566]
[0.791089]
[0.8403551]
[0.7683008]
[0.851434]
[0.11851299]
[0.9083674]
[0.8498261]
[0.9190012]
[0.8373247]
[0.86975116]
[0.79531604]
[0.72479296]
[0.81651497]
[0.8323512]
[0.8973255]
[0.8953117]
[0.8818596]
[0.87634826]
[0.84346426]
[0.8917609]
[0.8814719]
[0.74878424]
[0.80431414]
[0.8325807]
[0.9010992]
[0.88147557]
[0.7970331]
[0.87841326]
[0.8952818]
[0.8390956]
[0.80746466]
[0.80851585]
[0.82940185]
[0.8704798]
[0.7377868]
[0.8306987]
[0.8133445]
[0.856001]
[0.8780797]
[0.8632272]
[0.84138775]
[0.71551794]
[0.0163025]
[0.8843346]
[0.89312345]
[0.8675792]
[0.8482139]
[0.8360698]
[0.8694581]
[0.66161114]
[0.909407]
[0.6472374]
[0.6793279]
[0.90909886]
[0.7768876]
[0.8272693]
[0.8689232]
[0.15301535]
[0.8724082]
[0.66094315]
[0.8372122]
[0.89894116]
[0.8913535]
[0.414922]
[0.74893135]
[0.70123625]
[0.89894515]
[0.86625767]
[0.86015075]
[0.82249105]
[0.8560832]
[0.83082044]
[0.8438227]
[0.7649689]
[0.7040889]
[0.8411372]
[0.8197963]
[0.88186425]
[0.85609245]
[0.8834046]
[0.83661324]
[0.86043]
[0.85671306]
[0.91530085]
[0.8459914]
[0.7417612]
[0.8072517]
[0.8596782]
[0.75737625]
[0.84492224]
[0.8323512]
[0.8257209]
[0.8570642]
[0.9101639]
[0.8558513]
[0.85308427]
[0.7267361]
[0.8359818]
[0.79848635]
[0.80565417]
[0.774187]
[0.83962274]
[0.83875734]
[0.82040083]
[0.8188173]
[0.9078611]
[0.8272042]
[0.8799583]
[0.6388189]
[0.86453575]
[0.8818494]
[0.5611253]
[0.8095402]
[0.8742001]
[0.8182188]
[0.84256625]
[0.87634826]
[0.7905102]
[0.8917233]
[0.82383525]
[0.62346184]
[0.8427415]
[0.69236696]
[0.8525084]
[0.8697879]
[0.63625866]
[0.903872]
[0.8606193]
[0.5968285]
[0.8788223]
[0.8278346]
[0.78719515]
[0.9121222]
[0.8729755]
[0.83599734]
[0.8939158]
[0.88608694]
[0.88493204]
[0.79514986]
[0.8808046]
[0.72131133]
[0.8479073]
[0.815986]
[0.89184785]
[0.8721764]
[0.8154187]
[0.8574736]
[0.86640364]
[0.6267835]
[0.82371694]
[0.73392457]
[0.8848474]
[0.89128816]
[0.8481978]
[0.8443987]
[0.7809548]
[0.45410988]
[0.87875]
[0.60595834]
[0.62917453]
[0.81140107]
[0.881085]
[0.47043586]
[0.7915554]
[0.7663903]
[0.8176948]
[0.8292672]
[0.6323444]
[0.8210238]
[0.70120835]
[0.86776805]
[0.77978086]
[0.71779597]
[0.8466176]
[0.7623397]
[0.756989]
[0.84085506]
[0.8723851]
[0.89839584]
[0.7132635]
[0.8761406]
[0.8697566]
[0.7661474]
[0.88961697]
[0.8211274]
[0.8392091]
[0.8749628]
[0.7427852]
[0.7255902]
[0.7473137]
[0.8732987]
[0.68233097]
[0.6966114]
[0.6833344]
[0.85851204]
[0.8867067]
[0.87382436]
[0.8930627]
[0.8647214]
[0.87528336]
[0.8403779]
[0.8705697]
[0.8870848]
[0.8653235]
[0.8165331]
[0.6243995]
[0.7844334]
[0.86763716]
[0.779132]
[0.7387129]
[0.712568]
[0.71218586]
[0.84265333]
[0.8118433]
[0.7874472]
[0.9048402]
[0.81863403]
[0.72583294]
[0.88286114]
[0.6503998]
[0.811798]
[0.60142916]
[0.81696546]
[0.80410445]
[0.885602]
[0.82562184]
[0.8652115]
[0.76527345]
[0.8942047]
[0.66713226]
[0.7660578]
[0.8213735]
[0.69653666]
[0.8687417]
[0.8317026]
[0.78253007]
[0.8403065]
[0.8888522]
[0.8939555]
[0.7761129]
[0.7717228]
[0.76838756]
[0.90363026]
[0.88884217]
[0.88134074]
[0.9087988]
[0.74309534]
[0.84458786]
[0.8323512]
[0.73287636]
[0.7756922]
[0.76526904]
[0.8158617]
[0.6841965]
[0.8530999]
[0.88007796]
[0.8261291]
[0.79351485]
[0.78516793]
[0.7615285]
[0.6258192]
[0.7718588]
[0.7817036]
[0.85776865]
[0.549209]
[0.7678411]
[0.8595588]
[0.7437768]
[0.85330987]
[0.79784495]
[0.4726019]
[0.87921154]
[0.88765204]
[0.81353974]
[0.53877246]
[0.78349036]
[0.77042735]
[0.8583056]
[0.86834323]
[0.85374343]
[0.9047494]
[0.89107066]
[0.89990866]
[0.82094586]
[0.83559]
[0.8543414]
[0.8577234]
[0.50004035]
[0.89913493]
[0.9217405]
[0.82079923]
[0.884144]
[0.80768096]
[0.79080576]
[0.89373475]
[0.8160081]
[0.8919768]
[0.8186203]
[0.8320353]
[0.77082014]
[0.8053025]
[0.8620826]
[0.90304863]
[0.7980943]
[0.7096967]
[0.8834046]
[0.8909246]
[0.81513906]
[0.70876604]
[0.8281183]
[0.9080318]
[0.8538058]
[0.868397]
[0.8677541]
[0.78557605]
[0.8027173]
[0.75966465]
[0.7292291]
[0.40261155]
[0.8915912]
[0.82887983]
[0.83029413]
[0.81745744]
[0.81589043]
[0.8843297]
[0.8728437]
[0.39314014]
[0.85617584]
[0.831789]
[0.70699865]
[0.66608536]
[0.899407]
[0.8844379]
[0.8884094]
[0.78026736]
[0.8130165]
[0.80285835]
[0.8393301]
[0.8449692]
[0.8542111]
[0.831928]
[0.875322]
[0.86032677]
[0.86678135]
[0.8577]
[0.83332515]
[0.8087534]
[0.9189737]
[0.89064276]
[0.89700484]
[0.8354802]
[0.89675164]
[0.9199846]
[0.86648613]
[0.68236744]
[0.8465917]
[0.87278897]
[0.9125202]
[0.8228208]
[0.85056984]
[0.84492224]
[0.8567604]
[0.74615306]
[0.76984215]
[0.8112165]
[0.8265694]
[0.8836579]
[0.7447138]
[0.78206694]
[0.79038924]
[0.85101855]
[0.7870445]
[0.837704]
[0.88582623]
[0.87246835]
[0.8042613]
[0.77146447]
[0.9307444]
[0.87818825]
[0.86146057]
[0.8384542]
[0.4548617]
[0.8103353]
[0.86677325]
[0.7731592]
[0.8096365]
[0.711986]
[0.82906157]
[0.8377032]
[0.77084696]
[0.8147894]
[0.8318323]
[0.8812875]
[0.8652487]
[0.88289154]
[0.7654544]
[0.8612281]
[0.71622914]
[0.47415566]
[0.8471987]
[0.8370682]
[0.90480626]
[0.88388574]
[0.57342994]
[0.8257722]
[0.80903035]
[0.7417549]
[0.84167856]
[0.8061563]
[0.8065819]
[0.71513045]
[0.759651]
[0.19650188]
[0.81245065]
[0.5374934]
[0.7768549]
[0.7997751]
[0.8476511]
[0.84839976]
[0.8476299]
[0.88543725]
[0.87191814]
[0.6507588]
[0.78018475]
[0.76811594]
[0.76400924]
[0.87627876]
[0.44881135]
[0.86227435]
[0.8769387]
[0.8813448]
[0.8689861]
[0.88608694]
[0.90670323]
[0.7264035]
[0.7280877]
[0.8734962]
[0.7450485]
[0.75071347]
[0.8815172]
[0.8689861]
[0.76328975]
[0.6492704]
[0.8550853]
[0.8741796]
[0.72808915]
[0.75314]
[0.74750066]
[0.6826108]
[0.6547923]
[0.87454104]
[0.7669225]
[0.8091589]
[0.8423003]
[0.8554126]
[0.8792752]
[0.7507971]
[0.7802589]
[0.92947793]
[0.79878247]
[0.8339907]
[0.80835915]
[0.87431365]
[0.7517943]
[0.88688713]
[0.83401567]
[0.883151]
[0.72870296]
[0.8340257]
[0.9032103]
[0.79290444]
[0.80564547]
[0.8548011]
[0.6366451]
[0.86827433]
[0.83869827]
[0.78831685]
[0.818022]
[0.78170556]
[0.7734821]
[0.8635388]
[0.642152]
[0.86854434]
[0.89661825]
[0.8362066]
[0.79837525]
[0.8317993]
[0.76408565]
[0.85161567]
[0.8008183]
[0.7246219]
[0.8525084]
[0.88590926]
[0.8689861]
[0.83559]
[0.89825386]
[0.88447464]
[0.8125851]
[0.7359799]
[0.87719786]
[0.7527313]
[0.846329]
[0.81221604]
[0.766471]
[0.8467185]
[0.84617335]
[0.88107306]
[0.77201676]
[0.8828231]
[0.8527173]
[0.89873457]
[0.7714694]
[0.522943]
[0.86899847]
[0.7629957]
[0.75428116]
[0.84540975]
[0.7102036]
[0.7288717]
[0.8762804]
[0.63465506]
[0.8559251]
[0.81539047]
[0.81539047]
[0.72208375]
[0.80797875]
[0.7349355]
[0.7613627]
[0.88113666]
[0.88735425]
[0.7924583]
[0.7782682]
[0.7866652]
[0.6868124]
[0.3617869]
[0.925243]
[0.7073482]
[0.7299126]
[0.6311608]
[0.8507199]
[0.8606523]
[0.8109932]
[0.807601]
[0.6521207]
[0.80104494]
[0.881899]
[0.8495063]
[0.7231467]
[0.90230715]
[0.8624878]
[0.82382953]
[0.84431356]
[0.9182677]
[0.89071155]
[0.8177643]
[0.8746023]
[0.787385]
[0.6537136]
[0.18266505]
[0.7403362]
[0.78651]
[0.8847277]
[0.8638861]
[0.8318428]
[0.746541]
[0.875949]
[0.8043331]
[0.79877317]
[0.80876184]
[0.8477837]
[0.6339421]
[0.8771821]
[0.2930988]
[0.65099466]
[0.8756608]
[0.69539964]
[0.90712345]
[0.8655253]
[0.90344334]
[0.84269357]
[0.90137106]
[0.7159903]
[0.7398597]
[0.8456902]
[0.805306]
[0.77855134]
[0.872403]
[0.8067057]
[0.87175536]
[0.76057917]
[0.8448076]
[0.7783879]
[0.87997717]
[0.77823114]
[0.8878269]
[0.8254372]
[0.90070784]
[0.8090969]
[0.91762507]
[0.7689879]
[0.8198522]
[0.81254566]
[0.75790226]
[0.8228544]
[0.854537]
[0.8737649]
[0.8977995]
[0.8651345]
[0.90160245]
[0.6261704]
[0.8764251]
[0.8801682]
[0.80030763]
[0.7410539]
[0.80832136]
[0.826361]
[0.79378796]
[0.8234564]
[0.88681984]
[0.7856049]
[0.7218336]
[0.8188545]
[0.85223496]
[0.86695755]
[0.9017295]
[0.8905326]
[0.8617978]
[0.8343127]
[0.7334272]
[0.86473316]
[0.88175327]
[0.9019668]
[0.6632948]
[0.8752818]
[0.8186735]
[0.78202856]
[0.36459473]
[0.8595922]
[0.80848455]
[0.8156642]
[0.7826524]
[0.856333]
[0.8357172]
[0.7157452]
[0.79393405]
[0.84188294]
[0.8376372]
[0.5828453]
[0.77328753]
[0.18888849]
[0.8656484]
[0.90851486]
[0.85721314]
[0.85027874]
[0.81545204]
[0.77472943]
[0.77627623]
[0.70478034]
[0.67985517]
[0.8137733]
[0.8821095]
[0.7414759]
[0.8340721]
[0.87608314]
[0.84746635]
[0.86185354]
[0.82232904]
[0.5255884]
[0.8612853]
[0.8284712]
[0.7129414]
[0.4571392]
[0.73626363]
[0.85260355]
[0.72980654]
[0.8182844]
[0.8339615]
[0.7517347]
[0.6716114]
[0.84003586]
[0.6908408]
[0.8420798]
[0.7974711]
[0.7534988]
[0.82079494]
[0.8223063]
[0.830681]
[0.7636183]
[0.5933166]
[0.8274688]
[0.8917866]
[0.7439783]
[0.84563196]
[0.77453494]
[0.85497475]
[0.7612803]
[0.86143434]
[0.84252524]
[0.90643394]
[0.80779946]
[0.80486065]
[0.88303345]
[0.7536098]
[0.80234396]
[0.83170587]
[0.8389536]
[0.41111842]
[0.8741147]
[0.70717025]
[0.69292027]
[0.8541944]
[0.85271394]
[0.79518926]
[0.8841163]
[0.82023823]
[0.7936381]
[0.724609]
[0.8249234]
[0.8581947]
[0.7471505]
[0.81837714]
[0.7794553]
[0.9264841]
[0.86792076]
[0.86937195]
[0.81089175]
[0.8436798]
[0.8162403]
[0.8576552]
[0.8279928]
[0.7203133]
[0.91016686]
[0.86188304]
[0.886972]
[0.73361856]
[0.7939205]
[0.80411416]
[0.89512753]
[0.8316841]
[0.7873401]
[0.83271146]
[0.70857394]
[0.6953372]
[0.86778533]
[0.62859523]
[0.78265214]
[0.75858563]
[0.87583077]
[0.87284225]
[0.7152454]
[0.6807077]
[0.7842545]
[0.8375265]
[0.8491289]
[0.72720885]
[0.6521355]
[0.82936615]
[0.83211297]
[0.7535151]
[0.87256354]
[0.8070785]
[0.7768329]
[0.7730323]
[0.5460295]
[0.7857218]
[0.80975854]
[0.8080873]
[0.77243483]
[0.93063647]
[0.7147249]
[0.9064403]
[0.8491787]
[0.7111888]
[0.83526695]
[0.88949364]
[0.8617161]
[0.7861116]
[0.8331653]
[0.8641373]
[0.787686]
[0.8733146]
[0.79173625]
[0.8368318]
[0.82287276]
[0.8501673]
[0.89111054]
[0.8627588]
[0.8064661]
[0.8788862]
[0.75498104]
[0.84398246]
[0.8135918]
[0.8680711]
[0.7761129]
[0.88890064]
[0.85891104]
[0.8432381]
[0.8485045]
[0.85313797]
[0.77669644]
[0.45167503]
[0.8276721]
[0.8580313]
[0.8104239]
[0.87648857]
[0.77769583]
[0.80503476]
[0.9233581]
[0.86760664]
[0.86170673]
[0.7507829]
[0.51513886]
[0.85395557]
[0.8487303]
[0.84192926]
[0.7690325]
[0.8632971]
[0.7583991]
[0.7149407]
[0.73814875]
[0.7630904]
[0.82984066]
[0.7351724]
[0.70964116]
[0.01200092]
[0.9148826]
[0.87873095]
[0.88708544]
[0.76666796]
[0.84134233]
[0.8418349]
[0.83951527]
[0.74679327]
[0.8017559]
[0.81387097]
[0.8400749]
[0.86616445]
[0.8986013]
[0.64082146]
[0.74014246]
[0.8643496]
[0.82901]
[0.7800008]
[0.8864231]
[0.89983296]
[0.7417977]
[0.86142373]
[0.37263715]
[0.9069772]
[0.88655806]
[0.81844103]
[0.83692366]
[0.7792347]
[0.6469042]
[0.73134875]
[0.76964253]
[0.82482463]
[0.10852048]
[0.89831626]
[0.7763573]
[0.83587277]
[0.77604663]
[0.8762144]
[0.7730206]
[0.88918304]
[0.8458003]
[0.7495849]
[0.8590133]
[0.8471578]
[0.88594735]
[0.8986459]
[0.49448317]
[0.88794184]
[0.8799916]
[0.79700387]
[0.8211224]
[0.7340778]
[0.8218569]
[0.8689861]
[0.73427755]
[0.87296796]
[0.8240646]
[0.8375336]
[0.8742616]
[0.7804471]
[0.7766365]
[0.8801979]
[0.9042242]
[0.9148425]
[0.8619129]
[0.85609293]
[0.7703528]
[0.4066527]
[0.78914726]
[0.7609767]
[0.82735515]
[0.84523]
[0.87183917]
[0.87873954]
[0.9159906]
[0.8076588]
[0.7581174]
[0.8727132]
[0.89649856]
[0.90902555]
[0.9051299]
[0.8047092]
[0.7613352]
[0.8448591]
[0.8646627]
[0.8993654]
[0.8944186]
[0.89386857]
[0.6540843]
[0.86179185]
[0.82232904]
[0.85473883]
[0.86349624]
[0.8548625]
[0.76802504]
[0.22599143]
[0.8993834]
[0.8510885]
[0.8271781]
[0.72019804]
[0.8182759]
[0.7863771]
[0.89632034]
[0.77404344]
[0.8304861]
[0.7760917]
[0.85398144]
[0.875188]
[0.931351]
[0.8609203]
[0.8822197]
[0.87634826]
[0.7803777]
[0.7767708]
[0.8532267]
[0.83170545]
[0.90258276]
[0.76501834]
[0.87805545]
[0.8254211]
[0.87280285]
[0.7804975]
[0.824113]
[0.8894691]
[0.8179195]
[0.8274289]
[0.90159035]
[0.8253503]
[0.68051684]
[0.73445886]
[0.84537363]
[0.86577916]
[0.8001827]
[0.83523273]
[0.894476]
[0.79612315]
[0.7917881]
[0.6896369]
[0.87401605]
[0.87502664]
[0.82986915]
[0.84665513]
[0.8552015]
[0.6791208]
[0.88013256]
[0.8815602]
[0.8485911]
[0.8145622]
[0.8673629]
[0.7657708]
[0.74149275]
[0.6212614]
[0.69133484]
[0.8989558]
[0.87119186]
[0.72275954]
[0.8594593]
[0.8412157]
[0.82362366]
[0.88479793]
[0.8396771]
[0.8683307]
[0.7822174]
[0.7686071]
[0.90057015]
[0.87401855]
[0.83159506]
[0.8445803]
[0.90612924]
[0.7188982]
[0.84220374]
[0.7714603]
[0.875254]
[0.76839286]
[0.73441327]
[0.7355829]
[0.7298588]
[0.8751228]
[0.8760173]
[0.7931432]
[0.8364839]
[0.91654134]
[0.8695537]
[0.89187735]
[0.7703291]
[0.8980031]
[0.81880975]
[0.8501859]
[0.87707686]
[0.90186644]
[0.72184753]
[0.79695594]
[0.8275097]
[0.8276081]
[0.81817514]
[0.88318264]
[0.842536]
[0.66502887]
[0.7467226]
[0.8215465]
[0.900151]
[0.73663616]
[0.79388964]
[0.8516887]
[0.845227]
[0.8364893]
[0.85589087]
[0.70420885]
[0.5665758]
[0.8689861]
[0.8689861]
[0.7721207]
[0.7389502]
[0.8207581]
[0.83952403]
[0.79783]
[0.7376434]
[0.88664365]
[0.7358187]
[0.5653372]
[0.8634993]
[0.06775671]
[0.81121635]
[0.55997145]
[0.7404069]
[0.8636594]
[0.7732516]
[0.6618661]
[0.85673344]
[0.8714095]
[0.87368286]
[0.8934896]
[0.8787516]
[0.75930583]
[0.71125275]
[0.886833]
[0.7784879]
[0.8563173]
[0.7574852]
[0.7142599]
[0.8840043]
[0.84358484]
[0.88405323]
[0.9034779]
[0.8922043]
[0.84764206]
[0.85118127]
[0.7749958]
[0.89462125]
[0.78381205]
[0.84701097]
[0.8815027]
[0.9162326]
[0.89319134]
[0.8506826]
[0.8961278]
[0.876751]
[0.8991501]
[0.29807323]
[0.7011578]
[0.88766754]
[0.8831063]
[0.9086944]
[0.7793762]
[0.83332443]
[0.71167636]
[0.72066265]
[0.6781243]
[0.78190064]
[0.85500944]
[0.8698843]
[0.8285911]
[0.7116737]
[0.7676948]
[0.8666514]
[0.8173157]
[0.8653891]
[0.8948225]
[0.8341557]
[0.8584154]
[0.8519869]
[0.6415675]
[0.90740365]
[0.38046265]
[0.7811477]
[0.8087803]
[0.8050958]
[0.9039594]
[0.8353974]
[0.7789558]
[0.8653183]
[0.874441]
[0.8962971]
[0.87482965]
[0.6631483]
[0.8817941]
[0.8664917]
[0.8987874]
[0.80785316]
[0.87702525]
[0.897564]
[0.85226643]
[0.8033161]
[0.826959]
[0.8545136]
[0.8732437]
[0.8678584]
[0.77685714]
[0.79526484]
[0.9124941]
[0.6743801]
[0.84626395]
[0.88143706]
[0.76501465]
[0.8888354]
[0.80866706]
[0.7908355]
[0.90197915]
[0.82326365]
[0.8488776]
[0.8768023]
[0.870147]
[0.89361966]
[0.80307174]
[0.7970259]
[0.71883166]
[0.82297933]
[0.71456885]
[0.8029618]
[0.8516794]
[0.8602106]
[0.7760833]
[0.72973365]
[0.8539721]
[0.86236143]
[0.83765817]
[0.6512524]
[0.7724464]
[0.85741836]
[0.77022773]
[0.8884001]
[0.7793453]
[0.79039675]
[0.827963]
[0.829893]
[0.8565521]
[0.71867234]
[0.7628145]
[0.79155004]
[0.63223886]
[0.88866377]
[0.7969249]
[0.8622273]
[0.8576993]
[0.9038328]
[0.83187705]
[0.00653675]
[0.01379544]
[0.8099583]
[0.7488777]
[0.87149465]
[0.8192172]
[0.63109833]
[0.8801083]
[0.8773409]
[0.7542273]
[0.8137367]
[0.8132012]
[0.8794293]
[0.8501867]
[0.8133093]
[0.76049566]
[0.9085812]
[0.6546074]
[0.83744174]
[0.7084644]
[0.75876546]
[0.70862085]
[0.68947935]
[0.46845332]
[0.75604033]
[0.82456535]
[0.662996]
[0.8339039]
[0.87115055]
[0.8281764]
[0.7569207]
[0.84394]
[0.6002822]
[0.87640965]
[0.8256097]
[0.8299514]
[0.87400717]
[0.7165351]
[0.75647426]
[0.8272906]
[0.7459662]
[0.76295424]
[0.7432117]
[0.89364094]
[0.78698003]
[0.79405373]
[0.8788631]
[0.8556105]
[0.85645205]
[0.818242]
[0.8366653]
[0.82445216]
[0.7506436]
[0.8617009]
[0.23965776]
[0.7916345]
[0.83116347]
[0.7721932]
[0.87849236]
[0.86410296]
[0.8850405]
[0.7024382]
[0.8898753]
[0.8979072]
[0.8107432]
[0.8253151]
[0.83940816]
[0.8429072]
[0.8414626]
[0.8125526]
[0.81036866]
[0.764199]
[0.8488475]
[0.8704972]
[0.8581937]
[0.7883743]
[0.8482444]
[0.8322555]
[0.85325074]
[0.46011597]
[0.8768314]
[0.8956171]
[0.82216346]
[0.87390614]
[0.90207505]
[0.6419488]
[0.82742524]
[0.79821503]
[0.85893095]
[0.8881062]
[0.89328873]
[0.8585421]
[0.76091117]
[0.81139016]
[0.8555428]
[0.8252617]
[0.90004843]
[0.87587285]
[0.9003083]
[0.82416135]
[0.80325115]
[0.77316904]
[0.8795438]
[0.84451616]
[0.8684705]
[0.8260853]
[0.78927124]
[0.8722093]
[0.88516414]
[0.8072545]
[0.78858364]
[0.83661395]
[0.87944883]
[0.9022451]
[0.8786048]
[0.8368492]
[0.8339653]
[0.85483044]
[0.8000127]
[0.7493714]
[0.869526]
[0.801957]
[0.87491894]
[0.802517]
[0.7863107]
[0.796713]
[0.8442447]
[0.9067727]
[0.8862084]
[0.8642801]
[0.8669616]
[0.7302365]
[0.7760749]
[0.9015601]
[0.8248377]
[0.8870275]
[0.71292806]
[0.79744923]
[0.69196486]
[0.8320501]
[0.8667201]
[0.8527964]
[0.8676018]
[0.6914542]
[0.8006182]
[0.7534454]
[0.7510644]
[0.67839897]
[0.8976109]
[0.8635024]
[0.7087435]
[0.8200283]
[0.8525862]
[0.85538447]
[0.82946604]
[0.8642378]
[0.8975104]
[0.89648557]
[0.85842514]
[0.7423425]
[0.7436586]
[0.688788]
[0.73765904]
[0.7145962]
[0.58817303]
[0.8770563]
[0.8247284]
[0.86986214]
[0.84839636]
[0.6394756]
[0.86336184]
[0.7632501]
[0.86441445]
[0.8084361]
[0.8636441]
[0.895952]
[0.8247951]
[0.83346945]
[0.84872913]
[0.7992104]
[0.8686979]
[0.88076633]
[0.8226614]
[0.8229761]
[0.84237725]
[0.88774985]
[0.5678236]
[0.7854643]
[0.1220181]
[0.8570642]
[0.8184752]
[0.83828455]
[0.8905823]
[0.8037674]
[0.8148891]
[0.7989353]
[0.86178184]
[0.8875552]
[0.8799832]
[0.72148603]
[0.8382251]
[0.8345727]
[0.768164]
[0.80456316]
[0.88810503]
[0.7957064]
[0.89565194]
[0.8611361]
[0.7471208]
[0.8724195]
[0.7570711]
[0.76632667]
[0.5679943]
[0.8691653]
[0.8907312]
[0.9180852]
[0.8434112]
[0.9102986]
[0.34365302]
[0.887614]
[0.64873946]
[0.8745961]
[0.79339856]
[0.870221]
[0.88805383]
[0.6418636]
[0.80985355]
[0.88137335]
[0.8202909]
[0.8433849]
[0.82296765]
[0.9053821]
[0.90188015]
[0.65994895]
[0.76732635]
[0.87814826]
[0.83820766]
[0.8775534]
[0.88026905]
[0.82543933]
[0.8174462]
[0.7888344]
[0.87703586]
[0.8654113]
[0.86269903]
[0.83584297]
[0.8535396]
[0.8296268]
[0.8080402]
[0.8208976]
[0.80473137]
[0.60743374]
[0.85486627]
[0.8233656]
[0.7961441]
[0.40938503]
[0.2912866]
[0.8533174]
[0.49189624]
[0.7084433]
[0.8707417]
[0.8707121]
[0.76500756]
[0.9030384]
[0.9170339]
[0.85665333]
[0.8518733]
[0.719561]
[0.8195605]
[0.6265292]
[0.7674389]
[0.8796972]
[0.83874387]
[0.7928149]
[0.78797615]
[0.8367082]
[0.71819407]
[0.87639415]
[0.7014388]
[0.24379525]
[0.74499685]
[0.61856216]
[0.74057096]
[0.73578686]
[0.8596854]
[0.86641085]
[0.77624273]
[0.92118365]
[0.6874141]
[0.6546664]
[0.34815866]
[0.8738184]
[0.84321934]
[0.75573456]
[0.8731358]
[0.8828977]
[0.74644536]
[0.8609258]
[0.8595761]
[0.89257]
[0.8782759]
[0.6631368]
[0.78958154]
[0.7505125]
[0.21543103]
[0.7768184]
[0.86453986]
[0.49136546]
[0.8993584]
[0.87676907]
[0.90847075]
[0.854969]
[0.8570642]
[0.7879853]
[0.9103973]
[0.8993398]
[0.6291387]
[0.89608145]
[0.8083151]
[0.5398201]
[0.61944354]
[0.89811707]
[0.9055233]
[0.84527177]
[0.775597]
[0.8861009]
[0.84600866]
[0.7901671]
[0.0080426]
[0.54972595]
[0.8895318]
[0.8599496]
[0.77335]
[0.7772608]
[0.86731994]
[0.855158]
[0.8511155]
[0.88639545]
[0.72073615]
[0.8391415]
[0.85431623]
[0.8601944]
[0.7530199]
[0.85613304]
[0.7846067]
[0.89405376]
[0.89141405]
[0.853827]
[0.7730775]
[0.873801]
[0.8514019]
[0.8142406]
[0.85748637]
[0.86650795]
[0.6871454]
[0.80932176]
[0.6888561]
[0.88387126]
[0.90061736]
[0.8987664]
[0.7880838]
[0.8923698]
[0.6794177]
[0.85062575]
[0.82949054]
[0.73782575]
[0.78659534]
[0.78376293]
[0.7583513]
[0.8372549]
[0.8987386]
[0.8330594]
[0.8792939]
[0.8872328]
[0.8486439]
[0.8475667]
[0.8715277]
[0.79063284]
[0.84439594]
[0.77903837]
[0.85042983]
[0.75668037]
[0.75255215]
[0.77454686]
[0.8882555]
[0.52389705]
[0.7227172]
[0.8127884]
[0.85711646]
[0.7434256]
[0.3159576]
[0.87682384]
[0.8150879]
[0.8924762]
[0.8445784]
[0.8776189]
[0.89262533]
[0.7542779]
[0.2522885]
[0.8804711]
[0.7324745]
[0.72017705]
[0.8442196]
[0.899083]
[0.8477688]
[0.8321398]
[0.8115796]
[0.8495854]
[0.8956681]
[0.8758786]
[0.8317721]
[0.36100703]
[0.7980813]
[0.79137015]
[0.903707]
[0.8195244]
[0.7811573]
[0.848449]
[0.8502655]
[0.8723472]
[0.87338126]
[0.90154743]
[0.79901206]
[0.8493959]
[0.82034814]
[0.8523029]
[0.79918945]
[0.84643614]
[0.8040862]
[0.87003434]
[0.91180736]
[0.91315186]
[0.85010195]
[0.6956882]
[0.89861774]
[0.8722025]
[0.89621913]
[0.8527945]
[0.8746897]
[0.8368393]
[0.89458513]
[0.88934517]
[0.72308344]
[0.8980137]
[0.84903896]
[0.89113456]
[0.7654155]
[0.85153115]
[0.8886578]
[0.8318447]
[0.8392977]
[0.780699]
[0.88123786]
[0.82504904]
[0.90740365]
[0.89730686]
[0.90278834]
[0.8800211]
[0.70082843]
[0.85999036]
[0.7468471]
[0.9055331]
[0.8748909]
[0.85037285]
[0.36734676]
[0.8201121]
[0.8289344]
[0.8568561]
[0.6511012]
[0.8958074]
[0.8008639]
[0.7717174]
[0.8689861]
[0.81752455]
[0.83270836]
[0.71331644]
[0.90090936]
[0.7451272]
[0.8717624]
[0.8562738]
[0.8707017]
[0.6058055]
[0.85635453]
[0.88885176]
[0.81324947]
[0.69121945]
[0.45463943]
[0.8331023]
[0.6863692]
[0.8190901]
[0.91045403]
[0.85429585]
[0.84941345]
[0.859602]
[0.87467325]
[0.8771146]
[0.8287904]
[0.8334942]
[0.8678401]
[0.8128194]
[0.88241756]
[0.7627162]
[0.720806]
[0.8240584]
[0.9053863]
[0.89828813]
[0.88250434]
[0.7236564]
[0.8740455]
[0.8724539]
[0.8795438]
[0.89733934]
[0.8170408]
[0.18156984]
[0.6784842]
[0.80047756]
[0.7255123]
[0.88280034]
[0.81899524]
[0.8728796]
[0.8979629]
[0.8428168]
[0.79164046]
[0.8386417]
[0.8602264]
[0.86572886]
[0.8726659]
[0.84916776]
[0.822918]
[0.8432597]
[0.74759233]
[0.90452266]
[0.71631193]
[0.34407973]
[0.72579443]
[0.8454155]
[0.86535215]
[0.6882092]
[0.801046]
[0.76622486]
[0.87758434]
[0.6810827]
[0.7597937]
[0.79435694]
[0.790419]
[0.82451415]
[0.49132544]
[0.8159239]
[0.86869174]
[0.7383666]
[0.8455237]
[0.8568846]
[0.42262888]
[0.7667017]
[0.8293526]
[0.8610009]
[0.8202436]
[0.89788294]
[0.84298086]
[0.9045107]
[0.8415524]
[0.7413379]
[0.7787588]
[0.3380892]
[0.8420912]
[0.7652348]
[0.88657886]
[0.74551684]
[0.82721436]
[0.73871744]
[0.84852266]
[0.79411817]
[0.6480603]
[0.62513167]
[0.85488087]
[0.8512355]
[0.8176357]
[0.8251251]
[0.89787483]
[0.8823199]
[0.83984756]
[0.79913807]
[0.8885186]
[0.82807446]
[0.88886565]
[0.88918114]
[0.8765515]
[0.8882687]
[0.8760949]
[0.88194656]
[0.7310334]
[0.7922865]
[0.8893707]
[0.83442676]
[0.87284225]
[0.8802217]
[0.8118433]
[0.8725971]
[0.8464444]
[0.83282137]
[0.7873627]
[0.7456911]
[0.7464326]
[0.75288856]
[0.8095571]
[0.7345183]
[0.7298951]
[0.678954]
[0.6539773]
[0.84462595]
[0.7402709]
[0.8833854]
[0.87504935]
[0.8795438]
[0.8834046]
[0.7905102]
[0.80785316]
[0.80045587]
[0.86922276]
[0.8734634]
[0.29736418]
[0.90232635]
[0.00243267]
[0.8255278]
[0.8248451]
[0.68186975]
[0.8421433]
[0.6799114]
[0.8520484]
[0.8064659]
[0.5718168]
[0.8651481]
[0.8121679]
[0.38184172]
[0.84046435]
[0.83743656]
[0.8838828]
[0.82927597]
[0.83547807]
[0.8510151]
[0.8517821]
[0.8803259]
[0.73080236]
[0.87621725]
[0.42751122]
[0.81969076]
[0.83293504]
[0.91089475]
[0.840207]
[0.89618635]
[0.813149]
[0.8758687]
[0.8791001]
[0.89665455]
[0.67707783]
[0.7987882]
[0.8297234]
[0.87795496]
[0.902535]
[0.76780844]
[0.81688607]
[0.881956]
[0.86850303]
[0.88671786]
[0.90707624]
[0.78417957]
[0.809258]
[0.9226614]
[0.76992047]
[0.8589095]
[0.84099674]
[0.8401972]
[0.8515228]
[0.8552871]
[0.740737]
[0.8040662]
[0.8302704]
[0.74962544]
[0.71582675]
[0.8466482]
[0.7836611]
[0.77435863]
[0.86426234]
[0.88134074]
[0.75674224]
[0.79547435]
[0.8689861]
[0.68328303]
[0.8262776]
[0.8490552]
[0.84197193]
[0.78214824]
[0.7508039]
[0.65161896]
[0.74503005]
[0.878785]
[0.77437747]
[0.9105909]
[0.80372465]
[0.81276274]
[0.7783524]
[0.86252064]
[0.7578436]
[0.86299837]
[0.89903975]
[0.7693356]
[0.8444398]
[0.9278463]
[0.7917513]
[0.8466778]
[0.879616]
[0.82422864]
[0.7759326]
[0.79139596]
[0.81580853]
[0.8680648]
[0.85662353]
[0.8692127]
[0.8805535]
[0.87458706]
[0.36637315]
[0.52471143]
[0.800565]
[0.78593135]
[0.8419148]
[0.8605199]
[0.87460876]
[0.7507588]
[0.77310026]
[0.884416]
[0.84660697]
[0.8336517]
[0.871544]
[0.7476042]
[0.81886196]
[0.75699794]
[0.78736806]
[0.8512224]
[0.8844248]
[0.8856499]
[0.87634826]
[0.80785316]
[0.64672935]
[0.75163996]
[0.7260684]
[0.8464589]
[0.7113499]
[0.4983632]
[0.83224356]
[0.8221756]
[0.830783]
[0.9255116]
[0.73059356]
[0.8651019]
[0.8495705]
[0.5190725]
[0.8538519]
[0.8402524]
[0.8948453]
[0.81515384]
[0.8430029]
[0.81684875]
[0.8995906]
[0.8022476]
[0.8691474]
[0.87200075]
[0.85312724]
[0.8022196]
[0.8358482]
[0.82427907]
[0.91096365]
[0.70580345]
[0.8636042]
[0.80697405]
[0.73901594]
[0.8314947]
[0.75990534]
[0.8430102]
[0.70831674]
[0.77854776]
[0.63598216]
[0.8509753]
[0.7642383]
[0.84403473]
[0.82509375]
[0.85927325]
[0.83404016]
[0.8992358]
[0.8185357]
[0.69582087]
[0.82119]
[0.8386638]
[0.8587083]
[0.8149059]
[0.86327773]
[0.8039388]
[0.7936919]
[0.88238907]
[0.7403184]
[0.82232904]
[0.8419148]
[0.8795438]
[0.88391566]
[0.7496633]
[0.7989171]
[0.803182]
[0.80564356]
[0.755683]
[0.82232904]
[0.8682583]
[0.87441254]
[0.7922883]
[0.6615887]
[0.8065282]
[0.9026058]
[0.8987491]
[0.7848211]
[0.7976393]
[0.7780436]
[0.8261459]
[0.7580271]
[0.56950486]
[0.9230993]
[0.45120406]
[0.88381124]
[0.55695575]
[0.8494056]
[0.77525663]
[0.7957356]
[0.8460832]
[0.84223545]
[0.8225025]
[0.7961645]
[0.85166085]
[0.7053258]
[0.6358839]
[0.8525084]
[0.7876872]
[0.8324691]
[0.8297322]
[0.7870283]
[0.69369787]
[0.81548655]
[0.7460772]
[0.80957514]
[0.8484187]
[0.80563396]
[0.89197767]
[0.88133633]
[0.86531174]
[0.7755313]
[0.74215674]
[0.7424696]
[0.8907372]
[0.7114641]
[0.816414]
[0.786117]
[0.77147484]
[0.8234097]
[0.8691855]
[0.88941574]
[0.53820354]
[0.76633435]
[0.8136656]
[0.90526634]
[0.89510417]
[0.8515307]
[0.87509525]
[0.7120411]
[0.8500397]
[0.8679147]
[0.83293104]
[0.87879866]
[0.90690535]
[0.8958062]
[0.86450106]
[0.8782266]
[0.7106358]
[0.8462738]
[0.8761922]
[0.89300096]
[0.88289154]
[0.78705406]
[0.8828546]
[0.75243735]
[0.78913367]
[0.807879]
[0.8167958]
[0.85319203]
[0.7575445]
[0.8811408]
[0.83702564]
[0.8503585]
[0.01857147]
[0.8704903]
[0.79676783]
[0.7329469]
[0.79361355]
[0.75423896]
[0.8197869]
[0.83291197]
[0.7579488]
[0.78917384]
[0.575195]
[0.86488724]
[0.8028232]
[0.74485457]
[0.73857105]
[0.84684086]
[0.85056007]
[0.7993244]
[0.84098077]
[0.8818596]
[0.7682834]
[0.76602125]
[0.82479537]
[0.8404152]
[0.7735715]
[0.9095609]
[0.78889906]
[0.78210473]
[0.76908106]
[0.88237655]
[0.80132926]
[0.9167305]
[0.7642679]
[0.8089328]
[0.83935237]
[0.87461245]
[0.7964089]
[0.8879754]
[0.75640345]
[0.8651223]
[0.84549797]
[0.7770314]
[0.58663195]
[0.8256217]
[0.9244397]
[0.75126576]
[0.8752829]
[0.8894571]
[0.9097016]
[0.8282069]
[0.8888664]
[0.91173935]
[0.87494314]
[0.70584863]
[0.7519988]
[0.80847895]
[0.7723117]
[0.5167517]
[0.8932195]
[0.8979237]
[0.8271413]
[0.7673253]
[0.6247347]
[0.8510965]
[0.87634826]
[0.87634826]
[0.8598832]
[0.7811477]
[0.89293087]
[0.8477684]
[0.89592606]
[0.9020369]
[0.83220005]
[0.71593034]
[0.70833504]
[0.77099097]
[0.86716366]
[0.871178]
[0.75033057]
[0.8117323]
[0.8651335]
[0.75148773]
[0.899367]
[0.8233739]
[0.8145852]
[0.9068843]
[0.8653996]
[0.89627075]
[0.83050895]
[0.7693502]
[0.8027197]
[0.8807116]
[0.79217136]
[0.8873649]
[0.8817865]
[0.860224]
[0.7910563]
[0.9132453]
[0.8550173]
[0.90597415]
[0.8745682]
[0.827626]
[0.8510903]
[0.8368854]
[0.85319006]
[0.9052583]
[0.785697]
[0.88323104]
[0.7404532]
[0.8199748]
[0.8573097]
[0.83690846]
[0.83825135]
[0.8997607]
[0.89364374]
[0.8090279]
[0.8651757]
[0.7339549]
[0.8854124]
[0.76857924]
[0.7935993]
[0.8441484]
[0.7909354]
[0.75035083]
[0.8860895]
[0.8843658]
[0.7447972]
[0.7872783]
[0.48891875]
[0.8474958]
[0.89310455]
[0.62289786]
[0.1296185]
[0.85944706]
[0.78082925]
[0.83384573]
[0.84222174]
[0.8869899]
[0.83559]
[0.80785316]
[0.88543725]
[0.87191814]
[0.7972101]
[0.8727243]
[0.8821851]
[0.91700816]
[0.8543421]
[0.87016344]
[0.8223026]
[0.828237]
[0.83582354]
[0.90695775]
[0.8922627]
[0.91068006]
[0.90151954]
[0.7892396]
[0.86643267]
[0.01921871]
[0.8543735]
[0.8924382]
[0.87003434]
[0.81539047]
[0.91355264]
[0.6765943]
[0.8750615]
[0.8648164]
[0.8066852]
[0.7862922]
[0.8142991]
[0.824203]
[0.79016244]
[0.82615495]
[0.87191814]
[0.849756]
[0.8844789]
[0.86282706]
[0.7136675]
[0.711355]
[0.8986597]
[0.8764215]
[0.8775078]
[0.841623]
[0.7865926]
[0.8323512]
[0.82648695]
[0.8669703]
[0.8623974]
[0.734687]
[0.7121949]
[0.84433335]
[0.3699935]
[0.72217214]
[0.9069694]
[0.87365645]
[0.8271332]
[0.8119141]
[0.8986429]
[0.8861958]
[0.82598454]
[0.8834755]
[0.8647547]
[0.8228642]
[0.86753476]
[0.8516779]
[0.7342719]
[0.86360824]
[0.8101895]
[0.8482182]
[0.86719674]
[0.8861766]
[0.8787516]
[0.7993672]
[0.87191814]
[0.8657985]
[0.8294269]
[0.8668001]
[0.8483108]
[0.82773834]
[0.76472497]
[0.83761513]
[0.8786832]
[0.8650645]
[0.80632436]
[0.9085845]
[0.8690698]
[0.8650706]
[0.8545362]
[0.8961373]
[0.8897271]
[0.8455804]
[0.81759197]
[0.90918136]
[0.88758975]
[0.6923173]
[0.82474554]
[0.7173202]
[0.83133066]
[0.7214989]
[0.85138243]
[0.70696175]
[0.90103036]
[0.7819108]
[0.7837776]
[0.7826965]
[0.8219361]
[0.75843]
[0.8640213]
[0.87335247]
[0.7121816]
[0.86983037]
[0.6484612]
[0.8056103]
[0.88427246]
[0.84175694]
[0.75966394]
[0.8716799]
[0.89015514]
[0.9068786]
[0.860223]
[0.8559668]
[0.8356781]
[0.91131055]
[0.87795496]
[0.77976835]
[0.846558]
[0.78836626]
[0.79780006]
[0.73977894]
[0.7545495]
[0.79215086]
[0.78728116]
[0.8738967]
[0.65913385]
[0.8480996]
[0.9023285]
[0.88153434]
[0.88111806]
[0.9224104]
[0.8763392]
[0.86081266]
[0.8454038]
[0.86166096]
[0.85306734]
[0.84263957]
[0.8251766]
[0.7504984]
[0.8637864]
[0.8533782]
[0.6502091]
[0.8048656]
[0.74963486]
[0.75838006]
[0.53548175]
[0.48407277]
[0.886765]
[0.7975551]
[0.82366145]
[0.8841692]
[0.8379174]
[0.4943043]
[0.86429715]
[0.7246726]
[0.90185857]
[0.88304216]
[0.74908197]
[0.6616493]
[0.8412411]
[0.84667003]
[0.69393486]
[0.707738]
[0.7769516]
[0.830273]
[0.7615912]
[0.79802644]
[0.7927018]
[0.8305868]
[0.84675086]
[0.84988964]
[0.7610311]
[0.88118243]
[0.86046493]
[0.9155047]
[0.8995435]
[0.7700033]
[0.8507385]
[0.8903772]
[0.80753076]
[0.795712]
[0.8710507]
[0.85671085]
[0.88975984]
[0.7806109]
[0.84386754]
[0.8192339]
[0.83675474]
[0.8215451]
[0.76681376]
[0.8632665]
[0.75151443]
[0.87859094]
[0.7339722]
[0.8675262]
[0.88073564]
[0.8212393]
[0.74851394]
[0.85892355]
[0.6600809]
[0.832505]
[0.05861819]
[0.82683694]
[0.76127875]
[0.8886204]
[0.8477876]
[0.84689164]
[0.8961719]
[0.8284267]
[0.88037]
[0.74005055]
[0.82295334]
[0.8537093]
[0.90396607]
[0.8545506]
[0.60076594]
[0.8667399]
[0.8078047]
[0.69511545]
[0.7658849]
[0.69956076]
[0.8241956]
[0.88553274]
[0.86140096]
[0.8946126]
[0.8731537]
[0.4483294]
[0.91215765]
[0.87670124]
[0.86979234]
[0.90716934]
[0.903821]
[0.8052941]
[0.8651732]
[0.7705959]
[0.8053037]
[0.7146318]
[0.8846588]
[0.8346882]
[0.77337223]
[0.7234801]
[0.86320734]
[0.8592199]
[0.68535423]
[0.857007]
[0.88874286]
[0.88079894]
[0.88084626]
[0.8122457]
[0.6473566]
[0.8273177]
[0.86807]
[0.814168]
[0.81055284]
[0.85354793]
[0.85872036]
[0.8076526]
[0.8753513]
[0.90357697]
[0.5934124]
[0.7751105]
[0.60834885]
[0.5763606]
[0.84073865]
[0.73888487]
[0.76049566]
[0.6509838]
[0.8853816]
[0.9013897]
[0.87434095]
[0.63659525]
[0.79493535]
[0.8286254]
[0.8587358]
[0.86535364]
[0.87717587]
[0.8975344]
[0.8638518]
[0.84372103]
[0.85708976]
[0.8234751]
[0.8686933]
[0.8858926]
[0.7851479]
[0.7687266]
[0.87351257]
[0.83037007]
[0.8915205]
[0.80573106]
[0.8952787]
[0.75608665]
[0.7160673]
[0.583254]
[0.90869814]
[0.80456865]
[0.64606494]
[0.9071561]
[0.83559]
[0.82381713]
[0.79571337]
[0.79924023]
[0.7579889]
[0.836033]
[0.91018724]
[0.8811234]
[0.8833011]
[0.77282214]
[0.90201247]
[0.8602544]
[0.66614264]
[0.7704274]
[0.8781735]
[0.8681251]
[0.8637653]
[0.8717407]
[0.7371169]
[0.90977395]
[0.7761129]
[0.90246487]
[0.8083943]
[0.87608516]
[0.8409771]
[0.8494115]
[0.77084416]
[0.8793644]
[0.77935266]
[0.7389814]
[0.7901709]
[0.85075355]
[0.84908915]
[0.84217507]
[0.8658712]
[0.8901905]
[0.6426944]
[0.7814109]
[0.82015127]
[0.8315687]
[0.5057089]
[0.7535209]
[0.8698501]
[0.86786]
[0.89179206]
[0.8380798]
[0.77616245]
[0.7736541]
[0.88123536]
[0.81947076]
[0.86987215]
[0.83559]
[0.77423126]
[0.69485545]
[0.78148454]
[0.5347992]
[0.7769097]
[0.6531108]
[0.808501]
[0.86251163]
[0.86608803]
[0.79667807]
[0.887246]
[0.8541796]
[0.8880143]
[0.7915283]
[0.80956566]
[0.87010324]
[0.8065311]
[0.60050005]
[0.8456458]
[0.8793926]
[0.8822174]
[0.8827301]
[0.75872326]
[0.86480105]
[0.7802222]
[0.71091235]
[0.86291486]
[0.78942317]
[0.8983865]
[0.8354361]
[0.89871687]
[0.7938429]
[0.908412]
[0.86245334]
[0.8636444]
[0.88799894]
[0.8203019]
[0.754848]
[0.81272805]
[0.8323215]
[0.7660374]
[0.7151009]
[0.6982053]
[0.750198]
[0.6478313]
[0.87745166]
[0.4676934]
[0.7559781]
[0.8629604]
[0.71784586]
[0.84245884]
[0.8692971]
[0.8740778]
[0.8468139]
[0.8883091]
[0.9115728]
[0.88289154]
[0.80766857]
[0.82380533]
[0.8873833]
[0.87683713]
[0.79509866]
[0.83726054]
[0.8295573]
[0.7702366]
[0.8671169]
[0.8787854]
[0.8828168]
[0.77281713]
[0.869666]
[0.83608305]
[0.8517759]
[0.8600031]
[0.76854014]
[0.9046467]
[0.80952245]
[0.89289874]
[0.8724539]
[0.87997425]
[0.804828]
[0.9099078]
[0.8728359]
[0.63093024]
[0.80839026]
[0.8970471]
[0.8667606]
[0.8873781]
[0.7384218]
[0.87687194]
[0.9117538]
[0.88916254]
[0.8677894]
[0.8768923]
[0.52167803]
[0.85878813]
[0.7238581]
[0.6556518]
[0.68233556]
[0.88531506]
[0.88391566]
[0.90437204]
[0.913614]
[0.8572696]
[0.8433136]
[0.80163944]
[0.76859915]
[0.86961746]
[0.45089948]
[0.8750379]
[0.8387174]
[0.896284]
[0.7886232]
[0.7375283]
[0.75700915]
[0.8223102]
[0.79168946]
[0.88201714]
[0.8461027]
[0.6140614]
[0.81424284]
[0.8281941]
[0.9103233]
[0.8704488]
[0.72869605]
[0.88745797]
[0.69697165]
[0.8998194]
[0.8911022]
[0.81534815]
[0.8365861]
[0.7168899]
[0.82934296]
[0.8448679]
[0.88199353]
[0.50229335]
[0.57524836]
[0.7183469]
[0.75134325]
[0.8843297]
[0.7860816]
[0.91146153]
[0.81787777]
[0.87284225]
[0.8852116]
[0.84492224]
[0.7695144]
[0.73939335]
[0.78666604]
[0.75534797]
[0.7237853]
[0.8457376]
[0.82624996]
[0.68317497]
[0.891503]
[0.6960977]
[0.7905102]
[0.8255571]
[0.7861797]
[0.78830004]
[0.8902049]
[0.81359494]
[0.83829105]
[0.84404945]
[0.7935097]
[0.8517382]
[0.8112925]
[0.87052256]
[0.8264915]
[0.824489]
[0.8748763]
[0.9069183]
[0.7033775]
[0.8538226]
[0.8011458]
[0.6040423]
[0.8232382]
[0.7543467]
[0.6184747]
[0.8772859]
[0.8794037]
[0.7676635]
[0.78826135]
[0.8987004]
[0.83579654]
[0.72134876]
[0.8294162]
[0.8864516]
[0.803605]
[0.8406366]
[0.8849881]
[0.6973183]
[0.80785525]
[0.8268167]
[0.75722885]
[0.75414443]
[0.7833941]
[0.8869498]
[0.35274196]
[0.82720035]
[0.84303296]
[0.86787874]
[0.58467543]
[0.77272415]
[0.53737396]
[0.8434174]
[0.8488991]
[0.747344]
[0.8692689]
[0.8167687]
[0.87530833]
[0.9018836]
[0.63131326]
[0.46471035]
[0.8696265]
[0.8753271]
[0.76232016]
[0.86664355]
[0.8807602]
[0.78848076]
[0.8656851]
[0.6460102]
[0.7382857]
[0.4618642]
[0.8739514]
[0.8572062]
[0.7489483]
[0.8863044]
[0.7279055]
[0.71384645]
[0.7604339]
[0.9024937]
[0.8569807]
[0.6703193]
[0.7736872]
[0.8487705]
[0.6891565]
[0.81918937]
[0.78517187]
[0.9088907]
[0.81858194]
[0.9022474]
[0.71313953]
[0.8307109]
[0.8829459]
[0.9020891]
[0.8471589]
[0.8413769]
[0.73745835]
[0.83320415]
[0.82558644]
[0.87553793]
[0.8120531]
[0.86387086]
[0.844293]
[0.66459596]
[0.7975128]
[0.8319245]
[0.8648231]
[0.6451111]
[0.7024287]
[0.8077321]
[0.58085024]
[0.67084754]
[0.88166165]
[0.8938923]
[0.667043]
[0.8132516]
[0.6654645]
[0.62596345]
[0.8964765]
[0.7315798]
[0.88375235]
[0.84440696]
[0.6967831]
[0.92090154]
[0.80858445]
[0.7784233]
[0.8034131]
[0.71087265]
[0.43119672]
[0.6969999]
[0.7998659]
[0.7102479]
[0.76869327]
[0.7451454]
[0.8446907]
[0.83138525]
[0.8607187]
[0.85318077]
[0.7409082]
[0.83677626]
[0.7169513]
[0.7936677]
[0.8269759]
[0.7714043]
[0.8136876]
[0.78887]
[0.79718745]
[0.88527864]
[0.8081349]
[0.85705197]
[0.90151083]
[0.8456776]
[0.76475835]
[0.86427104]
[0.8843135]
[0.81609344]
[0.8143569]
[0.8626558]
[0.85081506]
[0.84888816]
[0.76561475]
[0.7969774]
[0.8543074]
[0.838014]
[0.8855413]
[0.8949287]
[0.8367972]
[0.8086471]
[0.8460705]
[0.9066011]
[0.8802766]
[0.7655627]
[0.7589307]
[0.7575593]
[0.8609452]
[0.83604324]
[0.9086871]
[0.8192847]
[0.7216551]
[0.84186924]
[0.8499723]
[0.84242904]
[0.81203544]
[0.7628462]
[0.6343832]
[0.6889342]
[0.8545283]
[0.8499371]
[0.83171666]
[0.8660032]
[0.85403407]
[0.9117789]
[0.8695462]
[0.8356378]
[0.8578099]
[0.65205085]
[0.9007002]
[0.8626299]
[0.86832666]
[0.8522614]
[0.9104296]
[0.9186904]
[0.89851165]
[0.8837478]
[0.85017574]
[0.8615581]
[0.87043774]
[0.7774797]
[0.8598378]
[0.8621358]
[0.80287695]
[0.84646827]
[0.79374623]
[0.8781485]
[0.62350786]
[0.8387784]
[0.8663702]
[0.8750471]
[0.8769961]
[0.64539576]
[0.8574635]
[0.8650358]
[0.8266687]
[0.8866793]
[0.87327385]
[0.89786357]
[0.14654946]
[0.80668306]
[0.90762264]
[0.78506815]
[0.60598135]
[0.7435547]
[0.79722327]
[0.8930535]
[0.8521045]
[0.81174517]
[0.80931664]
[0.89005363]
[0.6983477]
[0.90497696]
[0.8657985]
[0.8515147]
[0.82681096]
[0.8563449]
[0.83616596]
[0.90144205]
[0.8340843]
[0.8994605]
[0.9190322]
[0.86220443]
[0.7254282]
[0.8804221]
[0.874403]
[0.9087648]
[0.90821433]
[0.83812845]
[0.83752495]
[0.44819748]
[0.8782631]
[0.83679205]
[0.813354]
[0.8803021]
[0.8692646]
[0.8939406]
[0.87605405]
[0.8431305]
[0.84809446]
[0.90267736]
[0.8060528]
[0.8698512]
[0.8136463]
[0.88748956]
[0.8500067]
[0.8881857]
[0.88785374]
[0.70860136]
[0.88093287]
[0.8485189]
[0.8711541]
[0.864412]
[0.8929812]
[0.8692508]
[0.8979425]
[0.8257209]
[0.89360535]
[0.81293344]
[0.906829]
[0.8783002]
[0.8687129]
[0.7861484]
[0.79883134]
[0.8717881]
[0.87539625]
[0.87219834]
[0.83708227]
[0.7980822]
[0.6726118]
[0.90402055]
[0.41376808]
[0.7377872]
[0.8617331]
[0.8653889]
[0.8800774]
[0.68972003]
[0.84111524]
[0.85704225]
[0.90680885]
[0.89386225]
[0.8603717]
[0.7214426]
[0.6435503]
[0.7545784]
[0.78073084]
[0.39673722]
[0.82237506]
[0.8714811]
[0.8411294]
[0.76816714]
[0.73922914]
[0.85380214]
[0.8653251]
[0.76112473]
[0.74499995]
[0.7968396]
[0.8191707]
[0.8864572]
[0.80854815]
[0.88060915]
[0.8763864]
[0.8769759]
[0.8313354]
[0.8731224]
[0.89805615]
[0.8806708]
[0.88886905]
[0.8345467]
[0.8746693]
[0.888865]
[0.8461548]
[0.73082477]
[0.83094746]
[0.8564427]
[0.8531246]
[0.826548]
[0.7726097]
[0.7488452]
[0.728493]
[0.8301968]
[0.6341628]
[0.8139834]
[0.8789042]
