Model: MO_GAAL
Dataset 17: speech.mat
Time taken: 608.8151700496674 seg.
Accuracy: 1.0
@scores
[0.9996474]
[0.99917567]
[0.99998665]
[0.9998342]
[0.99917865]
[0.99900836]
[0.99851143]
[0.92888474]
[0.9995967]
[0.99936837]
[0.99281263]
[0.96207154]
[0.9323696]
[0.9985143]
[0.9997803]
[0.99446833]
[0.9993775]
[0.9972829]
[0.99979526]
[0.9996847]
[0.99998486]
[0.9916494]
[0.9996718]
[0.9994228]
[0.99998593]
[0.9993628]
[0.9976895]
[0.99888146]
[0.999401]
[0.9913024]
[0.9989629]
[0.9998088]
[0.9878999]
[0.9892708]
[0.99999475]
[0.99992]
[0.99990594]
[0.9999612]
[0.9999414]
[0.9881705]
[0.9773078]
[0.99996495]
[0.9999972]
[0.9998032]
[0.9799508]
[0.9999906]
[0.99986005]
[0.99650264]
[0.9993886]
[0.9987062]
[0.99976337]
[0.99989766]
[0.99999046]
[0.99981654]
[0.99914837]
[0.9999368]
[0.99987644]
[0.99979925]
[0.99998176]
[0.99984926]
[0.9990741]
[0.9999808]
[0.9978523]
[0.9969189]
[0.920599]
[0.9968525]
[0.9998226]
[0.9998845]
[0.99975944]
[0.9997139]
[0.99999666]
[0.99993217]
[0.9992068]
[0.99991554]
[0.9946939]
[0.9998611]
[0.995339]
[0.99999446]
[0.9947257]
[0.9982854]
[0.99996686]
[0.99972695]
[0.9995631]
[0.99990964]
[0.99999475]
[0.9999503]
[0.99083465]
[0.99979484]
[0.9981188]
[0.9999825]
[0.9999962]
[0.999936]
[0.9997206]
[0.9999824]
[0.9999815]
[0.99923885]
[0.99994123]
[0.9999629]
[0.99994266]
[0.99979913]
[0.9998591]
[0.9999277]
[0.91788983]
[0.97963345]
[0.9998679]
[0.9999807]
[0.9999589]
[0.99998575]
[0.99994195]
[0.9999683]
[0.9999441]
[0.9991667]
[0.99923635]
[0.98344123]
[0.9913192]
[0.9996618]
[0.99709666]
[0.999972]
[0.9999596]
[0.98473656]
[0.9792948]
[0.9999798]
[0.9928328]
[0.991928]
[0.9988462]
[0.99998707]
[0.9991596]
[0.99943316]
[0.9998134]
[0.99995816]
[0.99989784]
[0.9989774]
[0.9999348]
[0.9998975]
[0.9999746]
[0.99990976]
[0.99999774]
[0.99563056]
[0.9961492]
[0.9999745]
[0.9990979]
[0.9999989]
[0.9999682]
[0.9987246]
[0.9998236]
[0.99994874]
[0.9997917]
[0.9999938]
[0.99997056]
[0.9998342]
[0.9998866]
[0.999698]
[0.999997]
[0.99884295]
[0.9981045]
[0.9999016]
[0.99962497]
[0.99981856]
[0.999996]
[0.98778]
[0.99888754]
[0.9999881]
[0.99880195]
[0.9999832]
[0.9977379]
[0.99969685]
[0.99993956]
[0.9890498]
[0.99999094]
[0.999558]
[0.9996211]
[0.9999721]
[0.9995605]
[0.9999478]
[0.98682094]
[0.9999696]
[0.9975361]
[0.9992409]
[0.9999685]
[0.9998668]
[0.9997245]
[0.999732]
[0.99798226]
[0.9998207]
[0.9996513]
[0.9998852]
[0.9992546]
[0.999868]
[0.999872]
[0.99997604]
[0.99619865]
[0.9999925]
[0.99997544]
[0.98105013]
[0.9999938]
[0.9997982]
[0.99998844]
[0.9851513]
[0.9903362]
[0.9698967]
[0.99953127]
[0.99504566]
[0.9999615]
[0.99972975]
[0.98877776]
[0.9117733]
[0.9994548]
[0.9996138]
[0.99883676]
[0.98354506]
[0.99995977]
[0.999974]
[0.99591523]
[0.9998979]
[0.99995565]
[0.99993277]
[0.9289321]
[0.99998903]
[0.9999652]
[0.99464923]
[0.99992436]
[0.999992]
[0.9986862]
[0.9998312]
[0.9998909]
[0.9995433]
[0.99984515]
[0.88529706]
[0.999637]
[0.99552345]
[0.98353404]
[0.8538625]
[0.9999603]
[0.99978495]
[0.9999134]
[0.9971043]
[0.9999838]
[0.9979895]
[0.9997078]
[0.99875724]
[0.99933314]
[0.99982625]
[0.9999845]
[0.9998213]
[0.9997272]
[0.99997854]
[0.9987118]
[0.9999632]
[0.99988115]
[0.99595606]
[0.99996495]
[0.9970788]
[0.999939]
[0.9974143]
[0.9995731]
[0.99984014]
[0.99999917]
[0.9999856]
[0.999592]
[0.99995214]
[0.9999987]
[0.998531]
[0.997807]
[0.9997047]
[0.99932885]
[0.9999994]
[0.99855804]
[0.9999699]
[0.99873424]
[0.9599968]
[0.999498]
[0.99995077]
[0.99462414]
[0.9995525]
[0.99856484]
[0.9913372]
[0.9983604]
[0.9999776]
[0.9999845]
[0.99959624]
[0.9996043]
[0.99847096]
[0.99450785]
[0.9999157]
[0.99976146]
[0.9999907]
[0.9995129]
[0.99957526]
[0.9999375]
[0.8643962]
[0.9999939]
[0.999933]
[0.9879351]
[0.9999928]
[0.9968371]
[0.9995631]
[0.99842596]
[0.9935011]
[0.9995837]
[0.9859171]
[0.9990479]
[0.9986119]
[0.98358583]
[0.9999097]
[0.9996735]
[0.99994206]
[0.9986396]
[0.9998467]
[0.9998722]
[0.9969262]
[0.99851084]
[0.98465514]
[0.9987735]
[0.9709286]
[0.99070156]
[0.9999858]
[0.9967713]
[0.86510587]
[0.99900174]
[0.99925196]
[0.9999898]
[0.99986255]
[0.9999486]
[0.99983805]
[0.99972284]
[0.999874]
[0.9959923]
[0.9994229]
[0.9965694]
[0.9995049]
[0.99997485]
[0.9999707]
[0.99831206]
[0.99999225]
[0.99938154]
[0.9999839]
[0.99999774]
[0.9999934]
[0.99997276]
[0.99998665]
[0.9693587]
[0.99984497]
[0.9999679]
[0.9999941]
[0.9999299]
[0.999899]
[0.9992438]
[0.9999162]
[0.999181]
[0.9999901]
[0.9999998]
[0.9995445]
[0.9995984]
[0.9906118]
[0.9999958]
[0.9999951]
[0.99999976]
[0.9962011]
[0.9993552]
[0.99694765]
[0.9999093]
[0.99979234]
[0.99995565]
[0.99998677]
[0.99995047]
[0.9997425]
[0.99996805]
[0.9999491]
[0.9996412]
[0.9999716]
[0.9999633]
[0.99967325]
[0.9978125]
[0.99969697]
[0.9997566]
[0.9999719]
[0.98833567]
[0.99997246]
[0.9999821]
[0.99895763]
[0.88976705]
[0.99600554]
[0.9893992]
[0.99981433]
[0.96787083]
[0.9927336]
[0.9961501]
[0.9771163]
[0.99989927]
[0.9999838]
[0.999851]
[0.9999047]
[0.99999774]
[0.9999639]
[0.99998724]
[0.9996867]
[0.9999987]
[0.99846965]
[0.99969006]
[0.9999979]
[0.99662375]
[0.9991855]
[0.99959135]
[0.9998773]
[0.99995613]
[0.9911761]
[0.99995625]
[0.99998224]
[0.99984294]
[0.99971795]
[0.9999707]
[0.99994457]
[0.99603975]
[0.9990424]
[0.9989094]
[0.9999987]
[0.9990773]
[0.9998857]
[0.999974]
[0.99996865]
[0.9999468]
[0.9998852]
[0.99714375]
[0.9996211]
[0.99562055]
[0.99999416]
[0.9999229]
[0.9997523]
[0.99995935]
[0.99875253]
[0.9997121]
[0.998044]
[0.9999044]
[0.99899477]
[0.9973569]
[0.99995184]
[0.9782343]
[0.99803364]
[0.99983096]
[0.999946]
[0.99998826]
[0.9992573]
[0.99985576]
[0.9999723]
[0.9999863]
[0.99981034]
[0.92854345]
[0.99592626]
[0.9999831]
[0.9999822]
[0.9996786]
[0.9972644]
[0.99989855]
[0.9999731]
[0.9981093]
[0.9999899]
[0.9996022]
[0.9988003]
[0.99677706]
[0.9999784]
[0.9999157]
[0.9999949]
[0.9999075]
[0.99998164]
[0.99990475]
[0.99999046]
[0.9996425]
[0.9999107]
[0.9999733]
[0.99896157]
[0.9999558]
[0.9993532]
[0.9996927]
[0.9993584]
[0.99997413]
[0.99999315]
[0.99992025]
[0.99958336]
[0.99996305]
[0.99543977]
[0.99891055]
[0.9948219]
[0.9976429]
[0.9944744]
[0.9996478]
[0.9997653]
[0.9990901]
[0.99994975]
[0.9998872]
[0.99948084]
[0.99980366]
[0.9999131]
[0.9996995]
[0.99880934]
[0.9991682]
[0.9999883]
[0.99985963]
[0.99977773]
[0.9999646]
[0.9958638]
[0.96980006]
[0.99915755]
[0.99999523]
[0.9714477]
[0.9998009]
[0.99999475]
[0.9999105]
[0.9983912]
[0.9655223]
[0.99581903]
[0.9996456]
[0.9999881]
[0.9961461]
[0.9911021]
[0.99999464]
[0.9985206]
[0.9999887]
[0.9999887]
[0.9941087]
[0.9999009]
[0.99847466]
[0.9999307]
[0.9999552]
[0.99993384]
[0.99835354]
[0.9999956]
[0.9999788]
[0.98969185]
[0.99786264]
[0.9999306]
[0.9998675]
[0.99989504]
[0.9993193]
[0.9996987]
[0.9998313]
[0.9999962]
[0.99997973]
[0.999948]
[0.9999968]
[0.99910617]
[0.95588565]
[0.999506]
[0.9998763]
[0.99943686]
[0.9998844]
[0.99956924]
[0.99358016]
[0.99980474]
[0.99998605]
[0.9992437]
[0.99984866]
[0.9996625]
[0.99907887]
[0.9998781]
[0.9995762]
[0.9995651]
[0.9957816]
[0.9970389]
[0.9992932]
[0.9993435]
[0.99993753]
[0.9998138]
[0.99997365]
[0.999985]
[0.9999873]
[0.99999875]
[0.9999565]
[0.9999782]
[0.99998057]
[0.9996448]
[0.9999981]
[0.9966788]
[0.9999238]
[0.9999325]
[0.99994755]
[0.9482159]
[0.9991779]
[0.99207973]
[0.99999356]
[0.9999529]
[0.99551916]
[0.9999252]
[0.99982214]
[0.9995785]
[0.9999174]
[0.998557]
[0.9999808]
[0.99961984]
[0.99999195]
[0.99978745]
[0.99971914]
[0.9975305]
[0.99836]
[0.9998471]
[0.9999478]
[0.99920344]
[0.99965525]
[0.9996758]
[0.9979528]
[0.98985267]
[0.9981446]
[0.9931129]
[0.9997345]
[0.9997437]
[0.9914353]
[0.9996959]
[0.9988061]
[0.9999388]
[0.99997437]
[0.9999046]
[0.99534786]
[0.99680066]
[0.99997306]
[0.9999846]
[0.99970734]
[0.9995488]
[0.99671245]
[0.99992704]
[0.9999652]
[0.99605787]
[0.99955416]
[0.9947915]
[0.9996124]
[0.9999308]
[0.9990581]
[0.9999553]
[0.924575]
[0.99914986]
[0.99967825]
[0.9756428]
[0.9999796]
[0.99918675]
[0.9964967]
[0.99999624]
[0.991441]
[0.98384273]
[0.9996454]
[0.999143]
[0.9998832]
[0.99993527]
[0.99991137]
[0.999998]
[0.996308]
[0.9793738]
[0.99985254]
[0.9999751]
[0.99991417]
[0.99994355]
[0.9989588]
[0.99806815]
[0.994208]
[0.99936247]
[0.99869066]
[0.9999545]
[0.99826074]
[0.998701]
[0.9976404]
[0.9989928]
[0.99985933]
[0.9999622]
[0.9991796]
[0.9871217]
[0.998554]
[0.9939841]
[0.992995]
[0.9999304]
[0.9987383]
[0.9999757]
[0.9987698]
[0.9976641]
[0.9999557]
[0.99782753]
[0.99786675]
[0.9992986]
[0.99993104]
[0.9996708]
[0.997257]
[0.9527085]
[0.99779433]
[0.9964158]
[0.99968445]
[0.99998677]
[0.96293044]
[0.9999678]
[0.9981611]
[0.9999008]
[0.99176407]
[0.99933857]
[0.9998969]
[0.9999597]
[0.99999756]
[0.90935683]
[0.9999399]
[0.99998975]
[0.9999936]
[0.9999607]
[0.9958387]
[0.9999716]
[0.9997566]
[0.9996102]
[0.99986684]
[0.99729395]
[0.99980116]
[0.9998023]
[0.9997529]
[0.99998635]
[0.9955487]
[0.9992919]
[0.9613248]
[0.97855556]
[0.99987495]
[0.9999765]
[0.99996924]
[0.97445357]
[0.9998688]
[0.9968401]
[0.99993086]
[0.99913514]
[0.99961567]
[0.9999074]
[0.9999699]
[0.9999621]
[0.9974227]
[0.9996774]
[0.9979489]
[0.99754465]
[0.99997395]
[0.9988177]
[0.99998665]
[0.9999273]
[0.9997369]
[0.99975574]
[0.9987186]
[0.99972963]
[0.99990016]
[0.9999126]
[0.999753]
[0.9998332]
[0.999766]
[0.99910235]
[0.9998126]
[0.9996386]
[0.99720037]
[0.99329066]
[0.9997318]
[0.9999738]
[0.9885328]
[0.99751556]
[0.9999132]
[0.9998912]
[0.99606967]
[0.99734044]
[0.99874747]
[0.9959893]
[0.9999951]
[0.9999273]
[0.99890035]
[0.9998398]
[0.9997839]
[0.9994272]
[0.999861]
[0.99982953]
[0.99985963]
[0.9999901]
[0.99726343]
[0.9980897]
[0.99973655]
[0.9999821]
[0.9971479]
[0.99990535]
[0.9610193]
[0.9336971]
[0.999642]
[0.9998954]
[0.99996763]
[0.9999833]
[0.9999672]
[0.9999976]
[0.9999958]
[0.999039]
[0.9953887]
[0.9996947]
[0.99994355]
[0.9996978]
[0.99510574]
[0.99997604]
[0.97692347]
[0.9997078]
[0.99864674]
[0.9999175]
[0.99911416]
[0.9911281]
[0.99846673]
[0.9991461]
[0.9999665]
[0.99992585]
[0.99998647]
[0.9984828]
[0.99999154]
[0.99978447]
[0.9999983]
[0.9998465]
[0.99996173]
[0.9998175]
[0.99949825]
[0.9997076]
[0.9995028]
[0.9986993]
[0.9998266]
[0.9884697]
[0.99977577]
[0.9987031]
[0.9998424]
[0.9999433]
[0.9999678]
[0.9999574]
[0.9997368]
[0.995548]
[0.9999907]
[0.99887526]
[0.9999739]
[0.9999823]
[0.9999807]
[0.99999493]
[0.99912584]
[0.9999557]
[0.997363]
[0.9994657]
[0.99977374]
[0.9999863]
[0.997051]
[0.9990563]
[0.99997395]
[0.9998019]
[0.99999547]
[0.99848366]
[0.99984413]
[0.9997884]
[0.9999683]
[0.95674133]
[0.9999157]
[0.99716413]
[0.9999429]
[0.99986947]
[0.99776566]
[0.999951]
[0.99994075]
[0.9964485]
[0.99997383]
[0.99995184]
[0.99982774]
[0.99997485]
[0.9999834]
[0.99878263]
[0.99811953]
[0.9999975]
[0.9998337]
[0.9994099]
[0.9999157]
[0.99988866]
[0.99984384]
[0.99950325]
[0.9998729]
[0.9912226]
[0.9963505]
[0.99934435]
[0.9989656]
[0.99590015]
[0.99719757]
[0.99921095]
[0.99999726]
[0.99372464]
[0.9999993]
[0.99994856]
[0.9996674]
[0.99582714]
[0.9999788]
[0.9999927]
[0.9999962]
[0.9999528]
[0.9997854]
[0.99997157]
[0.9947363]
[0.9999709]
[0.99971807]
[0.99775946]
[0.9995521]
[0.99571633]
[0.99998456]
[0.99612176]
[0.99972415]
[0.9965645]
[0.9999875]
[0.9999972]
[0.9989109]
[0.9999938]
[0.9924054]
[0.99999046]
[0.99933296]
[0.9999702]
[0.9999334]
[0.9722699]
[0.9994122]
[0.99998665]
[0.9987252]
[0.99939597]
[0.9999014]
[0.9988778]
[0.9977373]
[0.9996875]
[0.9998529]
[0.99980134]
[0.9999078]
[0.9991529]
[0.9999733]
[0.99999404]
[0.9994108]
[0.99993324]
[0.99993265]
[0.9992777]
[0.97806793]
[0.9999405]
[0.99283546]
[0.99879515]
[0.99997485]
[0.9998971]
[0.99427027]
[0.9998523]
[0.99999523]
[0.99901634]
[0.99956334]
[0.9948253]
[0.99994195]
[0.9987738]
[0.99876595]
[0.9996991]
[0.9657991]
[0.97447157]
[0.99045134]
[0.99969554]
[0.9999534]
[0.99982303]
[0.9999542]
[0.99986684]
[0.9999963]
[0.9999047]
[0.9993083]
[0.9999657]
[0.99991786]
[0.99996454]
[0.99995637]
[0.9999144]
[0.9998515]
[0.99926746]
[0.9996332]
[0.99999607]
[0.99981385]
[0.99983066]
[0.9999141]
[0.99998343]
[0.99999213]
[0.97509825]
[0.99998283]
[0.99946666]
[0.99949646]
[0.99999607]
[0.99991214]
[0.999857]
[0.99992955]
[0.99954724]
[0.99950737]
[0.9916669]
[0.99347866]
[0.9999317]
[0.99970657]
[0.99812853]
[0.99410856]
[0.99775946]
[0.99992335]
[0.9999956]
[0.9996914]
[0.998705]
[0.96815515]
[0.9998621]
[0.9998291]
[0.99963593]
[0.99863195]
[0.99821675]
[0.99995875]
[0.96668464]
[0.9998334]
[0.9999268]
[0.9998603]
[0.9995382]
[0.998078]
[0.9938646]
[0.99992645]
[0.9998991]
[0.9999944]
[0.9998332]
[0.999938]
[0.9999831]
[0.9995847]
[0.9997471]
[0.99967253]
[0.9761137]
[0.99907225]
[0.99998724]
[0.93921185]
[0.9966767]
[0.9999924]
[0.9999871]
[0.9810933]
[0.9995739]
[0.9999957]
[0.99998194]
[0.9992235]
[0.9999117]
[0.99996287]
[0.99990463]
[0.99989414]
[0.99979055]
[0.9999502]
[0.99998045]
[0.99982417]
[0.99652207]
[0.99604225]
[0.9999863]
[0.99987996]
[0.99745643]
[0.9674421]
[0.9999732]
[0.9999076]
[0.999789]
[0.9999963]
[0.9999398]
[0.9978858]
[0.9997246]
[0.9999902]
[0.97989637]
[0.9999817]
[0.9999634]
[0.99984485]
[0.99992204]
[0.99999833]
[0.9997059]
[0.9999223]
[0.99993193]
[0.99092704]
[0.99869156]
[0.9999527]
[0.99998087]
[0.9999714]
[0.99973416]
[0.99998534]
[0.99998224]
[0.9966979]
[0.9997412]
[0.9688324]
[0.9999881]
[0.99996555]
[0.9969957]
[0.9997586]
[0.95692253]
[0.9995166]
[0.99555004]
[0.9679981]
[0.974373]
[0.9996647]
[0.9995787]
[0.999056]
[0.9995772]
[0.9999983]
[0.99981654]
[0.9999546]
[0.99981815]
[0.99999]
[0.9996946]
[0.99970305]
[0.9999007]
[0.9882356]
[0.99989283]
[0.99980646]
[0.99995756]
[0.99997544]
[0.9999801]
[0.9995272]
[0.9995789]
[0.9998646]
[0.99763274]
[0.99954706]
[0.9998871]
[0.99982625]
[0.9999614]
[0.97037697]
[0.9466553]
[0.99836016]
[0.99998176]
[0.99943256]
[0.999988]
[0.99860215]
[0.98780346]
[0.9999795]
[0.99708927]
[0.9979619]
[0.9929443]
[0.99192494]
[0.999342]
[0.99317074]
[0.9998534]
[0.99987]
[0.99972284]
[0.99575233]
[0.99720925]
[0.9998439]
[0.999985]
[0.9979536]
[0.9999895]
[0.99999297]
[0.999923]
[0.9987115]
[0.9999834]
[0.9986783]
[0.767451]
[0.9938793]
[0.9999676]
[0.9999188]
[0.99998724]
[0.9988428]
[0.99971205]
[0.9965347]
[0.9989204]
[0.99996096]
[0.9996389]
[0.9926395]
[0.99995387]
[0.9991896]
[0.9973506]
[0.9999099]
[0.999412]
[0.99999446]
[0.97972727]
[0.99985707]
[0.9964969]
[0.9990354]
[0.99999845]
[0.9976885]
[0.9994842]
[0.99996287]
[0.9998623]
[0.9999951]
[0.9836847]
[0.999901]
[0.9982797]
[0.99978197]
[0.9966074]
[0.98133075]
[0.9998749]
[0.99999774]
[0.99989134]
[0.9999815]
[0.999933]
[0.9996519]
[0.9996455]
[0.999794]
[0.9999486]
[0.9832989]
[0.95818764]
[0.9999443]
[0.99997616]
[0.9999989]
[0.9999813]
[0.99995625]
[0.99995273]
[0.99364865]
[0.9994738]
[0.999995]
[0.9965461]
[0.9999645]
[0.99997854]
[0.9999975]
[0.99901175]
[0.99999666]
[0.99900216]
[0.9998381]
[0.9998969]
[0.9975821]
[0.99987686]
[0.9994258]
[0.9998305]
[0.9673255]
[0.9999762]
[0.9999246]
[0.9933645]
[0.9999326]
[0.99742657]
[0.9999968]
[0.9999997]
[0.9990717]
[0.98847735]
[0.99998486]
[0.9999207]
[0.9995801]
[0.9999758]
[0.99981594]
[0.99971884]
[0.9999889]
[0.99982905]
[0.99740267]
[0.99635834]
[0.99998975]
[0.990463]
[0.99997294]
[0.99979115]
[0.9974168]
[0.9999999]
[0.99999136]
[0.9988816]
[0.99318695]
[0.9999728]
[0.99997663]
[0.99943507]
[0.99996233]
[0.99995077]
[0.998068]
[0.9999766]
[0.9999603]
[0.9860203]
[0.9688486]
[0.99987674]
[0.99995875]
[0.99967694]
[0.999976]
[0.9995099]
[0.9930038]
[0.9909632]
[0.9973029]
[0.9980863]
[0.99825203]
[0.9999942]
[0.9984509]
[0.99994475]
[0.9999685]
[0.9999535]
[0.9949292]
[0.9819282]
[0.99954754]
[0.9999685]
[0.99998045]
[0.9915917]
[0.9990592]
[0.99492097]
[0.9999382]
[0.99992144]
[0.99996626]
[0.9999712]
[0.999102]
[0.99934524]
[0.99996996]
[0.9998765]
[0.99921274]
[0.999994]
[0.99707556]
[0.99997556]
[0.99946284]
[0.9999948]
[0.9997635]
[0.99994314]
[0.9908572]
[0.99959743]
[0.9998751]
[0.96975136]
[0.99994135]
[0.99995464]
[0.99992216]
[0.99468416]
[0.99999106]
[0.9999826]
[0.9995395]
[0.99579954]
[0.99934256]
[0.9999939]
[0.99986684]
[0.99990267]
[0.9996885]
[0.99956834]
[0.9990523]
[0.9996017]
[0.99993867]
[0.99998456]
[0.9977906]
[0.99965465]
[0.99992335]
[0.9999878]
[0.9996205]
[0.99867094]
[0.99833655]
[0.90769565]
[0.99966085]
[0.9999908]
[0.99999493]
[0.9996648]
[0.9999986]
[0.9999936]
[0.9993666]
[0.99974835]
[0.99976945]
[0.99998736]
[0.99998]
[0.9998467]
[0.9919808]
[0.99728227]
[0.99994916]
[0.995129]
[0.99998]
[0.9995507]
[0.9800471]
[0.9989525]
[0.9987307]
[0.99938494]
[0.9996749]
[0.999194]
[0.9959015]
[0.9934936]
[0.9999477]
[0.9999945]
[0.9329543]
[0.9995805]
[0.9999597]
[0.99944913]
[0.99443513]
[0.9992218]
[0.99882394]
[0.9996835]
[0.9994955]
[0.9997257]
[0.9999827]
[0.99857974]
[0.9997915]
[0.9999944]
[0.957915]
[0.99974084]
[0.9999893]
[0.9998839]
[0.99129426]
[0.99971306]
[0.9998828]
[0.9999554]
[0.9996987]
[0.99961114]
[0.9999919]
[0.9999559]
[0.99998224]
[0.9998355]
[0.9997731]
[0.9994617]
[0.9999895]
[0.99161124]
[0.99999774]
[0.999997]
[0.999972]
[0.99978924]
[0.9999919]
[0.99980044]
[0.9966059]
[0.99650824]
[0.99992234]
[0.99911606]
[0.99965805]
[0.99998474]
[0.999995]
[0.9999944]
[0.99995047]
[0.9999658]
[0.99997765]
[0.99995255]
[0.9999316]
[0.99997056]
[0.9985057]
[0.9999673]
[0.9943632]
[0.9933896]
[0.9999193]
[0.9999856]
[0.99995387]
[0.99998945]
[0.8887086]
[0.9999636]
[0.99978006]
[0.9998082]
[0.9990394]
[0.9999876]
[0.9999891]
[0.9991749]
[0.99912786]
[0.9907842]
[0.99906373]
[0.99342513]
[0.99988854]
[0.99969804]
[0.9998385]
[0.99957716]
[0.99996716]
[0.9992572]
[0.9999316]
[0.9999988]
[0.99664986]
[0.99952036]
[0.99995625]
[0.9999814]
[0.9996929]
[0.9999516]
[0.99999666]
[0.99996686]
[0.99986994]
[0.9998898]
[0.9331417]
[0.9999576]
[0.999995]
[0.9958149]
[0.998332]
[0.999882]
[0.9996543]
[0.9998815]
[0.99993205]
[0.9999671]
[0.99999416]
[0.99767303]
[0.99965155]
[0.99997365]
[0.9998603]
[0.9999832]
[0.99998003]
[0.9776865]
[0.9995884]
[0.9998903]
[0.99997544]
[0.9943891]
[0.99995285]
[0.99973834]
[0.99945366]
[0.99991083]
[0.99999917]
[0.9998882]
[0.99944997]
[0.9999981]
[0.997638]
[0.99999654]
[0.9999617]
[0.99993956]
[0.99997807]
[0.99992394]
[0.9999236]
[0.9999612]
[0.9999466]
[0.9998514]
[0.99644196]
[0.99994797]
[0.9999862]
[0.99984854]
[0.99998266]
[0.9999456]
[0.99880844]
[0.9998216]
[0.9998088]
[0.99995863]
[0.9980395]
[0.9855751]
[0.99970126]
[0.9997189]
[0.9999776]
[0.99988115]
[0.998527]
[0.9999899]
[0.99961185]
[0.99930346]
[0.9997802]
[0.99999785]
[0.9998814]
[0.99989724]
[0.9994546]
[0.99996006]
[0.9999048]
[0.99956256]
[0.9995997]
[0.99997306]
[0.99745136]
[0.99970365]
[0.9987434]
[0.9994629]
[0.9998429]
[0.99800086]
[0.99350417]
[0.9960391]
[0.997772]
[0.999999]
[0.9997722]
[0.9989576]
[0.997457]
[0.99994296]
[0.9999658]
[0.9656682]
[0.9994346]
[0.9979223]
[0.99955606]
[0.9998963]
[0.9993067]
[0.99950194]
[0.9999948]
[0.99868256]
[0.9996662]
[0.9999419]
[0.9998319]
[0.999957]
[0.99985063]
[0.9999761]
[0.9998343]
[0.99755925]
[0.9961306]
[0.99910116]
[0.99999523]
[0.9997183]
[0.9989811]
[0.99784434]
[0.99013734]
[0.9846152]
[0.9989745]
[0.99984014]
[0.9996236]
[0.9999628]
[0.9999217]
[0.9997122]
[0.9998396]
[0.9995752]
[0.9996528]
[0.99996173]
[0.9980074]
[0.9999865]
[0.9960052]
[0.9999992]
[0.9995011]
[0.9999772]
[0.9999537]
[0.9998721]
[0.99995846]
[0.9998634]
[0.9955648]
[0.9974758]
[0.99995077]
[0.998904]
[0.99911714]
[0.99842125]
[0.99998116]
[0.99973756]
[0.99979925]
[0.99993813]
[0.99972963]
[0.9999844]
[0.9999337]
[0.9999875]
[0.999923]
[0.99998415]
[0.99971354]
[0.99986696]
[0.99994993]
[0.99928147]
[0.9999422]
[0.9989642]
[0.9997884]
[0.9998938]
[0.9999642]
[0.9971956]
[0.99801916]
[0.998464]
[0.9997827]
[0.99988365]
[0.9990294]
[0.9999683]
[0.9999242]
[0.9999906]
[0.9999999]
[0.999846]
[0.99995565]
[0.9930823]
[0.99983525]
[0.99995494]
[0.99998856]
[0.99995875]
[0.9999807]
[0.9990809]
[0.9998995]
[0.99989444]
[0.99990577]
[0.9991011]
[0.99990875]
[0.99996614]
[0.9999939]
[0.9987869]
[0.9998098]
[0.99988544]
[0.9996636]
[0.9992703]
[0.999678]
[0.99431324]
[0.9998813]
[0.9996421]
[0.9995247]
[0.9998137]
[0.9997209]
[0.99974906]
[0.99984705]
[0.9999497]
[0.99944615]
[0.9987086]
[0.999964]
[0.9997227]
[0.9996036]
[0.99679077]
[0.99981785]
[0.9936362]
[0.9995085]
[0.9999894]
[0.9997763]
[0.9999962]
[0.9999911]
[0.9998381]
[0.9999212]
[0.9998534]
[0.9998977]
[0.9913374]
[0.9933253]
[0.9998332]
[0.99979985]
[0.9996765]
[0.99997413]
[0.99997324]
[0.99997663]
[0.9994685]
[0.99984396]
[0.9999482]
[0.99964327]
[0.99996185]
[0.9957861]
[0.9998419]
[0.9989031]
[0.9914938]
[0.9999912]
[0.9998566]
[0.9997658]
[0.9999935]
[0.999885]
[0.99997354]
[0.9999754]
[0.999984]
[0.9992614]
[0.99611616]
[0.99341583]
[0.99989593]
[0.9999993]
[0.99990135]
[0.99658155]
[0.99993205]
[0.9986474]
[0.9999076]
[0.99989235]
[0.9999024]
[0.99978346]
[0.99997216]
[0.9998683]
[0.99969053]
[0.99835175]
[0.9994849]
[0.99998254]
[0.99972486]
[0.9999528]
[0.99968696]
[0.999859]
[0.9998117]
[0.9998652]
[0.9996668]
[0.9999019]
[0.99321145]
[0.99953926]
[0.99999905]
[0.99910736]
[0.9996444]
[0.9961295]
[0.99661493]
[0.99978447]
[0.999972]
[0.999873]
[0.9998884]
[0.9988186]
[0.99997395]
[0.9978887]
[0.9999403]
[0.99959946]
[0.99951565]
[0.9997206]
[0.9992495]
[0.9998971]
[0.9996375]
[0.99928546]
[0.9999578]
[0.9999832]
[0.96135104]
[0.99990094]
[0.9793039]
[0.99547875]
[0.99996316]
[0.9998852]
[0.9999703]
[0.99995995]
[0.9999872]
[0.9998703]
[0.99948543]
[0.9999827]
[0.9994999]
[0.9988545]
[0.99994963]
[0.9998132]
[0.99987495]
[0.99969596]
[0.99829173]
[0.99525064]
[0.99976784]
[0.99985904]
[0.99999976]
[0.99895096]
[0.9999478]
[0.99959296]
[0.9989303]
[0.99996513]
[0.99958205]
[0.9968165]
[0.9986125]
[0.9994268]
[0.9910464]
[0.9963443]
[0.9999888]
[0.9997471]
[0.99974686]
[0.9922472]
[0.9999617]
[0.99960876]
[0.99999225]
[0.99984694]
[0.9998744]
[0.9997127]
[0.99841964]
[0.99664557]
[0.999891]
[0.99993753]
[0.9996861]
[0.9999739]
[0.9983568]
[0.9998632]
[0.9999931]
[0.99999523]
[0.99997056]
[0.99894893]
[0.99942803]
[0.99997514]
[0.99978125]
[0.99939305]
[0.9996067]
[0.9996399]
[0.9993582]
[0.9999666]
[0.99997914]
[0.9996314]
[0.9997505]
[0.9990748]
[0.99952936]
[0.9936844]
[0.99830955]
[0.9999225]
[0.9998527]
[0.99567586]
[0.9987879]
[0.9999831]
[0.9999685]
[0.9998181]
[0.99994147]
[0.9998241]
[0.9998951]
[0.9999616]
[0.9996642]
[0.99990267]
[0.9999081]
[0.9993619]
[0.95106804]
[0.9992494]
[0.99908686]
[0.9999598]
[0.99981695]
[0.99994594]
[0.9947381]
[0.99967563]
[0.9994037]
[0.9991199]
[0.99818116]
[0.99980617]
[0.99998814]
[0.9999976]
[0.99974287]
[0.99818265]
[0.99970007]
[0.99999094]
[0.99976695]
[0.9933524]
[0.99989915]
[0.988665]
[0.99998057]
[0.9999405]
[0.9995265]
[0.9980327]
[0.9998423]
[0.9987432]
[0.9999285]
[0.9999267]
[0.9999844]
[0.99963635]
[0.99997973]
[0.99998915]
[0.9997878]
[0.99984646]
[0.9999202]
[0.9998573]
[0.9999951]
[0.999994]
[0.9999948]
[0.9528979]
[0.99316764]
[0.9999927]
[0.9998988]
[0.99996454]
[0.9990596]
[0.99999124]
[0.9999893]
[0.99979484]
[0.999501]
[0.9999927]
[0.99928826]
[0.9999979]
[0.9999744]
[0.9998895]
[0.9990674]
[0.9999759]
[0.9999468]
[0.9999757]
[0.99999547]
[0.9999404]
[0.98320377]
[0.99867237]
[0.99995446]
[0.9992001]
[0.99997735]
[0.9997368]
[0.9989482]
[0.9913669]
[0.9991674]
[0.99999285]
[0.999896]
[0.9997544]
[0.999997]
[0.9999542]
[0.99886656]
[0.99909586]
[0.99999356]
[0.99998486]
[0.9996119]
[0.99991214]
[0.9998553]
[0.9999373]
[0.9992794]
[0.99982584]
[0.9999772]
[0.9995076]
[0.9998757]
[0.9999708]
[0.99961776]
[0.9995525]
[0.99902093]
[0.99994874]
[0.9993733]
[0.99943733]
[0.9971386]
[0.9984951]
[0.9998602]
[0.99724203]
[0.9999975]
[0.99963033]
[0.99748504]
[0.9999224]
[0.999825]
[0.9998929]
[0.99994814]
[0.9999852]
[0.99993455]
[0.9993588]
[0.999634]
[0.9999081]
[0.99999976]
[0.9989381]
[0.9997858]
[0.99999154]
[0.9998437]
[0.9999888]
[0.9997849]
[0.99983776]
[0.99924195]
[0.99122775]
[0.99897146]
[0.99846697]
[0.9998863]
[0.99971735]
[0.9998935]
[0.999979]
[0.9999219]
[0.9743868]
[0.9999916]
[0.995165]
[0.9999263]
[0.9998392]
[0.9998206]
[0.99806327]
[0.99961835]
[0.99997634]
[0.99981785]
[0.99999213]
[0.99965715]
[0.9999403]
[0.999997]
[0.99949956]
[0.9995084]
[0.9999485]
[0.99967664]
[0.99999595]
[0.99750185]
[0.9999312]
[0.97938526]
[0.999433]
[0.99907845]
[0.9998323]
[0.9993126]
[0.9999225]
[0.9864023]
[0.9989815]
[0.9999281]
[0.99998206]
[0.9970151]
[0.9998256]
[0.99947333]
[0.9998834]
[0.9880618]
[0.99988115]
[0.999623]
[0.99993473]
[0.99998856]
[0.9979166]
[0.99992454]
[0.99965495]
[0.9999609]
[0.99991965]
[0.99998206]
[0.9998989]
[0.99952304]
[0.999205]
[0.9999814]
[0.9962612]
[0.9917042]
[0.9996655]
[0.99953574]
[0.99946463]
[0.99873]
[0.9996357]
[0.9975766]
[0.9993882]
[0.9987073]
[0.99994826]
[0.997023]
[0.9995661]
[0.9999083]
[0.999544]
[0.99951553]
[0.9997655]
[0.99998677]
[0.99985933]
[0.9985266]
[0.9999511]
[0.99927443]
[0.9997983]
[0.9996378]
[0.999984]
[0.99956703]
[0.99995786]
[0.9997044]
[0.99994767]
[0.9864422]
[0.99939597]
[0.9999747]
[0.9995202]
[0.99997824]
[0.9996823]
[0.9999612]
[0.99981797]
[0.9965184]
[0.9998144]
[0.9999689]
[0.9952885]
[0.998086]
[0.9996905]
[0.9999928]
[0.99457383]
[0.99999595]
[0.999853]
[0.9961188]
[0.99995697]
[0.99903536]
[0.9993221]
[0.9992491]
[0.99998814]
[0.9970091]
[0.9989635]
[0.9907615]
[0.999984]
[0.9992394]
[0.9999366]
[0.9998511]
[0.9999897]
[0.99955654]
[0.9996344]
[0.9994151]
[0.9999114]
[0.99932075]
[0.99995583]
[0.9999502]
[0.9994885]
[0.99955726]
[0.9999962]
[0.9999789]
[0.96423686]
[0.996747]
[0.9999993]
[0.99998593]
[0.9999818]
[0.99992895]
[0.9983551]
[0.9998001]
[0.9998437]
[0.9999597]
[0.9998973]
[0.9993501]
[0.99988425]
[0.99994576]
[0.999869]
[0.9992113]
[0.99942887]
[0.9998319]
[0.99984056]
[0.9977633]
[0.99998176]
[0.9997855]
[0.99991345]
[0.99992394]
[0.99998736]
[0.99999577]
[0.9997707]
[0.9999879]
[0.999944]
[0.9995078]
[0.99989927]
[0.9999441]
[0.9999696]
[0.99975955]
[0.9999961]
[0.9912231]
[0.9999652]
[0.99998415]
[0.9986467]
[0.9999447]
[0.99936974]
[0.9999883]
[0.99941635]
[0.9999906]
[0.9995628]
[0.9998907]
[0.9998877]
[0.9999969]
[0.9999248]
[0.99971306]
[0.9992936]
[0.9999143]
[0.9999218]
[0.9999811]
[0.9996773]
[0.9961455]
[0.99617434]
[0.9993851]
[0.99977505]
[0.99682266]
[0.9995073]
[0.99969804]
[0.9993213]
[0.9968393]
[0.9685987]
[0.999764]
[0.9989104]
[0.9997799]
[0.9990331]
[0.99997836]
[0.9999783]
[0.99937236]
[0.99892217]
[0.9998522]
[0.9990933]
[0.99932075]
[0.9982898]
[0.9993937]
[0.999966]
[0.9999567]
[0.9986905]
[0.99995273]
[0.9999697]
[0.9911338]
[0.9995109]
[0.99981064]
[0.99802655]
[0.9996089]
[0.99917936]
[0.9962145]
[0.99999535]
[0.9998927]
[0.9999658]
[0.9999642]
[0.9995713]
[0.99982905]
[0.9961829]
[0.9999988]
[0.9999386]
[0.99922866]
[0.9999294]
[0.9996489]
[0.999773]
[0.99996233]
[0.99981993]
[0.99991]
[0.99950993]
[0.9950695]
[0.99885195]
[0.9997203]
[0.9998863]
[0.9746616]
[0.9989052]
[0.99964905]
[0.9995038]
[0.9942479]
[0.9999434]
[0.8676472]
[0.99995697]
[0.99996907]
[0.999985]
[0.9999148]
[0.99970424]
[0.99012524]
[0.9992464]
[0.99994546]
[0.99933463]
[0.9994914]
[0.9999949]
[0.9944062]
[0.98775065]
[0.9995929]
[0.9993604]
[0.9995928]
[0.9991647]
[0.99866915]
[0.99977064]
[0.99842894]
[0.99976194]
[0.9986446]
[0.9999782]
[0.9994458]
[0.9913113]
[0.9986687]
[0.99998486]
[0.99978435]
[0.9963971]
[0.99999976]
[0.99927795]
[0.9994217]
[0.9999603]
[0.99839604]
[0.99931574]
[0.999535]
[0.99858785]
[0.99964887]
[0.99970627]
[0.9995228]
[0.99948955]
[0.99965954]
[0.99977255]
[0.9998671]
[0.9998904]
[0.99999714]
[0.99997956]
[0.99987835]
[0.9997753]
[0.9996305]
[0.9999967]
[0.9946132]
[0.98301077]
[0.9998891]
[0.9999557]
[0.99944323]
[0.99924564]
[0.99980164]
[0.99932814]
[0.999982]
[0.99967474]
[0.9988686]
[0.9997544]
[0.9862845]
[0.99098575]
[0.99991703]
[0.99994826]
[0.9972759]
[0.9983245]
[0.9999764]
[0.999856]
[0.9997357]
[0.9975213]
[0.9999832]
[0.99942756]
[0.99860287]
[0.9999965]
[0.9999472]
[0.9995294]
[0.9999887]
[0.9996322]
[0.9999905]
[0.9918654]
[0.99953955]
[0.999581]
[0.9995667]
[0.99984574]
[0.9995474]
[0.9998809]
[0.9998809]
[0.9610203]
[0.99997866]
[0.99945813]
[0.9999113]
[0.9994608]
[0.9999964]
[0.99949944]
[0.99995506]
[0.9991212]
[0.99989206]
[0.9999465]
[0.99926776]
[0.9999525]
[0.9999716]
[0.99980956]
[0.99998695]
[0.9998776]
[0.99990916]
[0.9999845]
[0.99877083]
[0.9999969]
[0.99939764]
[0.9999786]
[0.9996785]
[0.99988806]
[0.99996984]
[0.98289937]
[0.9999259]
[0.9995734]
[0.99974823]
[0.99996156]
[0.9999649]
[0.9991472]
[0.999102]
[0.9998288]
[0.9995384]
[0.9996797]
[0.99240994]
[0.9998046]
[0.9997041]
[0.99999845]
[0.9999945]
[0.9995736]
[0.9998028]
[0.99829775]
[0.999605]
[0.9997213]
[0.9999958]
[0.9995447]
[0.99999595]
[0.99998164]
[0.9999914]
[0.99994075]
[0.99991786]
[0.99999696]
[0.999991]
[0.9999064]
[0.999982]
[0.99996865]
[0.9998562]
[0.999711]
[0.9976783]
[0.99639165]
[0.99934435]
[0.9999523]
[0.99977034]
[0.9997167]
[0.99996537]
[0.99972385]
[0.9999356]
[0.9999616]
[0.9999271]
[0.9987526]
[0.99960315]
[0.99973714]
[0.9968691]
[0.99986315]
[0.99965805]
[0.9925651]
[0.9999764]
[0.99994534]
[0.99999696]
[0.9848635]
[0.9992461]
[0.9969662]
[0.998826]
[0.9981884]
[0.95438445]
[0.99999464]
[0.9999479]
[0.99553144]
[0.99960023]
[0.99999213]
[0.9972626]
[0.99992603]
[0.9997817]
[0.99972]
[0.9978533]
[0.99852484]
[0.9999862]
[0.99983716]
[0.9998568]
[0.9990262]
[0.997767]
[0.9954295]
[0.998641]
[0.998749]
[0.9992421]
[0.99916303]
[0.9994981]
[0.9999137]
[0.99988425]
[0.99861574]
[0.99651694]
[0.999329]
[0.99925995]
[0.9998911]
[0.99982166]
[0.9999775]
[0.9996687]
[0.99706495]
[0.9998865]
[0.9986582]
[0.9957764]
[0.99999356]
[0.9976289]
[0.99987125]
[0.9996968]
[0.9965148]
[0.9989908]
[0.9996297]
[0.999562]
[0.9998841]
[0.9976336]
[0.9999934]
[0.9913786]
[0.999968]
[0.98883826]
[0.99569]
[0.9981851]
[0.9997138]
[0.98595554]
[0.99999213]
[0.99971807]
[0.99994314]
[0.9990319]
[0.99791956]
[0.99823177]
[0.99999845]
[0.9999965]
[0.9996905]
[0.99982166]
[0.99643576]
[0.99998116]
[0.9999444]
[0.99955225]
[0.99952996]
[0.999988]
[0.9998012]
[0.9944366]
[0.99994946]
[0.9999354]
[0.9999712]
[0.99995536]
[0.91003543]
[0.9998923]
[0.9999943]
[0.9995699]
[0.9993307]
[0.99996173]
[0.9999845]
[0.999223]
[0.999966]
[0.99991703]
[0.9999261]
[0.9996333]
[0.9999958]
[0.99855965]
[0.9998489]
[0.99973965]
[0.9999161]
[0.99980175]
[0.9949111]
[0.9997615]
[0.99983436]
[0.99979055]
[0.99952394]
[0.999993]
[0.99846715]
[0.9994662]
[0.99989784]
[0.99854314]
[0.9999728]
[0.999332]
[0.99699664]
[0.99857885]
[0.9998065]
[0.99830365]
[0.9998954]
[0.99857205]
[0.9998567]
[0.99999833]
[0.999999]
[0.99990404]
[0.99990773]
[0.9999944]
[0.9999873]
[0.9998553]
[0.99997145]
[0.99975634]
[0.9996222]
[0.9999719]
[0.9645206]
[0.9995767]
[0.99946505]
[0.9852604]
[0.981192]
[0.9997376]
[0.99976337]
[0.9999962]
[0.9985248]
[0.999964]
[0.9972875]
[0.9994117]
[0.9999969]
[0.99999356]
[0.9128152]
[0.9999385]
[0.9999521]
[0.9991659]
[0.9999945]
[0.9999679]
[0.99961126]
[0.99514014]
[0.9996719]
[0.9900142]
[0.99970335]
[0.9999035]
[0.9996692]
[0.99994016]
[0.9999026]
[0.9999729]
[0.98554313]
[0.98297465]
[0.99979424]
[0.9999927]
[0.998961]
[0.9999317]
[0.9994558]
[0.9991394]
[0.99440503]
[0.9999449]
[0.9999855]
[0.9999553]
[0.99998707]
[0.999881]
[0.9983505]
[0.99999416]
[0.9999709]
[0.9996141]
[0.9999738]
[0.99992746]
[0.9999208]
[0.9997266]
[0.9996077]
[0.9975537]
[0.9877283]
[0.9999386]
[0.9999734]
[0.99866426]
[0.9977658]
[0.9968077]
[0.9854276]
[0.9999951]
[0.99987066]
[0.9995454]
[0.9999778]
[0.9997301]
[0.9996629]
[0.99989414]
[0.999287]
[0.9998963]
[0.9986664]
[0.99999774]
[0.9999962]
[0.99982536]
[0.9999256]
[0.9850185]
[0.9991915]
[0.9999827]
[0.99955106]
[0.999579]
[0.99852884]
[0.9997356]
[0.99763644]
[0.999886]
[0.99982023]
[0.99483943]
[0.99999464]
[0.99980974]
[0.9999559]
[0.9999256]
[0.9995885]
[0.999655]
[0.99991095]
[0.99914443]
[0.99375546]
[0.9999806]
[0.9999975]
[0.9966109]
[0.9973581]
[0.9999962]
[0.99998957]
[0.99999976]
[0.99896]
[0.99975127]
[0.99981546]
[0.9983392]
[0.9990356]
[0.999917]
[0.99756813]
[0.99824995]
[0.9934486]
[0.999876]
[0.99547696]
[0.9975587]
[0.9997767]
[0.98510796]
[0.9607581]
[0.9996182]
[0.9971062]
[0.9999478]
[0.9999668]
[0.99948144]
[0.9998716]
[0.99674344]
[0.99944437]
[0.9998431]
[0.9999635]
[0.9999548]
[0.9667932]
[0.99968576]
[0.9995441]
[0.9999852]
[0.9999918]
[0.9999762]
[0.9999952]
[0.99895334]
[0.9999665]
[0.99854803]
[0.9999758]
[0.99965376]
[0.99977887]
[0.9418405]
[0.99994326]
[0.99882233]
[0.99996954]
[0.9999515]
[0.9998961]
[0.9999851]
[0.99968743]
[0.9990184]
[0.9997907]
[0.99997187]
[0.99980336]
[0.9994299]
[0.99999905]
[0.9999838]
[0.9969666]
[0.9997615]
[0.999477]
[0.9999616]
[0.99995613]
[0.9999598]
[0.99901664]
[0.99981827]
[0.99178857]
[0.999995]
[0.99988127]
[0.9999994]
[0.999508]
[0.9999204]
[0.9939123]
[0.99983084]
[0.9947259]
[0.99927175]
[0.99892926]
[0.99951077]
[0.99997133]
[0.99999285]
[0.99999774]
[0.97964156]
[0.99996835]
[0.9998342]
[0.9999771]
[0.99997103]
[0.9999912]
[0.9915679]
[0.99956834]
[0.99992526]
[0.99593794]
[0.99945587]
[0.9998534]
[0.9998116]
[0.99975073]
[0.9992856]
[0.9781961]
[0.99682957]
[0.9999974]
[0.9997285]
[0.9999266]
[0.9984975]
[0.97363263]
[0.9971006]
[0.9989485]
[0.99990255]
[0.9999348]
[0.9998644]
[0.9968871]
[0.99940944]
[0.9999948]
[0.9999887]
[0.99916005]
[0.9973041]
[0.9993465]
[0.99997777]
[0.99968785]
[0.99999994]
[0.99980164]
[0.99999666]
[0.99085385]
[0.9999883]
[0.9999863]
[0.99995804]
[0.9994046]
[0.999429]
[0.9989872]
[0.99795604]
[0.9997951]
[0.9987114]
[0.99999297]
[0.9999986]
[0.9993855]
[0.9838382]
[0.9996412]
[0.99822676]
[0.99980974]
[0.9978826]
[0.9996561]
[0.99999094]
[0.99954504]
[0.99972105]
[0.9970629]
[0.99991465]
[0.9852402]
[0.9961792]
[0.99986786]
[0.9998685]
[0.9996861]
[0.9992722]
[0.9930619]
[0.99985766]
[0.99966776]
[0.99985915]
[0.9999931]
[0.9905]
[0.9895514]
[0.99187255]
[0.996202]
[0.99919295]
[0.99987864]
[0.99993134]
[0.99948573]
[0.9999222]
[0.99976313]
[0.9723882]
[0.9995496]
[0.9892654]
[0.9997705]
[0.9999747]
[0.99997663]
[0.9988524]
[0.99924135]
[0.9990159]
[0.9998363]
[0.9990436]
[0.9999875]
[0.9999678]
[0.98667496]
[0.9834777]
[0.9997244]
[0.9999622]
[0.9999541]
[0.9999434]
[0.9970424]
[0.9998609]
[0.9996135]
[0.99991965]
[0.99994516]
[0.999999]
[0.9939722]
[0.9990175]
[0.99999905]
[0.99730396]
[0.99990094]
[0.99995255]
[0.9592303]
[0.9999909]
[0.9999064]
[0.99954486]
[0.9757231]
[0.996536]
[0.9949518]
[0.99997973]
[0.9999572]
[0.99990773]
[0.9999791]
[0.9999165]
[0.99993956]
[0.9971498]
[0.9991504]
[0.99998367]
[0.9996196]
[0.9999794]
[0.9999671]
[0.9999845]
[0.99999326]
[0.9999183]
[0.9995655]
[0.99992734]
[0.99976534]
[0.9999152]
[0.99531806]
[0.99999166]
[0.99833643]
[0.999984]
[0.99984014]
[0.99998033]
[0.9811318]
[0.9991653]
[0.99137515]
[0.9990139]
[0.99995065]
[0.9998791]
[0.99853706]
[0.9991933]
[0.99993354]
[0.99522877]
[0.9995556]
[0.99998605]
[0.99828076]
[0.999998]
[0.9999732]
[0.9997916]
[0.9993251]
[0.99998677]
[0.9999509]
[0.99998003]
[0.9998978]
[0.99973774]
[0.999934]
[0.99983966]
[0.99964243]
[0.99955535]
[0.99993324]
[0.99837136]
[0.9990251]
[0.9991885]
[0.9999762]
[0.9999859]
[0.99911726]
[0.9997883]
[0.9964843]
[0.99982905]
[0.9998127]
[0.9995067]
[0.9999658]
[0.99836063]
[0.99638367]
[0.9999465]
[0.99759674]
[0.99961114]
[0.9999621]
[0.9991277]
[0.99880075]
[0.9994916]
[0.99971724]
[0.99984646]
[0.99717486]
[0.99983597]
[0.99994695]
[0.9971747]
[0.99965405]
[0.9997335]
[0.99992543]
[0.9950471]
[0.99997175]
[0.9998754]
[0.99394333]
[0.9932577]
[0.99954593]
[0.99839294]
[0.99940395]
[0.99950385]
[0.9990266]
[0.9998783]
[0.99996656]
[0.9994296]
[0.9993813]
[0.9996328]
[0.9999813]
[0.9999918]
[0.99915266]
[0.99910927]
[0.9998712]
[0.99998343]
[0.99882364]
[0.9999513]
[0.9996495]
[0.9994565]
[0.999976]
[0.99967456]
[0.9840704]
[0.99997073]
[0.99925256]
[0.9906151]
[0.9998363]
[0.99982643]
[0.99784446]
[0.998942]
[0.9997115]
[0.99978244]
[0.9999726]
[0.9995768]
[0.99978745]
[0.9997128]
[0.9999846]
[0.9987844]
[0.987278]
[0.99265]
[0.99959254]
[0.99997354]
[0.99956316]
[0.9942945]
[0.99996066]
[0.9997076]
[0.99931824]
[0.9995277]
[0.9901295]
[0.999875]
[0.9850152]
[0.99975675]
[0.9926554]
[0.99997294]
[0.9998085]
[0.99526834]
[0.99936557]
[0.999748]
[0.9966987]
[0.9994723]
[0.9961513]
[0.98958015]
[0.9949113]
[0.9986275]
[0.999859]
[0.9998931]
[0.9995158]
[0.99963933]
[0.99995506]
[0.99986994]
[0.9992037]
[0.99971366]
[0.9990586]
[0.99644923]
[0.9998877]
[0.99998724]
[0.9987819]
[0.99891484]
[0.9984505]
[0.9969262]
[0.92868114]
[0.99966997]
[0.9960277]
[0.9994602]
[0.99950415]
[0.99821365]
[0.999661]
[0.999765]
[0.9998157]
[0.9999263]
[0.9980902]
[0.9998627]
[0.9999233]
[0.99843824]
[0.9999883]
[0.9912679]
[0.9999333]
[0.9567914]
[0.9997821]
[0.9978695]
[0.9999264]
[0.99966073]
[0.99790025]
[0.99691653]
[0.9876263]
[0.99944866]
[0.9999609]
[0.99995244]
[0.9997137]
[0.99982363]
[0.99655616]
[0.99999374]
[0.998552]
[0.9999944]
[0.99947286]
[0.9992373]
[0.99929094]
[0.9997345]
[0.99986446]
[0.98779315]
[0.98511136]
[0.99980927]
[0.9720916]
[0.9975041]
[0.9971447]
[0.9970849]
[0.9999716]
[0.99727905]
[0.9999642]
[0.998888]
[0.9991826]
[0.99886847]
[0.9997345]
[0.9999714]
[0.99909854]
[0.97071016]
[0.92402303]
[0.99970967]
[0.9838381]
[0.9996274]
[0.999704]
[0.99618506]
[0.9845085]
[0.9986429]
[0.99999636]
[0.9712493]
[0.9993794]
[0.99996233]
[0.98078173]
[0.98755085]
[0.9293624]
[0.99233496]
[0.9999976]
[0.99757993]
[0.99804765]
[0.9998525]
[0.99899054]
[0.9987843]
[0.99861556]
[0.99995923]
[0.99950266]
[0.96922064]
[0.9993988]
[0.99972063]
[0.9976046]
[0.99964094]
[0.9982399]
[0.99998116]
[0.9848702]
[0.99057126]
[0.99993044]
[0.999866]
[0.99993527]
[0.99316245]
[0.99837935]
[0.99978876]
[0.99998224]
[0.99997425]
[0.92954075]
[0.998386]
[0.99905473]
[0.99984956]
[0.99994135]
[0.9994894]
[0.9910885]
[0.9997318]
[0.99990475]
[0.9985642]
[0.99002326]
[0.9999418]
[0.9325459]
[0.99884003]
[0.9995815]
[0.9740894]
[0.9971946]
[0.99968445]
[0.999933]
[0.99988604]
[0.927268]
[0.9979665]
[0.9998864]
[0.9995382]
[0.9997586]
[0.9977838]
[0.99963784]
[0.99236435]
[0.9999926]
[0.9998785]
[0.99309826]
[0.9936987]
[0.9975761]
[0.9955338]
[0.999601]
[0.9979445]
[0.99551475]
[0.99506795]
[0.99990976]
[0.81508976]
[0.9999994]
[0.9981847]
[0.99982035]
[0.9971645]
[0.9998996]
[0.99347067]
[0.9971896]
[0.99943364]
[0.9909935]
[0.9941205]
[0.9998827]
[0.9940409]
[0.99638724]
[0.99715614]
[0.99891984]
[0.9999487]
[0.99770486]
[0.9998182]
[0.9997276]
[0.9966613]
[0.9990929]
[0.99947625]
[0.9966384]
[0.9995808]
[0.9900414]
[0.9999748]
[0.9995754]
[0.99539244]
[0.9871807]
[0.9987904]
[0.99989784]
[0.9998614]
[0.9999565]
[0.99723566]
[0.9999914]
[0.99931216]
[0.99669504]
[0.9995497]
[0.9981803]
[0.9999771]
[0.974748]
[0.99981666]
[0.99807453]
[0.989326]
[0.9953623]
[0.99989533]
[0.9260737]
[0.99835885]
[0.99962914]
[0.9914546]
[0.98915625]
[0.9935459]
[0.99943674]
[0.98808306]
[0.9997424]
[0.9997827]
[0.9990326]
[0.99236107]
[0.9998236]
[0.9912597]
[0.9999981]
[0.9978553]
[0.9970592]
[0.99782026]
[0.9993262]
[0.9924564]
[0.99995303]
[0.9998918]
[0.99954915]
[0.99831504]
[0.9991363]
[0.99997914]
[0.99988544]
[0.9977031]
[0.99985474]
[0.99992985]
[0.99849975]
[0.99978864]
[0.99684614]
[0.9994074]
[0.99705905]
[0.9987813]
[0.98435956]
[0.99876785]
[0.9999634]
[0.96073973]
[0.99970627]
[0.9994658]
[0.9999873]
[0.9997295]
[0.99996793]
[0.9964487]
[0.99919957]
[0.99999344]
[0.9991257]
[0.99729705]
[0.999828]
[0.9995626]
[0.9844817]
[0.9975015]
[0.9378961]
[0.99981993]
[0.99995375]
[0.995798]
[0.99912953]
[0.9965925]
[0.99718]
[0.9999214]
[0.99789536]
[0.945047]
[0.9999672]
[0.999784]
[0.9999908]
[0.89087564]
[0.9967312]
[0.9954472]
[0.9997674]
[0.9996066]
[0.9971683]
[0.99899304]
[0.9982668]
[0.99714196]
[0.99962544]
[0.9855771]
[0.9986491]
[0.9999964]
[0.9961551]
[0.98121536]
[0.9989212]
[0.99870586]
[0.9999205]
[0.98223746]
[0.99996436]
[0.99951565]
[0.99644053]
[0.9995374]
[0.9975085]
[0.9982745]
[0.99406314]
[0.9990121]
[0.99840426]
[0.99891305]
[0.99908644]
[0.9758451]
[0.9995687]
[0.9988134]
[0.9994029]
[0.9999399]
[0.99991214]
[0.9999387]
[0.9999396]
[0.999987]
[0.9984944]
[0.9704281]
[0.9999261]
[0.9762772]
[0.9995744]
[0.9999957]
[0.99982905]
[0.9985385]
[0.99923056]
[0.99122536]
[0.998837]
[0.79040384]
[0.98214847]
[0.99991536]
[0.99986327]
[0.97501636]
[0.99861974]
[0.99344945]
[0.9995138]
[0.99954027]
[0.99964213]
[0.99694926]
[0.93261474]
[0.99690247]
[0.99672866]
[0.998843]
[0.99293756]
[0.9838755]
[0.99885476]
[0.99357474]
[0.9999892]
[0.9905019]
[0.9963336]
[0.9743234]
[0.97443056]
[0.9651432]
[0.9996408]
[0.99818385]
[0.99990284]
[0.9999758]
[0.9999387]
[0.998883]
[0.9964375]
[0.9997796]
[0.99958414]
[0.99556935]
[0.99916303]
[0.9855008]
[0.999839]
[0.92195165]
[0.99886066]
[0.99975085]
[0.97913766]
[0.99997026]
[0.998724]
[0.999805]
[0.9996011]
[0.8712489]
[0.99318707]
[0.9995884]
[0.94914246]
[0.9993424]
[0.9884182]
[0.9903815]
[0.9910177]
[0.94305116]
[0.99987483]
[0.9996129]
[0.99916065]
[0.99998295]
[0.9999312]
[0.99956656]
[0.9824092]
[0.9812803]
[0.9998201]
[0.9998174]
[0.99911284]
[0.99998456]
[0.99776584]
[0.99885154]
[0.99891126]
[0.9961263]
[0.9997835]
[0.99880815]
[0.9948667]
[0.99935603]
[0.99530315]
[0.99594116]
[0.99746335]
[0.9643046]
[0.99885327]
[0.99950564]
[0.99988896]
[0.9999839]
[0.99818856]
[0.99363637]
[0.99990594]
[0.9997852]
[0.9998828]
[0.9999171]
[0.9967458]
[0.97804606]
[0.99930763]
[0.9990981]
[0.9987136]
[0.99655765]
[0.999228]
[0.9982703]
[0.9795888]
[0.99796164]
[0.98821557]
[0.9996555]
[0.9999955]
[0.99428904]
[0.9995458]
[0.975269]
[0.99803567]
[0.9990477]
[0.99888587]
[0.9949237]
[0.999989]
[0.9639021]
[0.99998087]
[0.9996064]
[0.99994725]
[0.9996859]
[0.99998254]
[0.9998225]
[0.993173]
[0.9549106]
[0.9996787]
[0.998082]
[0.78793955]
[0.9996747]
[0.99993783]
[0.99966276]
[0.9146695]
[0.97735906]
[0.9996352]
[0.9990071]
[0.9962571]
[0.9998728]
[0.9980242]
[0.95551836]
[0.9999691]
[0.9999335]
[0.9997883]
[0.9976535]
[0.99978805]
[0.99884903]
[0.99697936]
[0.9988283]
[0.9999216]
[0.9961515]
[0.9927]
[0.9999865]
[0.9999716]
[0.9967147]
[0.99912965]
[0.99996144]
[0.99793005]
[0.9998493]
[0.9864422]
[0.9993456]
[0.9973271]
[0.99986434]
[0.9877317]
[0.99999785]
[0.9917809]
[0.93884873]
[0.9705792]
[0.99703175]
[0.99929965]
[0.9997743]
[0.9991318]
[0.99893665]
[0.9995048]
[0.9999515]
[0.9999286]
[0.99876094]
[0.999009]
[0.999998]
[0.99999774]
[0.9962983]
[0.9996093]
[0.99890375]
[0.99975574]
[0.99991155]
[0.99991876]
[0.9989648]
[0.9997302]
[0.9986185]
[0.991301]
[0.99888515]
[0.9699435]
[0.9928788]
[0.9982523]
[0.99996495]
[0.99947166]
[0.990577]
[0.999858]
[0.9953934]
[0.9941516]
[0.99884427]
[0.99933374]
[0.97880787]
[0.99901104]
[0.9996252]
[0.99999595]
[0.99187917]
[0.99453866]
[0.9997641]
[0.99970114]
[0.9992717]
[0.99983525]
[0.9999487]
[0.9997433]
[0.95577824]
[0.9993222]
[0.99876654]
[0.9999828]
[0.96009195]
[0.99384093]
[0.9930417]
[0.9988486]
[0.99986464]
[0.9977448]
[0.99957275]
[0.9985026]
[0.998134]
[0.99999547]
[0.9997982]
[0.9999616]
[0.9995643]
[0.9998934]
[0.9997864]
[0.999986]
[0.9997096]
[0.9997069]
[0.99878246]
[0.9756801]
[0.9999174]
[0.895412]
[0.9999912]
[0.89106685]
[0.9997164]
[0.998289]
[0.9993653]
[0.9892088]
[0.99981785]
[0.9997613]
[0.9999803]
[0.98611706]
[0.9915924]
[0.99923503]
[0.99992204]
[0.9989174]
[0.9962864]
[0.999922]
[0.9999459]
[0.9996269]
[0.99444544]
[0.9998271]
[0.99874127]
[0.9977063]
[0.9994516]
[0.94417894]
[0.97776675]
[0.99999297]
[0.9998301]
[0.97140247]
[0.99984455]
[0.99655926]
[0.99958146]
[0.99947196]
[0.9985124]
[0.9999864]
[0.9999995]
[0.9480585]
[0.99994427]
[0.995845]
[0.9999597]
[0.99924934]
[0.99548346]
[0.99804574]
[0.9999552]
[0.99995077]
[0.99999756]
[0.989488]
[0.9050039]
[0.9999125]
[0.9998562]
[0.96538067]
[0.9846044]
[0.999348]
[0.9967972]
[0.9992242]
[0.9997934]
[0.99975383]
[0.9875585]
[0.9988997]
[0.98936903]
[0.9999167]
[0.9999987]
[0.9999713]
[0.9806422]
[0.9990818]
[0.99932575]
[0.9700644]
[0.9981596]
[0.9999544]
[0.9945755]
[0.99975425]
[0.99903834]
[0.9996034]
[0.9997708]
[0.9999856]
[0.9998467]
[0.9903475]
[0.9999566]
[0.9986788]
[0.9997643]
[0.99441504]
[0.99824023]
[0.99970305]
[0.99999964]
[0.99959636]
[0.99585915]
[0.97365254]
[0.9999497]
[0.99682486]
[0.98249674]
[0.99559397]
[0.999918]
[0.99171925]
[0.9984269]
[0.9998703]
[0.9985112]
[0.9851831]
[0.9841802]
[0.9990138]
[0.99984175]
[0.99687463]
[0.99882627]
[0.9962061]
[0.9999671]
[0.9999617]
[0.9995712]
[0.99597263]
[0.99787915]
[0.9974833]
[0.9997436]
[0.997633]
[0.9999343]
[0.99751544]
[0.99513596]
[0.99902844]
[0.99434793]
[0.9999399]
[0.9995077]
[0.99998593]
[0.999981]
[0.99875635]
[0.9995698]
[0.9996637]
[0.9998534]
[0.9998085]
[0.9988547]
[0.9976102]
[0.9992618]
[0.9954487]
[0.99989665]
[0.99741894]
[0.99995744]
[0.9999569]
[0.99729323]
[0.99879694]
[0.97930443]
[0.9263155]
[0.9998038]
[0.99671847]
[0.9990877]
[0.999862]
[0.9252765]
[0.9995452]
[0.9965466]
[0.99997854]
[0.9999439]
[0.9992366]
[0.9921805]
[0.9999287]
[0.9999145]
[0.9987344]
[0.99980915]
[0.99972165]
[0.9714126]
[0.9972275]
[0.9514902]
[0.999905]
[0.99219555]
[0.9997918]
[0.95797133]
[0.9895823]
[0.9999685]
[0.9998193]
[0.92650425]
[0.98429567]
[0.99992496]
[0.9999154]
[0.99878716]
[0.9927981]
[0.9999965]
[0.997203]
[0.5903434]
[0.99967766]
[0.95366263]
[0.9348526]
[0.99935734]
[0.95573497]
[0.9990108]
[0.9984708]
[0.929796]
[0.23987609]
[0.99999106]
[0.9997929]
[0.999562]
[0.99763143]
[0.9519092]
[0.9982561]
[0.99878216]
[0.9985994]
[0.99922967]
[0.99925816]
[0.99763]
[0.9998208]
[0.9999608]
[0.8207017]
[0.9485222]
[0.9989636]
[0.9999507]
[0.9999969]
[0.999103]
[0.9996264]
[0.9999676]
[0.99394417]
[0.99671084]
[0.996631]
[0.9984914]
[0.9894016]
[0.99950135]
[0.9966241]
[0.9992037]
[0.99543047]
[0.990682]
[0.99997497]
[0.9999188]
[0.99998444]
[0.997329]
[0.9995174]
[0.95391846]
[0.9969612]
[0.99769044]
[0.9998666]
[0.6551346]
[0.9976501]
[0.9997669]
