Model: MO_GAAL
Dataset 20: vowels.mat
Time taken: 360.84719133377075 seg.
Accuracy: 0.0
@scores
[0.99977994]
[0.9996513]
[0.999534]
[0.9989757]
[0.99681056]
[0.9944974]
[0.994544]
[0.99017274]
[0.9887327]
[0.98058426]
[0.9782735]
[0.9858387]
[0.9920844]
[0.9957597]
[0.99776316]
[0.9984851]
[0.99885345]
[0.9849522]
[0.9419307]
[0.94142604]
[0.95481414]
[0.9524322]
[0.90930367]
[0.8252024]
[0.68090546]
[0.62183416]
[0.6370736]
[0.5256796]
[0.7704091]
[0.7633033]
[0.8228086]
[0.8188557]
[0.8676554]
[0.999106]
[0.9988601]
[0.99728286]
[0.9984497]
[0.9988133]
[0.99751186]
[0.9926008]
[0.98827016]
[0.9755032]
[0.9520027]
[0.9002113]
[0.8962498]
[0.90031874]
[0.975501]
[0.99174]
[0.9960036]
[0.99774134]
[0.99633074]
[0.99636674]
[0.99754894]
[0.9978022]
[0.9971829]
[0.98678184]
[0.9261627]
[0.85138065]
[0.7776848]
[0.6894442]
[0.8578136]
[0.9344481]
[0.96259546]
[0.93628407]
[0.9747035]
[0.9777322]
[0.981027]
[0.98931044]
[0.99229777]
[0.99233633]
[0.99640167]
[0.98896545]
[0.99397707]
[0.986074]
[0.95781314]
[0.8455281]
[0.6122589]
[0.66457593]
[0.8539849]
[0.90116465]
[0.9588711]
[0.9432938]
[0.9832475]
[0.9742422]
[0.9644114]
[0.98635656]
[0.99246186]
[0.99533963]
[0.95334107]
[0.89850795]
[0.96610427]
[0.97734976]
[0.9763961]
[0.9717378]
[0.94623005]
[0.9462035]
[0.86834586]
[0.9312175]
[0.9771491]
[0.99245226]
[0.9920013]
[0.9990142]
[0.99859226]
[0.99837154]
[0.9974983]
[0.9947047]
[0.99195737]
[0.9867231]
[0.9794611]
[0.9649199]
[0.92599684]
[0.8573491]
[0.93418205]
[0.9767805]
[0.982141]
[0.98793936]
[0.9928026]
[0.9803988]
[0.99124944]
[0.9869134]
[0.9886235]
[0.98214513]
[0.97393537]
[0.9791459]
[0.9603071]
[0.92924327]
[0.93066967]
[0.90307665]
[0.92629516]
[0.95803136]
[0.96790934]
[0.9740603]
[0.9827031]
[0.9893688]
[0.9997978]
[0.9995612]
[0.9995679]
[0.9996273]
[0.99958503]
[0.9992676]
[0.9988807]
[0.9981308]
[0.9960054]
[0.9926548]
[0.9797202]
[0.9393772]
[0.91591924]
[0.96073145]
[0.9738935]
[0.97683454]
[0.97688055]
[0.98335296]
[0.9883661]
[0.99184585]
[0.9913156]
[0.9999044]
[0.99981546]
[0.999815]
[0.99978685]
[0.9995447]
[0.999412]
[0.99945676]
[0.9990895]
[0.9985807]
[0.99747264]
[0.9948589]
[0.9878293]
[0.94190836]
[0.938894]
[0.96570146]
[0.9771755]
[0.9882499]
[0.9888984]
[0.9907392]
[0.9903718]
[0.97889185]
[0.98311305]
[0.9863682]
[0.9997599]
[0.99960744]
[0.99933445]
[0.998888]
[0.99768746]
[0.99615026]
[0.99104965]
[0.9902969]
[0.9877337]
[0.9702108]
[0.97922724]
[0.9817916]
[0.97779155]
[0.9760734]
[0.9821718]
[0.9793217]
[0.9824313]
[0.98360443]
[0.98295593]
[0.99901944]
[0.9988143]
[0.99792325]
[0.9963153]
[0.99058586]
[0.98759246]
[0.9730299]
[0.95715606]
[0.9422445]
[0.8930001]
[0.892902]
[0.9409725]
[0.96053493]
[0.973205]
[0.9804583]
[0.98870367]
[0.99966896]
[0.99934113]
[0.9992871]
[0.9988327]
[0.9981989]
[0.99852943]
[0.99727255]
[0.9951101]
[0.9951288]
[0.99604386]
[0.9972508]
[0.9948269]
[0.9955399]
[0.9966649]
[0.99567974]
[0.9960996]
[0.9930186]
[0.9951179]
[0.99952143]
[0.9994009]
[0.9982568]
[0.99843854]
[0.9972706]
[0.9894942]
[0.97735155]
[0.9453143]
[0.9258609]
[0.899642]
[0.91053504]
[0.92747974]
[0.9603486]
[0.95850027]
[0.96798974]
[0.98589844]
[0.9904853]
[0.9939245]
[0.9943749]
[0.9943832]
[0.99381185]
[0.99302125]
[0.9893788]
[0.9842433]
[0.9805782]
[0.98313135]
[0.9870862]
[0.98729116]
[0.9899924]
[0.99130756]
[0.992198]
[0.98746175]
[0.9926669]
[0.9876692]
[0.988533]
[0.98734057]
[0.9788684]
[0.98255754]
[0.979094]
[0.95972896]
[0.86459696]
[0.72961473]
[0.66917944]
[0.8319284]
[0.9237132]
[0.98275626]
[0.99398804]
[0.996683]
[0.99860847]
[0.9960865]
[0.99562013]
[0.9952842]
[0.99103725]
[0.9798422]
[0.9725388]
[0.9497447]
[0.86440164]
[0.8591594]
[0.87787473]
[0.91929615]
[0.94973004]
[0.96344256]
[0.96533024]
[0.9887055]
[0.99180394]
[0.99478406]
[0.99594283]
[0.98917484]
[0.9814873]
[0.98492634]
[0.9585086]
[0.91375583]
[0.9322157]
[0.89950275]
[0.7941749]
[0.7171576]
[0.805936]
[0.86374533]
[0.84401524]
[0.8000812]
[0.72896874]
[0.83384866]
[0.9136708]
[0.89990675]
[0.9349258]
[0.93201864]
[0.99815804]
[0.9972093]
[0.99676406]
[0.9950625]
[0.992638]
[0.99001795]
[0.9823544]
[0.97786605]
[0.9841399]
[0.98244405]
[0.96869326]
[0.9724606]
[0.9862814]
[0.9840293]
[0.9909251]
[0.9935295]
[0.9966708]
[0.99569154]
[0.995469]
[0.9887656]
[0.9777929]
[0.95639336]
[0.92325264]
[0.9072036]
[0.9591367]
[0.9818629]
[0.98318964]
[0.98896146]
[0.98824775]
[0.9926324]
[0.99349284]
[0.98885393]
[0.99368036]
[0.98976326]
[0.98870575]
[0.98658633]
[0.97830355]
[0.96236634]
[0.89877534]
[0.8775631]
[0.9697418]
[0.9831908]
[0.98766875]
[0.9887245]
[0.9910336]
[0.990699]
[0.99446505]
[0.9961215]
[0.99720836]
[0.99723136]
[0.99264205]
[0.9861784]
[0.9532713]
[0.92259884]
[0.9355334]
[0.9826735]
[0.9872372]
[0.98959553]
[0.99364895]
[0.99416816]
[0.99303186]
[0.9954735]
[0.9959595]
[0.99433327]
[0.9981718]
[0.9982872]
[0.99802125]
[0.9970938]
[0.99694544]
[0.9908978]
[0.97797793]
[0.97254384]
[0.9661535]
[0.9777156]
[0.9845768]
[0.9808912]
[0.985821]
[0.9892964]
[0.9894783]
[0.9794779]
[0.9987458]
[0.99720144]
[0.9947654]
[0.9957203]
[0.9957465]
[0.9936182]
[0.9920007]
[0.99007016]
[0.979547]
[0.94619167]
[0.8999208]
[0.927177]
[0.9760015]
[0.97350925]
[0.9767498]
[0.98077965]
[0.98951876]
[0.9919368]
[0.9927773]
[0.99498504]
[0.99402]
[0.98477435]
[0.98807836]
[0.98687816]
[0.9833647]
[0.9709321]
[0.97955143]
[0.9884182]
[0.9892346]
[0.99074876]
[0.99038446]
[0.98983145]
[0.9884935]
[0.98506933]
[0.98438394]
[0.98653597]
[0.99190426]
[0.9937965]
[0.9906123]
[0.99700886]
[0.99770856]
[0.9985484]
[0.9970515]
[0.9970993]
[0.9927082]
[0.99361837]
[0.98886317]
[0.986912]
[0.98217297]
[0.98600155]
[0.99017054]
[0.9905032]
[0.9916574]
[0.9903883]
[0.99007595]
[0.98899174]
[0.99225885]
[0.99304974]
[0.99447715]
[0.96159923]
[0.9663322]
[0.961977]
[0.95158726]
[0.95944285]
[0.926612]
[0.9041282]
[0.8712343]
[0.8000876]
[0.74944466]
[0.79607946]
[0.84573674]
[0.91539145]
[0.9545617]
[0.97699165]
[0.9890039]
[0.99148273]
[0.9945613]
[0.9962152]
[0.9966419]
[0.9950831]
[0.99461234]
[0.9923297]
[0.95283693]
[0.6841724]
[0.74168235]
[0.87393785]
[0.9748583]
[0.9856388]
[0.9864428]
[0.96310234]
[0.9792272]
[0.9818719]
[0.98008156]
[0.996106]
[0.995216]
[0.98456246]
[0.9614486]
[0.9194074]
[0.9421058]
[0.9409066]
[0.90597475]
[0.84968233]
[0.92583406]
[0.9167588]
[0.9502661]
[0.9757781]
[0.989243]
[0.99667937]
[0.9983562]
[0.9989204]
[0.9993169]
[0.99864936]
[0.99769557]
[0.99623036]
[0.9922358]
[0.98980147]
[0.9836745]
[0.9859762]
[0.9697207]
[0.90492547]
[0.8900637]
[0.91789114]
[0.9628625]
[0.98123676]
[0.9898788]
[0.99637735]
[0.99957335]
[0.99948764]
[0.99920434]
[0.9992763]
[0.9992111]
[0.9990273]
[0.9989675]
[0.9990279]
[0.9987123]
[0.99854636]
[0.9984099]
[0.99836266]
[0.99823755]
[0.99779004]
[0.9971469]
[0.99616677]
[0.9533783]
[0.8861634]
[0.8343581]
[0.90680516]
[0.94478583]
[0.85828143]
[0.68668455]
[0.87917733]
[0.95848453]
[0.8818723]
[0.8762784]
[0.8954456]
[0.80236757]
[0.877535]
[0.84286845]
[0.99527454]
[0.992834]
[0.98874867]
[0.9887543]
[0.986771]
[0.987965]
[0.98263824]
[0.9716087]
[0.8993049]
[0.947556]
[0.9516982]
[0.90780497]
[0.8139119]
[0.6932395]
[0.5961268]
[0.9983709]
[0.9965624]
[0.9962311]
[0.99453986]
[0.99574494]
[0.99310374]
[0.99470484]
[0.96894884]
[0.9877461]
[0.9967357]
[0.99666387]
[0.99316275]
[0.959922]
[0.94558513]
[0.9617445]
[0.9095002]
[0.92845166]
[0.9419626]
[0.82144237]
[0.95391023]
[0.9801838]
[0.9493433]
[0.9462136]
[0.9737177]
[0.9361651]
[0.94407547]
[0.929225]
[0.8066412]
[0.8534585]
[0.8469232]
[0.7869005]
[0.75672245]
[0.9959637]
[0.9957165]
[0.9872023]
[0.9909698]
[0.98663646]
[0.91737247]
[0.91290104]
[0.8531245]
[0.8347399]
[0.9582057]
[0.9868591]
[0.98458683]
[0.99744093]
[0.9983779]
[0.9975071]
[0.99601674]
[0.9907205]
[0.98218346]
[0.96943784]
[0.9803957]
[0.97828597]
[0.9845612]
[0.98606145]
[0.9574437]
[0.9155668]
[0.9241501]
[0.91396224]
[0.8814931]
[0.9972661]
[0.99578696]
[0.996521]
[0.997614]
[0.9981669]
[0.99818194]
[0.9979192]
[0.9955171]
[0.99622667]
[0.9925773]
[0.99400514]
[0.9930229]
[0.98909396]
[0.993683]
[0.9885161]
[0.9882598]
[0.99105626]
[0.98365784]
[0.98897207]
[0.9791719]
[0.98628056]
[0.98783815]
[0.98636043]
[0.957625]
[0.9580441]
[0.9756111]
[0.9693763]
[0.9346743]
[0.95287704]
[0.9623345]
[0.9701847]
[0.924387]
[0.92157376]
[0.91386616]
[0.9304962]
[0.93728864]
[0.9949987]
[0.96946794]
[0.9556658]
[0.93069196]
[0.9406538]
[0.97811073]
[0.9905732]
[0.9912699]
[0.9907147]
[0.9901922]
[0.9920199]
[0.9894897]
[0.97170246]
[0.9806787]
[0.99778354]
[0.9987293]
[0.999061]
[0.99924666]
[0.9987352]
[0.99858665]
[0.99932957]
[0.9995402]
[0.99900246]
[0.99361455]
[0.9860091]
[0.98845714]
[0.9914563]
[0.9922368]
[0.99433446]
[0.9968625]
[0.99727285]
[0.9912598]
[0.97312504]
[0.96044827]
[0.9914788]
[0.97691774]
[0.9665371]
[0.978515]
[0.98215866]
[0.98832065]
[0.99258274]
[0.97914946]
[0.9808718]
[0.9749112]
[0.9791796]
[0.9907481]
[0.992906]
[0.9926707]
[0.9788816]
[0.9856856]
[0.9924602]
[0.99238276]
[0.98501647]
[0.9875236]
[0.99248147]
[0.949087]
[0.9185387]
[0.9518665]
[0.95876473]
[0.96983063]
[0.97882295]
[0.9874282]
[0.9755914]
[0.9887401]
[0.9905611]
[0.9812249]
[0.9806241]
[0.9757987]
[0.9718556]
[0.94787097]
[0.9852017]
[0.9924456]
[0.9933631]
[0.97521883]
[0.9892372]
[0.99470425]
[0.9933699]
[0.9926989]
[0.98698413]
[0.9877188]
[0.9872018]
[0.9869249]
[0.9824666]
[0.98047304]
[0.9694804]
[0.9709074]
[0.966698]
[0.9516102]
[0.96624285]
[0.97393847]
[0.98458207]
[0.98579615]
[0.98286307]
[0.9860538]
[0.9912699]
[0.98777896]
[0.983189]
[0.98055613]
[0.97840583]
[0.9746214]
[0.9755495]
[0.97617286]
[0.985302]
[0.9862895]
[0.9796753]
[0.9869273]
[0.9874259]
[0.98878324]
[0.975541]
[0.96105903]
[0.98051536]
[0.97364926]
[0.9634946]
[0.93846405]
[0.9362563]
[0.9514393]
[0.97147316]
[0.98027325]
[0.9879837]
[0.990373]
[0.97903794]
[0.9668898]
[0.91411316]
[0.9682392]
[0.9776274]
[0.96112525]
[0.9651756]
[0.9860799]
[0.98403454]
[0.9770086]
[0.9806821]
[0.9613247]
[0.9632492]
[0.9161171]
[0.9119793]
[0.97467697]
[0.97247213]
[0.9302988]
[0.9073161]
[0.9365138]
[0.80407536]
[0.7810191]
[0.86939144]
[0.9209528]
[0.9500919]
[0.9763724]
[0.9897312]
[0.9922056]
[0.994572]
[0.9953275]
[0.9962018]
[0.9928496]
[0.98390317]
[0.9983699]
[0.9979073]
[0.99563694]
[0.99245536]
[0.9932338]
[0.99675167]
[0.9985649]
[0.9975561]
[0.9952995]
[0.99611664]
[0.9964137]
[0.9961289]
[0.9964404]
[0.995983]
[0.99527854]
[0.99180496]
[0.97664165]
[0.96164984]
[0.9724993]
[0.9554645]
[0.8934531]
[0.710063]
[0.6327064]
[0.9086225]
[0.9863627]
[0.9779433]
[0.9684727]
[0.9796661]
[0.99090177]
[0.9655454]
[0.9150388]
[0.94519293]
[0.98372304]
[0.9910376]
[0.9931636]
[0.9953943]
[0.99451125]
[0.99754393]
[0.99613607]
[0.99841815]
[0.9984443]
[0.9963242]
[0.99411666]
[0.99207735]
[0.92382216]
[0.9805887]
[0.9826957]
[0.98666835]
[0.9892639]
[0.96613055]
[0.9215442]
[0.9053199]
[0.9676533]
[0.979521]
[0.9809737]
[0.99562824]
[0.9848654]
[0.9617388]
[0.97287285]
[0.97089726]
[0.97467387]
[0.95505154]
[0.9654567]
[0.98516583]
[0.9524726]
[0.9349208]
[0.90879774]
[0.9173045]
[0.94657254]
[0.9521639]
[0.86552167]
[0.8091836]
[0.74914783]
[0.56010455]
[0.49063197]
[0.47116446]
[0.97698176]
[0.98484397]
[0.98356164]
[0.9815856]
[0.9705423]
[0.9889151]
[0.99571526]
[0.9965254]
[0.99766856]
[0.9951337]
[0.99356246]
[0.98999226]
[0.98146343]
[0.98970187]
[0.99143326]
[0.9954379]
[0.99118155]
[0.9572977]
[0.93625057]
[0.9585858]
[0.9248133]
[0.85465115]
[0.8389806]
[0.8707398]
[0.804204]
[0.9201498]
[0.9314692]
[0.8756709]
[0.92448074]
[0.9513183]
[0.95488846]
[0.89730036]
[0.6742108]
[0.8095427]
[0.8155688]
[0.683023]
[0.49955106]
[0.8792534]
[0.9369013]
[0.87417287]
[0.81390715]
[0.84049326]
[0.86972135]
[0.81295097]
[0.93603766]
[0.9691451]
[0.99034095]
[0.9832374]
[0.98223186]
[0.97265255]
[0.83960086]
[0.90034735]
[0.97291696]
[0.9687045]
[0.9286559]
[0.9604425]
[0.94130754]
[0.86543566]
[0.9260216]
[0.958773]
[0.9562675]
[0.9649796]
[0.9677731]
[0.96607184]
[0.9142518]
[0.89143693]
[0.9078866]
[0.9542845]
[0.9517112]
[0.86918426]
[0.8506973]
[0.9085829]
[0.9346296]
[0.98846495]
[0.99192643]
[0.981995]
[0.99309266]
[0.9942162]
[0.9937627]
[0.9954343]
[0.9909448]
[0.9799904]
[0.9923719]
[0.9936018]
[0.9915905]
[0.99223804]
[0.9967728]
[0.9942579]
[0.98852074]
[0.94599223]
[0.9903356]
[0.99052477]
[0.9829867]
[0.9895342]
[0.9839629]
[0.9590305]
[0.98811233]
[0.9946859]
[0.9919862]
[0.99234486]
[0.9959542]
[0.9943508]
[0.9930934]
[0.97914743]
[0.97811425]
[0.9857783]
[0.98496586]
[0.99264467]
[0.98268956]
[0.9839446]
[0.9692408]
[0.996812]
[0.99585915]
[0.98876774]
[0.9920614]
[0.9963618]
[0.9980693]
[0.9976487]
[0.99407184]
[0.98690915]
[0.9871109]
[0.98302805]
[0.98371863]
[0.9928967]
[0.9940524]
[0.99024034]
[0.9857985]
[0.97790843]
[0.9837678]
[0.98274994]
[0.9639828]
[0.964078]
[0.9492882]
[0.9262687]
[0.8941081]
[0.91763794]
[0.90238315]
[0.6398298]
[0.506295]
[0.5630148]
[0.5191404]
[0.4120968]
[0.51320815]
[0.80262554]
[0.94161904]
[0.9918163]
[0.977884]
[0.95411193]
[0.96126413]
[0.99414444]
[0.98848987]
[0.9428437]
[0.869004]
[0.89475244]
[0.9132619]
[0.9482024]
[0.9832162]
[0.99930966]
[0.9976237]
[0.9902451]
[0.97148055]
[0.828448]
[0.76198524]
[0.58341014]
[0.4037885]
[0.7525929]
[0.84363914]
[0.9399171]
[0.99065435]
[0.97807544]
[0.9534366]
[0.9006827]
[0.8654609]
[0.7762703]
[0.7598207]
[0.83579355]
[0.77920675]
[0.8922092]
[0.96468794]
[0.98517585]
[0.96207356]
[0.9666172]
[0.9291609]
[0.90497637]
[0.9369763]
[0.9494358]
[0.97200704]
[0.990765]
[0.9957715]
[0.99748814]
[0.9908016]
[0.914579]
[0.78584105]
[0.6857811]
[0.605271]
[0.7392366]
[0.68371904]
[0.65215266]
[0.7961215]
[0.8535602]
[0.986992]
[0.9801446]
[0.96949434]
[0.94591874]
[0.87149405]
[0.8287664]
[0.9251294]
[0.97910774]
[0.9891079]
[0.9920222]
[0.998073]
[0.9985911]
[0.99138105]
[0.9925178]
[0.97205675]
[0.9301845]
[0.9522516]
[0.9317098]
[0.89120233]
[0.88013697]
[0.9362589]
[0.9719099]
[0.9737996]
[0.9842024]
[0.9930976]
[0.9604801]
[0.96251035]
[0.8205298]
[0.79008675]
[0.61641407]
[0.6087581]
[0.5518095]
[0.7796209]
[0.8853584]
[0.92954886]
[0.953027]
[0.94178396]
[0.9698158]
[0.9639629]
[0.97312963]
[0.91394377]
[0.9233178]
[0.9147301]
[0.8287709]
[0.8537519]
[0.92197466]
[0.95821893]
[0.968835]
[0.9802589]
[0.9873433]
[0.99891806]
[0.99831724]
[0.99612415]
[0.99550664]
[0.9936867]
[0.98776317]
[0.96747303]
[0.91351783]
[0.9170021]
[0.95722675]
[0.98152065]
[0.98807544]
[0.9632176]
[0.96696395]
[0.9720026]
[0.9735625]
[0.96094334]
[0.94850695]
[0.8215705]
[0.7716056]
[0.67656076]
[0.73165685]
[0.967104]
[0.99434024]
[0.9981793]
[0.99832475]
[0.9986924]
[0.9962243]
[0.9806632]
[0.9594457]
[0.94192666]
[0.9199387]
[0.90168464]
[0.89839005]
[0.91578805]
[0.9190008]
[0.9213567]
[0.92046344]
[0.9530849]
[0.98143053]
[0.98987126]
[0.9919156]
[0.97679293]
[0.91353834]
[0.92280114]
[0.9148238]
[0.8882182]
[0.7839329]
[0.9292844]
[0.98149705]
[0.99038637]
[0.99388146]
[0.99542546]
[0.99754083]
[0.9978093]
[0.93185866]
[0.90058815]
[0.7983665]
[0.7690207]
[0.80432236]
[0.9112009]
[0.92672515]
[0.8705899]
[0.74309033]
[0.8522024]
[0.9028913]
[0.97745]
[0.93845147]
[0.8979698]
[0.8533088]
[0.6640956]
[0.6789395]
[0.8706399]
[0.71686447]
[0.667001]
[0.797052]
[0.8375486]
[0.88579446]
[0.9902912]
[0.9905768]
[0.9749216]
[0.9588009]
[0.94173443]
[0.94301325]
[0.85139614]
[0.5099882]
[0.675914]
[0.91105723]
[0.9837829]
[0.99640906]
[0.997123]
[0.9965514]
[0.9931992]
[0.9850606]
[0.9788338]
[0.98130894]
[0.9851773]
[0.98529553]
[0.9905478]
[0.9966065]
[0.99838316]
[0.9978843]
[0.998235]
[0.99848795]
[0.99566036]
[0.9793565]
[0.96653247]
[0.9537989]
[0.94847965]
[0.9503114]
[0.98625576]
[0.99698865]
[0.93672705]
[0.96417785]
[0.9723725]
[0.96476686]
[0.97121334]
[0.96971315]
[0.94633555]
[0.8994212]
[0.87782216]
[0.9333274]
[0.9811801]
[0.9868563]
[0.9878415]
[0.9815851]
[0.971128]
[0.98442423]
[0.98419636]
[0.9899073]
[0.9924431]
[0.9664519]
[0.91517687]
[0.7219115]
[0.5435148]
[0.8938506]
[0.96172726]
[0.9799236]
[0.9766717]
[0.9769882]
[0.97193724]
[0.96722335]
[0.974235]
[0.9399924]
[0.9083479]
[0.92728424]
[0.96607494]
[0.96875286]
[0.96622276]
[0.98169553]
[0.9884231]
[0.99701774]
[0.9990113]
[0.9949262]
[0.99044704]
[0.9875443]
[0.9877651]
[0.9729872]
[0.911054]
[0.8247819]
[0.8428943]
[0.8561504]
[0.9070945]
[0.96442974]
[0.9893528]
[0.9925653]
[0.9942323]
[0.99588174]
[0.99341357]
[0.98610055]
[0.9847181]
[0.97569215]
[0.95294905]
[0.8552958]
[0.78549266]
[0.7673149]
[0.88589203]
[0.9366003]
[0.9715342]
[0.9808908]
[0.9675156]
[0.97908235]
[0.99696904]
[0.9985334]
[0.99895954]
[0.9990519]
[0.99887496]
[0.9983678]
[0.9969828]
[0.9953561]
[0.9919447]
[0.9823977]
[0.97147125]
[0.9752469]
[0.9953884]
[0.9986615]
[0.99695987]
[0.9915571]
[0.98102033]
[0.9691069]
[0.96937245]
[0.9628104]
[0.97323203]
[0.99289215]
[0.99735165]
[0.9995221]
[0.9990687]
[0.9950037]
[0.9876914]
[0.9637654]
[0.92736936]
[0.9089928]
[0.9378526]
[0.948748]
[0.9549047]
[0.961612]
[0.9861924]
[0.9929899]
[0.9993311]
[0.99920774]
[0.998981]
[0.998111]
[0.991785]
[0.9701358]
[0.97486174]
[0.978341]
[0.9377539]
[0.842025]
[0.9036576]
[0.96564907]
[0.9854724]
[0.99335307]
[0.9926052]
[0.99734706]
[0.9967973]
[0.99516374]
[0.99397326]
[0.9926506]
[0.99015355]
[0.93853664]
[0.838083]
[0.75738025]
[0.90574193]
[0.9393308]
[0.97221994]
[0.99203014]
[0.9952431]
[0.9963484]
[0.9949815]
[0.99541247]
[0.99611664]
[0.9953617]
[0.9962653]
[0.99147403]
[0.9481519]
[0.85959065]
[0.8464148]
[0.8665471]
[0.94492114]
[0.9691254]
[0.97753286]
[0.98153794]
[0.16813111]
[0.59707075]
[0.15389746]
[0.4732911]
[0.38709658]
[0.45397782]
[0.17758512]
[0.1192818]
[0.2596873]
[0.29719824]
[0.3054706]
[0.06671041]
[0.28868163]
[0.11438456]
[0.5398298]
[0.75493]
[0.10972875]
[0.42836484]
[0.6306725]
[0.1978128]
[0.12879932]
[0.23670304]
[0.86992455]
[0.87881273]
[0.3656545]
[0.09483612]
[0.17612302]
[0.49439633]
[0.17758512]
[0.8350053]
[0.22110614]
[0.33289665]
[0.22398844]
[0.17449257]
[0.490682]
[0.32255015]
[0.32456648]
[0.19251117]
[0.62833077]
[0.1793494]
[0.70140797]
[0.17618299]
[0.5398298]
[0.73804855]
[0.17612302]
[0.25479788]
[0.33241588]
[0.3575849]
[0.59150016]
[0.8350053]
