Model: MO_GAAL
Dataset 14: pima.mat
Time taken: 239.30975985527039 seg.
Accuracy: 1.0
@scores
[1.]
[0.99998915]
[1.]
[0.99999785]
[1.]
[1.]
[0.99900866]
[0.9992186]
[1.]
[1.]
[1.]
[1.]
[1.]
[1.]
[1.]
[0.99842167]
[0.9999995]
[1.]
[0.991874]
[0.9999995]
[0.9999999]
[1.]
[1.]
[0.9999998]
[1.]
[0.9999999]
[1.]
[1.]
[1.]
[1.]
[0.9999992]
[1.]
[0.9999757]
[1.]
[0.9999999]
[0.99999994]
[1.]
[0.999984]
[0.99953854]
[0.9999998]
[1.]
[1.]
[1.]
[1.]
[1.]
[1.]
[1.]
[0.999987]
[0.99995387]
[0.9999928]
[1.]
[0.9999826]
[0.99995464]
[1.]
[1.]
[0.9999881]
[1.]
[0.9964384]
[1.]
[0.99997985]
[0.9999651]
[1.]
[0.9999838]
[1.]
[1.]
[0.9999993]
[1.]
[1.]
[0.99999857]
[1.]
[0.99999756]
[1.]
[1.]
[1.]
[0.99999475]
[0.89215255]
[0.9999999]
[0.99996114]
[0.99997383]
[1.]
[1.]
[0.99980426]
[0.99995196]
[0.99999976]
[1.]
[0.9999999]
[0.99913275]
[0.9999207]
[0.99999416]
[1.]
[0.9999999]
[1.]
[0.9536221]
[1.]
[1.]
[1.]
[0.9999846]
[0.9999757]
[0.99864364]
[0.9999972]
[1.]
[1.]
[1.]
[0.99998975]
[0.9999995]
[1.]
[1.]
[1.]
[0.99582285]
[0.99999034]
[1.]
[1.]
[0.99974114]
[0.99999905]
[1.]
[1.]
[1.]
[0.9999435]
[0.999997]
[0.99999857]
[0.9999969]
[0.9999902]
[0.99999917]
[1.]
[1.]
[0.6067511]
[0.99999976]
[0.9999976]
[1.]
[1.]
[1.]
[1.]
[1.]
[0.99984026]
[0.9999987]
[1.]
[0.9999678]
[0.9999976]
[1.]
[1.]
[1.]
[0.99999905]
[0.99992824]
[0.9999999]
[1.]
[1.]
[0.99929637]
[0.99999905]
[1.]
[0.9999999]
[0.9999997]
[1.]
[1.]
[1.]
[1.]
[1.]
[0.9999995]
[1.]
[0.9999858]
[0.99999684]
[1.]
[0.9999198]
[1.]
[0.99999905]
[1.]
[1.]
[1.]
[1.]
[1.]
[1.]
[1.]
[1.]
[0.9665189]
[0.74154556]
[0.9997148]
[1.]
[1.]
[0.9999958]
[1.]
[1.]
[1.]
[0.9999999]
[0.9996896]
[0.9999994]
[1.]
[1.]
[1.]
[0.9999997]
[0.9999968]
[1.]
[1.]
[0.9999819]
[1.]
[0.99605364]
[0.9999528]
[1.]
[1.]
[0.99999744]
[0.99995553]
[1.]
[1.]
[1.]
[1.]
[0.99999917]
[0.99999994]
[0.9999999]
[1.]
[1.]
[0.9999892]
[1.]
[0.99997944]
[1.]
[1.]
[1.]
[0.99999976]
[1.]
[0.99998]
[1.]
[0.99999857]
[1.]
[1.]
[1.]
[0.9999798]
[1.]
[0.9999987]
[0.99992156]
[1.]
[1.]
[1.]
[0.99991244]
[1.]
[1.]
[0.9999951]
[1.]
[0.9989271]
[1.]
[1.]
[1.]
[1.]
[1.]
[0.99999636]
[0.99993694]
[1.]
[1.]
[1.]
[1.]
[1.]
[1.]
[1.]
[1.]
[0.9999994]
[1.]
[0.99999976]
[0.99995303]
[1.]
[0.999999]
[0.99999523]
[0.99999994]
[1.]
[1.]
[1.]
[0.99999976]
[0.99998724]
[1.]
[1.]
[0.99999154]
[0.9999988]
[0.9999989]
[1.]
[1.]
[0.9999631]
[0.9999859]
[1.]
[0.96132636]
[0.99999964]
[0.98595154]
[0.99999917]
[0.9999999]
[1.]
[1.]
[1.]
[0.9999999]
[1.]
[1.]
[1.]
[1.]
[1.]
[0.9999999]
[0.99998426]
[0.99978983]
[0.99998426]
[0.9999703]
[1.]
[0.99999917]
[1.]
[1.]
[1.]
[1.]
[0.99999994]
[1.]
[1.]
[1.]
[0.99869883]
[1.]
[1.]
[0.999999]
[1.]
[1.]
[1.]
[1.]
[0.99991184]
[0.9999963]
[1.]
[0.99999946]
[0.99999845]
[0.9999995]
[1.]
[1.]
[0.99999934]
[1.]
[1.]
[0.9999999]
[1.]
[1.]
[0.99999964]
[1.]
[1.]
[1.]
[0.99999046]
[0.999966]
[0.9999999]
[0.99972177]
[1.]
[1.]
[0.99999464]
[1.]
[0.99995387]
[1.]
[1.]
[1.]
[1.]
[0.9999993]
[0.7687924]
[1.]
[0.9999995]
[0.99999946]
[0.9999999]
[0.99999654]
[0.99999917]
[0.9831516]
[1.]
[1.]
[0.99997854]
[0.99997735]
[0.9999999]
[1.]
[0.99999976]
[0.9852458]
[0.99416506]
[1.]
[1.]
[1.]
[1.]
[1.]
[1.]
[0.9998307]
[1.]
[1.]
[0.99999976]
[1.]
[1.]
[1.]
[0.9997834]
[0.99995965]
[0.9999981]
[1.]
[1.]
[0.99852324]
[1.]
[0.99999416]
[0.99999815]
[1.]
[1.]
[0.9999862]
[1.]
[0.99999964]
[0.9999999]
[0.9999999]
[1.]
[0.99999285]
[1.]
[1.]
[1.]
[1.]
[1.]
[1.]
[0.9999928]
[0.9999999]
[1.]
[1.]
[0.9999999]
[1.]
[0.99999964]
[0.99998665]
[1.]
[0.9999999]
[1.]
[1.]
[1.]
[1.]
[0.9999995]
[1.]
[1.]
[1.]
[1.]
[1.]
[0.9999997]
[1.]
[1.]
[1.]
[0.99999964]
[0.9999983]
[0.9992776]
[0.9999999]
[1.]
[1.]
[0.9999951]
[1.]
[1.]
[1.]
[0.99995565]
[0.999998]
[0.99999714]
[1.]
[1.]
[0.99999654]
[1.]
[1.]
[1.]
[1.]
[1.]
[0.99939007]
[0.9999999]
[1.]
[1.]
[0.99999976]
[0.9999999]
[0.9999286]
[0.9999114]
[0.9999999]
[0.99999976]
[1.]
[0.99999976]
[0.9997591]
[0.9999779]
[1.]
[1.]
[0.99977505]
[1.]
[0.99999994]
[0.9999999]
[0.9999999]
[0.9520149]
[0.9999986]
[1.]
[1.]
[0.99962544]
[0.9999821]
[0.99994785]
[0.9999999]
[1.]
[1.]
[0.9999999]
[1.]
[1.]
[1.]
[0.9999888]
[1.]
[0.99999815]
[1.]
[1.]
[1.]
[0.9996143]
[0.9999863]
[0.99999696]
[1.]
[1.]
[1.]
[0.9999999]
[1.]
[0.99867105]
[0.9999998]
[0.9999796]
[1.]
[0.99989855]
[1.]
[1.]
[0.99999374]
[1.]
[1.]
[1.]
[0.9999439]
[0.07311442]
[0.9998841]
[0.9999733]
[1.]
[1.]
[1.]
[0.99975795]
[1.]
[0.99986935]
[1.]
[0.9999987]
[1.]
[0.9999981]
[1.]
[1.]
[1.]
[0.99998116]
[1.]
[0.999532]
[0.99999994]
[0.99999857]
[1.]
[1.]
[0.99999857]
[0.9999998]
[1.]
[1.]
[1.]
[1.]
[1.]
[0.9069996]
[0.99395204]
[0.9934952]
[0.9999968]
[1.]
[0.9996681]
[1.]
[0.99999964]
[0.99999964]
[1.]
[0.9999902]
[0.99999225]
[0.99998546]
[1.]
[1.]
[1.]
[1.]
[1.]
[1.]
[0.9999738]
[1.]
[0.99970365]
[0.99999434]
[1.]
[0.99994874]
[1.]
[0.9984834]
[1.]
[1.]
[1.]
[0.9996046]
[0.9999583]
[1.]
[0.9999986]
[0.99993753]
[0.9999771]
[1.]
[1.]
[0.9999999]
[1.]
[0.99985105]
[0.99999964]
[1.]
[0.99912345]
[0.9999999]
[1.]
[1.]
[1.]
[1.]
[0.99999964]
[0.9999999]
[0.9999999]
[1.]
[0.99999976]
[1.]
[1.]
[1.]
[0.997239]
[0.9999205]
[0.99994355]
[1.]
[0.9999916]
[0.9999999]
[1.]
[0.99999917]
[0.9963567]
[1.]
[1.]
[1.]
[0.999622]
[1.]
[1.]
[1.]
[0.99999976]
[1.]
[0.99998534]
[1.]
[1.]
[0.9999999]
[1.]
[1.]
[0.99999976]
[1.]
[1.]
[1.]
[0.9999901]
[0.9999999]
[0.9999888]
[0.99999845]
[1.]
[1.]
[0.99999]
[1.]
[0.99899626]
[1.]
[1.]
[1.]
[0.99999905]
[1.]
[0.99999356]
[1.]
[1.]
[0.9999999]
[1.]
[1.]
[0.9999928]
[0.9996655]
[0.99999976]
[1.]
[1.]
[1.]
[0.9972844]
[0.9999996]
[1.]
[1.]
[1.]
[1.]
[0.9999999]
[0.9999984]
[0.9999999]
[0.9999888]
[1.]
[0.99999976]
[1.]
[0.99999654]
[0.99999976]
[1.]
[0.9999064]
[1.]
[1.]
[1.]
[0.9999999]
[0.9999939]
[0.9999949]
[1.]
[0.9999996]
[0.9999999]
[1.]
[1.]
[0.99999994]
[0.9999999]
[1.]
[0.99999976]
[1.]
[1.]
[0.9999999]
[1.]
[1.]
[0.9893137]
[1.]
[0.99982226]
[1.]
[1.]
[1.]
[1.]
[0.99999976]
[1.]
[1.]
[1.]
[1.]
[0.9999974]
[0.9999942]
[1.]
[1.]
[1.]
[0.99994147]
[1.]
[1.]
[1.]
[0.9999999]
[1.]
[0.9999756]
[0.9999999]
[0.99992657]
[0.9999938]
[1.]
[1.]
[0.99997735]
[1.]
[0.9999999]
[0.99999636]
[1.]
[1.]
[1.]
[1.]
[0.9999919]
[0.9999633]
[0.9999945]
[1.]
[0.99999976]
[1.]
[0.9999995]
[1.]
[0.9999965]
[1.]
[1.]
[1.]
[0.9999995]
[1.]
[1.]
[1.]
[0.99999976]
[1.]
[0.99991834]
[1.]
[0.9999011]
[0.9999998]
[1.]
[0.9999987]
[0.9999913]
[1.]
[1.]
[0.9999999]
[0.9999819]
[1.]
[0.970536]
[1.]
[1.]
[1.]
[0.99999166]
[0.9999999]
[1.]
[1.]
[0.9999999]
[1.]
[1.]
[1.]
[1.]
[0.9998561]
[1.]
[0.99999976]
[0.999978]
[0.9999999]
[1.]
[1.]
[0.999996]
