Model: MO_GAAL
Dataset 5: glass.mat
Time taken: 119.22067022323608 seg.
Accuracy: 0.0
@scores
[0.9986394]
[0.9993404]
[0.99954295]
[0.99961704]
[0.9996932]
[0.9997268]
[0.9997034]
[0.99976677]
[0.9989374]
[0.99971175]
[0.9997958]
[0.9997716]
[0.99979675]
[0.9997831]
[0.99983406]
[0.99981475]
[0.9998117]
[0.99793476]
[0.9989414]
[0.9996134]
[0.9997054]
[0.9984888]
[0.99975204]
[0.9997699]
[0.99964523]
[0.9997581]
[0.9996241]
[0.9997796]
[0.9998258]
[0.99971515]
[0.999802]
[0.9998199]
[0.99976265]
[0.9998462]
[0.999787]
[0.99965113]
[0.99889004]
[0.99978846]
[0.9987456]
[0.9987456]
[0.9998077]
[0.9998363]
[0.99966586]
[0.9990382]
[0.99979305]
[0.9993001]
[0.99966836]
[0.9986952]
[0.99943495]
[0.9993918]
[0.9991164]
[0.99958205]
[0.99970406]
[0.9997674]
[0.99975973]
[0.99991405]
[0.99976236]
[0.99977887]
[0.9996041]
[0.9995878]
[0.9994415]
[0.9985778]
[0.99915105]
[0.99821794]
[0.99927986]
[0.99910283]
[0.9995606]
[0.9995768]
[0.999543]
[0.99940836]
[0.996916]
[0.999063]
[0.9997186]
[0.9995915]
[0.99973726]
[0.9997361]
[0.9994445]
[0.9996979]
[0.999382]
[0.9997025]
[0.99961525]
[0.99971825]
[0.99962735]
[0.9996768]
[0.99896425]
[0.9995413]
[0.9996971]
[0.99953604]
[0.99972177]
[0.99979836]
[0.9996234]
[0.99976707]
[0.99967337]
[0.99969566]
[0.9998348]
[0.9994831]
[0.9996332]
[0.99991304]
[0.99984837]
[0.9997766]
[0.99984026]
[0.9998743]
[0.9999187]
[0.99845755]
[0.99872375]
[0.9999609]
[0.9997942]
[0.9997854]
[0.9997595]
[0.9999596]
[0.9999715]
[0.99997056]
[0.99992347]
[0.9994406]
[0.9995762]
[0.9993993]
[0.99943185]
[0.9989997]
[0.9994879]
[0.99943686]
[0.9995221]
[0.9997056]
[0.999639]
[0.9994341]
[0.9996504]
[0.9996065]
[0.99971783]
[0.9994041]
[0.99951637]
[0.9993955]
[0.9996995]
[0.9996208]
[0.9994564]
[0.9987886]
[0.9995725]
[0.9994507]
[0.99973667]
[0.9997262]
[0.9998126]
[0.99975437]
[0.9995203]
[0.9996661]
[0.9997483]
[0.9996451]
[0.9997671]
[0.999679]
[0.99944496]
[0.99959546]
[0.9995926]
[0.99987733]
[0.99952006]
[0.9979592]
[0.9995991]
[0.9996269]
[0.99971145]
[0.9997513]
[0.9995794]
[0.9989021]
[0.99928224]
[0.99921906]
[0.9994235]
[0.99948394]
[0.9981035]
[0.992914]
[0.9998373]
[0.99994576]
[0.9999759]
[0.9999605]
[0.99996316]
[0.9999019]
[0.9998269]
[0.9999028]
[0.99991333]
[0.9998487]
[0.9997222]
[0.99992526]
[0.99929744]
[0.99959016]
[0.9990211]
[0.999385]
[0.99979913]
[0.999185]
[0.99969006]
[0.99986005]
[0.9996137]
[0.9995296]
[0.99714357]
[0.9995371]
[0.99574333]
[0.9918804]
[0.9995686]
[0.9994775]
[0.99967897]
[0.9994247]
[0.9995803]
[0.9996881]
[0.99973464]
[0.9995524]
[0.99956393]
[0.99932104]
[0.99947464]
[0.9999898]
[0.9996054]
[0.99943644]
[0.9994818]
[0.9993938]
[0.99943364]
[0.99965]
[0.99947923]
[0.99942195]
[0.9993693]
[0.99966645]
[0.99970585]
[0.9996722]
