Model: OCSVM
Dataset 2: arrhythmia.mat
Time taken: 0.11325383186340332 seg.
Accuracy: 0.15151515151515152
@scores
-6.052602197215151e-09
1.1857725912278738e-10
-6.974805177861754e-10
5.934897018278207e-11
7.333489371319502e-11
9.711098591935752e-11
1.353767098422054e-10
1.1114398290601457e-10
1.353775980206251e-10
1.1263945332018466e-10
1.1391154686180016e-10
1.353761547306931e-10
1.2325407361402085e-10
1.329829579788111e-10
1.3397793985348017e-10
1.3519030339637084e-10
1.3413292698771784e-10
1.346824873849073e-10
1.347150169195288e-10
1.3498258066846347e-10
1.35000233214555e-10
1.3516920915890296e-10
-7.946227009725249e-10
-1.5301269140621798e-09
1.3537737597602018e-10
1.3517653663086548e-10
1.3521517239212244e-10
1.3525625064403357e-10
1.3529866116357425e-10
1.3532086562406676e-10
1.3532441833774556e-10
1.3534817711047253e-10
1.353752665522734e-10
1.3429346523707864e-10
1.3537693188681033e-10
1.353779310875325e-10
1.353515077795464e-10
1.3535972342992864e-10
1.3536116671986065e-10
1.3536194387597789e-10
1.3537215792780444e-10
1.35348288132775e-10
1.3536893828103302e-10
1.3537060361556996e-10
1.353710477047798e-10
1.35373490195434e-10
1.353746004184586e-10
1.3515000230057694e-10
1.3537482246306354e-10
1.3537537757457585e-10
1.3537682086450786e-10
1.3537782006523003e-10
1.353770429091128e-10
1.3537748699832264e-10
1.3535972342992864e-10
1.347461031642183e-10
1.3537770904292756e-10
1.345951128328693e-10
1.3537782006523003e-10
1.353779310875325e-10
1.353779310875325e-10
8.690725916693509e-11
1.353562817385523e-10
1.3537204690550197e-10
1.353779310875325e-10
1.3306333812579396e-10
1.353779310875325e-10
1.3536505250044684e-10
1.353779310875325e-10
1.353758216637857e-10
1.3405165866231528e-10
1.353779310875325e-10
1.3537571064148324e-10
1.353779310875325e-10
1.3537659881990294e-10
1.353779310875325e-10
1.353779310875325e-10
1.353779310875325e-10
1.353779310875325e-10
1.353779310875325e-10
1.3537748699832264e-10
1.353779310875325e-10
1.3535084164573163e-10
1.353779310875325e-10
1.353779310875325e-10
1.353779310875325e-10
1.353779310875325e-10
1.353779310875325e-10
1.353779310875325e-10
1.353779310875325e-10
-2.823676847896195e-10
1.353779310875325e-10
1.3537782006523003e-10
1.353678280580084e-10
1.353779310875325e-10
1.353779310875325e-10
1.353779310875325e-10
1.3537782006523003e-10
1.3537782006523003e-10
1.353779310875325e-10
1.353779310875325e-10
1.353779310875325e-10
1.353779310875325e-10
1.353779310875325e-10
1.353779310875325e-10
1.353779310875325e-10
1.353779310875325e-10
1.353779310875325e-10
1.353779310875325e-10
1.353779310875325e-10
1.353779310875325e-10
1.353779310875325e-10
3.984523821998209e-11
1.353779310875325e-10
1.353779310875325e-10
1.353779310875325e-10
1.353779310875325e-10
1.353779310875325e-10
1.353779310875325e-10
1.317694842128958e-10
1.353692713479404e-10
1.3497525319650094e-10
1.353779310875325e-10
1.353779310875325e-10
-1.667987969966589e-11
1.353779310875325e-10
1.353779310875325e-10
1.353779310875325e-10
1.353779310875325e-10
1.353779310875325e-10
1.353779310875325e-10
1.3537237997240936e-10
1.3537782006523003e-10
1.353779310875325e-10
-7.4443641251420445e-09
1.3537682086450786e-10
1.353779310875325e-10
1.353779310875325e-10
1.353779310875325e-10
1.353779310875325e-10
1.353779310875325e-10
1.353779310875325e-10
1.3537271303931675e-10
1.353779310875325e-10
1.3528289599662457e-10
1.353779310875325e-10
1.353779310875325e-10
1.353731571285266e-10
9.01646535211853e-11
1.353779310875325e-10
1.3537715393141525e-10
1.353779310875325e-10
1.353779310875325e-10
1.353779310875325e-10
1.3537737597602018e-10
1.353779310875325e-10
1.3483925087598436e-10
1.353779310875325e-10
1.353779310875325e-10
1.353779310875325e-10
1.353779310875325e-10
1.3537782006523003e-10
1.353779310875325e-10
1.353779310875325e-10
1.353301914974736e-10
1.353775980206251e-10
1.3536860521412564e-10
1.353779310875325e-10
1.3537648779760048e-10
1.353779310875325e-10
1.353779310875325e-10
1.3537782006523003e-10
1.353779310875325e-10
1.353779310875325e-10
1.353779310875325e-10
1.3459988679187518e-10
1.3537798659868372e-10
1.353779310875325e-10
1.353779310875325e-10
1.353779310875325e-10
1.353779310875325e-10
1.3537160281629212e-10
1.353779310875325e-10
1.353779310875325e-10
1.353779310875325e-10
1.353779310875325e-10
1.3535583764934245e-10
1.353779310875325e-10
1.353779310875325e-10
1.353779310875325e-10
1.353779310875325e-10
1.352111755892338e-10
1.353779310875325e-10
1.353779310875325e-10
1.353779310875325e-10
1.353746004184586e-10
1.353779310875325e-10
1.353779310875325e-10
1.353779310875325e-10
1.353779310875325e-10
5.885902876201499e-11
1.3537782006523003e-10
1.353779310875325e-10
1.3537737597602018e-10
1.353779310875325e-10
1.353775980206251e-10
1.353779310875325e-10
1.353779310875325e-10
1.353779310875325e-10
1.353779310875325e-10
1.353779310875325e-10
1.353779310875325e-10
1.353779310875325e-10
1.353779310875325e-10
1.353779310875325e-10
1.3522793995690563e-10
1.353779310875325e-10
1.353779310875325e-10
1.353779310875325e-10
1.353779310875325e-10
1.353740453069463e-10
1.3537659881990294e-10
1.353779310875325e-10
1.353779310875325e-10
1.353775980206251e-10
1.353779310875325e-10
1.353779310875325e-10
1.353779310875325e-10
1.3516920915890296e-10
1.353779310875325e-10
1.3537782006523003e-10
1.353775980206251e-10
1.3525625064403357e-10
1.353779310875325e-10
1.3537748699832264e-10
1.3537782006523003e-10
1.353779310875325e-10
1.353779310875325e-10
1.3537770904292756e-10
1.353779310875325e-10
1.3411993737832972e-10
1.353779310875325e-10
1.353779310875325e-10
1.353779310875325e-10
1.3487455596816744e-10
1.353779310875325e-10
1.3537748699832264e-10
1.1114398290601457e-10
1.3537737597602018e-10
1.353779310875325e-10
1.353779310875325e-10
1.353779310875325e-10
1.3537737597602018e-10
1.3537726495371771e-10
1.353779310875325e-10
1.353779310875325e-10
1.353779310875325e-10
1.3537715393141525e-10
1.3537648779760048e-10
1.353779310875325e-10
1.353779310875325e-10
1.3532441833774556e-10
1.347150169195288e-10
1.1263945332018466e-10
1.2324929965501497e-10
5.934897018278207e-11
1.353779310875325e-10
1.353779310875325e-10
1.353779310875325e-10
1.353779310875325e-10
1.3536172183137296e-10
1.353779310875325e-10
1.3536805010261332e-10
1.3537515552997093e-10
1.3535972342992864e-10
-6.974804067638729e-10
1.353779310875325e-10
1.353779310875325e-10
1.353779310875325e-10
1.353779310875325e-10
1.353779310875325e-10
1.353779310875325e-10
1.353779310875325e-10
1.3498180351234623e-10
1.3537693188681033e-10
1.3537770904292756e-10
1.353648304558419e-10
1.3481449290253522e-10
1.3537682086450786e-10
1.3500012219225255e-10
1.353779310875325e-10
1.3537770904292756e-10
1.353779310875325e-10
1.3537682086450786e-10
1.353779310875325e-10
1.353779310875325e-10
1.3537682086450786e-10
1.353767098422054e-10
1.3537659881990294e-10
1.3537782006523003e-10
1.3537648779760048e-10
7.333489371319502e-11
1.353779310875325e-10
1.3537604370839063e-10
1.353779310875325e-10
1.353779310875325e-10
1.3537593268608816e-10
1.353779310875325e-10
1.3537782006523003e-10
1.329829579788111e-10
1.353779310875325e-10
1.353779310875325e-10
1.353758216637857e-10
1.353752665522734e-10
1.3535350618099073e-10
1.353779310875325e-10
1.3537515552997093e-10
1.3537126974938474e-10
1.353779310875325e-10
1.353779310875325e-10
1.3537415632924876e-10
1.353779310875325e-10
1.353779310875325e-10
1.3537415632924876e-10
1.353779310875325e-10
7.654221700903463e-11
1.353779310875325e-10
1.353740453069463e-10
1.353779310875325e-10
1.353737122400389e-10
1.3535161880184887e-10
1.353779310875325e-10
1.353779310875325e-10
1.3258449893527313e-10
1.353779310875325e-10
1.3537326815082906e-10
1.353779310875325e-10
1.353704925932675e-10
1.3513468122283712e-10
1.353779310875325e-10
1.3536316512130497e-10
1.353779310875325e-10
1.1391154686180016e-10
1.353779310875325e-10
1.353779310875325e-10
1.3537770904292756e-10
1.353779310875325e-10
1.353779310875325e-10
1.3537204690550197e-10
1.353779310875325e-10
1.353692713479404e-10
1.3536849419182317e-10
1.353779310875325e-10
1.3536627374577392e-10
1.353651635227493e-10
1.353779310875325e-10
1.353779310875325e-10
1.353779310875325e-10
1.353779310875325e-10
1.353775980206251e-10
1.353779310875325e-10
1.3536183285367542e-10
1.129174531655508e-11
1.353779310875325e-10
1.3537559961918078e-10
1.353779310875325e-10
1.353779310875325e-10
1.3536005649683602e-10
1.353779310875325e-10
1.353779310875325e-10
1.353553935601326e-10
1.353779310875325e-10
1.353779310875325e-10
1.353779310875325e-10
1.353779310875325e-10
9.711098591935752e-11
1.353779310875325e-10
1.3517653663086548e-10
1.353710477047798e-10
1.353465117759356e-10
1.352277179123007e-10
1.3522372110941205e-10
1.3397138953763488e-10
1.353251954938628e-10
1.353779310875325e-10
1.353779310875325e-10
1.353779310875325e-10
1.353779310875325e-10
1.352111755892338e-10
1.3515510932649022e-10
1.3528411724195166e-10
1.3537782006523003e-10
-1.1269748245723576e-08
1.3506951113129162e-10
1.353779310875325e-10
1.3505752072262567e-10
1.353779310875325e-10
1.353779310875325e-10
1.350435319125154e-10
1.353754885968783e-10
1.3398682163767717e-10
1.353779310875325e-10
1.353779310875325e-10
1.3483625327381787e-10
1.353779310875325e-10
1.353779310875325e-10
1.353779310875325e-10
1.347461031642183e-10
1.353779310875325e-10
1.353779310875325e-10
1.3427559064638217e-10
1.349605982525759e-10
1.353779310875325e-10
1.353779310875325e-10
1.353779310875325e-10
1.353779310875325e-10
1.353779310875325e-10
1.3411427524090413e-10
1.353731571285266e-10
1.353779310875325e-10
1.3262468900876456e-10
1.353779310875325e-10
1.35373490195434e-10
1.353779310875325e-10
1.3261813869291927e-10
1.346824873849073e-10
1.353779310875325e-10
1.3184908720376143e-10
1.353779310875325e-10
1.353779310875325e-10
1.2827505724288812e-10
1.3532086562406676e-10
-2.823676847896195e-10
-7.001133006667715e-10
1.353779310875325e-10
-6.0526025302820585e-09
1.353779310875325e-10
1.353779310875325e-10
1.3537471144076108e-10
1.353779310875325e-10
1.353779310875325e-10
1.353779310875325e-10
1.353779310875325e-10
1.353779310875325e-10
1.3536116671986065e-10
1.353779310875325e-10
1.3537471144076108e-10
1.353779310875325e-10
-7.433506366005815e-09
-1.5006000331219127e-08
1.353779310875325e-10
1.353779310875325e-10
