Model: OCSVM
Dataset 20: vowels.mat
Time taken: 0.08903694152832031 seg.
Accuracy: 0.26
@scores
25.638725276986605
13.786888147658459
6.684211416404935
0.6572465592001748
-11.313253466143777
-14.97152077316153
-4.831454675849784
-5.745044841640976
-2.415466069312046
-5.285263684927969
-4.906945813747939
1.8883428737411094
10.488397428608266
17.275292935161104
23.250335359292237
30.373863355777814
33.3595411921613
43.219571584065804
33.49531983819537
24.459251313327442
13.535100201563708
-5.742033641305767
-9.016266054326707
0.0003082637156950341
11.122802298272745
38.63309789374061
31.863695940389675
7.397115746313986
-2.183939729223127
0.48989032967591584
-3.2754235917206245
-3.6071117813933995
5.341055686825257
39.245220710197955
20.25381286529135
7.33114869435741
11.758910738305943
9.928830823459137
0.22789152311932526
-18.037420642228767
-21.14294803792515
-17.649275732328988
-13.587995210565225
-21.167244756348367
-21.996581171409247
-25.538215502714564
-22.768900213208724
-7.024133877750131
12.562958693851172
61.72987885765944
35.54294735842214
28.04593402619321
27.730297867058567
27.301662934115825
39.7851637564802
28.504385832205344
19.50163588131913
32.75065772462477
33.62966254725184
21.982598112561533
33.475712130741684
38.04255466825647
26.62026664714263
16.652939036100122
25.085489448760057
14.365264062839074
12.471536854099043
16.18111635103122
19.211233617098443
25.325504320045297
27.62623202332871
14.613344429114136
24.739535981905547
2.5077502422942644
-6.601648067791871
2.678648003920898
18.794988529652713
-4.226587252004407
-9.666103421569005
-11.507061639783899
-2.0016278821589424
-19.568070870388993
-4.855234785699764
-6.4878395734668
-4.731874138894028
6.655808091487643
10.360422947249305
17.12190718395614
13.05716012730069
-10.687013878147553
-17.416144435604764
-12.516052170653467
-8.897382696286229
-15.570290602339867
-1.0168680605113707
4.270914697179677
-1.3234150012680743
0.0001704656474856847
-4.263852214949935
6.541240519472453
5.6845216956785976
21.466453197637676
13.956531655833174
5.945882391834772
-2.1261903573832797
-15.560070461042812
-11.65201397059846
-11.412842468708305
-12.079039483348453
-18.564812543629102
-24.234960811927436
-26.798897027787632
-28.15809330917355
-18.64933769809369
-17.57020495108665
-15.10805537326388
-7.853178161148577
-10.90264236308596
15.997674236210443
2.313584823645513
1.1343557753825024
-18.604440287519367
-18.817466423480482
-3.509824799614279
-13.167553738616647
-14.173703486872682
-12.173008641289442
-19.134414011327635
-9.941524925918372
-0.9010169860549411
-6.196008428881839
-10.806044788879234
-11.78149165184658
-2.0944254505404842
46.01437002424292
23.062964512682214
12.860433024882141
12.484279684408634
6.373468881427826
-5.095607917502036
-12.003615701188238
-11.198765748504286
-14.882448277934145
-14.75988077813625
-24.130931916671557
-27.217833951069707
-30.071834178627682
-22.148377634521097
-13.815195819576445
-6.42078653771847
-1.939982456493425
0.353596373136682
2.3096275137078663
2.398657559583853
1.2922037059004907
82.74310465495589
70.84391848802164
60.301943385034676
53.69010598009841
44.966575884157834
38.37424083814568
37.21446057803384
23.84513365811803
12.023004354933022
13.870139009544602
12.185081385213095
1.0819853426331179
-0.00017409370850884898
-12.58227040588045
-9.111632894813368
0.0004489259616775598
11.352983321346471
18.065619802904592
18.291125710118365
13.036273616566348
8.280402599601615
5.106974213025779
4.7663894990341475
35.364007240349736
25.303844181425717
11.57987187690344
2.644488929371576
3.904470299879449
7.14853788804696
-3.82190025941469
-14.010830499194668
-14.642291858536026
-34.0267485094482
-36.42708598468107
-24.771609968832678
-19.057339416100774
-22.703678143418017
-23.075432279383875
-23.6463311945798
-20.354037466114335
-17.492207044841876
-19.612228592584785
19.30840453566279
22.244969563486393
16.31382243155319
8.737534129012445
-10.740797100155845
-11.58114500842126
-24.887909793468026
-21.015170959222957
-16.863995441880405
-10.60498263436105
-22.025862039089986
-30.345276912563037
-29.308137310711658
-23.630056406390906
-16.80650898941647
-5.740938093713993
37.25854032427604
38.98188789834775
36.72409619055601
33.4572834431941
46.73865347977228
34.893305320967684
25.139972607582607
27.903289098729076
30.18362804017066
34.58090121560457
38.289957127406595
36.06793521110529
39.328056450943365
44.56164629149758
42.62938702584543
46.533889367569515
46.6697542953609
45.14893388615273
13.249021906788201
12.244131224180663
-6.7546600328251145
-3.846156490819112
-10.673199801687389
-25.48135144058807
-15.472594820817761
-22.69155447363758
-19.28603043967709
-11.90503404395696
-9.030741244596896
-27.856102080664385
-19.590752938990192
-15.552355818792734
-14.681019952428045
-8.367361556904484
-1.8054375064937176
8.087379948450291
5.59566408305183
0.1758065618174669
-5.724649926672129
-4.836438470689075
-7.633003062850975
-11.811514166716137
-19.112426923508167
-22.189185382208024
-17.642738377282342
-13.643312627496243
-13.520982508570228
-17.404935082275387
-17.94104022558932
-16.589514690641153
-7.27285435501625
3.2448228861265846
-2.9631496534812243
-4.487094682744043
-8.25527091123027
-5.975825565299374
-7.8859470968363325
-1.52207345616209
-4.8168988119873575
-17.420304536704606
-15.551095315699087
-20.978622418558956
-17.490982469604887
-15.597644622332012
-9.51024336117706
6.358631464957966
27.405891518317645
6.329803500719763
19.679587213700827
-0.0003775349109389481
-13.201215542904919
-9.617362259093994
-3.752792912742791
-6.210146746374221
-13.092403111579074
-26.735897404426908
-29.556964106149394
-40.43907453552836
-26.483652506870357
-10.598845124046505
-16.03084898068147
-6.756177699802777
-2.5213347375519533
4.317455574275627
8.47780308905105
50.967355781249694
37.92850947384038
39.602099910006075
29.608909155978907
25.89720477657025
16.87250344244815
2.4170818352271652
-4.227393139136865
-3.7061329113226122
6.411146922718274
20.990325073017246
22.879943494697827
3.817523720231378
0.0004194333425147079
-19.869443846403527
-6.375749665837475
19.501417264181455
5.968690059666642
28.266922560059143
10.994143148353828
-2.0847964787900253
-4.535756148850112
-3.906790874714005
11.003275359117467
20.265389025048293
-0.9207742206712766
-12.75908649205553
-10.817921560482432
-3.3234822031211877
-9.229236932780708
-16.124800238031497
-18.524972344931285
-21.175365771796976
-8.776721678797571
0.3784661740589286
-9.284011912988376
-13.090504649894513
-10.387378290604431
-17.48870833389762
-15.971331228633176
-10.41196548419751
-11.554894886061277
-18.696668565949494
-18.295834210625458
-6.298329967597624
-5.5504942751281305
-0.00023663889228942026
-5.565763850184226
5.559483731528175
6.545873329083975
-1.2056808198945532
-22.006345605272855
-23.380177144994974
-25.714331205068675
-32.17234680266159
-33.08092607804505
-24.79422647968019
-25.541865031061803
-27.31183869122225
-20.808636086186027
-10.415607660914787
-8.099222746348488
-9.26191936154433
-8.74307171178296
-11.065598029467054
-5.99935202391984
0.8244420826566596
7.522814113258107
14.11515610188411
-8.613186194892052
-10.959412646484395
-7.996600263792317
-4.103281403415394
0.7986521143716345
6.49146866627909
2.7071679631047374
6.996785520460364
9.921054125078413
4.2523354170936045
-2.092088590422705
5.4707887707489675
10.377727454973922
0.638373086471475
5.540533046623153
-3.7867211976967496
-10.685756094423596
-14.118706499551735
-12.399793341320759
-16.694363049083364
-11.380478900040288
-11.629028326615355
-14.978198762776373
-17.43522930747116
-14.130338240417075
-17.235529141354903
-7.174847480077801
4.256005705526903
13.090192865587653
8.280848168199554
14.357934798147582
4.247141087005701
4.405193941225363
4.2449755587287115
-0.00010538875136489878
-0.7871749385368645
7.673775409430519
6.328122891636937
6.113500138078692
5.861875162173774
-0.25169683280698507
-26.790841918484006
-34.41155606569677
-24.675066609002613
-16.96305585639422
-9.658033096870668
-2.2100032437514017
4.276530171284946
7.502574169073355
27.125856125884496
18.389631930962622
-3.3417584043046418
-1.6872878594614775
-0.00016032896927242746
2.470891441765815
-12.127896791240431
-11.767041103018755
2.6660685663695034
24.79016584045931
26.921170419321555
24.110129189108818
18.404698163468083
16.920376870608962
21.049903813117666
12.638511411450551
14.016423935223273
18.888817714321746
15.306515102279988
12.132357583427677
25.08408016079116
30.841836445020306
40.118850515267
10.754447804110043
7.01239132028617
-17.002951916651767
-5.839353531948973
-12.206992311032309
-20.93011206668899
-23.25490736141367
-23.444608850974532
-22.18222100983496
-18.350905046081465
-11.760554666882769
-11.919801877785119
-9.411828619190288
-10.513703508618619
-4.317500365977082
-1.405535635980982
5.588672399151477
-7.986450217467791
-20.02110091537719
-22.84477897508134
-18.82241441278427
-21.51689385133008
-18.42443136827228
-15.450689514677634
-7.968179303842703
-1.9559171167595792
3.2687376799059535
-3.5954871061332483
-4.49922799410362
-2.36053594792493
-3.187867491166486
-4.200400338191486
-2.5900391503343485
0.6219454524916159
11.844776568253124
11.584778339083812
-1.8219766720453663
-15.688398856648746
-14.03923458530059
-9.129532652758002
-14.858662442003123
-24.69596830745749
-36.25070760515882
-28.54668722255036
-9.04041781530907
-0.008643391749544094
-2.2118416994519947
-12.69717869769977
-0.6251302217228414
-3.0869070498312965
0.5811754809406295
-7.82205691330617
-2.9368911639507758
2.200213743541539
-4.219759740472284
-9.719607739503118
-11.017391544319395
-7.821608736313209
-25.84257854383958
-27.174343656833628
-19.35823876191077
-28.26220790701717
-15.610870654771418
-7.288190177704337
4.099859443055905
12.296751368304186
19.09504002683032
29.572805939608543
39.96793826962015
-2.5374432385410444
-8.166107405743048
-2.086698217191767
-7.8131152544767986
-11.190735964916342
-17.076777127703878
-12.783989295843668
-10.453725232020787
-19.375021069899475
-24.70075587119547
-27.81840832645551
-25.210839963259417
-11.879768284308113
-11.293437219242264
8.044257652201964
44.3491010994252
46.35444216234566
29.608588498856307
15.256105087260892
8.993820463898132
11.759008122668021
17.09962389949169
12.462194592344503
12.188188013756289
15.221114891476262
18.02676665861449
20.69090664984158
25.597563600886573
27.72107422461154
24.93285395043982
16.28238371362241
-13.598776322827973
-10.017105188633877
-5.015102424022729
-2.0229938962049516
-18.768092309032085
-12.89517538012521
-26.868591208220607
-43.3946672403772
-16.986211167266646
-8.563131853988352
12.272492307666354
7.6463702320858005
-0.31667988884434806
22.09741973035618
15.27646199006989
-20.14284286787108
-32.60584083178577
-46.11221685271383
-46.82988857198367
-33.086687823546214
-4.278873061998638
1.8053334619958719
12.135853795168728
0.4732588310783541
-6.468524208779229
-12.129127110220338
-19.39096784864327
-14.12013306672361
-7.625969421245003
-12.208799516223877
56.51491564104286
23.29875965627801
26.615824889353846
19.054002937659803
10.795552238397732
4.140227769421969
10.187251238758122
-5.398157025134452
-10.821078683114337
1.1109749706047438
18.194492445701727
-0.00023469626536609667
2.5143629899501008
7.689081224798457
1.798832495522248
7.086055642426601
13.49796490623143
28.921719717278393
11.662866222524656
18.938325140666862
-4.240928164432063
3.4025321902549166
18.591659925434826
36.13058530308575
18.918425550102043
-5.616341994859226
-0.03681668567031693
9.300156514283756
-6.497835127897673
-5.669114423584091
3.019433204236549
15.883267164583984
25.4745736611699
10.690796458699424
7.297121292347953
0.0002379622111163826
-13.495776870839194
-15.787572601674782
11.529129766768335
6.018814618028557
6.124719258780061
21.490584686676613
23.448040670745115
21.112991689359575
42.493323027622
32.60103668452591
16.19108100134504
8.076656247862644
3.724935135489673
0.7231017482153845
-33.467634371982996
3.2304086406446118
19.37495656647478
14.424427527096526
21.483000296290285
34.848195039085056
36.996168506775945
33.605540665921495
15.969536041579133
-2.8675810698702406
78.91271526692255
68.64312578926014
60.03364800535506
64.15840370912997
66.74586613466755
64.2250718136745
51.58023961991674
23.22666992364681
48.626367589535406
35.2570027110725
32.17254381424901
16.089373755195837
27.060038923385193
34.420105626842926
29.157251605475224
33.03278682456107
38.466895412121076
23.406518706738254
43.20933632820886
-2.646801489760577
3.341201786227842
14.019255800553964
33.640350926450594
22.396270734179836
-4.235995210270573
-11.903127698428705
-15.368129838478154
17.27783922928667
21.272555633638746
16.80473667786198
35.88715114581973
8.68321324255865
1.1779538693595555
16.87601652312719
-1.5519336413701694
-7.954520416212915
-9.449250349286814
0.2861904564777973
2.955245558367068
6.475702853721032
-10.79647178354125
-13.345037409925823
22.29207288016397
50.173476506096634
61.02840715458058
61.07337330867223
51.50506130847981
37.5288675395111
28.440887731320217
34.380282762000164
19.63352822538478
14.675677728536215
15.958590327490029
19.12717753437674
0.6912171885900449
-13.708017971364654
-4.4389142858545085
3.1381553036766547
-8.134225826569718
-20.695800137086536
-11.10347455892574
-9.625227353735738
-2.3256707482582755
14.731658527174218
32.432422716791066
40.20254729003153
51.75517070116173
27.485199360865792
9.15226043010847
0.10533492980333392
20.316605167241562
16.064698234318968
8.088714110272221
-3.6869785784905105
9.261751151906608
16.424200366836146
20.623856096054055
-18.799780764447974
-35.703949434755714
-1.8317903723746696
-2.375197606997986
-23.023861994497793
-17.79993572509204
-14.529419270787002
-16.76474026078597
-20.421873629921862
-1.4676838187724712
-0.46897563864754943
-13.293702072882326
31.380789312852514
25.41740092244065
5.24236942137027
39.267368943022674
37.57383771703827
9.973707946009156
-9.430126036493647
-4.209610297727636
4.677077375830109
9.295249398551476
-0.8675816024773155
1.0349544572317058
30.30841584115133
44.92532888749035
42.924091594304485
33.46417565738696
26.00791576510619
12.17604670460807
14.346612862141
29.282520588830025
17.827969021578454
19.79054754537522
23.248143037741272
5.482123326192209
5.613525571824837
16.5545755731452
3.8926485437924043
1.0028440268513776
-1.1135059311385902
7.386250242953238
19.51591640517485
17.350444231174762
0.0008126377396848738
-10.38908073501861
-6.15784297840716
-7.830765129168213
-8.155687394960069
6.083469444654824
13.885569946385147
26.332131106921878
44.87551022459766
65.27756414656473
57.87287310256151
41.490041238550276
27.445755124595536
23.979999731301206
24.912963755071544
20.97295772384274
4.378271065092051
-10.64753853649998
-1.6682602613307438
3.6873905196212604
-17.501272085358266
-10.811610733246539
16.17652689245662
21.76524462162125
6.009611708826085
0.992727003214469
-6.666659268386866
3.749882490562541
18.655521191096994
19.13589559782872
23.457583559669075
0.00013474551487036024
-9.229472578927641
-9.642037457434782
-21.039642138399472
-28.27740920983885
-8.79609555241882
-9.011956140490156
12.086485247984243
32.63128637568319
16.46246926402705
-8.306011031833378
3.066691588583595
8.324949865113695
2.6155686881888585
4.551351427403745
2.382413708050862
13.822556414906842
42.00837477338837
28.818445974562678
35.83228916738386
18.77944654313984
-9.012492760928467
12.521089607853611
14.03391894929932
13.336393851406626
23.833750579226887
2.7029950067542075
8.010607696584088
-5.293765772092172
-11.14366671087896
-0.000242272427357193
10.415385554881581
14.35683393708274
12.01745848835536
22.214523601199005
5.452035095536843
1.817296919281162
61.43155966550719
41.30529807389864
28.88399550532351
17.301334271962773
9.390039811723497
1.5345621750755356
15.10109713985625
1.2226546657767159
-15.555078752008711
-1.9701296894926372
1.784921896429097
-3.7712937406172387
-2.02656824591503
5.494480175551246
4.43021133257696
-8.312492069819342
-4.791354911289716
-7.0247887510979865
10.331775950352593
5.8069808364408
-18.135591445551256
-38.27708981180601
-47.882153052553434
-36.331080483517155
-21.532166812090736
-17.9685588920847
3.8391838437495664
1.182096268204205
23.397707310848816
20.067964249701575
-0.16710985521866917
30.72849763001338
33.629807920672135
30.97164095825856
-7.1279605520676625
-0.8529044263226524
-6.47641252872927
12.592795802274821
-3.435972864974815
6.959578076757822
18.257944065530822
-4.694517061961932
-0.00032436416191217177
19.507396765445236
-4.088345888230748
32.39023450308083
16.542975203908256
14.533183985194256
3.252532680802844
-10.470814469831026
-23.882480298027076
-10.535894710983598
-21.8878236072685
-26.821063905217983
-28.700267935975432
18.55433267124785
0.4204225575122962
-37.9202921664957
-31.299992520969283
-28.203173104960968
1.177209644539417
-2.899688373202224
-3.4402444209841576
-11.430192411780581
-21.29296913365212
-35.59606597493712
-32.75914779089547
-20.090814837971436
-7.842317692318943
-27.1200501009844
-41.8889512777107
-53.60542234339681
-55.2839565495355
-32.68212773404008
-24.660064653041445
-43.15459912462171
10.122496509339811
0.8024996553111663
-12.47128063966042
1.6491763759855331
-6.120057757958222
-18.083440449087988
-16.35826945547072
-15.134879937188629
-19.447710305300404
-20.672209948804834
-7.15548108803884
-14.735059488071357
-29.684990490695384
-24.7940948347933
-17.45986259451402
-19.408631971626818
-25.384505995037955
-32.57027249580551
-21.871076695660776
-10.64277952539436
-13.78320672821988
23.58883575202863
3.1632604510945725
-4.630699933417361
3.3302659971933792
-8.992082710069496
-3.05515798702109
-19.4304915527307
-11.916170326848658
-4.263737668533565
12.585050779675527
-4.190824979390499
-33.96317459892762
-33.15319759572711
-17.66002797570863
-15.806383721482291
-27.47814847373678
8.670132868201875
15.091123823138958
-7.961638389703808
-17.743998395238464
-36.462282825435636
-4.131537355193643
-9.675361668885415
-15.765826400133818
8.069966048856102
15.283248785021613
8.039871937907591
-0.0029636840981055457
2.679240301011532
-12.913531245350867
0.6482667614844928
-14.874423808100829
0.5017149155942633
0.7491093072827084
0.8115986575036942
-29.963230452306306
-39.09914810973814
-35.7038922196208
-39.46721471172714
-48.64102068170695
-38.46248909594746
-15.14303076235268
-17.268927878584947
-37.92256839310045
-47.5532350966748
-43.4573080761223
-30.79342310800297
-26.87571096629685
-18.0697062587885
-29.5113499717595
-9.59399010115564
-9.861014666157047
39.49587073406521
4.795546191506617
4.86189221847313
-6.526397929070612
-5.977395005653278
-6.383949667251869
-14.104747805192773
-18.20143812089458
-17.497341033762154
-12.51619432108501
-2.8072560031492344
-14.358068393038309
-23.83569148686766
-9.4519240122832
-17.42462199201313
-25.351875852495283
9.442990267407254
41.11250868870964
32.84835141293648
0.030983265118550207
6.847303799244344
-1.8673193876788474
-6.203471374051134
5.292011829485006
17.278985225915406
-0.6963338589934835
-13.53710535936628
-18.908631643482266
-22.052599863189272
-8.039399615915414
-10.14205784963633
0.3854529100085955
-9.52889714928574
-7.995412680921419
-5.89180796751873
-5.479622596775243
3.0959783127176195
28.346068020338848
50.61110281928168
20.13665847644681
3.8830109828262493
4.3764334415279365
6.933570287358407
17.19597075749317
22.57238529829371
10.291623266710047
-22.879312389942044
-24.189228161973972
17.86088906857924
-12.758426363290653
-14.203806927640073
-10.895343857460148
-8.79252037322766
-7.704905051142049
-15.685329528809461
-17.046650162204855
2.2868858223481396
6.924179137976253
-12.04565107168699
-1.2204644434048788
-19.215848117960263
-10.564328798385361
34.4359096722135
29.763664671466145
6.312944790823494
6.640045101211925
15.993428341377225
7.996160692195716
-12.164977492085796
-31.716757033879418
-32.70755204379711
-11.86419662995354
9.001234774391776
7.880260207964383
30.362681675815494
63.45495209394732
67.53826526849383
55.59292985260855
44.21692517630588
30.690761517153746
34.519151716567336
42.21507114816053
48.63020307985137
71.50864460882802
63.536087725441575
54.01232294395234
53.092146850830844
37.87762084285457
25.01220081723109
27.149754079584696
3.6514205535093964
-15.433488449128475
-4.396490762332036
-2.6264371904457846
21.204030606148322
11.037285828626963
10.43275882746508
-1.3468670444542283
-22.852938828133944
-20.86213683107843
-26.396954561611523
-27.75358929965401
-43.25674193410583
-45.709082496504635
-35.37925621117736
-9.727038143496003
15.064615862503175
-7.0786969856416135
-11.282607416234953
-6.994017485589552
-22.523497344973464
-33.05908879224614
-33.58677624279116
-20.024778537245425
8.696860203499483
32.93739218592599
20.071904508060427
4.310928120518298
39.5758616679759
3.4503124898947704
-32.39196690826668
-13.761510452826172
-10.196309112141677
-15.403031556749227
-29.993645279805435
-42.661475444064735
-41.44002681510045
25.945844922311565
5.18124195706099
-0.3274006411454451
6.596051296379997
5.095076872291031
-5.607896325105145
-11.443768379758126
-1.068846041811156
12.626801605580852
21.349645206712182
42.60457052829739
14.521368548661513
-27.869468892484406
-26.11904488094075
-29.19490972373285
-11.152512207827868
17.03000112296654
13.930732852574124
-19.41661352625451
-25.649200488588235
-9.407534508330627
10.425778873523697
23.523718808016824
38.80470856186072
53.85425477872579
19.144813196959632
18.526166119412892
-13.469976369483618
-16.362906774582314
-25.68256889947949
-34.235386313308425
-52.43290781514696
-40.68047958767241
-15.117794854980446
0.8602164157949801
5.78506180416494
0.00013454150331426717
11.625063346057004
-38.308970757041095
-42.27386319711863
-59.929078191480244
-51.12153383007015
-41.18727899383671
-51.054964878113566
-48.93321569094152
-33.16598059925917
-14.664688625061757
-3.965664471719066
2.0248117504183796
12.30133462137674
-8.08699531268664
-17.36028661980575
-21.30336199809392
-20.539701730572858
-19.41610991411602
-28.607135313131806
-41.564324764789205
-52.840906832633124
-36.54379389902297
-21.310970699552968
-10.232487689500886
12.894255815422525
65.41501151951064
57.2074637371296
38.92958694788915
34.78461206451425
22.061664488115355
13.691543698210452
-18.859575420231806
-16.308736750002822
-11.564178552857214
-22.446317466355794
-13.228960478764947
8.736620180821163
27.225884210230547
8.138278227149115
23.6178351330568
5.319569862865961
-4.076366429937224
-0.47548419823485233
-17.322825580969266
-38.23130283160455
-50.52005418178538
-51.660259041036255
-46.45742133301681
-31.92837824517241
-21.8251918753613
-15.918550425154535
-0.5294405732521881
15.59138702786106
29.06687879730559
44.2635274696503
37.00100043117126
25.778488200154214
9.717046818561315
9.618769583342214
-13.18230103507824
-36.52241792298727
-40.11900203848353
-21.022876858879812
-7.657408653009043
9.302254672997137
23.432513209028002
34.318396879719614
40.093904154938016
9.46287716382919
-8.470554717946527
-15.32095139322874
-21.229097320643888
-23.74773756852889
-19.09607533855211
-9.515233926219423
-18.508500754172985
-24.73049795503809
3.6682260614140887
19.28609541280619
-3.920518738853133
-16.06871167797854
-25.506060553997884
-31.153564974715437
-44.38856224418902
-50.689802228406165
-35.93536898652866
-51.21247052642093
-47.77889470307292
-20.327744943518553
2.8620740567340164
5.368741386603503
9.192743615440648
-1.409609913075215
-33.35240437750272
-33.60299884117569
-27.189153566007747
-19.89195661392347
-12.413305049794701
-37.247828251669915
-45.78838357606523
-30.865481420828957
-5.2339041712791925
15.467320440359643
33.44334257846489
34.25399672959766
17.24942604619946
10.487195606120153
14.04619732687783
6.848133980359975
-2.0487478021286023
-8.011565279188176
-5.061068592405491
12.921235694456527
26.77742172715645
29.66691091830168
26.305191270463453
25.411043066591418
7.987241877175961
-11.256582767132414
-9.21265983251908
-1.5094660651835738
3.9925418724757264
-1.6584459149571416
-8.911444987667153
5.910600749113769
-1.7618696237978924
-27.308476374970695
-50.58051343953801
-47.99364433679969
-40.568969623492876
-38.492356381254694
-35.46065047934428
-30.483602037138382
-44.62273225850086
-32.62153411393831
-1.712457697330663
17.061490625669975
28.896770729651436
46.232532148950796
16.372222005020376
13.91820738509594
-4.799816375810678
-2.18616101306975
9.903398630112775
-0.9161886737082341
-17.042149970029897
-34.00800517144589
-61.36621202509525
-32.457275134701575
-3.9243665264168044
17.276525808756475
36.66915974977826
18.6551234610301
2.108466212772072
-14.808106317476671
-27.688559498302908
-30.935695792474974
-16.3811717782244
9.616003359532485
27.966604406696163
38.941567848772536
47.74875584801204
55.8745654885732
43.34984680964132
40.82161522208776
53.887603261901745
25.669275463643814
43.60432896195056
28.796041236808122
27.085887708710672
6.547365200159618
13.246918091326307
-0.2912483115022013
-10.597239594138813
-19.208708549323887
-30.36701484874075
-23.952107970468433
4.375807776681427
16.198026476632904
24.264022707904147
43.94246258927949
27.730406307066445
14.713042154268365
0.2309387196246746
-5.450074650969128
-13.156523735251909
-28.27912227047085
-15.338998667466399
-24.713535152539208
-16.910281382133036
-6.369446504603417
14.482312212984496
30.837328164900427
38.69005307000921
56.069174824691714
42.80672879209942
33.53158347628634
28.236498019679715
24.05549330320757
21.480674798280177
24.32565918210547
22.0410093554016
11.444984175375808
0.6649501889886693
2.6178513602343685
1.8417908523365298
-13.77349529910299
5.903838039768829
-2.952870370681609
-13.231447068492315
-20.969207367849947
-24.665544923332078
-18.657651635898446
-5.01327404477405
2.6723841797813463
1.9238350891750002
7.968589505447682
21.98954413558073
15.191007065290165
0.31598976066032947
-19.296992207456185
-25.12477894036681
-35.712633143023254
-43.313179858625574
-49.07248146865305
-46.200645622654434
-34.312937510434125
-24.489631006813426
-18.96419409451852
4.144122989388364
28.97867303600559
30.508415830337242
32.32402268927008
27.39548853019015
21.136400145527702
1.85651789471801
-9.904925017990706
-4.65689894269201
-18.345242711531455
-34.7335173501925
-44.074639836029604
-27.45485347163182
4.558762621198397
35.0734000088617
50.32978676044809
54.13757694560789
44.06082346052541
44.213310907041105
34.51408455245112
20.06475301562226
2.4198610258889914
1.374602760359636
-31.090980188385515
-53.80364531280378
-57.47297792817915
-36.13625020760446
-22.270556911394976
-0.38554610178056237
29.08049979639081
58.33446894059931
41.71510003595188
33.10667347025742
28.43907271181037
33.91355416864009
30.13423651975988
15.145884852773975
1.4054371109443622
-12.490334769645386
-10.390253018130778
-13.475070847529253
-24.733654102413425
-16.26113570210748
3.3267105563145662
18.263299838571214
31.93355043806754
1.9460745545243725
3.859807597801762
64.9214555403822
34.13973472143313
34.77457341688982
13.445748630508888
25.40094955373995
58.912364845610995
11.8763320923792
42.983210622344956
23.399752887512633
19.869572755671683
72.40540216353165
64.10672510541514
-18.34134839121998
59.09995485759424
36.73323492011083
35.33122269926774
58.336204508224796
7.964968213157974
6.109884301785939
28.217015983691525
30.13944798062012
-2.0089799759343805
-20.516529642420466
17.926383376449365
3.2409384368550747
42.11058153372292
25.40094955373995
72.67888617190903
74.11420076740399
-18.53522682637083
24.89926491498231
56.364912572128844
4.553681851626436
40.62921526211561
0.18854530192973584
17.595067587734363
64.60243507833609
78.15492767018677
19.04579426273338
16.975363338237074
-18.34134839121998
47.548754020210154
3.2409384368550747
21.08642954613687
12.204895619917878
5.693500087918068
65.08164757808208
72.67888617190903
