Model: OCSVM
Dataset 6: ionosphere.mat
Time taken: 0.009968280792236328 seg.
Accuracy: 0.6428571428571429
@scores
-6.764367527714597
6.73403382376199
-10.086044014524816
18.416832235331043
-7.242050844034949
-11.697233406506513
6.039278234961969
22.921359617533454
4.685945697107556
-6.576295236059266
9.729433421208213
26.668163251847716
2.624027442380225
11.832369152642116
3.402582163134042
14.831557116824442
-5.362939763915207
52.63155561316669
-11.751156037246773
37.26335611212379
0.4305873104865867
38.33817145870526
-10.484369746743994
34.582073218495495
-5.1989258005530985
33.27048559070118
9.290913456867074
38.8380946611157
19.856464506743237
46.89699892988536
8.587187246364081
31.557285387227587
-2.826903294730343
5.666868361277977
5.179282298284377
22.081677307264712
-2.060692666427556
37.6179766536823
-7.025149330791507
4.7370572019644896e-05
0.7331131587477699
40.79231734842904
-6.886832757279294
32.882253848016624
4.857430437192193
23.1250529995105
-0.049196308875906425
10.220603404680986
-4.151750422602973
14.374010109036718
-1.4123442767630365
30.657083629641136
29.90209878968834
48.53420414474769
-0.5042422259468253
39.91751392074858
1.227885969534995
44.900632703362625
-1.922653231246457
24.81754800718258
-3.2632039139608935
3.515666037017553
-0.00011541877233867126
21.56121908715626
-1.8427366378358272
3.2274575634020124
-0.8207789223683619
33.88894127276668
15.651688895988059
31.854310619789693
8.94751158842223
37.78849394429614
5.265134635373542
-6.954828942013705
3.4831395390673094
35.34383650106171
0.36752579184172873
44.003722695889124
25.171103433640113
36.59918732044624
13.789569743375424
35.476711660336264
0.13195386683224797
-12.121554156877721
-12.588496815434098
-6.696624166273452
-10.523625388625518
0.11075266784227722
-16.250475274823103
-5.0891034347529285
-2.019306073746179
5.469559771464674
-15.378780890258724
0.000264588566352586
-15.49633213882673
12.823033305681378
9.231291160631926
13.333291229876025
31.55045565138124
-12.350200536466232
23.13044240221798
-0.004943546903106721
-8.178693616976943
-0.9670283379396949
-1.8831597687476034
5.624305985256811
-6.222642253986919
-3.4195723511881795
-0.3381548943618071
18.93198036169281
3.8065221938283003
4.567749346207762
-9.82318064188803e-05
9.42351568707258
-3.958785318691497
-17.379543209821932
-11.326702456577394
-10.669312948575026
7.052075068667918
-1.4176315547042009
-12.284584725396869
1.4446187269117985
1.4016895559172156
-16.580411282276884
13.402913005607303
-0.9301681497599077
7.8382616769251285
-1.1662784895557081
5.629437707282037
-0.3265564244819359
-2.00145721199371
-18.041405051599497
18.54667382482721
-3.9392789571304974
12.138566529898057
7.9035834839105945
27.798944902109483
-14.880333947378247
-9.58288619579983
-9.623915776119546
24.307255226182463
-1.7417623006864176
6.125004826538259
-14.496092615291786
-13.485675313411988
-15.729837829990487
-6.288338537780618
-0.1284823283301222
10.464728642763447
-1.433859612667021
-6.644261438315894
-12.06699806921209
-13.324002801728412
-0.634458836625484
-12.399005161650308
-9.201670374279729
-12.835001957329368
-10.709498338481552
-15.191054404176754
4.350944498345385
-13.16803454444701
-7.4396551295658355
47.55854959329692
9.045945342651208
26.945310607517555
16.95353006401666
39.54991497163313
19.015931825103422
-10.465755617292302
-5.32935064684149
37.911229136105014
-4.512722259562622
19.526750729687564
3.6518079779079216
-7.9452776448478915
2.1376480403638567
19.553187533847762
-6.762401316468754
-13.582643644717024
8.245702049991621
12.209308764201921
-5.940413709996619
35.10638661821015
-1.4039938841364688
32.93586699121162
8.787078645723312
37.627625662311445
28.509160044510296
44.442019830450754
18.981121673799038
19.70349219786668
-12.390532870814013
6.337348280463118
-10.034222240010678
41.58340355890997
-4.266607953891537
29.084857470733397
1.425170147297635
13.658565139844612
-1.043244254417914
20.5416149711004
5.321912375584404
32.76689392396438
-3.263938190419367
39.3665958588553
-3.1096368896742774
45.58584774789471
-9.605549879442108
0.723259583361795
3.3110307902944953
35.37465429297396
-16.740372693520712
13.114712402597235
1.206650769371393
35.26926516328359
7.1005503492576025
37.636263180968456
-6.070530430205324
23.797347739764547
6.926872587219194
47.90150781666557
-8.556755361822724
36.08145018593678
2.3308924818316683
7.42389048830745
3.6884623677265296
20.562420593641676
0.6402690029552645
33.97036131574872
-4.543167239893819
-6.643837712010779
-1.3244609703215104
35.73199031105094
-13.245710650834823
1.0855538864062595
2.8575905762630214
-13.236842328670448
-14.584941943055483
-13.59691087285772
-11.681158232994449
-9.819216622020122e-05
-4.5408441284427425
-0.47163581611813754
-4.876190239507551
3.050214127332751
-7.719022730778889
0.2709075845193638
-16.021718024236108
-8.178693616976943
-6.7528305075228445
20.545889180299838
1.66998425098474
6.409688285410326
6.475304452855966
-5.303390013112747
8.768940825550132
-13.925230771675757
-12.25787143433324
-12.898457858187143
-10.254159760063843
-17.111731650619745
-2.2198110490393503
5.122081346348153
2.5366122791333225
13.039320612615214
7.305220888709201
-7.151762841960391
-11.06092854721443
-12.62781960310997
-14.70244845113396
-1.9920516948100726
-13.051014182526373
-9.655184461349478
-14.71077746279201
-15.595494579450872
-13.50315886939768
-15.095144839302748
-16.933914094965388
-0.04393381590764989
7.976872788948796
6.691215546984381
11.020618415981076
10.012238763857539
-2.5815146992963207
-15.279971452061034
-10.571906088546086
-17.297366638746695
-8.342167028795757
-4.759725438631548
-6.325730474664141
-14.6716244028311
-11.869977669599365
-8.369294163191995
-7.119101937645368
-11.487616135635534
-15.102471093832122
11.150100918419028
16.256789215571686
11.80893459758913
1.4323433868386672
12.082680729704293
1.7210794507795981
-0.7723311386902196
-2.6830100024625665
-2.310187521776811
-10.505057182752253
-15.137367689342739
24.229004622407103
11.114760583489158
2.2227947131040082
12.480289160661954
10.90723660284766
0.6599186675162656
-1.500594974180899
-2.753324346534029
4.754256009159789
8.661219303350364
-4.4220344094475905
-11.589396455414345
-5.071338521942678
0.04758645809383211
-4.461199836517082
-2.425542343250939
-15.231965524441549
-0.6582319547834743
4.056405552767714
10.47123236940709
8.85234961506923
0.18751560334115425
-2.519406099448048
-4.215929012080693
-6.36204579503908
-6.876862100167287
-0.8608271672737686
-0.5680799780817551
-0.14270297721043335
2.273426015839405
10.78294843876516
-4.285341568211891
7.383682871166954
-5.987192606133476
-1.1591579516842785
-8.621369874202173
-15.400233763365492
-10.060596392448105
-7.80415851323653
-4.694938026492579
-2.5386456407398583
-3.097954634474675
-4.512354141676454
-7.83818025659383
