Model: PCA
Dataset 14: pima.mat
Time taken: 0.0028810501098632812 seg.
Accuracy: 0.4962686567164179
@scores
182.63083919737934
178.72321240473005
264.50542573510984
205.90140457594467
520.8373161410042
196.33763065579313
204.61730324398027
390.56976356742246
468.9723747478641
448.6303874562216
219.9751246251035
258.4917980121967
377.2860103902294
652.4686565568688
216.3696478094262
354.63910704735275
281.16295577544156
200.0550173360592
266.52639608438153
123.601207146269
236.121778256094
246.84349233680595
290.7689475962611
205.27108776607662
296.1404932894631
210.6401341781142
220.24721764724984
203.90271540269777
341.5795095855696
198.7237201301571
219.4705109589758
226.92122362168817
206.16674120543303
274.5421033657384
217.5672891828059
218.003157636214
248.33841083477563
217.92977898533965
194.56048169826505
344.6392169356048
188.62503211950286
214.5667280223263
237.65655928506519
374.0729877743154
212.1867594161875
437.8617999034408
185.1340211153627
210.0993652523697
174.05495727919387
506.97708469985423
225.26936049155722
186.3577061155242
171.82785033630034
338.37077953377207
286.85561402945274
262.24097343707797
306.2576504993123
334.4391786649496
400.1583670690253
244.1787235328506
514.5991342963673
201.7767152809469
284.3138864100343
178.53979934801856
195.44781818926833
155.39359350242188
191.84603588462343
280.29363387483176
216.65267954552118
168.62684808514152
157.4467931216704
153.69330400681022
330.80271562407523
232.6753577707823
203.4547144306144
402.34328226378295
256.9127935547374
168.22547834025568
377.6713027795425
161.44685295257318
228.43331127052198
528.0275884974659
189.62972804443814
206.31971979243573
310.3643923312857
143.68986498940095
337.9401155722055
156.94394437685878
335.2384618417197
182.94977821786512
284.69217174548737
141.82967544293678
269.35468045480866
262.6401252449753
188.1757417124407
191.070144839227
188.89089349324485
263.34101424813895
190.88162894104346
317.06337847832816
276.7699467812399
229.20554016003243
270.14975523018643
201.51787875927198
241.2104338128338
192.7680339947305
338.69983668388886
139.12151993397748
180.3075184665476
206.9242243691147
202.10847705416407
377.51959505596517
202.58384112268897
220.02892093493955
194.29737463550762
272.16223739161495
176.34258446673087
234.63390815284265
162.33083617845375
202.24238462474318
349.0600818999967
179.342985461515
152.28792152930265
316.3452421482752
211.54727569319743
356.9346976848563
165.296966300243
175.43231110856033
164.04633098025283
290.55187319197296
183.353917217189
263.05069697150253
215.20312768392728
205.97000793662352
193.50813847864634
161.7527530119254
177.03082063644234
187.86437263372628
194.6376110126158
260.79821605918494
254.96083718996817
168.7832527481542
163.21113233855266
242.08942715232448
238.6816186262779
395.65534789994933
292.97974228200076
268.30482399416053
289.079198165779
210.70729947355187
239.82732422430223
192.566043873606
283.1555821135967
392.90849150576383
327.72760746359654
287.18070803416015
197.0522638846905
198.52784070402845
189.03142606313168
412.962024192304
181.17822066872847
210.91650570742814
285.8687972186345
164.93979878891957
207.32616538835873
163.33098206091572
154.99829025914028
161.58788171309635
162.48585010947983
160.03960335341122
207.02573531846025
130.1025240225365
348.4994363160522
253.01006524911773
171.87696033987902
238.29817030214338
212.52507234126642
473.16768174304735
249.21389613913087
217.41117447702902
252.65921906276444
167.28792496077193
381.33245087969806
238.4512158000152
182.76777756618188
238.1225023583082
436.8658184664206
290.2528573468444
192.2206763900243
171.9018017483292
235.95805975139564
207.0553853748576
197.53578016352134
445.6482576055172
236.20017812725737
230.5167992920867
238.4285764772209
179.07796347422908
197.5754140642073
247.75920165336416
202.8344447254375
215.58245157882016
164.08314566004222
199.81317512347363
234.64516378212784
154.5000981828831
340.740291426228
296.3235623784419
180.9154783234843
230.1537309180828
191.26392883179307
274.7313194562165
308.9018458136864
197.69417551180658
217.8333946888626
329.16222451324666
174.20884352927712
123.54015053729265
241.68441057891164
186.8786440025802
411.309910672875
315.0054437706759
363.60955436883614
265.0339994320582
178.7060338410315
215.10028978355209
221.7513415092276
197.36299237666134
739.9802183774203
243.1755499252626
240.08508725758637
333.9003351716917
213.36933967022298
161.3599007491511
198.22261906808143
237.887844953563
260.52133206763074
270.9559504628387
224.20699169547422
249.90485825166851
199.85827401634282
168.93534991434052
204.58937250478579
268.4018197150031
190.02508918423328
322.36676309819154
236.7602936754638
562.7908281339581
320.0132589332607
195.97405041263823
230.76836408553214
195.6169961632721
203.58332293756933
206.20880654312813
333.764271127724
169.39144729932565
147.056913793803
170.03370437030645
346.39462509461214
344.2214792559487
210.405404986405
348.72875589862264
157.52131893909595
250.778880714629
168.56570705000846
187.64779224662732
374.7119601692003
240.9224428668519
262.4865723378023
355.1722927769293
318.9022501662389
198.59822552190806
202.22359145214443
262.2696896816677
323.96531545425285
232.52963203671752
167.9964794456871
175.60993694756172
248.8627519362081
259.99035883682967
203.4083534421165
211.0839421837932
186.3029931799406
248.91183462490187
229.16475939504926
197.94901191025846
418.02790612709975
266.6858230819739
195.6630040886658
170.62209303227525
235.23527826911203
177.14294289566794
275.39093838974
243.02978620906717
332.17725079224476
159.0922699965726
276.71574794205725
206.9222802104423
323.713150412293
286.70651634896853
374.83373911494493
155.52884764154766
223.85420927033016
321.9792649099449
222.0508705090156
178.25239665616675
246.4698389727348
219.92444514991115
286.2846183798972
178.62498673375387
194.6855906221547
211.87460752910098
153.04026746866458
159.61199359664352
232.31173992502735
132.8178389415422
209.468191057656
222.05833829163004
187.23932302168186
334.1570681395026
177.0806675988766
154.1398613140691
151.60997960323854
305.7316362791639
188.11023054332153
215.82285774590844
154.540203314434
277.87711727530797
257.11722695674786
164.19004380303733
318.93568832911797
188.35131278260175
395.95451979949416
313.7841538535334
202.27515350632078
316.36392638395324
370.6688628508708
180.32395165928904
234.03759419476265
256.97243708068254
168.59632942095695
158.49451090433334
379.43080690105626
186.9729754051641
267.7991903546895
228.03625346858317
181.1223926851278
369.72689770716556
184.24415491577423
378.96520908129924
230.89689478282494
185.71757554671066
237.29914093314184
183.69609266447372
241.38187549889528
274.0025407810359
221.48318378065042
411.1157580455738
292.1403316694957
294.9889779930735
287.96995107472105
283.07475686931383
331.5619072134622
295.70791315199324
214.21611040779808
139.11303105243238
180.21563187335363
227.58176320731292
211.4395073229025
224.33354541404827
575.4300770180901
501.9363861249474
200.21877281824018
185.13583837926905
204.3077167197469
383.84115559688746
212.0353410582979
203.3770615821938
256.9095960748793
291.80288599746666
170.17117305359176
226.2102987210097
240.48382313104742
267.14763933663653
175.3462792985673
203.07375213434636
115.26245803945389
276.2428732397375
270.61899261265376
164.87384430559013
174.52889426401603
251.3894560525004
326.39238160622995
154.42668837758342
195.43199809788135
354.05698498566545
204.11742952089128
202.3274909851129
242.0398944944702
229.42931150589044
197.85663904377682
256.295933474218
169.15825766446187
235.9578902058539
218.3024702152049
201.2659925013925
181.17194287196634
236.87170245383953
330.6335414436238
468.25418712540295
200.33000841497034
169.2471553875865
313.5594165926808
178.8246857443404
198.49852919446928
381.3202375610326
231.05783354699437
148.7180300846565
261.5034039356763
148.34479354143997
249.48349874634482
178.04902611272576
233.5891604964988
146.6469627493331
236.50740478351057
276.2836429530421
512.1379630254921
213.65145807131373
257.9065807731596
201.05694326876795
386.9652294624682
141.7454082999929
201.90387587778713
202.7453463966359
247.79329463618916
376.7472565625352
274.38582729014763
176.43294436058056
251.14085017997945
209.7504143673221
272.10824823610466
175.40463274198328
148.76850192339174
227.3088022566518
124.11704107038958
655.1940265430574
170.4290001442535
222.41503473163107
183.9243145985083
155.51161285411763
227.3389849108593
181.9143535846046
231.9735961696541
462.35937543122634
169.68433057047207
323.8726800591339
274.29930029376897
170.671521923365
338.30485575089716
386.4431774582302
233.01046296367707
260.41040255618276
230.10959431891442
175.80329661154826
308.8172484316476
210.99910521401813
243.42047227338284
189.78244026019257
365.10713200258436
242.56836964041918
201.48012874176126
201.13623821592128
187.91026705011421
245.00522466069236
204.0434493997916
247.80959032073005
212.0180277377762
169.28560859112378
201.97798988422704
248.71485509879423
246.51473562804972
200.59761152917395
168.52144958458052
233.50243505882815
375.9327945869181
260.8172244478328
379.2760684675384
376.8583752054239
160.45132955262426
362.91575443005706
180.45498210274545
193.55100617160363
171.5625826668477
208.20747531641769
519.044755689001
311.4022822086458
187.05699646044627
176.9385155526455
302.8396460299051
197.81824915665715
195.37831969000888
184.03219616971813
386.66265690767455
166.60385080489323
185.22547755005263
280.0749319561366
226.03805200658462
182.46188127810603
228.02637595079972
300.54008963456806
284.2427091561144
243.92838072271445
306.5209726842117
213.7987139249616
191.4094391921488
156.14873891752828
265.1207292481141
239.512547611875
331.9172112481782
349.81086216294597
233.38633521734127
153.40326115654722
502.8474487749288
221.7525385893986
198.215843250783
211.3794735440789
234.15890791605415
181.61262082072506
191.89472781626557
203.93789954713174
153.17545244683322
252.32543111157685
266.7630755547769
355.6220147660178
275.96233546964766
350.1475888429361
240.9403020121793
372.18771214941535
231.0326177929565
248.97860841959397
245.36198453573707
145.1046274385506
292.0645223930774
224.16515023773098
168.89916283246455
278.6502760854837
318.39170521826844
157.01312748457778
225.98901163935528
279.83941419755695
181.89713905540373
169.3782791883647
308.11516885950044
175.6262510378878
176.80713471439316
214.27105141235666
196.42078272613446
273.5746936646252
305.3928752275209
275.60903928679545
240.36391295444287
306.5438488300808
192.09512497531912
144.0750207927974
216.59652487427743
196.01507175505873
186.58092779907406
208.5842431898487
135.9307923719999
173.45677574801095
211.39271349693166
256.6637388833283
148.24860895123413
185.85550834127312
286.8808433469507
221.28583677576472
201.45938694837514
231.73884753746944
240.46604902631563
507.60411054067686
265.0697179172751
175.79860994627356
324.931233969062
238.02154844657264
456.3408516660348
217.83800337820276
223.0266458582077
211.0190193370135
285.7946263859003
404.11888506683795
321.50219262878136
241.6883609990668
177.2522467099697
362.94138062161153
216.07403437066256
262.06287089626414
302.7172288840284
267.0359782033927
240.45189308651902
217.633277746812
183.5902817491827
375.32975177304445
180.76868505416343
217.60135661611207
377.7296100086671
165.75102255724198
363.64615655651585
210.9753578912231
275.8732400261005
223.34059136075638
170.4157276796123
188.84821061582224
312.31616732473776
179.3523204785806
252.05645722352136
201.9542598221816
234.0783172037867
257.92958432932073
296.11176155471634
368.9202990395215
214.48521373108372
354.4697243906803
373.6471542908524
229.5157480683522
213.98344084263726
222.32371534506512
232.43010995960128
209.87462973937232
205.0077077057761
204.36359885675444
193.51542424192374
207.52147978348512
201.60389418317675
217.891000334748
269.44979309412145
293.00806962205115
217.88845785974428
163.3786592091523
208.58045483774242
224.71722796731538
186.71141388953245
179.33628460521106
230.1408980580967
354.0182202241824
164.93739935863042
348.20710419768204
194.76585218395775
254.1411293339433
255.65006816859963
202.84277761483008
208.07771539512004
132.14540029305059
156.34930698930566
186.26061696195012
192.82296533865576
408.95830951467013
223.3329810321501
285.4152379598329
339.68932439218855
272.03776838893805
306.04021766485505
374.09207663677074
332.0660838264466
239.14647800767438
166.02013723629457
216.18729322935474
293.554373297737
224.79678415890044
188.47947969014163
223.235789613169
200.75070533236038
199.6034515296867
318.4904815565694
382.48222793273095
331.04146984120433
251.58202015087198
290.8109168306788
224.45129382478206
209.78376160926206
237.31762985222105
257.8848936703797
271.7485406205934
245.5075856322523
169.63172956606542
465.5871796014493
167.1088892573256
210.30636866909498
178.35821363899265
210.20581118832996
271.8045418624163
237.3344080654779
391.1853937522264
186.1977271733373
214.35029316730834
237.2118428099121
377.4836509711534
169.1345527181565
381.42501323822376
167.66747116076604
235.86214934303183
168.05559474592127
170.97087503795575
247.9668351147178
350.2283760774104
164.28709636974213
230.78461678140962
519.8916709774985
279.9163346701509
261.8286349975457
197.06394668197473
297.43540975920735
115.04286208750551
225.96768179381235
254.01307819031365
198.9896855895961
347.91035430425404
239.83028746220867
279.27679163728715
217.51990384251238
188.3378102606681
181.11334144210718
217.16710463115956
151.90130408983867
176.96840065542463
227.87786096885313
179.86818009396947
176.50451022437687
179.96326413099322
265.95996107382587
236.94247654814862
114.39064879284626
240.12709704170427
259.1397002674727
178.14383004072363
235.3876878979474
160.72791710825845
194.18555194422706
227.89218425052928
185.99730530418992
209.08246908968945
290.22550618282196
166.4273910713312
183.3401611033026
257.44744307884434
358.12992853000674
275.3308890216815
281.761492512544
290.0993908101935
218.49640626910139
250.75947712164063
250.26973525279539
182.94428253968596
162.13930246104022
447.7531730460387
191.39970670827188
227.16281143153725
195.3229161502646
228.98307683850868
212.9793085916707
353.2345687191936
190.83857962315193
254.47113312433518
271.2001425793959
343.79464011779646
133.61919390564276
143.1379488158134
192.90448641405368
181.94285591825678
