Model: PCA
Dataset 21: wbc.mat
Time taken: 0.0043904781341552734 seg.
Accuracy: 0.5714285714285714
@scores
879000.8442385828
947710.8750650358
1259337.909856175
1348602.3012254008
1531864.0073565873
796370.3197629105
923259.0726438855
1029568.119535714
1055581.9230669378
850337.821129449
942727.6119281322
1226286.8547182998
1741171.342165291
1981207.1856772231
1717389.8242433881
1815480.6404791283
1316842.6191957023
924711.791378434
4299149.176398426
905704.8048710652
3061693.763338658
619282.528201282
1651964.270898992
498767.99309532734
1056674.6880327798
1631973.5270431067
780903.8336230834
716176.4551609461
1597584.0865651297
1006537.1177188517
1359765.0489690383
693004.0063060285
859268.4209625422
1474279.9280668977
884497.9398618572
2139392.1690711114
1093727.2919481834
1045074.8517741034
1013300.0207817206
1019553.9765862335
1008615.7649316366
1013870.4739536336
1318922.4502687505
1297512.4734235236
2970942.1655264543
1345231.0154787004
1619422.131131818
714272.5246129495
2215943.306411095
1149816.8696403648
1180836.3511273463
1137362.6313921425
1038277.9096999784
1718787.6162712001
961027.2828014262
1316951.9016304521
1301268.5589737573
847240.301208125
1255350.8577099552
1623084.5526697084
789252.5845815467
807106.4310329612
1152469.0864419066
1515379.944045492
1499702.819389243
1118899.4736433742
1135472.3072844367
1299152.5907331286
2633615.7602579845
5906193.920025883
1067857.087878378
1001692.241565898
641525.7033306046
1851974.956536771
984998.0029419399
1282899.5787620652
1157859.6110113503
895181.6634557082
1296694.533773942
1478523.9314729006
1047417.3868799412
931723.6735764197
1465489.111180426
1510767.5662835091
1704231.8553431279
2751504.8549772757
1782552.038589276
1281005.6836510259
1208484.8098171712
1443737.21548919
771934.1178150957
1114813.4109043297
886361.5061338609
1705565.4827024117
2724101.6163074495
814314.8667059334
656688.5831920988
656160.6931778365
1151407.942799178
1539251.6127892581
1520495.894111554
703725.602032248
1026310.4085442863
1148600.61350666
1098706.2235144174
949890.9493562967
1036466.6682678036
804464.7336682968
1403105.862597428
1121916.744085461
1285435.7672370886
1056838.366317115
1564873.3581009414
1837439.3687963916
1317093.914352633
976027.1860501406
1646528.5948910147
815237.1813271565
1328498.616365491
2095107.8022282268
1119725.984339738
1547088.494265216
1056364.4106833565
2070296.2279888252
1190723.8682100824
662415.4398423604
806116.2639783635
1055300.1834794888
931796.1558019803
892441.4112905302
1212896.2210911638
1652668.387891123
948357.760698445
1336824.290228785
1804915.3747732625
1234121.692791761
1210002.5383117623
899278.0147487059
1347039.8124638558
1197374.1498025802
1166449.6556295184
1097986.9337626803
1410334.9399744817
2391344.9848119915
1101315.1453393023
3387523.24611355
1072380.5935946167
871859.7099373497
791244.4839530124
973957.4339940781
1065225.4488039867
1468007.5444068913
1308924.6589007736
1259074.5532267583
699504.1759796715
1142918.7657307931
779448.9970534572
1268045.945683153
1201661.6001389609
1689664.5375805262
1615287.9976453807
1380099.1097885065
1031590.8726936138
1378915.3318029237
732213.9950075296
1359390.5212053498
2837455.570228871
1504853.0949893394
1377836.2305522333
2621781.3828317835
1543674.97724963
1237130.132424458
958806.0367113538
771722.4803306409
745562.725622678
1166482.01204884
1299466.0746700456
977042.5305187532
1561793.1998768216
1143524.6831333933
1017186.1585705434
1041514.6722942145
987907.0192447291
1155515.8465836616
1288820.2644942994
944551.0596962302
918750.7414175224
1734469.215891649
825216.1409592966
1171915.7442618671
965443.240550534
1250699.8540910329
1118424.5163516034
1299801.3391374075
1098750.9577486194
1114912.2327906643
1009007.7277078386
1553073.221832506
1174087.4146992012
1464108.2929468902
806517.7771788877
560571.5996936152
1428039.9456990003
1008866.1481042819
658896.0289378222
1287917.38099194
1024050.331564348
1453647.7413160736
2834111.6040394558
1408782.8870120458
1052766.931203963
1255803.5935486373
966420.1208921222
1488305.902269892
1036839.4455099448
969674.1312184134
815609.2724563866
1292916.0871889917
1781837.2580153772
1139491.9802322008
1887052.3570452742
673150.2915763723
1026798.9733736329
988487.656370258
960567.1743812589
1118946.3953112466
634513.7096678204
1008040.3365534417
961395.7627541528
880996.3089926172
1156276.9310903917
848165.8007989929
1367995.4469278823
1177596.9256572505
863172.7388281733
1078655.0035617978
851107.2433224067
1464239.5434044218
1255095.2278460818
745458.0900681507
1722564.2082534612
904072.37401361
1008403.708716247
649376.1689495705
1964348.5769606768
839757.4956135238
990746.8473949004
1906644.2898298716
1381948.3041566797
959625.401975603
871290.1027581284
1226376.2808367237
1134640.5028898814
924742.4540913804
994102.2860445151
749145.0431551838
811955.4560832687
975004.0078996219
1181777.195628176
1349040.4482849461
1295035.5037658943
1570231.4462080407
864228.8845691375
1108467.1759252676
1114024.003059242
1514626.9362004432
1168509.28143429
1064871.711702561
942459.1198468874
1517248.1231738466
1359461.0547619911
1138926.050136119
1179826.6630329143
1565897.108334881
1360709.8234006
817335.7115901371
1050151.6990992797
1984829.4684006441
989840.0118225191
1221169.709867864
1629182.6658517146
1079807.7246726796
1591571.2211347339
1302935.8113278295
2145020.541992823
1255059.2141446555
884672.2286822591
1101734.0144230206
1263794.1492969678
753779.4375095031
800322.2663166797
1111993.7507380382
1112871.6080237392
849995.2326819104
1685882.7157555632
2273187.9363999856
1205767.0617501272
766730.1321988909
965119.677451742
2276378.056551774
1302881.087869528
885284.6884413825
1074046.2236000416
1192342.1952043427
857200.2520818606
1285031.5709427614
945190.129519906
3039989.5999140954
3114868.362881443
1002098.1676378701
1604369.0302393134
1464725.115364493
1104589.6190687327
1196369.2034399882
1139878.1476753706
813657.0201321284
1228976.921411688
844055.8131500874
2192517.308398485
1229259.3441344313
746659.7615213839
1060149.1068904935
1588312.4035869741
1208540.9625633706
1160340.3395372038
1903872.778307408
930281.8051166304
857679.4465226001
934554.4391934646
1054523.8883120536
989943.1592255333
1737171.9168034648
2012362.179240078
2276515.7525692685
1034400.6738150881
1443772.6601913401
1187801.7123186856
1246407.53858783
724331.0515063432
791475.3938757228
1149745.867104623
1102921.8739475524
1070894.3873928252
1243462.9312400527
1457030.842504525
967945.32003825
1314405.0707721398
1488641.3279388482
1188780.1332137478
1471011.935642077
1344753.6537087515
2049535.0656793881
1354271.4121571477
1490294.148682157
1158979.7787726917
2453900.105713022
2056680.2974634229
1591665.8871624903
5102333.934436994
1740721.6573302783
3138234.002907645
3008837.593276442
4187737.1941789966
2375799.56849847
5799090.782636998
1370774.7144295042
3774711.335382442
2623512.171316754
4471648.33977085
1355547.4882395319
2782944.0437930725
1776480.49467299
3824535.8526630504
2761418.4174678475
1591665.8871624903
6890205.764504284
5518789.907321492
2128247.5392071977
