Model: PCA
Dataset 11: musk.mat
Time taken: 0.1439838409423828 seg.
Accuracy: 0.9896907216494846
@scores
202733706.88356915
198555279.01894408
191181769.56888986
198896762.59251127
198907670.6393062
191461995.21040592
189776593.97365642
199559816.47268003
199556328.39147788
189769313.71384344
199561133.14689472
202285550.67739514
202355703.28673714
202365212.83277795
195079465.25573847
198204876.95879123
198126306.7300177
195123341.9856463
195142650.48777595
242013977.2093486
238079352.34546104
221432506.22824475
221157028.6136744
234227217.15513104
233953727.60417762
235467288.4934384
220368497.87995923
235553814.5469534
220469338.49590865
235419830.65119338
242018435.22205362
251424251.45802522
308916938.13721967
251423283.0880571
304572023.490673
248520112.1661946
304998115.82218975
230186509.713394
230188125.04761928
202442477.55803785
202438789.57388908
267343579.89546975
202456060.0818425
230100849.37850332
202084322.69876423
202031994.8054082
230128527.4789596
229856502.91302454
201969215.06355083
198807107.8455919
198936267.58621517
206305276.5425114
267893357.3525321
206119458.2371867
206374161.9939947
216350382.1567591
217083283.3513475
216410356.44792965
217040866.07539928
209466910.883657
213370691.8531064
209469042.2143432
213409056.17374963
267837995.80846217
215027983.1390045
198517928.13353646
198490045.03341708
233159458.47393772
198570058.368284
198061825.86107594
198152505.8592433
198105396.40463814
207134716.86923802
207008209.88890275
242139041.3482924
199764017.52919665
195160297.3775956
235617585.2565486
235392100.25054628
195147492.69797945
212652719.95738807
220251750.459976
212682680.58134282
220264094.53572705
220198744.93006298
261622871.4404232
214081309.6395694
213990684.90475717
206874343.4040962
206991523.57311654
206935689.5514026
204621513.39841425
253962330.20672098
253980334.8654267
254196683.29262322
238147730.8370995
238084118.58543557
136492901.37354606
145709572.97056937
135813981.71085495
144705940.1774301
144792451.90298137
143758577.49436337
144695933.47470576
133361406.01221679
144211254.5384286
143165848.11308354
140546246.3916219
155806880.19524243
147294860.27593967
145458992.41900572
128417228.57577735
147286629.2153862
149012369.81588376
148165347.570048
145731591.67771164
148130213.20382816
147241838.73361772
126033757.8656262
154318525.61614698
144152310.91070217
159603077.9960035
148646727.54165542
143884635.888005
140785841.06619978
146965885.59926587
151632844.35668802
134743599.14867473
130985304.89456107
149922915.63850176
143101057.9177116
147249200.61099064
157571804.434018
131652451.61558485
161991943.45021737
143775081.62068823
132821259.29465921
150742029.4719022
132801194.0199951
136588660.72716057
159635284.0584543
141646382.4293587
136782786.82718804
136656829.43287802
140454490.99429172
143285627.46756914
143533488.70266393
141553874.40015438
137136613.70691437
138222055.87910044
132874628.01727968
136570135.3368219
142168144.72476482
144191066.82496312
141091638.6796588
147116483.8632447
139914546.67499012
143041373.23944095
156946089.51503733
147108509.77322325
135463730.1031283
140474275.44485453
137128233.2587261
139856894.6168042
133971434.84965664
138655361.00630507
135839959.30920407
147925803.82575423
160847659.89425346
136230939.04768467
149874429.80042893
127688697.32298052
142615123.88157544
141551917.9367557
137670212.51963946
133234425.03497219
142622030.21724918
147916175.3105422
140129478.46468297
140260939.04952943
171225814.89459264
148154950.16442147
148909805.72309268
141847315.922973
125990380.43783696
122732016.56323183
150144338.95306888
144353862.98990187
150339393.36478758
145274300.88119438
138180917.02521774
144337549.04842818
153446062.68464085
154131780.22683775
153868634.2367681
158227999.08274457
156260551.97450346
128092697.14007765
155468162.95451412
119814407.60678257
156666916.2337196
158252071.0228062
119242473.28724262
134381085.22429484
134953512.2781726
133035624.07564087
129711311.61420673
135239269.55417344
134617755.31487128
149220975.10691157
158737379.76710021
160875376.62151703
123757988.88882676
127751165.61438082
126140150.14698195
145040538.6139037
144380886.08891058
159373267.83431652
165874615.9788299
145988881.54247266
158991941.02465695
145584979.52690133
147994368.88328364
163158574.58000025
148717558.87113023
139755586.54721603
149973293.5504214
151566126.24796197
131822601.78258179
156979157.0346968
140797519.72999927
158486976.10630274
150665810.5929182
152879930.3167026
152334812.68444458
151868131.96928912
156174478.37509584
162852273.26402417
161526665.73479012
145507711.7677138
152455526.94261357
142414577.17809245
164969580.3113471
142791819.13802955
135114989.13113996
163338319.95228323
151935259.08792493
151704055.0604593
151027803.70014575
144493859.40677023
145957645.06584325
143519888.47450733
150075395.98399025
133563313.8063156
140694122.2652495
154401575.1941859
140931754.34409013
145421111.33915007
160207363.8175425
139833638.33773607
156509696.79698107
143210721.62370673
146442861.50650787
146418778.61894253
139392908.2313815
135169108.8862879
140160056.1624402
155193872.7408701
137736295.6644226
148939200.31476822
158992165.85335347
148154539.32705078
143658593.9526037
142069436.06209627
157187147.13834468
139819494.70249444
173448793.5715991
173946281.30341658
150237120.1026249
174037821.24621513
159194208.26265034
147770993.52892917
167911682.58032146
144462664.98291743
144032395.71556008
152114557.67196843
130975253.44226657
125277445.74645978
130074754.78453425
132164764.99874733
137920391.64165196
136282291.00299188
134244673.51840702
140524789.14357695
143598950.40063125
130900690.15209629
144710939.42295966
128810780.95203854
130198219.68290414
137609428.8691389
139715793.0116336
137555576.50373554
135634633.4781191
137948288.28695762
132428876.93553409
141055080.57634205
132817782.82249823
140268791.03721473
140209412.78618976
142529345.77034625
138015978.74139974
141390487.5028139
138396218.04391137
143387843.53914988
133742488.33332476
129674171.58267106
139767158.97851485
150191089.57833004
142428577.17796233
146837016.88485909
151177604.610287
161067877.0663799
151182931.29585353
158611285.90850833
144605630.6459042
151884021.72164753
145843931.76225543
127579567.07016806
141842027.66632533
151050725.44130087
147822284.37344855
127286767.62639326
150206657.04693592
152580114.87361124
132557295.46497352
131208066.50323185
162795780.18400645
142608826.862695
145674992.65112814
146239375.65507996
135680449.22071692
145096383.56060803
142580110.04549488
146733999.5288317
133386684.29403168
145756302.15657967
134352774.46580493
150151170.2402981
154541640.21744102
154797612.47295278
149154651.6565144
133916288.97615752
152348017.3391683
153343008.46762422
138052187.25134224
138868825.35359144
140025378.50695518
135316819.63917935
147720578.4192206
142507353.58056083
148539254.85315374
148787646.78468645
154589130.633126
127477329.21212634
144708415.05262193
159498056.29424137
156811088.54487377
135305790.22987264
155740312.67509532
148472948.92518774
127127399.74412937
152691685.84071758
148357921.63958406
135579354.5644906
153046263.18596682
151630526.99547306
152588084.22917706
150990556.53751504
154106352.41988885
132409295.75569479
155625012.62389883
153142888.12671575
140072610.99206185
148043526.31314945
159064505.5555044
131094417.29948816
139215185.35338956
152335439.51452348
153072453.14948478
135564815.16169015
146026253.52285424
142868070.9416158
156251901.9465371
141127091.14101294
149328653.49698398
137268193.4614133
140295193.1738639
152461613.77085385
165911077.23315993
163498521.63986093
151810636.36484396
155681995.71099484
152173733.7245518
145535992.24510914
151746928.32136658
150816152.16973543
138890277.1534929
139011282.08336794
154654064.22320133
144888945.0284438
155769371.36804047
136324305.69394177
150627356.27128592
153761900.2927737
143449208.50252885
136647342.07455286
154462771.60232198
149329099.6135168
159328140.37413153
133719420.95378365
158894667.05968788
164762181.25748298
147538367.0176208
162741423.11693588
140691243.61626562
151538565.9064692
158702762.6780192
139278591.33011425
147982032.80672252
158067810.30237827
138008499.99148834
161904633.99372044
146016179.3435753
144469911.33063224
142772126.16727832
143841941.96337324
137793432.54992887
142485116.94517735
141064328.00048298
147328950.6000688
146616216.31443205
139723665.2651954
144955766.76260957
162330888.49814397
161568012.18928814
150603918.5135187
159770534.86210993
163802661.68940574
136680818.14868984
156770671.53164393
150369225.08389947
153243472.9596338
172433970.90319964
161960774.6039925
157567666.64175123
155718318.21739617
155581732.84170517
148532746.42814258
136629954.11115554
153067575.87011212
154539722.6687449
152921671.3705815
141534764.67739314
153700604.94555685
149175445.82327214
150346353.90679964
150631406.01222798
144524056.35364032
140086260.15119672
144627368.6511977
154192148.6047936
147981969.50286916
145298498.46131676
142366636.31338271
147728792.33473647
146855811.2435975
189445121.9692759
162145639.4871791
135777367.9137523
159131033.84632292
139379046.33335698
136387525.22246322
152314643.83310798
154411985.40584663
157756624.7327994
158973336.32807437
156533439.12712693
125069551.22196798
140440868.49214607
139784210.69058326
146115962.65839362
156219750.8655197
158245242.55337003
153176422.52422765
149956965.32036027
127337153.34937423
143307632.36174232
141716960.4979147
156156858.20434138
160607336.36869237
152639187.1704454
166467862.35673416
159131909.59131697
190567427.57119375
154056126.4920394
157611018.34014803
157408779.8985385
157902455.34316748
157353620.16498873
147681259.38903078
147732945.74270752
162993309.30848488
164339086.804517
163671626.8328238
166796702.05567268
159539662.03018513
151673852.77055064
151051685.72785407
145406893.12312934
145720089.77300772
164548072.63246757
163123485.07950145
163874126.70107695
154163342.36977643
166886405.61502153
149404994.22962248
144965651.3562841
152887341.51099783
149223852.72982445
150989469.81797153
182323936.45353037
158488201.3414468
168094505.35475883
162188142.60135728
142168888.19468516
157253287.91007778
141934302.3999216
155898756.503929
157688497.62857985
147011008.25339344
144960800.70303208
150613181.7467878
153613932.2236218
149557536.4391541
167023487.77301118
142223767.59566835
152000536.45043242
151106011.41596028
154544534.55032378
148411263.79890162
152833126.00462362
153273088.4434468
157096325.50204605
162673113.0510548
155015079.942312
161204100.5368681
140570801.86019176
154120024.92004955
153403559.41155878
147873953.1549158
165763602.55875137
148299693.3541826
162938639.110604
155727503.40236598
146393514.45392448
164538582.80530328
145496675.1363348
147152064.12401372
161463279.40242127
168116332.0133477
166257956.49268317
179649817.84061202
166209975.77957752
160675484.29673433
160877600.23394352
154889565.46336403
154254204.35739785
154458232.0423469
146368324.06646028
152687449.41735056
158430781.33573112
153337196.42341954
164390998.85513234
164004526.18632963
153481859.73970294
152760576.4567348
151638772.8411824
155817124.49148944
185004975.3961378
146246489.65642747
176562361.3077011
156621851.3036162
156827466.5614708
166725685.53366557
165646653.4429212
141023879.01198697
144075094.126614
159061988.4169486
158345193.91692793
158942647.64560884
145620848.3896797
159881039.88018343
175838279.46096253
146527089.2347189
157762294.18107688
163793267.782736
157726765.41944072
148874366.94264358
143746032.83784708
155478054.56313258
154033518.40499172
138288546.94169277
147998806.68278432
141041410.57196888
132240055.86518376
148756598.91747817
151638594.33178076
156147143.18941867
155724456.11600077
147879403.05954182
154819793.3577384
149064960.64747858
138692954.32357457
141671074.42393804
143519189.95592886
145316889.6310069
141272511.4405911
155501254.53497034
159868373.41588995
152837618.87898964
148845193.36811787
151326847.13118193
156118168.688939
156824561.2916504
138596564.52138135
145452759.87446314
139218295.05683705
141644226.71385735
147860206.01087916
152953779.22697657
130943624.82983951
153179784.62192607
145472028.44851604
135035957.5265037
152974194.84271404
143902662.5069861
136008830.14088544
155687041.42473504
141974932.34440142
146561200.65476772
139626761.30207738
142885789.3677592
138562988.7509638
144108634.3450009
140369841.50262132
140163344.86367205
145018078.8378185
154158075.03555152
158696919.3822221
155159669.83400708
143122115.97077718
156519851.58048236
155706342.7060885
140518433.33737883
153864202.57367933
144511803.05686995
143076385.31289852
140785101.07673866
149440673.26065347
135240610.1511764
152422830.22765547
158351355.66643292
136122233.3399557
144791115.35332593
145586567.1045981
150213075.75592366
139119426.89178455
149532157.4405129
147089327.49395472
148492916.35574424
147147851.8560447
157271104.44493738
138967435.26066202
140707264.2504437
160852411.4981053
139736597.1413962
137763241.27347907
140869654.25181958
143008412.48300496
144848511.14593413
130256798.47832824
132218515.86040343
148056689.02250576
146919126.85142085
152384681.661977
149558711.3868995
138353608.61519697
152145383.73280004
151442980.75187963
152246889.95801258
146362143.08031917
146715635.69927034
148871539.10579398
120158532.38360739
136233966.07492036
136758600.26444608
145098213.94447
141851032.3414745
143233331.39119312
124193031.653532
140518692.2706882
146033768.36125457
158950794.23666084
156711233.2402969
126156051.43439808
141916993.06040698
126293052.23433417
129170337.88477513
136368800.39668727
144403783.76842108
136173975.59626797
152234646.56615335
140978336.4885616
146600256.58707017
167264041.58350343
150908437.4335465
151329488.19254887
149276563.99877825
153711288.85223946
140821219.10220847
132942808.05202919
144087610.88044697
143661177.89145675
141881482.1455623
155564140.3964381
155476970.49769434
138563661.82046342
152312812.19127768
150654529.50333133
157211654.46855468
151604892.10914654
155770568.7058078
154264503.5962363
153527365.3900559
158938057.11308554
161177469.3376063
144630899.55832332
145336025.2741469
148375173.16511554
144120113.91458648
160698603.173239
145507914.17876574
139030300.36504832
163235211.8086794
149933356.85909042
145146929.06236643
149635723.37291357
151081253.14862025
147096340.68489143
155476743.35114074
148237576.53204715
156717921.85577384
139729287.4856382
154535916.61840597
147690743.1173999
150553526.48373654
153539148.1225206
153501407.81710032
155127373.1989423
138111635.48875496
151562987.34323502
147414278.11713672
149789150.5854308
142696409.30153927
153780983.14965153
152539427.32054374
154027648.90138578
144177062.70661741
149289974.76457143
153829201.55880073
139437116.9435294
151969487.21151572
144289357.5782562
156468778.28457406
146572830.9253981
167640527.37799597
157324754.85981277
160498584.6180113
157472746.70781693
156264211.49732158
151333236.23046854
144773653.6632791
150478820.51464665
156744148.05620533
132929922.6443323
133273723.86985147
142189440.8346915
145179620.31150177
145437990.56584373
148748580.27391592
149476421.69022393
133470151.09594776
149360521.3918435
133562553.19167872
149837055.29973707
144717623.82819816
143984894.435946
137307421.7724628
148085746.58807933
141733490.91114765
138197140.38098985
132923353.54600766
133713326.0196992
149269543.08852443
148306395.8542501
138882921.5940433
152832132.28829727
152185567.65934628
151260237.67472497
135615036.8439061
141630808.10929072
136662102.18011713
139878047.24315557
138144919.1334814
138953888.58626166
148163007.95758757
158667522.1730356
152420457.6027205
133118342.81566717
149001713.1389715
125255235.0749724
133234018.75017531
125472004.88763605
133343265.34124222
133357228.0909784
131088495.37680697
142877378.34931874
131851217.80500042
137295579.9823983
161124161.9416606
138062164.06318748
155073842.3557205
137262653.5323857
151944927.99754092
169339429.39074132
139313971.3828939
118313329.46860273
148099749.4660063
125482466.78020856
122294717.23400599
141131614.31301463
130197961.23917243
134312477.47386488
140596762.8998383
139137172.0017718
139684467.81587785
134148485.99004757
137734809.56451392
147546637.25348434
132435605.60474837
138863843.37741995
138158738.18155998
142274765.29719192
141269730.13791224
140471676.6291984
143193163.4226311
150054246.01485187
126616235.97429551
161329077.51526222
150547333.90966338
153094322.40885538
143504524.6232877
139827260.3137757
156574370.4628432
144805196.93031052
133525602.02849883
126696761.09929323
140857277.5683907
132183136.6037172
150859107.16546637
147927996.85082301
137898101.4845263
129595950.41750804
130946084.90694784
136414582.8092636
134970877.99764943
143680140.6428074
157883227.54150364
153387808.4222358
145115532.07692817
149820618.98761004
147057778.0811235
132952551.36369117
145511421.6507368
153163230.61227128
135168547.28273374
147867069.25549683
132959599.0341385
124981130.66680095
130157408.82390288
162277400.6879341
158957008.38988107
147609851.45017257
124483695.56257984
135081629.32704127
156121488.4299316
139163448.10694525
133270583.7297128
134242921.88218498
157561749.93437847
133888141.0353963
149205161.66073373
139587363.11792728
152303594.65648457
143110508.28866583
152736636.0708189
136469398.98781368
137104974.363543
142413177.8155037
144309420.2020823
121152463.06029327
141675683.95541388
137208399.8629575
139001314.64776197
149055235.75182456
128745309.64843236
137759342.49229077
146802662.93352267
146798934.30712253
131482642.432573
142555959.3211824
140620204.0390153
148869190.07756302
137865594.70702758
145362237.8264272
141434089.6404936
150401991.31433836
136220232.23327634
147396648.0800786
141599781.0785264
149193008.8832386
151429882.24960184
147115180.78653052
155263994.77175534
149555590.20223534
155972513.11355978
140022507.03242013
150364528.62303793
145042215.67927507
158519443.4601851
143730340.57155854
135826148.86773244
136733742.3643478
135061236.79251224
155085955.26297328
134196280.90189809
160152270.37760988
145657911.36375672
149534397.7391919
145467565.2123488
135927004.8329057
160143202.96803066
152926408.42094815
157491313.06230706
141231916.77696815
130619731.4773315
158720305.28705403
122981420.96793939
157072178.98841643
152681810.03938404
162395540.06321105
155845965.75471795
148902984.01478907
141937386.6405278
140781695.10727173
150909451.26451617
141787811.93873557
144356660.33281496
150700260.42047235
153576156.8858525
153563121.917547
121349729.72930409
146950791.41994914
137001142.37863255
124904210.24825302
125489249.14556213
130651175.78170651
137737680.13901216
138292585.70638832
130264132.82248875
135661791.91548595
153618268.9413089
137777704.63553882
140899171.7557688
142164542.40657738
159377010.69591728
142675542.45024708
149707849.12222996
145112350.4163123
136041910.8641081
153518834.55398107
148523918.97811404
149427124.25624737
161882121.865736
164473871.20691723
166113266.39145592
132794859.49827112
135929207.09123778
135526610.94616842
157972168.78239086
158940688.30403206
144257719.66788045
139238511.36675805
152526437.79308406
144130418.85089114
143014080.78274938
161073456.68416792
162982716.9279966
156324225.87133312
157302557.57661515
143722961.93863183
143480603.71654186
162765523.64334288
164893132.72539526
151117455.8182456
161499683.27085176
163653731.71141672
149424588.4558852
167896555.15207285
155473342.33042932
142212677.34172788
150014227.5195709
152018797.7215148
155833766.38865647
150793947.80758166
159506363.63070026
151757386.73794267
153552138.5769146
155139446.63955662
159526437.1933799
154026561.6042846
143580913.9788411
159858799.27201718
153791447.92954114
155895382.05357394
155008835.49053252
148684806.34492648
158269001.23482335
156531587.977727
155580942.22754735
159962552.3260726
145678848.74877563
141614118.53107837
158054270.5729645
146753361.30664665
159581104.2208049
158854185.73035467
146122132.359873
162019787.3716682
148032776.61448756
160110107.10496062
162646677.1328909
157999481.3609299
145209441.2823439
158270266.8289676
160369608.78044507
161525350.91892207
151542112.9616216
155947362.8405964
154146315.21703002
152140279.30346894
153278215.2361635
153629266.32343683
161374489.94556668
149949921.2066858
164358406.05092335
152054578.88418797
156479617.2938121
155568721.35279194
154407998.32763186
161164470.5701978
155349226.6947011
157736016.67896512
163415326.89640084
157494326.2934361
145499829.40886912
166214730.86109343
129711295.18786444
147346605.88086125
157244299.91530624
159690480.36020046
156702994.14803338
170508462.1293626
157413391.85369372
139561343.3871283
164390352.03238416
149274041.69969052
158080038.77271312
157181846.13765797
136393603.2048512
118009941.20568371
149220025.6671682
152698236.14005598
125267499.3277622
141473692.60823306
143286640.9660114
149045258.9754713
128305588.85075818
136427318.8804667
121378409.76738496
118321563.45318982
125815667.92796302
133035504.5333061
118857497.44845738
117920851.95205498
107936025.2759181
107655399.31779607
121847264.83424374
113482202.69136454
131667075.94465263
104062005.5037092
113872218.23970608
113371849.91027516
124983418.05203581
110158179.19819291
111887220.18977398
108626799.53106666
122623948.2421701
109215173.44842824
128507776.97169523
124647724.07746257
111477644.48225006
113418922.40293024
114796762.60779265
128006236.18135701
125757314.67432803
120575378.93110706
118406437.42718013
113047929.56976783
118623421.76379555
116893789.64347018
107551131.64196959
150232084.72816393
123629040.54829298
125070136.73715836
132809009.46406062
123027454.75923909
129389894.55819808
134747998.9595446
141147657.8555077
142609725.4868656
120470535.63884003
128711645.75436287
138155555.8215184
122647650.56422585
137115471.07083866
125717363.75622831
108362056.1949014
136168916.35415673
107906230.26801184
108461676.98602381
113680163.02418834
113588438.05887116
111172220.94312732
114017573.384399
136689332.91598937
109235687.18440515
120847421.95938584
130546177.18842526
123799026.0454951
129259320.0416455
114810205.37270246
116228417.83960457
124442239.24509716
124630447.52974223
118738074.83035858
110680985.37609455
117378903.79608943
131465193.27539006
130752279.87380905
139614723.19434524
127747202.63017966
131505531.77593441
127223456.20634696
107183213.44529746
116594036.05572
146670846.24052635
111938826.54050004
120602218.81636354
139579942.26944813
146887248.8155845
104826782.79183047
115030910.61436395
139162943.36717245
120679611.5776973
97092029.97787362
137059326.2175239
115830418.80273078
102435424.23430708
121693427.15790091
99456336.46116966
122831453.51715374
127145803.70660602
117085195.24522702
135560240.45389992
135278223.30793566
107827752.51850833
110910321.05334345
122569621.48302194
112445344.0757494
109809871.19225818
129054161.51093687
107852303.4448958
115452691.86000879
134051819.05986163
121238554.2603173
114892113.18412383
109976917.28983271
114644472.65068342
112417788.81068431
103520764.29234491
119392733.66780801
114302489.18041185
100524833.36855683
110748522.01275568
109198984.43700932
113722508.73192367
115492051.1962903
105606107.85658313
112477554.94447799
107162025.01577748
96930782.3153747
124219998.8119652
98835758.20998815
115926230.44346581
103596260.6485908
110492782.40014014
96139752.23830032
166176645.3774083
117874591.08633834
104764764.79583079
117674833.29569131
102926949.6173999
111753544.07666339
120297957.97113265
117334347.71775664
106733059.49632807
158249291.0695103
110156620.17371546
105600613.7958826
116383442.23644349
124239452.8228602
116736768.91433561
116355656.88699633
111028096.64798683
110713756.7402234
112319083.49326064
107118722.58262996
112958149.25911771
111089306.99587353
101805240.95818944
106551538.38414817
123763211.94013946
118158297.64851338
126344303.31564032
126182426.7976007
109177456.1119336
137566997.4675341
116917096.7355481
120395432.39807571
121673116.40555711
117098835.84746498
117287305.94456024
122339223.41669099
117626037.65012537
122630771.28696871
115820861.54205585
119802111.85589297
108019539.78786628
101050197.10521783
120660982.13262331
125584518.21728382
123158165.24505022
121894940.4028031
107475024.97396809
101088920.748394
119313783.11056012
118810691.20647903
97097635.34628402
122121614.98135972
107016537.81304614
101696988.64014123
108156386.81653468
112641358.07054922
107433596.6867819
114789266.46786913
101270688.33227208
112547710.6019822
107921566.16534486
113105028.44000088
103776393.47236174
107868150.98770647
109830665.23298888
103654468.34268095
119335915.46579589
120662933.56886166
112966919.54230483
117606230.34067176
115258219.10722113
98739393.7442505
116077194.27592576
121758334.54437684
101436795.75716044
105519865.06356798
106840631.69096972
108210575.04893126
106905341.48910359
111426443.32432972
110043680.75370061
123595244.01736791
123548847.79149479
129970860.66183826
110569479.77988458
127178678.39959702
109111951.5410403
119085694.83135389
115185969.97522718
121331406.5216381
124496122.09171055
132118526.61092168
108546428.07493086
112508766.4538103
112717851.10476466
108290418.86903268
110103433.10514611
110357683.53667271
124986404.74800864
120324669.29721577
106167272.06625822
119308943.95499487
121335610.91495286
104142426.27536432
126420157.8600343
129214888.18373683
138279327.02304277
118241281.98214854
134826573.87323368
120793315.97375223
100926899.16922492
124621328.72452943
129574872.38898894
120586023.5914614
106185641.33555521
137614244.86488602
102167316.49330747
123525645.81181622
116314734.00570865
140227063.57412133
132432162.34406996
140759880.92644852
106673529.69492966
120165789.8492201
123615440.07743229
123469931.62330537
103577719.7045024
109564997.26688911
123026059.41200049
152136418.8209733
114876191.73002106
113106172.12649353
99946569.68093276
137771663.43298393
139586681.34488067
120011407.31429517
136621162.89410406
108289249.80545542
106375472.63317744
117736990.58619586
115815528.44227372
112828360.52505457
121830076.56676327
128396624.61068508
116614278.20590378
134043660.69806749
119339047.18837598
104644981.77940169
108488319.57048683
108898829.83505413
131611885.10608718
125424425.59294388
130959021.62406144
131085374.8767981
105862537.20757824
108689804.62579736
108826223.96909463
106249635.67181812
106077104.44973318
107516323.34863992
108123450.3783519
123929740.683479
108080346.22771302
110491566.89137831
111494795.75336213
112762158.96048261
113313656.58528122
129056185.69542937
120986576.84507728
111865517.0175708
118836335.53206809
129465418.75280835
111351135.83983046
101690639.71884045
112739498.54872034
127730006.9694256
114209793.95080003
101184625.33466592
114420329.79900567
97981266.17187706
111532145.21420375
111134270.33682023
107772940.5290671
111802790.53085524
105279643.17232914
100273235.42260115
101503910.33742417
96861204.49595256
110235691.1870134
108314320.54718682
136483409.186288
106117949.98121138
108005577.1738452
107096658.2475174
122265123.17764136
102988870.85573606
114299451.83116816
110357511.20496884
111415545.75219281
112597439.22927055
107445656.13313527
108537652.02186908
110516349.85678004
114123768.51814222
122226980.95959501
119288320.31369244
113382918.12346539
127243820.02696669
116543677.8271087
120586716.39253925
124387182.29422216
133383225.44566612
107858415.65855515
134040759.3177607
124411107.08859965
128304124.92828873
105939686.43589576
96844591.15700772
106847125.78023875
131343891.80511115
103854516.45660427
117716233.42878054
116444112.30454923
105236806.08832812
103327722.01700112
116806462.8529763
101088702.44472627
108974933.88444425
110401902.95534836
115371010.15727293
108939256.13387282
107452299.37105408
106603114.33116525
102848368.65221846
116812389.205081
121193327.03558016
126875285.3911537
113343272.27620262
113620267.44081765
101195441.67647138
116360306.65267956
107072540.28307456
100765903.68023713
119182133.42842472
98417608.27677572
106642387.90915878
97886591.06747547
120765780.46818894
103690226.51789133
116409534.35492821
115342342.29564649
100672463.78546636
104149688.10675223
115537342.25376056
99310830.85578589
111846779.78033784
106837424.02688242
99649715.84424886
106148886.04981521
132733841.47421381
118511101.52546205
104932966.75041465
109577338.7685474
109356692.77813298
115749219.83395141
106936379.78990611
118264141.99439593
111458828.19130276
110152427.81865512
100918592.13845997
122175007.1827064
117323696.42772493
121357670.33381535
112520537.80308557
111743619.76690948
104600077.58844604
123819270.22542788
118177144.67038904
105200818.99658918
122143472.55620089
119965840.39460139
106782288.65469323
101570511.02637674
111773090.34753953
118975410.01245622
107033547.12672311
103925952.7255518
103607085.59484808
111648015.47678678
108467778.00071995
109682116.60940778
103526351.81311484
135422316.15136397
110010861.8269757
114131334.25853705
115428858.66679578
109899087.64291865
120354274.24647191
126646926.94801831
113219944.29288657
114507636.53025429
122133155.4051047
132447546.69278833
118106726.65955158
115210335.00065428
115970794.79853195
121181198.7330498
104372798.8685975
109121279.81005293
105360597.3201259
132605442.36986174
111045337.96140753
130530861.57481198
114606350.40922335
107342935.4373629
105050057.58788106
102948756.84494273
112379095.00918077
108939742.19628724
112115730.46644953
117939095.62501246
113362105.89149816
133234637.47210848
114265081.65791526
107086536.76798739
107778384.56220193
113848348.30979769
112403513.1110851
120587531.95909095
114786200.02727933
115509720.84416685
125407390.9604619
118221399.92981742
118318753.09360346
102619801.54217032
102780321.49390654
101564496.02075443
104247296.57698372
97116985.2405054
122009879.74742901
105535059.14304657
103990990.44450513
115383765.18198165
128556377.8659793
122750710.3260808
119976982.30337253
135101230.4231751
123160357.56867687
134297871.49792024
122926865.86050414
116953638.04708646
134834951.37060636
110777839.28767967
133595312.97662666
115730757.63539033
115029260.82352762
108710279.38797942
97211853.55129483
97509595.07113563
102861301.2800269
111319438.96081337
119600908.47858426
100791078.92250158
117153898.71378487
112574087.58562256
108053929.13275139
112008157.15212256
118203002.91287203
130992755.26501857
114840392.79084456
118175918.27530834
113678537.12722345
118815663.10165928
116054644.8929493
111600502.71658243
124072132.12135358
130260925.83277856
114196461.76595499
102721041.98054174
114037039.031205
97185106.73919758
96333278.15572406
98759813.66843815
119052883.87407775
121794587.73408927
115445897.62505625
105496715.76550826
98152533.014196
102083523.7661701
116731425.98231772
129774581.88208465
104257741.95645389
103415551.12946439
104410855.01408288
102693529.4780329
102810627.2502313
110258948.40066716
104638019.09091249
107718727.70239048
109692250.53141809
107074435.69718003
115864969.369818
122777287.22021338
112175644.28566739
111793918.70516777
105971933.54861851
114333621.14207166
114446943.90529515
100535423.92755531
114572555.75465526
110798031.96421854
119427165.87304863
124557097.72852361
113000132.42922346
119112996.23617393
120651753.71628356
105947856.02140406
134554183.01478055
115946989.9579039
129050302.13895239
107900603.57389414
111144815.42910498
113191916.1999374
109333178.79098602
107722469.49223717
126500628.88622889
131760600.23256743
122044052.91352017
129768614.12281081
113662434.05128697
117495976.71810141
119813776.24136011
126532864.88941708
122569930.81662287
118585727.57954557
110404604.44459714
127543352.9303525
126111445.21996322
135896780.5529277
118038303.27331185
122172336.5204494
116697616.83286585
117829082.34444281
116963542.81147057
107478761.71297365
117698410.3814419
123265159.1789846
114901868.12018988
116316018.28197794
120958971.17385285
113468597.28761895
120328188.83092035
109487885.39887704
117704575.67226686
115492841.35709332
118335576.73104838
116191632.45224223
131616024.85915442
116274757.59638721
122977180.7178043
104373435.37061086
114267391.48833278
107568781.13348763
136788934.32117292
124807522.51424307
119864049.33992204
107198974.80886984
116419665.0727585
101914465.87860233
124216503.40607888
96881253.5629977
110334531.82733202
93291812.48511133
99041412.71294565
122901053.13332582
113979293.73735695
93995160.11086316
126580982.42918399
117402912.22769584
99268489.37954274
137260595.05409572
120513585.36161998
131997959.85633157
115862416.17355713
113708491.69913225
122015627.95624524
116993787.91133064
112378374.3866067
121639722.7917425
122552147.10599011
121179415.50009692
112264532.96418844
110468838.76170544
119235053.81744725
102803401.91372152
104764850.22944058
116079926.61723146
109970074.0963767
109459594.61387096
97200670.80822311
106096615.98566319
112740830.98667562
121198242.96623532
108652482.93362786
102831688.77223402
102102361.66179205
97165199.69017152
124167070.76318714
97415173.67847182
109954845.99632232
103464311.86022557
107927494.50679503
123406426.24362126
107393894.59296928
124441316.59906109
95965719.82082829
122287512.80085318
101538366.7917446
103431214.45006716
125389449.38188826
111199764.2305454
105482995.15272367
115410203.23590717
119228479.69508134
104350787.76324135
108132935.62645723
99042132.03786594
97597493.02015066
99879216.70421627
99122955.55525082
104853497.57461554
112623913.45306799
101099365.88999271
123713274.22895253
106875086.84839082
128413316.46509935
121700358.50106898
109200058.11633767
107877052.73647186
124492656.28108689
115417470.08658746
106714329.84484692
119046917.51296939
122403287.10257454
108450496.1288232
113979437.68091375
114425218.7839816
123617811.91611986
109975774.2778366
113180659.23580785
114346007.21687053
112434979.29411766
107944715.46433176
104121677.79145585
101326500.56027466
114917297.05152754
103673440.35745977
116255416.8619963
108978383.34746328
114002884.65031935
112642186.75930649
100036163.10138579
115814786.74151675
107685316.85262577
110220994.85070948
108865586.5607142
106180680.79183982
113921018.91166008
106188576.1854829
101386111.21272145
127769591.49401854
114945405.93371831
100514115.62921701
101070900.21818402
100051584.18355207
124488640.78891341
110075464.6053308
99864442.42383745
114703566.4064722
100604872.98343515
111528716.53458844
113407996.45461848
101953687.15908478
107829527.92572404
106289173.9779102
109539716.21614376
105787995.96555157
97620421.20260279
113303802.77687356
105305231.02666087
129787464.79366666
109333737.2204694
98169199.93221252
113558282.61952247
123948320.54231559
128850996.61980459
114739156.70541197
114481223.13819842
108985534.98188592
97093709.06279805
109061208.23417659
109111751.41486835
117551754.87619933
97533936.96730316
113376545.1402615
107493608.3732118
111261020.46075918
104311400.89110819
117540460.65346403
107720835.40193687
94968175.70202321
120954199.42738512
124577370.73706953
118052708.11925326
115688862.32116365
122980355.91929987
114126409.15313566
102777226.60320066
115797021.20811124
107821192.44584544
123999748.12469912
104272202.56294434
114683777.91250442
118185918.67938547
122543306.51205511
124164703.33304124
118037840.82047059
108942602.89749028
114469515.72007535
116154636.4780168
103372187.50278062
109826081.3689382
102815474.42208149
123563236.59847827
125093633.06064478
119884604.11966604
121937710.46867958
104673649.87157764
122769948.90455377
123809204.04259343
124027142.58606026
107506509.78185013
110888547.23868148
119200119.95757121
126808025.38935308
119023433.02557643
122073282.88429132
121285735.47253075
117039157.50384232
117055834.72255933
106009322.77521306
123872261.14902233
127300187.12966838
120673652.73156032
112413640.58647703
110909139.28605662
119378369.90336362
124303078.78083338
129653585.77222084
129891639.42834526
128553165.59562048
124137888.01333562
119118391.67705058
122277134.71685034
116401442.20723635
124497162.4493345
114583197.37546217
110845598.87449093
123100119.07966237
115047075.06802744
111340565.50021999
128839774.02946977
128477872.51967548
119877531.44175304
116841889.09153304
126347492.36327755
129829082.07882161
118296854.96250269
122012268.46563601
124222527.55172734
117015141.4347503
112895603.29406017
122403082.78643532
116086627.66244812
109261190.66651204
119737653.29531863
103305769.67560537
108332762.93939945
123896821.04247862
122429632.6229305
118338524.95577177
110017673.87104574
113642524.48409069
109967416.56762156
98372774.49213192
116020257.81406032
145295746.97196263
119071430.72614233
113740607.77273645
107352938.394602
131009558.69865768
103557616.79777704
134019043.58153886
126946832.22298373
121570228.24770005
116248633.8438312
120202826.59847553
119132452.63816647
106761913.26853529
124741740.23140746
114189530.47568543
121587636.84721312
125744971.33886968
122569806.5478385
128202093.39164947
119438341.8624735
127635302.10259682
137121942.30091944
131990393.26377942
111599611.85143204
107253913.24341571
114368268.31280236
103818920.90323266
125848823.03742288
134848092.96675637
124857721.66209738
130949046.04415694
123354248.51320776
103373456.06552464
102447330.7019985
111503129.53132701
109590344.6522591
125635299.04747894
113954843.98504558
107051452.99234357
123001116.80595878
106779307.64908983
118749150.14313067
107870222.18832462
111586091.59915538
113268319.71758422
121669553.9626443
118954144.50690652
127261514.3772309
117192031.08206505
108279111.64392987
119416212.23068132
114222078.54952987
104731164.11946072
117924553.25873601
103169523.64870493
110270655.41802841
104136256.52511224
109248555.54860666
129444937.68523544
112913992.62153795
119002209.85597974
103587358.34805211
110303124.2784229
109953034.45487043
103677458.9558924
114828813.68038772
107656963.6678389
110264761.67944178
117040148.81842402
105842555.46096204
127452296.92401649
108593391.12526008
124960771.79274762
122659474.83557771
112065309.8419312
115453941.10490564
125130949.38951346
120341091.84879652
112012348.97129828
106269100.50294466
126245433.80690607
124195225.18633859
116781826.97939825
121535527.53749365
110386726.97738872
113398786.2235554
104466227.22374621
123652370.48449913
115956913.83093801
120843299.41495022
124543629.8279972
111056807.88732545
119968526.76223776
110184197.1455121
122448115.82443334
104883452.41822197
118790379.38942108
123530853.3590014
111038866.20743327
122533580.6960909
109093026.75060247
110324826.08260606
115089400.18162489
123533984.39166595
111338846.10080923
115983117.06927817
116503178.12002498
111305736.5306383
122496668.413067
119970089.17326866
128276430.29004939
107339953.63721022
119204097.92177878
120965321.34565352
116221861.60068306
117593969.46525455
126105292.2429572
113919243.86146012
121874393.0285622
116017830.79561827
121426317.56389485
120178450.88120908
125928841.9192823
120220762.26614825
120080525.09262861
113207706.8624285
124045098.96220489
110276376.92784256
120319248.308283
115644024.73833086
125129680.96897069
111798352.31978758
110504043.18159501
115723331.87574725
116674938.95798697
120965424.2841599
123997286.6540735
122646252.51322976
119166649.21068394
128984181.69520788
123498159.43979001
112404435.63163853
118629112.7076693
123771964.5217678
144889645.18522444
117236402.1574726
120133793.33142804
134833385.69271708
129253768.81970665
115466317.74355516
126339593.4990738
107184497.52131864
120421156.80812626
109612198.8083737
102329473.18599127
102169741.05321538
108006683.37443103
112102468.44294126
108605818.44872323
115725480.43495947
116032336.08818258
129099226.21500123
122303511.24896438
127789556.95045419
116156598.91013373
128813735.43604621
135514480.2059082
120429890.2946127
124519323.8363052
124725971.05214603
129803742.43489335
128669571.60221854
113294826.809415
113346964.76171881
105532289.91911568
109891042.58549558
105235513.0047447
124200680.75109036
107709020.24633047
100066660.56620224
129134675.25091335
119783593.59168774
120093437.97924319
110967266.12087303
114842758.21762565
120508938.1547147
111875208.81995773
118760282.79354788
125378651.22082466
139285413.57570896
117839501.20475392
117172615.00832397
125698800.22242564
126220019.9146192
117969578.99653071
105393709.8364468
117908975.27859215
105048834.83648291
101153168.04045567
103248940.07995869
124353028.14523664
131536730.97153944
123695736.26038079
110787304.81375472
102905555.42780815
111510998.16557813
121176919.88689542
124525311.52518193
118563773.59382738
110819508.33354172
119330573.42147486
107720158.85418773
113711890.08471526
123996057.65719487
108290237.7011157
117160517.75214915
124148263.9880617
121582878.18111533
113802659.82184716
123899061.65887828
115385180.12045561
132398354.66218449
119481489.31006354
130721815.57863754
140317313.08477244
115160597.75512177
119092918.79647174
121862884.13273859
117786798.08504929
115602323.23696166
138275754.37858865
125069735.80294432
137222440.40249097
122700965.75150366
152232162.26527208
134425649.13772792
134799838.55471352
113796687.59720105
133176998.25018822
131884423.03763677
111430277.68215925
140958386.4137615
154068182.4055946
162719409.7354263
143418991.7017161
132818651.74945317
112721519.63935062
138804391.35399613
167392846.5795018
123465432.8051455
134710926.0444443
106416810.68720478
141991386.72489026
148485817.25696006
114471823.55991873
148679334.99814096
126378862.12216926
135445442.3159165
114033175.7452368
135823036.0588022
124519711.57833195
153620785.88715035
106398485.22388516
129926743.2573796
133123982.14819849
114569363.66255693
104313431.11828223
126272083.35713883
123218228.58496487
134122943.26300137
104845255.01690975
121513971.69097017
120334684.30195731
104683375.11304091
135779461.3623373
111697795.86558506
127162904.34917542
107746656.54163677
145223753.1162928
104010094.98885435
107852304.86389463
126025676.8658138
102835428.19588014
134224670.89423466
106834789.87163316
101551621.81742814
123532907.67926754
118252609.37652068
117041496.9214149
128935456.45077848
123921845.27742226
111700568.92939933
139194316.74365583
127779396.26913099
151265899.70776057
123782946.3813854
128565317.40536037
135847324.31937557
128631670.51806232
116805982.94311239
107476593.4578684
113563451.08497845
130230413.05830984
127545034.20035237
128760543.9284799
146618630.6468454
119321328.63398053
114685048.95794578
107777466.65270054
137247085.72408152
142712105.0350128
134069911.58872886
128793125.98841105
105549462.46308927
105331810.95282577
140752321.27177292
147979603.62641755
126625181.90566383
135753717.719355
144257279.29289597
143935483.85843205
109097760.55221047
142157615.545908
146226601.28964755
104046043.37568532
140378067.20680428
137186627.71024653
125398350.04657699
135727696.43422955
115262375.07388389
142045905.64751136
126570797.71132106
138082802.7414768
138303521.02667224
140560633.21469423
141296529.38050738
129229152.61751893
114940655.60345736
116096616.02960154
114027715.76064004
129580826.83510523
121219902.01595704
117863106.88888422
112676083.261698
106478864.46782668
107132327.05015624
111361902.94646092
113282105.27473329
101653658.23259762
105437495.13115004
143089092.98140225
122474270.89683637
129291375.0198954
142255826.97996092
141678446.78806975
141224289.99785528
130461921.04453357
140370762.43464342
134710371.7746268
143847992.7941382
124796837.71084128
119868267.83057773
118282472.84865557
133593396.17107375
178042188.41746086
123586987.93260993
116805401.78893165
115310968.8992918
122771600.6091615
115501744.23752792
117549204.43927848
119287241.58193085
109519789.23151115
118070717.66045202
113357093.87560003
111179667.7092671
115089965.84789866
108247615.02418111
118493987.73522913
109172683.40437274
110520940.73586987
131104954.98416612
110033666.18875538
123350375.6362135
117317592.38920182
114590581.36346878
119499645.19860259
110085935.35877652
114815903.8457014
119290624.24201484
105996588.56446508
137487501.5547097
115794948.41019908
132323859.24314916
115801876.67695212
107794392.807728
108580271.77330002
139281599.55622044
129517717.57041307
118480895.11353163
117808523.66983981
105337058.39308944
118705988.63140813
120804911.7576594
117134905.80987337
116546165.94457234
113703694.7980514
132385416.60696016
125821796.84550059
112838129.18994115
112900643.29543222
108940581.87498856
113852162.52572922
118532859.79181936
112247383.30517879
119195433.49915875
117317940.9728801
109789910.3348315
118376586.02114895
123146615.90635827
128475149.72945389
113392821.76076627
117273509.30317646
120987646.22526644
130785491.36417651
130239296.43609247
113797344.10487486
128954083.78642023
135089127.98944485
131965989.20501968
134165574.93663672
124158921.11435787
121105116.47608106
114355836.84338258
117373330.23828925
123014994.71574473
130259205.31977235
110813427.80118671
112367300.92823578
114908598.29002212
128401931.85772611
118099378.24024014
126502929.62999344
135447563.35034218
112936385.16813987
113383880.36177059
112227382.96004628
113902787.76319587
131628391.3437567
111764606.6559343
176275455.16374812
128241961.97354761
140720579.06326535
125077503.32427499
122321275.20687312
135184909.32671842
116666394.02917974
117734581.93993384
160482694.25102085
123797627.4874956
111921952.72178602
124024784.9839551
128558856.22291823
103590755.49923013
123473942.18430106
147595298.5096592
134899737.99331805
124274492.17461857
138512076.27894711
142744475.8883369
113524765.44834542
103735886.91768552
116813836.75898236
106358168.27434286
115102897.17190601
105470833.21036433
110559037.60988158
103244187.62749493
114998295.3067918
102770301.66243543
106073686.90093891
103785585.75340153
130786086.68921539
112289672.56149496
125757235.35366018
148485668.29096192
135440979.57519552
116354241.65147007
106193380.79871996
126552364.3002412
136624732.02916965
146359265.92649776
140762913.10434604
115494452.37328595
110459380.42197739
104398607.32089499
110324159.65851642
109565320.8030441
111015885.49244721
107535782.63683641
106906384.63069232
121853994.40658979
105784027.12493505
120116178.26482901
131980167.34141976
134220687.15468663
113922840.1827582
109827789.01158305
108547701.3146018
126040016.5787223
132996518.34754753
129151455.19402635
107904896.37933956
145346615.5221595
115710483.82894056
124572925.50273901
112056519.30338483
107318313.42228469
114828578.54040882
108589687.13724276
115316808.57039058
110423886.5849738
112239386.34031817
110286983.08696131
106411131.6919688
123879318.0537096
146153208.075039
113357778.19318444
107305469.77260786
127249169.8071468
107865030.77314639
123848472.91328697
121566748.34387256
109526327.44837928
143426184.22417966
129825440.18553235
124224172.74602708
113861127.58839731
119697589.39372635
114390398.70735323
128077584.08693837
120735977.61424479
110175587.40693794
117771311.54112238
131378631.99390726
118518977.81127334
120705717.39363176
111075196.03444467
119179351.23665601
116016233.97547409
112498209.14478868
107503812.30208956
113414897.60896687
110223111.19927426
136870739.6249714
138025425.26452565
142737356.4129429
118943583.20366889
109064355.4991636
111272963.37771687
123199382.84209129
121956491.48402418
114069232.43897493
112394932.71614552
110358613.34395805
117797761.27730145
133436490.94712783
134798192.3648606
139648653.85244638
122893414.66113105
122653884.11433575
107658998.01893522
115690190.18264766
119077371.47074316
137571890.52324393
126603647.10648039
133095624.8329792
114733199.66561705
137365863.91717887
123658904.42698187
112277098.91238868
135740421.40474167
134520615.4154951
126828381.88206996
122836488.95580186
110578808.90731914
126007273.08943452
128754860.09913927
125788306.63046968
133197468.58641008
114594659.73952785
116619937.23326056
117093814.78440917
109980330.4527755
111356062.48811696
104805599.13991237
113186385.84188128
114146349.64503792
130235919.88258113
104110623.17942424
110971158.14199358
120840802.80247337
101559464.13380067
108053642.24598846
102277139.47867003
104110420.21222122
106851198.7621298
108739839.31235537
109754025.264496
107786304.49738634
125072522.752111
131040768.92313698
122433838.59901746
105539064.31764978
116095034.51118281
119299558.21682976
111605150.55497915
133252463.62691462
105510141.44408442
121011030.59488857
112356072.5152044
110536822.04994595
128585120.59997192
126222229.75608309
103886116.5169666
119078818.69894464
111040063.58203246
106648450.02763635
106451410.88351518
128405837.15922
128027062.23060189
107005181.8557519
102167841.62876482
105509136.82154769
106670912.19225685
108115967.93562683
113277615.46035247
114456919.32790035
115918332.70197941
111308476.99792375
119147199.13970731
113002120.64252599
121091215.391226
111624592.23112036
103951393.95255333
123899351.58976966
106341003.95539445
111816220.7249918
108150993.27967283
112320705.97607632
107810998.26981513
123527796.05795288
122398223.0036529
114748276.29784837
123842958.18216673
125114205.61794952
107940965.18923493
110521245.84187934
114622337.44237931
117955956.62131836
111001948.16696161
117917522.80422181
114590502.0127007
106997738.12659782
107516149.0245888
123226589.13817649
121988473.60529603
103285069.29056838
127905262.59194395
118509362.89314884
117077708.05597317
131065952.32831542
124738405.038106
122742243.03906594
123453161.7601341
130474846.33447237
109575692.93952948
115189450.72169738
109040836.77718568
116422586.01583754
110310861.51647167
110086846.03746672
123621942.51522532
115373909.5250299
129313287.30231372
125167406.72471498
121132923.20263349
124985325.52993166
132846767.48688754
123697257.88770619
131195406.45058791
140558579.56399694
123989988.11497901
139204835.99214783
113450134.69529773
112847876.60234195
138843750.0865771
143371177.38535377
124944050.6367845
138284940.57115185
155635982.15463468
119087953.488994
141190759.50536105
105901504.94921076
120543669.89604788
126317716.39168791
156066196.28153595
138398615.2834446
116751002.19750021
121221743.91068399
140060066.76299587
111168665.73948787
103304999.85597908
134092670.61566977
104416065.27357434
137454299.75416607
113866190.35575996
100477136.45820655
126219404.56604226
136083470.18439156
138372649.21338323
131553411.53264287
118925372.91572088
121353410.57966547
108662618.93229742
108081762.32048257
120159548.7943626
137070922.03090337
116222508.34155917
101995688.25367768
128237697.15911105
137422284.62451488
100295405.23840052
119804972.13757168
117747880.7385159
101505495.02153361
109371699.41194044
112084288.73648869
115847951.98132317
103215976.74210879
118483275.09167616
102130759.67165291
124466543.49230558
122690258.0131767
107121151.77392596
115697228.32275745
111812957.07576104
130044452.46686092
130078853.67697072
128758077.4525006
140120756.81812516
135148827.2361139
138412890.33483374
117761814.04034871
113705650.21539937
104842260.90099828
116486446.66482495
103937492.89477758
123605737.53383188
133493363.02421233
139968940.27082336
138052527.9379086
126874506.23931402
104992834.30182606
104097737.40003341
117662956.7842547
151592521.7075905
119492984.52227439
137614934.57131028
115082844.1810144
101487683.05342719
113744188.95726496
152980486.8699947
127196913.16179496
119862244.68912537
128269034.74572963
149194180.95481518
103564747.93886341
151208040.0485045
101299666.25374481
113144266.94569753
133438797.75809094
128632219.5027534
126137819.33557716
147243015.96818703
141742876.25289747
116020462.86571014
139667568.50704288
127492793.73544046
144827266.93849087
117951645.43782744
124955893.14217438
115682334.76053952
111942059.22065862
104158523.51984797
106270049.96368556
105347838.37297797
110811942.51554592
108327995.84104906
105321868.31408954
104740553.97935143
112163729.11840688
110036159.74714294
109138792.99495691
115897677.52005026
105158019.09420325
105429441.27852482
120169112.28076896
148809490.47788712
126809761.11998178
146543141.99200916
121916985.03518692
141581125.52672398
128151337.69820663
114126002.25602584
140099943.76920912
132408986.42376435
114707543.76073812
132551216.44031854
138320397.1375367
147920925.10052046
107275115.04488124
118044486.81518863
109209688.49955107
121037837.95959927
109391656.41291426
125331141.51074077
117983993.37865807
117361535.24688567
109389049.05766633
105970765.86256717
104340115.70582959
113546543.7970429
111528020.24212067
107997399.32286835
113770837.16297239
108744796.0087504
102276142.2391191
113942131.8304086
118089354.46265444
119651365.40582252
118326631.80019812
117120506.40669328
106370546.51563811
106097932.35792524
117034569.22705618
107449817.98665999
104021984.02698708
102636518.25482844
108150119.20857325
119753461.05988008
105088137.41085482
106258335.02945337
115431944.29809052
114504021.29921214
114532222.04758887
122053364.09778829
106686836.12744512
110323675.32749063
114699726.41153602
123217715.57444751
124192464.90373416
125562039.57556814
110836846.23485097
104194833.85684094
103873942.64164971
122076512.07719283
126790686.15972865
116342337.23260981
113689120.30527523
120272515.33050111
110627418.89281936
117661062.93089724
118988357.40620631
112628418.91979729
112338479.00632714
101578776.12123604
120510819.50927323
110953974.74966247
120546019.70050594
108565951.11293347
134336484.4975614
129486207.59435529
106772975.32161336
107657075.50323379
136182785.164006
117681424.79925865
123833550.2272997
127003402.24543096
106596503.62979464
115324454.09302412
115748706.51567347
117361858.08506034
129011716.39553177
113650792.28961842
106714205.06327401
129851317.46216843
123316541.14101799
122071795.79718243
122563548.14845282
121689888.36667974
104962969.20607513
106909339.8529084
114377730.2405962
117328331.49972251
115805194.20651281
114240266.93138693
111001692.3371552
126808932.37012862
115751512.22696158
118369647.52655861
121006773.17191699
115480447.95599186
134383186.23457822
138249146.84062758
137639946.95901868
127057214.82919198
116776069.18154179
131732274.00941806
122125335.23948142
122884083.99160752
126349830.3923903
107496320.52152905
142109963.63077843
138218872.3742741
132436469.18755546
140031677.35436276
150719135.31679407
156191592.6974944
122538153.33935854
117758198.03659339
114846760.34724467
113514505.35915606
109974495.97895019
110894377.6811574
117731111.52235302
106900477.9387605
108747082.45012137
110656628.97279778
109855565.95942815
107698121.54838075
107969226.19804344
144229444.96616554
119599908.73930638
148367377.71538404
143247363.33789718
150519579.69602728
117129037.7491249
146006138.17411646
148205097.24472317
157966327.64945853
125446845.09654483
112969016.61483598
110271607.71361677
124179655.90856557
162517798.5946664
127429153.47775753
123877641.42388853
112976675.10344335
109108227.81502691
115970382.00382678
134859609.4011495
111293979.656249
135541178.91495997
124149104.27329446
120322211.33328272
122998272.30156331
124566361.64805861
116848314.37361197
140742233.4701234
132202873.50784384
123813510.92627858
112960413.91331552
138209688.64233902
112593306.94401182
140142146.64555803
116342646.20223159
120008227.37461333
114660288.02298975
112713426.93941431
111786809.29681677
111099143.78888492
110038298.82740171
112315136.16424558
142353967.46127045
109141113.08397445
144206071.5199231
122122520.3567056
124075593.24611789
138689594.86946344
134307274.7158151
116248435.60307464
134523395.97267842
128716886.49820732
136868762.28688583
122226229.96237256
110593939.94410074
120751215.26531672
134457549.05988428
114390480.11407189
113496521.08878718
117059646.0320438
118084080.87678312
112092821.01699893
130050904.79230376
123894699.70501757
114532225.36015488
118981290.24750197
113831587.01599005
129048342.3896571
122732187.03800236
118782195.2794849
153519582.49780107
133355335.6725547
134417623.8235321
113468685.06745851
116413623.6093465
115876759.18666546
139259553.34232712
127798109.6080469
120692480.77254222
134123134.50671136
115300427.03723037
140067579.6585922
122116173.65305832
120100684.23735267
129056749.43572748
136926356.5905312
138140480.3511919
127195314.28835532
119139454.47189422
114003149.37686595
116662940.63920307
150357370.063158
123670227.95325986
122138150.60826798
117419286.32760642
130254557.25879543
144574773.7064755
123274042.27401602
128715970.2051981
148294219.9096019
120564238.69681765
126746897.0785343
115302765.75859226
122367308.47058491
128270370.13313907
121177481.03763512
128822263.5375116
127495095.97506094
118916458.26357432
112260410.45860748
108877309.64562576
118748748.62947804
108336350.2616224
114301999.80540891
118200496.43911007
110754449.3528521
124524475.62060887
124421028.5949815
105809223.94270238
111096925.61723502
109853632.37136264
107066120.49582697
115102001.8718665
123244153.86135668
123243478.75419745
119355494.65192714
166531190.495467
121747768.0136046
128437343.62035926
138824778.32449752
127630866.5963164
123782593.15794298
126588647.20514216
121477140.90053347
121874833.65806983
111468123.29329725
129349211.98453112
121987882.16193679
132085158.07478169
110291889.68796471
106975732.74864754
113646023.94101807
114278918.29550646
121995575.55157882
114315989.71673322
123582122.16286963
115719657.70581897
104075837.36253415
118206721.86470667
121311947.69735801
120734545.15288723
111853272.75280328
111475555.82745707
114346809.62815695
110886874.05783871
120524725.4251874
133493886.67517498
126880853.46574774
128594888.79852651
109924112.6861348
120217814.95903327
111210191.90965098
110947885.01373406
116675647.01131149
113909797.27169974
116865755.23221815
117330622.1113422
131517551.71726073
138461244.03599674
123878332.16536872
121676382.68623458
119805673.82879396
131748860.57425016
116492372.82458869
126849505.23954691
125313057.6461642
122478953.66392124
107536810.61993757
134556644.69733116
109145698.52912122
112996342.83847328
114679720.78125453
116062636.71205457
111874094.64702193
171168646.29618117
140015617.3122699
