Model: PCA
Dataset 2: arrhythmia.mat
Time taken: 0.08439350128173828 seg.
Accuracy: 0.42424242424242425
@scores
7.583718862937204e+35
3.5295724464280835e+35
1.3500743465412136e+36
4.956663711533042e+35
5.437322463167775e+35
1.0821230019398881e+36
3.894163794229885e+35
3.921551408055525e+35
4.6309665725315426e+35
4.211010233062574e+35
5.572867359152158e+35
3.643697790922966e+35
5.394965621877038e+35
7.078219246184708e+35
8.253296323530796e+35
3.331910127747249e+35
5.3320987986466044e+35
5.8470255018945946e+35
4.545339093025237e+35
6.799055222325265e+35
5.683884151407103e+35
4.776057097632227e+35
3.1078612624646256e+35
3.45846281686311e+35
3.935137212020567e+35
7.546355139161054e+35
1.2096461584210786e+36
4.5935657804011234e+35
6.725257602717081e+35
1.2669630941404707e+36
7.907377934624934e+35
3.944935826077284e+35
4.143354843688497e+35
3.771467430514873e+35
4.4950275045233e+35
3.961001622562914e+35
1.0639088317089819e+36
5.4649708491339805e+35
5.5045029301981426e+35
7.735653408472129e+35
3.370886705575351e+35
3.482181004671534e+35
5.660592983469548e+35
1.0600788212851546e+36
4.74437497667717e+35
5.757405867067531e+35
8.89030323719831e+35
3.2478432962273214e+35
4.087840172486224e+35
5.0700051660508e+35
4.008197110976929e+35
2.7997467990856743e+35
4.513046217240511e+35
7.875756275483228e+35
5.321685923192452e+35
5.625726708576753e+35
4.500716744900838e+35
4.217820593342239e+35
5.131332277457053e+35
5.1510016344164515e+35
1.0331732400964086e+36
3.4706309972779974e+35
3.589650041231703e+35
4.904964918573843e+35
6.606572100791748e+35
3.64245779035845e+35
5.9207978861700055e+35
4.910948095584812e+35
5.302061666124612e+35
4.468571354551966e+35
4.110905761131146e+35
4.358853716657737e+35
4.401279752124199e+35
7.516129984030383e+35
4.750023054622869e+35
7.349634170067391e+35
1.798053761410011e+36
4.765775801522122e+35
5.447402367092762e+35
5.1909131362470016e+35
4.32865630887631e+35
5.821507477477093e+35
5.003889767059104e+35
8.312366287694441e+35
6.2766127323866375e+35
2.4223973900373893e+36
1.0884822553476187e+36
8.110201845520037e+35
1.6188397792990182e+36
1.1886272623041183e+36
4.733847979063829e+35
9.029246721349368e+35
4.496519916761969e+35
4.671541010577035e+35
7.23462697865517e+35
5.61596424455591e+35
7.531510170829116e+35
4.523120164680294e+35
1.144728229543451e+36
4.710250176442703e+35
5.365205722511258e+35
7.96008114509083e+35
1.1192884174256436e+36
7.049879436338817e+35
4.843139677402723e+35
7.26301504267925e+35
8.208071859536626e+35
3.550827138442902e+35
1.8016524477538032e+36
4.852618050488091e+35
5.009665919348373e+35
4.19339004248191e+35
8.864435466170276e+35
7.704848557740074e+35
3.686397904664246e+35
3.6453656840669406e+35
1.410251046374185e+36
5.866366807065336e+35
6.233910184705933e+35
2.846293080118328e+35
3.901962911331418e+35
3.9595310443276615e+35
5.634909508234405e+35
5.18577132565831e+35
3.7353720811782055e+35
4.194306967872335e+35
6.89867719321061e+35
5.755587387022314e+35
4.035574676550479e+35
9.791946082324933e+35
5.0783931699920195e+35
4.913867395453667e+35
3.825900125637747e+35
1.5620415761410135e+36
3.84074533698043e+35
5.7682568725614235e+35
6.061360874262324e+35
5.6367484426985834e+35
5.636309349368905e+35
6.530994363986416e+35
4.762092587678808e+35
2.5493484296365816e+36
3.847492042106007e+35
4.58535140666601e+35
4.052995168355922e+35
5.8475231987503275e+35
8.509757948196472e+35
4.434183960018605e+35
3.464005948214132e+35
4.280421450325606e+35
6.316799162890869e+35
4.5056007349050126e+35
4.745693440803691e+35
6.032193894473199e+35
3.9543851136164495e+35
3.7745806679778025e+35
3.535902490572459e+35
5.443001316165405e+35
1.0897164202297626e+36
3.923205361175651e+35
4.7717105724576355e+35
3.976777111213839e+35
5.800933686395692e+35
9.236743643130267e+35
3.853986542783682e+35
3.289949576981074e+35
4.483193338059815e+35
5.658304997828355e+35
3.176393621276478e+35
5.647192301990066e+35
4.46003030184473e+35
7.320315267499475e+35
4.136953662763024e+35
5.7286494405730854e+35
7.094928172157881e+35
4.396712777695666e+35
4.326123327687542e+35
4.082912942075532e+35
6.786486712254558e+35
4.3330523586171925e+35
4.372916365865886e+35
4.408828308445781e+35
5.523328417941328e+35
5.138634199796694e+35
7.642553103894253e+35
1.2369678935219739e+36
4.133944605893187e+35
1.3580539500402328e+36
6.349162098297979e+35
1.2656085127450024e+36
8.291522409450446e+35
4.3493396693987626e+35
5.8730529655290146e+35
9.495376584995609e+35
4.21056067349178e+35
3.425251817579663e+35
5.292484925830755e+35
6.043175747509583e+35
1.343094033827525e+36
7.315516670824823e+35
4.0573821394762745e+35
4.481098440788577e+35
7.395970419914535e+35
3.5473032754163585e+35
1.764158332720545e+36
4.9195663423789864e+35
3.8964519977502676e+35
1.932612830573192e+36
6.483444040696093e+35
5.171775955054551e+35
1.1873617716677941e+36
6.881073811774913e+35
5.3744770408483066e+35
1.6913280493933933e+36
5.146418114761922e+35
3.534030359237404e+35
4.920578745739909e+35
7.925461467513698e+35
2.0091378105971072e+36
6.274228317310584e+35
3.8262013468099585e+35
4.039260717597299e+35
5.434000510335793e+35
6.3367960050579074e+35
4.970711330497598e+35
9.521704373474722e+35
4.486126428752118e+35
6.768643904904097e+35
4.677134932555832e+35
6.962647299048224e+35
3.982819478502015e+35
7.577038871985038e+35
4.850442584332782e+35
5.804779305123854e+35
8.414684640269204e+35
5.684083963993371e+35
4.450973513532442e+35
7.031745299203566e+35
5.348815547118818e+35
5.8634923862564714e+35
3.5783601840079094e+35
6.989028629049429e+35
7.286093144504281e+35
6.919743881455838e+35
3.577769188451456e+35
4.7982063346358734e+35
7.850305905889973e+35
3.410329583476749e+35
6.259625244933819e+35
4.526588510128288e+35
5.222609468654668e+35
1.0811404873099939e+36
1.073473564609136e+36
1.1658443336264689e+36
6.463931955053616e+35
4.735384056843622e+35
6.481225445653641e+35
1.2608622541440318e+36
3.844212182064482e+35
6.85099523471556e+35
5.621331282796537e+35
4.192021161674338e+35
4.690806599214794e+35
3.2127554695331817e+35
3.819880869684705e+35
3.92056391818519e+35
4.2099515618197056e+35
1.4289076652749882e+36
5.1157310901925884e+35
5.3521468561581345e+35
3.722496567201234e+35
6.361091643282758e+35
4.7577417051514345e+35
3.495806361385638e+35
3.7171832585945956e+35
8.843774781444455e+35
7.137073908669267e+35
3.999982698797421e+35
4.010669219556146e+35
4.521263022910697e+35
1.0118575741214743e+36
7.353769748566438e+35
3.5090433138886255e+35
4.311570467411732e+35
9.305178923834013e+35
6.70314538076078e+35
3.8084211659482795e+35
3.3218209724792512e+35
4.615016879047679e+35
6.457371317855381e+35
4.924241917417675e+35
1.4182661720872263e+36
5.757200549016315e+35
1.2069385450450031e+36
5.154782359161137e+35
7.792501576246491e+35
1.0747337058907931e+36
2.1187294351944032e+36
6.797106049754579e+35
7.624952637612405e+35
8.035222939629298e+35
4.803814722985494e+35
6.558232598654377e+35
9.821788172623073e+35
5.174865918791898e+35
5.400940391686449e+35
7.992686200036021e+35
5.3163346306623005e+35
1.601767402303674e+36
4.097401130365072e+35
5.616466734962809e+35
5.619024210602769e+35
1.6060624784011404e+36
1.212726336858358e+36
3.3549397168414035e+35
4.5443333474258006e+35
1.4779656770897057e+36
3.447408999386376e+35
1.5923233548767645e+36
6.323479026251907e+35
8.380334489724147e+35
7.81032287161908e+35
8.086098796283988e+35
1.0896979128758875e+36
7.31570416473271e+35
3.0530592143911564e+35
4.0936653690907176e+35
1.1560704123526474e+36
5.365770208658078e+35
5.469270689076314e+35
5.3419057615219995e+35
5.677486354166343e+35
7.36040165720165e+35
4.7266555913192365e+35
9.97294353017385e+35
9.397578171867855e+35
1.027671612348092e+36
3.912681944860959e+35
4.1730771512940674e+35
7.173759946291516e+35
4.7886638921872096e+35
3.92433343043631e+35
3.30882576736866e+35
3.731702805925087e+35
5.8563998947783535e+35
4.119226366677984e+35
4.990361146449793e+35
1.2336464225906328e+36
7.781133961029043e+35
5.355336651473732e+35
1.2473348690134409e+36
5.825011045898313e+35
6.5070382395316604e+35
8.189861259940094e+35
1.783969051672124e+36
4.928253310527548e+35
1.2727039801059317e+36
4.362843305999744e+35
5.418648364696217e+35
8.09015522720697e+35
5.489860228881892e+35
1.1187595410176318e+36
4.480500274101636e+35
1.4699074669998147e+36
4.082021081712595e+35
6.6172507586218274e+35
1.2931597149255642e+36
9.377584717385461e+35
7.249300015404158e+35
4.314836941972662e+35
1.6797813605401595e+36
4.759096081853833e+35
9.19874016328587e+35
4.761503492269935e+35
5.7764296258586e+35
4.164798811247921e+35
6.885152791830953e+35
3.985668520499999e+35
3.781899630369263e+35
2.484428998635677e+36
5.7117224820151825e+35
1.0878201779143539e+36
1.084733164333605e+36
4.72421891539167e+35
5.549293384611276e+35
8.631256555618553e+35
6.757228394043334e+35
4.848007409308651e+35
2.392706475832154e+36
9.552421051202563e+35
3.580930094321677e+35
6.706034514495403e+35
3.634777952834562e+35
9.570522956612063e+35
4.5132265049427506e+35
1.3000571880319186e+36
4.605692475636661e+35
7.596027721960093e+35
9.295809512889705e+35
3.548429494224123e+35
4.236832835919065e+35
1.0985740505624982e+36
4.667628574670113e+35
1.882377660481381e+36
4.925448374325062e+35
5.292402646579616e+35
6.239074508247078e+35
8.624309776005497e+35
4.9600189954791184e+35
5.682350751411343e+35
8.012578571825983e+35
4.602092147457657e+35
9.52859882179656e+35
6.942335123869347e+35
5.514178650067295e+35
4.372973412085952e+35
5.393035825492855e+35
7.907196231750909e+35
3.858240027828027e+35
8.90798071446438e+35
5.880168174335719e+35
5.528376385345099e+35
6.707855531175802e+35
4.433527620604284e+35
1.4304751558485628e+36
4.302308083781343e+35
7.945075172921068e+35
1.071055464387708e+36
4.574548640938167e+35
6.4498796807981776e+35
1.3300669050094285e+36
3.805534974081267e+35
7.686226732001516e+35
9.194351151995063e+35
7.137402342187062e+35
3.4095265053530306e+35
5.3683906445376434e+35
4.255944929563248e+35
3.634688533278359e+35
4.484382717845813e+35
1.1144804642387368e+36
1.3320405702625672e+36
4.994264499670171e+35
4.695388330946228e+35
3.7800165691325625e+35
5.574907694274899e+35
4.810986640611386e+35
5.206813322254631e+35
7.610821620127715e+35
2.1970819755598755e+36
5.6077253357244804e+35
4.294740505237618e+35
