Model: PCA
Dataset 6: ionosphere.mat
Time taken: 0.005022764205932617 seg.
Accuracy: 0.5952380952380952
@scores
13423.196612540738
21423.933330225806
10359.174269042625
25356.951383230233
14303.049662945588
12998.371413969731
20598.41896580084
27770.93677494784
18724.47316270044
15334.969732977246
21530.379424910425
28136.998303806628
17309.24703289665
21259.945685612787
16630.380334877078
23635.403241834138
12224.229544147795
40658.473551282295
9767.064145526507
33505.879661218976
15729.851914040144
35951.89010989623
9539.763295818007
33343.66726840014
12871.185251148723
31763.96084927242
21424.381424264142
35199.85354431474
25381.737007235133
37909.798925123
19751.00143906433
30398.613858533638
15025.075537820692
19779.630116098837
18005.232499909413
26320.671593643958
13873.901237949425
33855.066062781065
11259.288002600962
16082.96590584368
17930.94398461371
34862.3095943098
14732.543462677148
30256.191497939755
18892.661707681655
29319.07910182307
15555.856182401207
21502.012333740287
13017.496418607592
23723.146977216325
14893.921083784215
31203.418444082934
32318.904306266377
37778.59320329381
15043.921169536421
36233.313595257765
15761.165475395755
37321.4168228752
13957.383425064
28734.787985842577
14046.774465784492
19411.802703978392
17083.815108637024
27503.261790447577
14721.178979675255
16926.74296730805
14482.912529912746
32456.150207635746
26757.025697038833
30650.123744647233
19948.93930433501
34409.92537180191
19948.454160475874
14811.917090786937
18059.613970664443
32513.710190438847
16495.130679271082
37279.64937724596
28620.26781827608
34176.66430258108
22191.27026162428
33003.98095643306
17964.338393658552
12299.423245385497
8114.458470010263
13228.822273074917
9428.972605792334
16660.311478134972
6060.815583505103
17115.225280757553
15132.789988117327
19923.169613773924
7822.051617573805
17615.380627423652
6976.0775311661655
24850.247564181234
24271.83935942544
26293.182067455575
30625.071764671622
8229.751536837097
27519.618376414805
14856.875225003672
16855.809765184527
14720.537310841519
17133.627987366148
18118.02936361232
15417.27644307101
13296.626348617452
18881.2980953046
25443.245416732945
19200.52448290588
22424.08328447754
17838.847881868984
24776.212867066894
18204.4765356006
7299.533743413963
9554.85225036278
9503.00047762882
21098.230752244534
14303.87882089961
10779.50713591907
17226.817532085002
18552.60690632124
6527.018282377846
23670.34951483236
16028.843043242392
19901.260561759802
14151.942368436692
20904.650024082308
14513.41822607563
14212.489593056478
6360.112249172456
25329.669613215017
18005.042605107592
22019.23201843337
24087.99300807473
30801.26768836756
7290.72972917589
14509.576530707884
10974.207832746075
27198.17204630225
13820.768667164868
19022.76177257526
10974.295142685613
8205.086741289535
10749.612947645304
15670.229953853222
14646.227624581812
20770.768467001184
13982.963064089407
15771.131823380892
8276.876135327753
11956.829685595048
20166.820274513706
12716.549559270157
9891.785287788793
12294.610532623949
14658.19504369684
9911.620255084046
21066.739101608662
12154.739712652115
10918.145887222985
37487.81808355298
23462.895380268666
28311.29004312988
26737.07722018415
34807.82356950503
27400.579268597296
15719.799380741635
12596.651403708154
34562.99917070491
12712.539640959747
26837.662502661347
16813.237222055955
14762.315739978665
15933.708425263978
26156.47832747889
11452.647320115908
11673.751430484404
20869.1606819053
23555.876658843594
14113.240688216934
33172.74234449019
17053.68638422228
31203.095336560033
23516.49187409658
32590.75431068465
32151.394338342492
37702.106943214436
24391.055209297803
27542.613568018416
11993.740086210693
21051.234760942112
11131.496086316834
34587.06793058744
12888.455668369212
29443.54381906685
15968.314846579908
24975.779077315365
14288.296732281253
26241.69464096645
19744.99772292478
30959.81069812779
13072.310644791829
34962.92355453044
13164.117641265442
37347.08692815455
9786.799531804361
19482.42220382465
17203.33367990034
33447.611435210834
6292.760813175807
25323.345307687036
15895.935427627533
32983.97451785053
22876.193809970217
34072.673957097984
14320.768579916637
28853.38492003345
22069.02788524154
39384.11857368501
15046.429096228767
33201.4631411813
19077.213703511294
23250.42334352808
21171.21801560551
27596.68951105425
20728.74252717683
32490.561377700178
14342.045858441332
17087.079718507797
14029.797431821193
34524.52622866887
7764.820193100419
17088.847421858052
17258.472131315455
11935.655971951024
6710.932788223829
11743.02063269055
8505.575799815138
18588.983613400145
12657.745545667145
18109.70866513777
12376.926803189024
16884.439665166057
10824.754676415403
17648.940660671615
6105.0362232065445
16855.809765184527
17447.459962689172
25883.95394996564
21013.588410050186
21113.812355780112
22761.200383750507
17226.43919063671
23484.786288428033
7195.16553043485
8531.94466085323
7914.078276224676
9349.32214823186
5926.057969294192
17690.57581228802
21332.054116939846
20918.992927534422
25382.798907601795
23237.007669304083
16630.773075114965
10719.993137102969
8785.75570418619
6957.419605578971
13719.27241486088
9397.181991912585
10587.104141217955
6626.414302966366
6313.296487705721
7351.491194926845
6335.4149702812265
6221.391960435441
18880.84353281239
23359.64016634444
23465.59086258324
25118.644679600082
25119.67180335678
19285.421889689977
11251.303094735862
10104.671814053783
6431.803312174976
10486.58119960963
12588.72560789534
11374.379531488208
7569.472341708037
8956.997698074172
10951.230247303087
11265.67435834405
8972.024434244315
6733.133452692626
25601.838897956313
27686.39814055948
25744.98287852225
21216.253114958672
25749.90452171895
21144.503458285228
14435.566336658534
13392.438556607574
13793.025513193861
9739.35250052031
8218.13553277784
30860.681608163715
25587.860547878146
21567.2278324171
25759.81591430772
24868.377658821442
15053.323605373651
14130.641821668403
19250.447518653047
22461.34324977005
23748.583819630396
12857.163025831936
8605.469915092192
12161.954457945269
14728.532668303893
12438.438091837903
13445.4522054071
7088.1904011560855
20230.239897954696
22104.891656767875
24409.514910894715
23467.092916635283
18809.973519163123
13420.693479041483
12619.633255284934
11406.300982349501
11256.05590054665
14281.138277253205
14421.161810212812
14641.053933808087
21411.99395698452
24486.024292040696
17807.864765972427
22860.883763338257
16038.375459082952
14147.517117986608
10363.062492539722
6882.451146636238
9417.54178977744
12104.274822431124
12360.274500939675
13443.63920498149
13213.472671900137
12624.317612902663
10819.616362538874
