Model: PCA
Dataset 20: vowels.mat
Time taken: 0.0023217201232910156 seg.
Accuracy: 0.14
@scores
2951.76674413789
2765.2781375490445
2642.118603423115
2542.9490784788986
2248.4224408265654
2068.940445826739
2277.7199743498268
2210.3097027606104
2271.341916216818
2181.519542428233
2238.9419355877326
2470.122024072237
2719.6650382079442
2868.659250431316
2966.686046483279
3067.7868071260796
3136.100937360963
3100.1441196773503
2895.695832699882
2727.7608621507857
2488.041223980418
2141.7332097715566
2065.6040997879963
2156.4504653127356
2256.32115021194
2625.867036854173
2477.6178127309286
2115.7906753404286
2097.3604281703897
2122.8428722318563
2156.1598831374995
2156.602366674508
2421.205101135551
3192.237337936086
2863.0007062644904
2549.7369551629263
2739.7848695231214
2716.0626752378244
2475.599643709357
2077.2650707898188
1948.7255965926588
1939.7109608190658
2009.2963917605023
1811.634271885121
1911.5179406722432
1907.1399890106532
2163.2322836379467
2493.2312063669337
2848.9264055096983
3331.751938609941
2814.9782257397364
2723.54306708938
2780.264035915072
2749.7895092629133
2874.6806472526046
2586.9688027198918
2369.58569465804
2585.0244125953004
2504.3147185064645
2263.2554120601
2419.73782289917
2574.140696222209
2601.286265471838
2587.0663769613466
2850.744601326827
2781.8492211634134
2797.058337896543
2875.636540211327
2914.9010068944963
2978.113132568049
2880.202866376726
2642.661937556538
2733.2126856456525
2307.325686496171
2079.6905247987943
2204.6092338409494
2420.8685178341702
2045.4425653435842
2044.6942520514463
2033.0517941162639
2272.2125779967023
2117.620966867281
2413.1390560774985
2407.890546980964
2355.6070645560258
2597.2849213920667
2679.7374022817503
2801.801296911305
2346.14875396683
2052.972725348154
1857.5088241245287
1865.0648633663288
1990.7799404976868
1984.8749343919394
2272.1084244341537
2370.956720811162
2179.8460824910258
2196.595858950991
2308.577155920511
2612.5250271017912
2648.965970054267
2710.8911303046016
2643.278086710251
2462.9867256187026
2309.0614664771447
2033.342493239389
2107.5363263089325
2046.2421928921704
1969.864448446378
1829.1887621279393
1672.681701250644
1562.9778327081626
1610.4154018929535
1954.3253398198733
2099.685446805368
2239.6481663825803
2412.0976107357496
2287.2292624889446
2738.875732802391
2483.0098012002013
2372.568769638937
2022.270916336378
1952.5124291881161
2241.1047942348164
1967.4932616973438
1879.10087458522
2033.5561648942116
1935.0944035921455
2153.1885034385095
2401.2156439411465
2351.2717095066973
2330.280507767244
2358.9606666227373
2569.569426461525
3282.2595539829176
2878.9941980988365
2716.454505206545
2723.2151271693556
2626.333223910914
2402.9295850650133
2134.6381636512783
2061.6546971709404
1967.2299349929613
1832.399501289163
1629.3092864659898
1514.866533582181
1466.8086290060505
1747.771362226255
1961.2275133967223
2108.22979971794
2198.135292141515
2271.3900136816887
2365.2898989299747
2427.952766416864
2409.2627131033632
4047.111983361923
3695.5126045753086
3441.9700198424625
3333.4574099849897
3222.483591023697
3107.318676847661
2958.455238603794
2712.295603312543
2524.4688035586296
2529.9550477733555
2462.2894567414437
2190.52217673634
1949.1815402567513
1848.6837039298293
2065.8994572395036
2304.222076116791
2590.040717882649
2722.488430858229
2793.844139262705
2749.175444563658
2616.762647852537
2617.3672590430238
2623.3747770532386
3093.714960646844
2868.2536489411823
2659.5461304061682
2396.2426640771496
2305.1858848352604
2218.5533692096815
2018.2751043575493
1962.5725294659924
1891.907427508469
1645.624109870189
1739.5695408655365
1867.771068330294
1953.304683946296
1989.0076220119613
2054.8376786886447
2070.78354596753
2113.7306621778357
2133.6721259769392
2129.204908990435
2733.6554885853798
2782.3133463385766
2696.0647980378194
2544.356036451479
2202.319329839907
2162.9239876629053
1785.043657612457
1857.68135421145
1815.5516722433354
1773.1476160111722
1595.336012778711
1572.191413567741
1723.204202179481
1930.8414587464003
2143.3388799386917
2444.4537917192333
3155.813791986134
3158.2156432847028
3116.3722430229723
3000.35807808746
3166.4074705060407
2950.415884223188
2738.7102047181343
2705.4828936267104
2798.8950412950608
3024.2819209410436
3107.740277416243
3001.336949549628
3200.364181296143
3361.1000254110095
3313.948908447095
3401.6747390307864
3282.1236311340376
3338.70129324917
2716.2118309646776
2715.6787206023173
2209.4807599191
2456.709188856825
2315.240803531924
1928.5474637488219
2062.976272380709
1839.2366849002854
1879.4039835782337
1946.5889499158347
2065.8949473478688
1771.8629802795003
2041.983917992985
2137.1003229079206
2182.333582995753
2345.7655296136177
2461.3504293501996
2639.9873851274583
2473.5366194125704
2358.6122816481725
2260.4106542801737
2236.4925550935054
2076.0127190990447
1954.151646612119
1806.2691340450133
1778.5493107828306
1886.9072236846216
1950.6262292506794
2037.2620758731186
2056.358381130751
2165.9899461647183
2170.7335706923645
2437.7805253108327
2403.0820301878953
2294.7414439108884
2226.622277029097
2065.768563648231
2057.8651242662204
1984.1045827964444
2068.2226408725705
1950.26475696926
1683.5889293188975
1820.772410007155
1830.2346020249338
1913.3491590788099
2033.3684520739766
2261.180585959019
2619.5033695247043
3028.221966312699
2531.542181025243
2599.273596233818
2293.2354446689305
2105.06806492971
2031.8071597889107
2138.1361682082115
1975.584915548102
1868.5710369125327
1635.5365164040618
1573.8616984288467
1492.5196388705745
1841.463064123625
2186.0673910592145
2163.1106166806267
2390.879380618621
2512.1171200044973
2651.0325041324068
2715.7483281484283
3109.0676114831786
2859.5359885028065
2926.901786106054
2680.4904739607127
2498.842972954335
2241.7037171159077
2106.592521514497
1920.4231239214996
1897.0553860782843
2078.7661102187376
2318.8594879459906
2426.05627529303
2127.676029150177
2078.3979119308497
1782.604518819668
2081.1318844425923
2424.4249838744045
2206.0728343588607
2591.5130490712672
2609.486013257335
2366.157873351138
2254.2581845412456
2223.0718740590983
2424.8341352683296
2521.3517065238952
2165.9972817197986
2027.2695342514826
2090.911288673042
2223.9832371723683
2063.0657456477556
1971.4003554635497
2054.944585307883
2108.8314375672553
2431.1999471370345
2620.8834759592623
2309.069728969891
2213.0249592453383
2233.220802075119
1936.7209181287494
1968.1473129653218
2003.9120186308146
1944.7026917355506
1843.7388412167975
2029.2307445911956
2386.212745759094
2463.335012807326
2607.472734934946
2528.9975139447397
2725.5355239633236
2719.252166434934
2552.04596825343
1856.9853553074506
1826.3788688260518
1754.9508377594093
1710.8598156769226
1653.6395599580765
1761.0586253002668
1674.7240079009657
1622.9054725216783
1860.8870104684966
2114.607002979219
2223.1877175144878
2247.876333019053
2302.690203358736
2283.6144770999686
2422.5447387305157
2555.393069737504
2673.672176179597
2772.8033174041857
2055.7161157062005
1949.5433683039355
1965.5147544181057
2029.5113610726175
2203.443499833946
2447.7116663026827
2400.3254047720975
2478.0061585265776
2584.2118148943473
2565.6520749813835
2498.4505268209828
2673.1102371918482
2785.464891267527
2629.435258113086
2556.4088471624573
2420.3756249218522
2237.4878814305202
2044.0646952650932
2150.683901073513
2028.779206586004
2060.3785532824186
2052.375201900336
2020.8644149514316
2051.609320236145
2162.2790383516453
2144.3842357539093
2327.7623730522378
2506.313814036423
2676.907502964912
2575.935683303869
2673.6886313741365
2481.4342209931415
2414.9933553571764
2416.589600095226
2251.6621809930966
2136.075364771516
2173.8678300097977
2113.3940760080773
2176.5536467524203
2228.958412172328
2090.3887383867486
1786.811143249473
1738.0552626575022
1861.330192054324
2130.197807938838
2373.9639120405673
2555.2017193783527
2679.59336904647
2752.8662737592394
2876.96884633202
2718.6261423526194
2288.944587340043
2289.1647907445804
2329.1868113468386
2358.3812656328855
2063.1081049907243
2065.9874456007583
2325.5268959254327
2716.319818721352
2790.6463584650273
2778.472402016547
2749.2319916197866
2796.1018174221945
2886.151886913951
2752.363123976388
2797.148151820714
2918.306456205516
2880.073459590274
2757.435969662717
3053.681316749148
3139.2332350416905
3294.069162237944
2678.408024304652
2568.277201962622
2105.1329630677733
2299.899384143487
2100.9672310702113
1940.2316851001667
1884.8228738790065
1895.252704124085
1962.522666482663
2056.3764799195187
2186.702361144913
2193.7020065624647
2311.7762114965203
2336.181189711146
2460.918289313433
2528.4741909556315
2686.5296280976354
2101.8635485925547
1863.261238541129
1764.1900672974057
1761.9680055212255
1716.051204849714
1756.1320646079503
1731.1150672499468
1846.021680525772
1904.3795990395115
1971.556351402689
1886.5626939340664
1899.3447934589835
2008.0673591118668
2092.968956985368
2190.0356320855244
2335.9561995035215
2426.27138638511
2668.028610670123
2565.6948806582527
2371.969762225656
2094.6455283335417
2143.418856202403
2193.954848317615
1950.3225599874354
1617.642638047203
1439.9332728175043
1674.1421427831103
2209.077839170593
2443.6164447337096
2441.5234409279337
2262.1378969340662
2557.4313705787554
2562.585415542694
2620.741507625271
2204.7811354763267
2255.6939893864933
2294.160039576156
2192.6406673507704
2033.6969652779226
2003.5961939666427
2013.4386345959692
1689.1341250529363
1723.4879638815435
1910.6590186022427
1810.9538536804616
2116.532666992665
2352.3085796845508
2623.0053539027945
2836.0094319398777
2965.155710165385
3117.915008906374
3287.2429635513745
2465.5507393521584
2373.821594551931
2460.3392591136526
2290.191240483303
2177.2557356439875
1991.3086467891667
2083.6727324313747
2095.8266871086425
1890.3242795324325
1795.343999522088
1833.8561939640986
2021.0051085811772
2339.652644719198
2420.7951831734295
2758.5532810174846
3070.274595579931
3025.2834956365177
2755.0702354309105
2563.8538216878455
2454.6692869288804
2442.8734295397976
2510.1117644028022
2446.845489252964
2448.9220519893447
2483.524522059038
2506.5082228463816
2546.1509815683758
2599.481260474601
2624.2690568578537
2582.534437479285
2470.6520338098435
2283.5859983692476
2242.8700541140497
2269.7949751843244
2386.4118637194333
2120.311221566152
2155.049518012107
1985.6263165517523
1727.9115991560857
2022.4743911434953
2089.7510082499416
2532.9993665434677
2460.890196192825
2251.072081723756
2687.116121310669
2557.227478980414
2234.7082322569067
2060.6683235404657
1832.944946947402
1777.9382544048149
1949.7792783008
2360.2911122507508
2433.988271989153
2558.594168590218
2409.50961928411
2350.673068492763
2183.230214085344
2037.7353602625049
2132.93548904625
2190.063549394227
2003.1914583986895
3731.9816162050492
3145.0226343829854
3130.1308019088283
3008.208891704605
2781.502905712983
2495.3744446923183
2604.1007562395753
2236.7547386467104
2268.7815954248954
2497.135942479979
2925.7850936455175
2632.9883267384084
2429.79413320564
2481.5992488535308
2502.238100209026
2498.7469396145616
2578.9953959450118
2836.989450658834
2408.9880509137342
2591.0145527017066
2367.5051094706255
2407.6454055766476
2570.38129949211
2827.8036468729924
2567.7296227324186
2353.669563045098
2461.606029575033
2499.783979679504
2242.483649613878
2302.9917008946086
2371.527053280451
2545.627027127239
2933.653089487014
2806.9696592158775
2835.1205872947603
2749.4476244428133
2410.2337507885236
2101.220380631519
2411.7245773198656
2307.85010343264
2417.940397762663
2826.104416604473
2904.409958302039
2621.577211835621
3344.9358875259154
3257.992063092008
2915.730213978055
2730.8206218952364
2563.474012400142
2487.276992755339
1947.1162225196213
2425.4740689129508
2667.2639681257633
2673.136450938003
2831.961472359217
2960.1109686190775
2981.9988316777853
3042.4181788422266
2744.606392846862
2438.0605039009006
3849.5115336594017
3667.1031436408834
3490.6731765810446
3565.1673479718484
3656.164779379213
3561.302639521191
3332.2190016182067
2875.2217483513414
3206.8339645405517
2986.0791568547784
2855.965873378226
2600.598463302491
2907.4412198005693
3105.879845141303
3081.7763691205328
3016.610635848333
3112.1669239370153
2923.9857579740283
3309.4682679432008
2702.848679958436
2826.0903515464006
2835.0730481237174
3025.1514524773675
2893.753380171525
2469.317914761381
2274.777992226741
2203.6393516072035
2669.4704902006843
2825.4902084437
2808.5736044674013
3107.0634816421248
2669.4634597417335
2548.739892241413
2793.960338317105
2473.056957488634
2380.1038138068066
2092.647712753059
2022.5016345093413
1954.035144815411
1996.7252380699001
1869.9701083918803
1896.9247132736707
2336.886907951067
2767.203055932472
3013.773613839432
3086.1388363476362
2932.08856480543
2715.050681714286
2502.9194698720867
2645.3323214733336
3000.076651694151
2978.7117550444304
2996.9150208161363
3004.1169224004716
2711.1403507798723
2389.7923422799495
2469.7330856167
2574.524423217736
2387.106891106192
2053.7848260614965
2117.014470406256
2201.9403511682367
2404.536280798352
2735.8351459623286
3038.3728550709056
3176.4325832891636
3336.840408113866
2975.6363269332564
2629.8838041723734
2435.572241794922
2912.1172283466185
2782.8259625661885
2621.518647685286
2568.0436553914305
2572.1624359775406
2834.9717723716212
2870.1739228153883
2126.321821805949
1925.8754794402437
2284.6857984016847
2318.262054222216
2096.844697863939
2117.236989616429
2144.4163186897613
2178.166785328437
2186.2286796507437
2414.4418186247776
2353.192175908001
2249.5908195914135
3130.140245283371
3011.968808528989
2587.4357978097282
2837.896414387057
2751.592101439008
2512.033870511934
2249.5835966080585
2265.5740309957273
2379.218784627401
2419.405551568227
2406.576594828372
2463.3738131370706
2795.2316452177956
2909.9046028325965
2961.415526279497
2864.7536871239668
2695.156410745303
2852.397898767669
2910.801117477153
3059.513612386729
2722.382205252223
2690.1188386397293
2741.423658007364
2475.3517196420794
2457.388300888384
2502.6433220388226
2385.8797719950758
2398.169644507372
2400.3506656810814
2519.965060604027
2720.2772690590837
2811.8045708032023
2645.1916938385725
2524.5356124569953
2403.0461160341547
2321.8087451369347
2294.18843182316
2505.983033128031
2629.3527778363823
2810.734518414476
3131.30405807446
3600.372192365383
3427.139021088161
3121.9716351136394
2866.215346112437
3074.060353716816
2942.6179205012595
2835.2093076892534
2526.8801213282395
2294.2797669611477
2413.845994829783
2377.3917737692323
2151.5254049069445
2260.8040558430157
2731.6200563729867
2848.562384774671
2593.444444850926
2543.908132474621
2439.9275050742676
2558.134464433403
2682.7177304322768
2665.7809009650505
2741.3624445436044
2525.6857044276753
2572.4546872000565
2580.475835488691
2195.411546439297
2020.2704913328632
2189.248029324663
2104.7665474789624
2466.193693572839
2844.3579616499865
2606.4562559680003
2351.9781040689027
2659.8520408183394
2738.2558296887723
2530.942820817835
2559.581106092794
2504.6780424463936
2677.33258206944
3180.67723590041
3050.2567393941454
3258.4025046108263
2954.9075935177593
2417.238049629693
2597.5244841787217
2623.5284403387022
2429.451707142774
2418.6866014755806
2201.7115869900135
2313.337718880639
2136.232485039514
2103.8130970620846
2294.758610913621
2439.6060673742095
2529.2556182927847
2512.71985660697
2643.081979900757
2490.158722446528
2500.703556584366
3607.7716004414324
3326.454394016807
3071.4710551216785
2731.062353829977
2603.6021536887692
2503.1288200019553
2622.765259862922
2326.332201030321
2186.922451662993
2423.785664529929
2414.04012939297
2388.923440937905
2461.00027660296
2566.7210360641184
2494.7517664271436
2298.4452047382697
2388.5789107954206
2173.19628620588
2359.0052140071803
2209.50561665267
2050.5973138312897
1722.81114416385
1579.1106961963912
1776.8133467139705
2044.007591197842
2130.781326099318
2412.2830958659706
2379.8255561141304
2718.5087824877187
2705.2137742858317
2409.125371656216
2936.7335796296375
2911.8654271516384
2871.333574793858
2479.2378496589654
2638.6863259781194
2494.819334398897
2609.711777231069
2227.3136051260194
2594.777834544232
2808.5040414549376
2438.9778020240888
2496.1301426358586
2699.7831481650537
2486.4724042666357
3091.4670090699883
2860.6559880333175
2777.2383261660543
2631.061708056267
2333.59236068237
1975.5671292590264
2079.783183436842
2022.6408348049777
2020.0203949038214
1970.3764274964783
2669.883604373008
2387.5784189656706
1765.2731310516574
1944.2526369909688
1999.3274232665422
2639.257332600764
2621.6611233220283
2522.823393671113
2318.433020689664
2091.7317845374373
1897.5066661754693
1983.148495713736
2118.646074063755
2142.554721819332
1884.9622068955034
1659.9250547439312
1482.1620599608145
1414.7226933001837
1727.468970855377
1835.8720557087586
1549.710863504948
2497.819722373635
2437.3615267316877
2245.8710303673097
2341.0622107211475
2209.9435217285345
2138.9358825485256
2197.6393959644492
2160.6601317864643
2127.2174684287675
2109.6637980291744
2241.650262155079
2057.8640958009073
1842.66843551308
2014.3964136036782
2091.3122450359538
2167.8248357195007
2091.7184058054645
1926.4265911648172
2076.233592320712
2244.423691777456
2143.5422261923395
2911.8189962697415
2528.438217280972
2263.7280886537246
2317.386777855446
2222.5789544906675
2247.758312994274
1976.6717334776456
2111.684860391037
2248.145247213017
2509.9200171220446
2233.9664591042065
1777.6747036464903
1762.390917942239
1947.1450110299545
1894.3122849213523
1694.9239646588144
2560.2377146940507
2585.8019301930653
2192.026772573984
2073.9967892747545
1893.6008105793208
2235.454980058006
2100.867386857488
2101.884540282954
2367.0120774981233
2523.738099637975
2483.210302416349
2418.31657745395
2431.3901277358577
2083.522308506758
2331.253250247259
2385.9068158661516
2689.609734545694
2610.8443239337457
2672.20167389998
2246.1899768550365
1850.2816230093201
1830.0986591793303
1829.7785115736008
1732.7610758609958
1819.2279302546724
2073.872629554289
2027.4871222248366
1737.1254908112019
1680.5131982866758
1722.1778103370339
1870.5096703002887
1947.2477101001032
2134.990743237189
1814.710481074851
2068.9846700366616
2110.497103435914
3150.5647992220315
2767.225285721318
2638.651152816574
2592.0857891396327
2702.526872778123
2659.9660847914047
2456.0817105230817
2265.048191609464
2208.6419620244487
2173.7301602646694
2245.594512851078
2152.2043864823368
2048.6595637468963
2239.1577352094127
2044.807056503656
1888.0524229033456
2704.4566259917597
3302.142640826076
3129.6295532599497
2617.734904269576
2633.785413709128
2494.410017205626
2382.7119251013823
2438.8675185199777
2520.2909068478784
2309.9312215991167
2217.543723771899
2173.9683449615036
2169.633921453256
2428.1788480886657
2348.839254843105
2342.479212746217
2280.9995065917656
2249.3280088857437
2366.7065919317256
2358.4213734213836
2444.6182595977525
3010.809049110536
3555.156345125989
3037.600384939583
2720.779483204399
2803.8924899459885
2752.3312043523697
2848.242411525844
2951.509213306469
2621.490156227821
2059.0307423563468
2031.6440202515355
2406.789284155477
2135.6867882648753
2234.2728067232765
2347.768237982381
2383.4836164273356
2392.6019827457967
2270.9862600297447
2174.724378252301
2448.0327541326296
2476.665193166774
2175.8521036289167
2260.6445058942863
2040.7605824740795
2193.5681687780498
2640.8969783745943
2556.81716783444
2106.2753983759158
2114.070363402295
2356.13951957304
2220.7957377552652
1932.9598317734617
1727.9234376864229
1859.252205350795
2239.090849641292
2494.639751646613
2342.19496766713
2561.605658716087
2958.00981379126
3030.729950533835
2779.4765033583367
2630.394691631345
2447.779641352928
2513.9441544332803
2705.417439067439
2898.7003785523248
3308.1860703606744
3256.385006655497
3046.3889059749804
3084.868062734833
2815.8609969839335
2509.1711852231074
2495.645072522478
2125.0707392255717
1841.846609556409
2161.3890942591115
2275.01708275236
2659.1690073557183
2556.2134604944345
2474.2647878997514
2195.1853835185175
1790.148476696601
1708.3476787717227
1560.7257739502038
1561.6294928090874
1478.8723088901168
1567.650511084753
1821.7809526202332
2219.9989692987065
2331.866787314359
1964.6377538553206
1820.6151916608985
1825.0516626946905
1606.1378446313129
1510.39272841623
1607.1497022155058
1928.2585418600238
2411.3193981673717
2827.4082239281397
2846.647440316917
2504.188381782632
2708.849865303381
2075.3877288257295
1563.2837371639387
1846.5493810858998
1964.675942965278
1778.847599024024
1585.8278053918975
1472.5153777784374
1586.0672674239
2669.847810123154
2313.6218566749426
2147.330109537566
2188.02434824957
2139.271000459041
1983.8038319509144
1985.9438365783633
2252.6894272827903
2541.369763360497
2729.0388337189897
3133.013137836273
2561.4396146912823
1770.6606001521473
1652.4957916170997
1552.915429113666
1734.5140563568993
2129.866604366201
2176.599563963675
1853.6620993656102
1831.5734829073863
2102.668203988827
2458.9240201687626
2670.3519725148244
2844.2614275920578
3120.8561591290627
2661.7422024392295
2644.7705424702117
2030.0663475138617
1858.7162105209452
1669.6562816594162
1472.2570306637112
1206.7706931988923
1500.2729818550226
1922.3908488188738
2199.270484827879
2389.829037304949
2367.2859031665457
2586.712341747102
1826.7001242327785
1638.0330211647042
1127.155834800371
1176.9064068669172
1297.4953557126612
1266.7989703146927
1365.5668178234555
1626.7611275532277
1959.2691499608613
2209.3172299680054
2416.227335703165
2592.8505314881113
2385.8463082816975
2177.9805712442057
2030.441483760826
1903.2473858262467
1763.1558076020742
1555.272556603699
1339.9401006858761
1176.2212379250761
1471.4749575266746
1765.6213144237922
2054.246309508625
2487.963524417761
3113.7328182220804
2905.7887231840186
2593.2808345742596
2560.830753580135
2418.285251656745
2295.891011238098
1782.7969080110447
1679.38252260588
1786.4529445407745
1741.3072907773599
2041.4856748552231
2371.992888243678
2828.8833784476487
2466.725160959463
2616.357229642259
2356.029365794181
2189.0332647086093
2226.48745367243
1936.828499402371
1577.159434327199
1363.5441972611177
1288.9617157548562
1363.0068219038637
1610.6453450608137
1875.0066367610161
2030.7032792015416
2297.1741155452373
2581.8663053592054
2817.0707615469246
3045.387819541022
2938.268968182452
2708.876380751063
2381.300810123651
2289.358938059907
1866.9756212507568
1450.9676351430812
1518.9837888327052
1985.6727456100525
2308.962584651057
2591.7803885611884
2839.134846531084
3018.291386737971
3100.866464287833
2443.808198894583
2186.8475516111926
2026.126039086668
1894.4898995370859
1824.9763247308629
1890.3652762925408
1991.9139862261932
1878.1186162375366
1835.3135610298227
2276.639874490436
2530.115929043722
2466.1960871864585
2227.339687228414
1930.7984400955497
1790.5026708905618
1550.1098260247759
1354.9624145953428
1551.9823410399324
1277.866370651731
1401.42572091155
1937.1686938925432
2309.705543369887
2407.647812679523
2513.969830926333
2258.2604101876605
1744.5591344321406
1626.2888853674185
1684.538998324996
1703.0142860781689
1743.644492635121
1447.2980859418703
1450.7930697543366
1789.1505640554137
2264.69123857664
2599.739956010605
2829.0289828033037
2800.1821808504974
2471.827624562127
2252.085558242564
2232.003292162045
2086.860991486275
1974.4893392596475
1990.7993289703322
2194.4618907139675
2553.1809359257695
2817.4662799058024
2976.9996292879096
2867.80117685584
2773.97922791335
2391.989434101801
1965.181009543438
1844.9601631586297
1901.2170043776616
1994.847022995798
1989.1225628185505
2110.4782487892967
2484.5008769993515
2456.041535333674
2050.443239825066
1540.7131431627092
1348.0997929580876
1386.1934171734774
1366.5858076626046
1392.7152056093519
1519.6253135229713
1470.3018692896817
1738.736860716369
2267.757312505638
2550.7645008683776
2862.111554978279
3199.540078481151
2846.8584585606714
2760.896748492348
2358.77764905577
2294.0296092722797
2347.8632662228947
2017.822885460129
1775.875185110902
1498.7537066301043
1127.7421715724213
1727.148246417147
2205.6256911074443
2596.199782342489
2878.5923741168485
2684.709474905342
2475.906468615017
2106.213654171689
1842.790181914093
1678.5478293438973
1851.0859807695606
2168.208714200208
2424.4549351394935
2616.1490298099698
2837.2552731705914
3099.357145808047
2989.5562011915254
3026.7011298846814
3280.139870692647
2868.902132555707
3166.745646891419
2923.9591895635667
2862.2360931813637
2442.5662964874846
2370.8066867384546
2037.354998975289
1787.6378317292538
1652.1631943534505
1627.2105637323841
1901.4387834825043
2454.1522855114017
2703.5688590468403
2855.042057169482
3232.351338368797
2974.4194540122962
2682.2374011964043
2411.0135903409214
2264.312750930711
2086.438156771692
1687.3140575418229
1776.697014757006
1575.8862395179794
1763.6576251250872
1974.1435103552662
2351.092633949707
2710.7646719922777
2782.610606892801
3093.012190847494
3170.6444643033383
3035.793983855405
2937.7260896526877
2844.5742664045506
2759.404993854587
2738.836890647972
2600.2248823124864
2316.0754131930853
2045.2244439949359
2043.4982114198997
2077.2226749269566
2010.5191935800117
2465.157951795316
2342.5623096217423
2054.4689150478885
1808.755892692232
1636.1920800940893
1644.4653534930235
1839.7586763690554
1980.4484821613257
2084.468555520486
2359.8360070087338
2682.256441781105
2700.330373529227
2460.039676178232
2143.4074098809933
1992.7718058373189
1786.1826829210013
1516.3761032454195
1290.2496248031769
1317.5203269729625
1547.4204574162895
1811.542316086925
2002.519075006152
2428.0396548061226
2824.0314146891305
3023.6652796240664
2969.695847924633
2792.689831932525
2666.4933193043307
2317.845698817567
2068.819928301051
2112.9417600130596
1828.1085529847774
1536.107863476535
1428.2699311350677
1847.726232066207
2397.761909238956
2873.9180724087537
3158.6695271195335
3224.7667927113253
2933.349733168937
2869.9282254971035
2686.2365247910802
2513.37753643267
2191.042846673814
2100.404845626691
1560.3427973905968
1163.4934892201943
1100.6665305049412
1693.4948279855923
2011.8594621474058
2406.4003086271528
2892.6178323939275
3378.4826941642887
3088.889788950003
2936.12800932278
2881.8533636269567
3042.1155400955195
2958.093546201675
2666.341796088303
2326.2531043882323
1886.9296740972363
1812.927027548144
1792.408313552616
1699.7018732946271
2009.8797723513107
2365.5586520000707
2628.586493245268
2837.7018396001586
2323.5689829364965
2178.1941406003502
3172.9330529588806
2663.2501700005905
2644.515774853816
2171.689236981995
2372.1158181550827
2959.3281274683027
2346.2523722425294
2667.967064793206
2473.152546796454
2550.122526669051
3101.0066230825205
3117.340638261794
1785.9418256848687
3234.8755128939574
2513.34961116745
2536.526397083159
3001.7236870259444
1940.5261376804813
2230.313493094312
2638.657345984378
2716.779000038765
2359.986505169438
1765.0604791670169
2158.9854544204622
1939.3525321697784
2922.743298959067
2372.1158181550827
3517.6669107654043
3305.97077771588
1784.330133915753
2325.7543004559484
3017.677625601644
2059.344645471552
2907.9929854655134
1998.7595274034588
2396.703702554071
3347.4701715736464
3272.0702016205996
2314.9349728272227
2198.3685012258525
1785.9418256848687
2772.076758500428
1939.3525321697784
2522.569308476813
2164.136097887443
2289.367564078871
3239.619859063956
3517.6669107654043
