Model: PCA
Dataset 5: glass.mat
Time taken: 0.0023899078369140625 seg.
Accuracy: 0.1111111111111111
@scores
14325.165785128227
10047.244669597047
10527.441349512532
8760.389210923113
9886.116807794371
16260.646650239507
10143.299527780537
10957.640827883162
10678.541689427528
9457.665104268188
15840.921280939216
10157.531044832014
15589.213798703377
11980.253645637658
11352.17881877279
10631.885727714514
11027.910217978817
17557.249539115935
11099.556821309721
8927.243216189674
11664.749832942083
19720.170994506818
9635.635868185238
9979.198870371432
9150.846084603256
9722.335568218201
8154.565848862039
9605.26609394516
10764.113013586613
8764.203572330016
11180.348467397156
10880.553820432708
13197.976692712311
11227.5561563735
9867.03763867958
9870.644123970258
10791.684592794469
9684.062336403436
18662.849253143024
18662.849253143027
10305.377889719983
10579.435825370403
8220.43940395201
16289.431593569403
17242.434095786444
9517.003266924401
9955.251880191125
22371.276011523227
15486.227779067787
9083.836260519342
19575.87745655566
8541.199962373506
7975.626849813846
7584.018752782275
7453.442185024693
16527.67730970533
21248.59548366323
9130.37509675949
10330.361834106245
9295.395974946006
9702.088302533035
13220.267722307552
14451.80960441388
18386.362028022213
13393.099369863743
12243.954911768269
14811.344091805555
14753.310853255045
14189.313471141253
15826.149124785246
17160.787680513993
18586.370919889236
11204.93445882988
10196.178449609364
11314.690640222676
11281.431953085737
9738.641846557237
10004.562102025488
11608.380427548356
12246.423021620221
13426.271805924396
10839.959347604196
9805.532442863101
10017.713140239957
17537.704297713688
9441.337699057758
11180.802715112242
9242.444320367633
9832.620278474507
12797.949370654089
13610.396847335513
10150.455552051084
13501.372695500208
10024.491311196443
11339.881326694363
7970.905991179459
10937.983592423823
17245.372044700693
10901.600774538956
7878.1940685688505
13699.16910709946
10726.53809217872
16627.598281657185
28528.635368161908
19723.54140656449
33700.02675318784
57818.300470593764
49913.28494566954
20258.058442829613
23375.37380378179
36178.525948275805
38140.85276035822
33690.17795560248
10129.036840702342
9789.54382888825
9280.126366035402
9061.38759115914
11607.174170449933
16562.473810856925
9602.1217886706
8848.395952012577
13472.339414612237
9188.466469967876
9651.497090217112
11217.863926849997
9297.062746341584
9519.995588500866
12404.704180695899
11593.963049596834
15497.547801591028
15378.73496664831
29117.21648571357
9953.206214124153
12203.079471471212
9522.740826940071
15998.112858979472
10865.404479752027
10130.941636392057
11818.296320612548
11132.443779569157
9415.272859704828
11145.84463712672
15071.652553012076
10155.901689805201
13990.064915024928
19574.13217731002
10071.82013073901
9347.629903610632
8795.83320851015
11918.18979640713
11437.582828755472
17372.115333308633
13376.24944145032
9303.182165574519
9395.218779898943
9617.516175661522
8768.527485369137
16810.190643812275
9178.643523770499
9206.932522513462
8671.645428633597
15699.332777485812
25012.077700704744
44031.48716542166
11516.709777723096
19455.53353133609
23438.008237988364
19813.68214341734
18393.79950400117
17100.720100601062
21571.27694658654
59610.59232331168
59146.9826614988
20116.526649765805
30245.899625240672
21744.624234830455
10181.35966754588
10190.632306072772
11876.806230171553
10363.98317460714
21809.49045166271
16970.60247899662
18326.202832350693
22124.542853485
43134.65007173535
27093.22184392761
28599.960938570952
12287.375775300416
24770.492848333393
32302.255106433273
13668.243495937591
21758.946183286516
22651.333281057567
24409.91750291199
24079.161355353495
22167.85117513412
21293.17346510925
20882.521518853016
22463.821276150793
22611.413062357333
23220.819819956152
32382.229832173936
23395.163179936648
25964.893375310483
21725.34882691445
24307.228419610186
23516.006595985342
37445.75160417281
22326.157992832243
24714.513106394996
25238.310434826453
24954.376952890754
24501.636546356855
24797.83715754019
