Model: SO_GAAL
Dataset 20: vowels.mat
Time taken: 82.5235230922699 seg.
Accuracy: 0.0
@scores
[0.99671876]
[0.9970839]
[0.9969678]
[0.9967539]
[0.9952136]
[0.9926188]
[0.99407446]
[0.99201614]
[0.9906239]
[0.98132527]
[0.9703407]
[0.96542656]
[0.9645118]
[0.98143613]
[0.989614]
[0.99496496]
[0.9957391]
[0.9417794]
[0.9265704]
[0.94093704]
[0.92926085]
[0.9480444]
[0.9489018]
[0.9533535]
[0.9145294]
[0.8909111]
[0.905663]
[0.91812676]
[0.9411845]
[0.9252174]
[0.95571494]
[0.9748522]
[0.96837676]
[0.9974358]
[0.9970721]
[0.99441934]
[0.99559766]
[0.9970398]
[0.9960289]
[0.99162924]
[0.9868758]
[0.98179495]
[0.9766263]
[0.95335066]
[0.92903554]
[0.9202186]
[0.974751]
[0.9887468]
[0.9921073]
[0.9975413]
[0.9894696]
[0.98335105]
[0.9954792]
[0.99716324]
[0.99557304]
[0.9905251]
[0.94518006]
[0.94978034]
[0.9235537]
[0.9540878]
[0.98415303]
[0.9878564]
[0.9895133]
[0.9858052]
[0.98247814]
[0.984028]
[0.98887575]
[0.99285823]
[0.99350643]
[0.9939517]
[0.9343439]
[0.93699133]
[0.98195565]
[0.96883345]
[0.9375359]
[0.9237124]
[0.85508895]
[0.7912456]
[0.9226153]
[0.9674478]
[0.98582]
[0.9655704]
[0.9787921]
[0.96795]
[0.98292136]
[0.9873616]
[0.98928785]
[0.99387455]
[0.8809159]
[0.9410238]
[0.9533717]
[0.9615845]
[0.98496085]
[0.98427]
[0.98513615]
[0.9761654]
[0.92553306]
[0.9718306]
[0.9877486]
[0.99237233]
[0.9938997]
[0.981875]
[0.98783636]
[0.9851839]
[0.98413044]
[0.9773302]
[0.9824003]
[0.9759204]
[0.9679837]
[0.95194435]
[0.9285363]
[0.85521275]
[0.8652352]
[0.90973985]
[0.92807263]
[0.9579507]
[0.9752089]
[0.9853333]
[0.99638844]
[0.995221]
[0.99212277]
[0.98769736]
[0.98509645]
[0.9903328]
[0.9844897]
[0.97549665]
[0.9753891]
[0.9524693]
[0.95366514]
[0.9594892]
[0.9725972]
[0.9784542]
[0.98460394]
[0.98645556]
[0.9956189]
[0.9950783]
[0.995945]
[0.99682754]
[0.99684894]
[0.9961546]
[0.9930495]
[0.9916423]
[0.99112844]
[0.9860316]
[0.97201216]
[0.9506018]
[0.9759737]
[0.9867207]
[0.9813882]
[0.97386384]
[0.9707403]
[0.975731]
[0.9829488]
[0.9896002]
[0.9926506]
[0.9996407]
[0.99940366]
[0.99919844]
[0.99920833]
[0.99920565]
[0.99904495]
[0.99902534]
[0.9985583]
[0.9981667]
[0.9981953]
[0.9975071]
[0.99472386]
[0.9709765]
[0.97295153]
[0.9789673]
[0.98536813]
[0.98932755]
[0.9936233]
[0.9938046]
[0.9939242]
[0.99500006]
[0.9950962]
[0.9955716]
[0.9994271]
[0.99931943]
[0.998994]
[0.9985951]
[0.9982232]
[0.9973685]
[0.99492514]
[0.9924754]
[0.9893136]
[0.9671703]
[0.97169435]
[0.9753675]
[0.9850031]
[0.985811]
[0.9853965]
[0.98476803]
[0.9870708]
[0.98888004]
[0.98776436]
[0.9783964]
[0.98165107]
[0.9838979]
[0.98577416]
[0.98816663]
[0.9888894]
[0.97513676]
[0.9698355]
[0.957735]
[0.9301232]
[0.9472466]
[0.952515]
[0.9620747]
[0.96775687]
[0.97145677]
[0.9666334]
[0.9987006]
[0.998898]
[0.9991061]
[0.99918973]
[0.99947107]
[0.99917704]
[0.99842167]
[0.9973684]
[0.9974991]
[0.9972497]
[0.99743134]
[0.9974891]
[0.9969019]
[0.99686515]
[0.997427]
[0.9974574]
[0.99821556]
[0.9984069]
[0.9966003]
[0.9965166]
[0.98579586]
[0.99564564]
[0.99503267]
[0.9867176]
[0.98866093]
[0.9713869]
[0.9710555]
[0.96022904]
[0.96426576]
[0.95682704]
[0.95314175]
[0.9256041]
[0.9165826]
[0.9475194]
[0.9644958]
[0.9714038]
[0.9932935]
[0.9922953]
[0.9934194]
[0.99328053]
[0.98919594]
[0.9861916]
[0.982491]
[0.98321044]
[0.98561865]
[0.98339593]
[0.98328304]
[0.980355]
[0.97413623]
[0.96975905]
[0.976861]
[0.97363174]
[0.9831517]
[0.9824977]
[0.9685525]
[0.9645468]
[0.95725]
[0.95178723]
[0.91334414]
[0.8107339]
[0.82913816]
[0.8233552]
[0.7587371]
[0.8171961]
[0.91182363]
[0.9668051]
[0.9766501]
[0.9895555]
[0.9695785]
[0.956721]
[0.9737319]
[0.96368]
[0.9720839]
[0.9309314]
[0.89875937]
[0.89300877]
[0.91121984]
[0.8949455]
[0.8728096]
[0.873327]
[0.8687829]
[0.9469935]
[0.95985603]
[0.96490496]
[0.9709332]
[0.9470148]
[0.94253236]
[0.9635745]
[0.9751891]
[0.9640565]
[0.93153095]
[0.9589883]
[0.9530049]
[0.8980963]
[0.85579276]
[0.8360485]
[0.84542024]
[0.8029071]
[0.81131697]
[0.75392926]
[0.7796137]
[0.80120575]
[0.7759867]
[0.9093783]
[0.996364]
[0.99502707]
[0.9931246]
[0.99251485]
[0.994439]
[0.99365115]
[0.9876903]
[0.98332125]
[0.9807997]
[0.97647846]
[0.96326286]
[0.96918035]
[0.9712684]
[0.9750765]
[0.98059267]
[0.980959]
[0.9959787]
[0.99531984]
[0.99516225]
[0.98838615]
[0.983592]
[0.9752138]
[0.9510501]
[0.92435896]
[0.9462403]
[0.9580728]
[0.9620413]
[0.97333175]
[0.9822288]
[0.98711586]
[0.99247134]
[0.99507797]
[0.9784708]
[0.9804205]
[0.9817475]
[0.986251]
[0.9805032]
[0.9714575]
[0.92688197]
[0.8732041]
[0.9492854]
[0.94409776]
[0.9597923]
[0.96967125]
[0.97277427]
[0.976264]
[0.9856671]
[0.99167615]
[0.99259484]
[0.99294454]
[0.9927208]
[0.9849657]
[0.9662719]
[0.9568873]
[0.9708374]
[0.98379755]
[0.98101795]
[0.97807276]
[0.9786967]
[0.97911143]
[0.97723097]
[0.9785718]
[0.979553]
[0.98181665]
[0.99495846]
[0.9962325]
[0.99556243]
[0.9924611]
[0.99306715]
[0.98302346]
[0.96723187]
[0.9570049]
[0.95056605]
[0.9656868]
[0.9781357]
[0.9752996]
[0.9668833]
[0.972125]
[0.96032345]
[0.9088546]
[0.9967702]
[0.9959093]
[0.9954673]
[0.99606675]
[0.9954062]
[0.99461013]
[0.9939425]
[0.9893358]
[0.98217654]
[0.9693282]
[0.93271285]
[0.9096076]
[0.9472543]
[0.98372316]
[0.9819368]
[0.9651567]
[0.9570811]
[0.95267093]
[0.95806706]
[0.9961603]
[0.9954952]
[0.98657924]
[0.9864381]
[0.98900384]
[0.99027616]
[0.98619354]
[0.98664033]
[0.9877249]
[0.9894408]
[0.9854059]
[0.9825511]
[0.98027325]
[0.97596073]
[0.97093904]
[0.9681736]
[0.970794]
[0.9769269]
[0.98432887]
[0.99149776]
[0.99166274]
[0.9935882]
[0.99464643]
[0.99128425]
[0.9919218]
[0.9861033]
[0.98904824]
[0.97880286]
[0.9782004]
[0.9788413]
[0.98138857]
[0.9867503]
[0.98522615]
[0.98113]
[0.9732753]
[0.9690093]
[0.97605383]
[0.98185325]
[0.9846723]
[0.9874464]
[0.94528335]
[0.9538023]
[0.9524865]
[0.9521589]
[0.95977926]
[0.9509682]
[0.9237603]
[0.899513]
[0.84072375]
[0.7896478]
[0.76360905]
[0.7238682]
[0.7688843]
[0.82565844]
[0.8632299]
[0.89637697]
[0.8817942]
[0.91326463]
[0.9874192]
[0.985592]
[0.9829186]
[0.98939085]
[0.9899205]
[0.97808665]
[0.90996045]
[0.8567929]
[0.9336057]
[0.9673338]
[0.9723666]
[0.971776]
[0.9788672]
[0.98394656]
[0.98269176]
[0.97987795]
[0.9609637]
[0.9667033]
[0.9699012]
[0.9750711]
[0.95754814]
[0.96696573]
[0.9589251]
[0.9297968]
[0.92055535]
[0.96289885]
[0.9428431]
[0.93694544]
[0.9401624]
[0.9457177]
[0.96668935]
[0.97221607]
[0.9773368]
[0.97417843]
[0.995948]
[0.9957191]
[0.9964129]
[0.9948032]
[0.99253166]
[0.9883183]
[0.9922577]
[0.98738664]
[0.9670049]
[0.9560054]
[0.96337783]
[0.9738401]
[0.97610116]
[0.98410964]
[0.9888686]
[0.9634329]
[0.9773102]
[0.9818962]
[0.9862433]
[0.98862636]
[0.9910805]
[0.99168885]
[0.99049413]
[0.9895841]
[0.9907901]
[0.99022704]
[0.991472]
[0.9907582]
[0.9855563]
[0.98360145]
[0.981079]
[0.93714654]
[0.94171274]
[0.89773625]
[0.9389496]
[0.8956363]
[0.8528129]
[0.8760761]
[0.8252845]
[0.80449164]
[0.80724186]
[0.8372863]
[0.77689564]
[0.5773533]
[0.86364174]
[0.9462811]
[0.9867295]
[0.9749598]
[0.97061586]
[0.9741072]
[0.9776125]
[0.9866594]
[0.98330003]
[0.97196317]
[0.9488149]
[0.98147535]
[0.98306227]
[0.936465]
[0.87557995]
[0.8954969]
[0.849119]
[0.99032855]
[0.9913362]
[0.9945689]
[0.9920087]
[0.990145]
[0.98521155]
[0.992985]
[0.9723627]
[0.98761076]
[0.99477243]
[0.99374616]
[0.99544215]
[0.9875374]
[0.9904836]
[0.9947264]
[0.9928075]
[0.9946548]
[0.9983239]
[0.9932849]
[0.9893698]
[0.99056345]
[0.9838201]
[0.99025816]
[0.99665093]
[0.9761284]
[0.94632256]
[0.94354326]
[0.878864]
[0.9674964]
[0.973103]
[0.953591]
[0.97419244]
[0.95710254]
[0.92969346]
[0.965194]
[0.9796792]
[0.97600466]
[0.96238494]
[0.9706478]
[0.9549526]
[0.9170711]
[0.9773873]
[0.99638796]
[0.9964771]
[0.99127084]
[0.995744]
[0.9970509]
[0.99725914]
[0.99721897]
[0.9948112]
[0.9791018]
[0.99394274]
[0.9908788]
[0.9908655]
[0.99394333]
[0.98396504]
[0.93522424]
[0.9438176]
[0.9593555]
[0.9747699]
[0.9664856]
[0.975137]
[0.99353456]
[0.99869674]
[0.9993346]
[0.99949324]
[0.99927807]
[0.9979764]
[0.99953043]
[0.9993429]
[0.999477]
[0.9992423]
[0.9986961]
[0.9979731]
[0.9949445]
[0.99675226]
[0.9977611]
[0.9955721]
[0.9928589]
[0.9662696]
[0.97679794]
[0.9927125]
[0.9975991]
[0.99538267]
[0.98222226]
[0.9843105]
[0.9823237]
[0.97296655]
[0.97048223]
[0.9551065]
[0.95276517]
[0.9370913]
[0.947307]
[0.96078837]
[0.970866]
[0.9799106]
[0.9107537]
[0.8773185]
[0.85856587]
[0.89835525]
[0.93333197]
[0.9356562]
[0.946597]
[0.98551476]
[0.98871845]
[0.98294866]
[0.9829273]
[0.9830135]
[0.9835794]
[0.98415756]
[0.9936899]
[0.993923]
[0.99446344]
[0.9973303]
[0.99757403]
[0.99717814]
[0.99822855]
[0.9978559]
[0.99720097]
[0.9932129]
[0.9856926]
[0.9821472]
[0.9834529]
[0.9708316]
[0.962242]
[0.9773625]
[0.97215164]
[0.9703005]
[0.96062106]
[0.9546969]
[0.8655017]
[0.8204881]
[0.8140886]
[0.92562807]
[0.9267111]
[0.83772886]
[0.8420775]
[0.8731427]
[0.9679735]
[0.9756292]
[0.98830056]
[0.99134946]
[0.98873806]
[0.9810723]
[0.96480376]
[0.9865917]
[0.9906638]
[0.9786724]
[0.9719391]
[0.9807024]
[0.96541226]
[0.9650066]
[0.9926555]
[0.9907398]
[0.99579567]
[0.9909214]
[0.9867198]
[0.9876861]
[0.9803736]
[0.9947381]
[0.99656844]
[0.99322313]
[0.98130053]
[0.98880017]
[0.9952899]
[0.99314296]
[0.98496825]
[0.9944521]
[0.9950364]
[0.98880273]
[0.9938485]
[0.9958781]
[0.99684584]
[0.99769187]
[0.9962612]
[0.99681616]
[0.99707544]
[0.995161]
[0.9938737]
[0.99452937]
[0.9799558]
[0.97833467]
[0.9685123]
[0.98004866]
[0.9844668]
[0.9825828]
[0.9835566]
[0.9838704]
[0.97867405]
[0.9793998]
[0.97640795]
[0.9731989]
[0.9750323]
[0.97259843]
[0.9824201]
[0.9923412]
[0.9928258]
[0.9771168]
[0.9777905]
[0.99340993]
[0.9894608]
[0.9815848]
[0.97525]
[0.95854115]
[0.94854224]
[0.9591414]
[0.9867313]
[0.9862236]
[0.97990555]
[0.96066064]
[0.9793353]
[0.9890659]
[0.95605135]
[0.9794086]
[0.9744178]
[0.95942366]
[0.9536902]
[0.9618412]
[0.9089965]
[0.9326813]
[0.8918406]
[0.8594523]
[0.90836275]
[0.9646795]
[0.97036487]
[0.946381]
[0.9521828]
[0.9549911]
[0.98567295]
[0.86936176]
[0.92500305]
[0.9263704]
[0.94696355]
[0.9378269]
[0.96063495]
[0.96694696]
[0.92837006]
[0.9604856]
[0.97067595]
[0.95997363]
[0.93841136]
[0.9620618]
[0.97944456]
[0.9887991]
[0.992697]
[0.9901552]
[0.989874]
[0.98770356]
[0.9784248]
[0.9966042]
[0.99858344]
[0.998471]
[0.9949352]
[0.9953705]
[0.9957825]
[0.9949217]
[0.99080503]
[0.9940541]
[0.99727166]
[0.99505484]
[0.99243176]
[0.9953765]
[0.9969764]
[0.99740565]
[0.9953034]
[0.99314904]
[0.8280828]
[0.7685103]
[0.76488006]
[0.8501302]
[0.64647233]
[0.7430741]
[0.8803006]
[0.97430634]
[0.96031857]
[0.951019]
[0.97868633]
[0.9916322]
[0.98189515]
[0.9672351]
[0.735339]
[0.91105497]
[0.9331174]
[0.96772027]
[0.9864146]
[0.9926325]
[0.9958615]
[0.99402267]
[0.99453586]
[0.98998034]
[0.98459554]
[0.9911295]
[0.99344254]
[0.7979996]
[0.82698834]
[0.9178464]
[0.93496835]
[0.90390015]
[0.83156663]
[0.8084048]
[0.8576144]
[0.9605828]
[0.9788544]
[0.9836732]
[0.9663414]
[0.92591214]
[0.92683625]
[0.95962596]
[0.9529348]
[0.9577894]
[0.95308447]
[0.98540115]
[0.97050387]
[0.93837297]
[0.86287725]
[0.84425664]
[0.81925035]
[0.8521657]
[0.9077357]
[0.89400446]
[0.8681455]
[0.9252254]
[0.71154404]
[0.58992004]
[0.70786464]
[0.90060335]
[0.9496306]
[0.9766202]
[0.9706812]
[0.9708719]
[0.98449814]
[0.99131644]
[0.99322295]
[0.9945238]
[0.992231]
[0.98771995]
[0.98273534]
[0.9774679]
[0.98521125]
[0.9738424]
[0.9900398]
[0.97797817]
[0.95519114]
[0.9418421]
[0.95627975]
[0.9367578]
[0.9304315]
[0.8948229]
[0.9112787]
[0.91762316]
[0.9893228]
[0.9924213]
[0.97579265]
[0.9826359]
[0.98871493]
[0.9956789]
[0.9913728]
[0.9103993]
[0.93009484]
[0.9191392]
[0.87097853]
[0.878029]
[0.7926153]
[0.91796625]
[0.9405154]
[0.9606612]
[0.9581736]
[0.9617226]
[0.94667757]
[0.98947656]
[0.98740315]
[0.98970485]
[0.9894177]
[0.98953104]
[0.98480916]
[0.9637774]
[0.98303664]
[0.921479]
[0.83331096]
[0.7753413]
[0.8872857]
[0.8549248]
[0.9022199]
[0.9338137]
[0.9628494]
[0.9560493]
[0.92231417]
[0.906049]
[0.84410965]
[0.8121329]
[0.84711134]
[0.87533617]
[0.91251886]
[0.9170265]
[0.8797139]
[0.89648795]
[0.9575336]
[0.9598137]
[0.9752833]
[0.9761282]
[0.9839126]
[0.9836117]
[0.9901905]
[0.9882977]
[0.9829354]
[0.96271104]
[0.9217091]
[0.9468641]
[0.96215975]
[0.9765879]
[0.98846066]
[0.99183714]
[0.98071724]
[0.9597409]
[0.87813985]
[0.95661473]
[0.96966493]
[0.9571505]
[0.9811354]
[0.9869167]
[0.9745425]
[0.9770477]
[0.9706361]
[0.9791429]
[0.99397624]
[0.9960291]
[0.9948894]
[0.9879538]
[0.9939465]
[0.9968979]
[0.9961362]
[0.99673855]
[0.9959712]
[0.996277]
[0.9974756]
[0.9617679]
[0.99113715]
[0.99098736]
[0.99306643]
[0.9958]
[0.9888239]
[0.9847808]
[0.9898552]
[0.9720125]
[0.97199273]
[0.9618724]
[0.8845056]
[0.9634971]
[0.99327815]
[0.9949614]
[0.9917232]
[0.9865341]
[0.9813719]
[0.98240435]
[0.9792141]
[0.9620321]
[0.97470057]
[0.98310435]
[0.9660634]
[0.97509557]
[0.8113425]
[0.9167671]
[0.8643201]
[0.8430122]
[0.8670627]
[0.8077706]
[0.5792263]
[0.5172972]
[0.6706711]
[0.8310313]
[0.83514863]
[0.72672856]
[0.6026372]
[0.61486024]
[0.94191444]
[0.962227]
[0.9725888]
[0.9723369]
[0.991566]
[0.9934281]
[0.99524844]
[0.99920917]
[0.9800037]
[0.918187]
[0.9098437]
[0.91463494]
[0.759462]
[0.666582]
[0.60361993]
[0.28089327]
[0.3065905]
[0.49736616]
[0.7325958]
[0.92203784]
[0.8680322]
[0.78416306]
[0.6780925]
[0.56472003]
[0.549529]
[0.5476139]
[0.57410294]
[0.63785833]
[0.77499104]
[0.9537473]
[0.73079836]
[0.61795384]
[0.582222]
[0.6163084]
[0.64400923]
[0.7262007]
[0.881798]
[0.96876657]
[0.99141514]
[0.9952738]
[0.9218958]
[0.77648735]
[0.8359499]
[0.72907466]
[0.56507564]
[0.46842906]
[0.59912646]
[0.5965457]
[0.5844972]
[0.7443088]
[0.8359575]
[0.97171104]
[0.93454695]
[0.848645]
[0.72660446]
[0.6475283]
[0.6710975]
[0.71966183]
[0.9215193]
[0.97142535]
[0.9762721]
[0.985428]
[0.9209633]
[0.9016738]
[0.9175874]
[0.7850779]
[0.61853194]
[0.6629168]
[0.77248454]
[0.8379593]
[0.89245003]
[0.97514325]
[0.99023414]
[0.9872597]
[0.9968297]
[0.9982537]
[0.926819]
[0.88283825]
[0.80956435]
[0.8183713]
[0.63683933]
[0.5240789]
[0.48459148]
[0.6002792]
[0.64168686]
[0.7631169]
[0.82442033]
[0.9061372]
[0.92619276]
[0.8939043]
[0.90279555]
[0.7848203]
[0.68188]
[0.73882306]
[0.65202266]
[0.86415815]
[0.95565534]
[0.97559357]
[0.9695691]
[0.9553144]
[0.9676335]
[0.9512341]
[0.95411927]
[0.95213926]
[0.9486884]
[0.9151178]
[0.8658654]
[0.82201946]
[0.7497548]
[0.8334821]
[0.94082886]
[0.9764582]
[0.98958886]
[0.78043866]
[0.8242548]
[0.76459634]
[0.7991428]
[0.8254205]
[0.76958084]
[0.79529184]
[0.75565445]
[0.6901876]
[0.63022614]
[0.5329136]
[0.65113974]
[0.8794985]
[0.933184]
[0.9575453]
[0.9167886]
[0.8245899]
[0.7947626]
[0.77205205]
[0.80684227]
[0.82995105]
[0.7730702]
[0.8199613]
[0.8178444]
[0.709123]
[0.60364693]
[0.6697786]
[0.872831]
[0.92366195]
[0.96847486]
[0.95829797]
[0.92079604]
[0.9201051]
[0.91740716]
[0.76447475]
[0.66207266]
[0.7984578]
[0.79350144]
[0.7343451]
[0.8077672]
[0.91236556]
[0.95710254]
[0.9819702]
[0.6375884]
[0.7385308]
[0.67963856]
[0.68870133]
[0.66295373]
[0.8252642]
[0.8616973]
[0.8122247]
[0.8088865]
[0.9299868]
[0.9596442]
[0.9261619]
[0.87581384]
[0.7574791]
[0.7622235]
[0.74562895]
[0.7220191]
[0.8042013]
[0.70812035]
[0.75736225]
[0.8620962]
[0.916461]
[0.95185924]
[0.9609901]
[0.935691]
[0.89280593]
[0.84421045]
[0.88134956]
[0.8014463]
[0.82870126]
[0.7128115]
[0.5795268]
[0.693801]
[0.81388444]
[0.93829906]
[0.9445697]
[0.9490452]
[0.94027936]
[0.89072824]
[0.82077265]
[0.80468965]
[0.7743827]
[0.68243426]
[0.5861247]
[0.7414591]
[0.85925174]
[0.93587804]
[0.94576144]
[0.9540101]
[0.93950355]
[0.85470307]
[0.6978415]
[0.6535336]
[0.6500183]
[0.63217187]
[0.7753531]
[0.912604]
[0.73735994]
[0.82766354]
[0.8186902]
[0.726507]
[0.75114167]
[0.7755005]
[0.72802705]
[0.70440817]
[0.8210796]
[0.9315251]
[0.97976756]
[0.9916371]
[0.7646294]
[0.83414143]
[0.8025938]
[0.8139646]
[0.82022643]
[0.88351953]
[0.8932259]
[0.8024419]
[0.7661297]
[0.62761474]
[0.5029566]
[0.89020085]
[0.9521251]
[0.94492495]
[0.82490164]
[0.8830201]
[0.87950134]
[0.77244115]
[0.7883111]
[0.69762146]
[0.7300389]
[0.7261385]
[0.62117785]
[0.48899612]
[0.32838458]
[0.3436259]
[0.4886359]
[0.9099808]
[0.980004]
[0.9440769]
[0.9625658]
[0.9496162]
[0.9561793]
[0.9103639]
[0.82233644]
[0.73894197]
[0.72688353]
[0.636801]
[0.68245125]
[0.76332414]
[0.8973875]
[0.9622735]
[0.9778875]
[0.80199915]
[0.7850983]
[0.71539515]
[0.80123806]
[0.84717166]
[0.7967411]
[0.6231627]
[0.6628464]
[0.7755469]
[0.8572832]
[0.9361508]
[0.97211206]
[0.99451625]
[0.9965136]
[0.99668515]
[0.98131675]
[0.9585849]
[0.9409003]
[0.94122624]
[0.94976497]
[0.94951594]
[0.92612547]
[0.92213964]
[0.92436147]
[0.90429634]
[0.86753446]
[0.81605285]
[0.9141834]
[0.9525449]
[0.9285826]
[0.9014885]
[0.84382075]
[0.70430875]
[0.7028445]
[0.7013596]
[0.6971419]
[0.7583749]
[0.88128984]
[0.9531785]
[0.9520218]
[0.9283353]
[0.8989434]
[0.8590216]
[0.84566104]
[0.80668336]
[0.8434569]
[0.9448952]
[0.96519375]
[0.97169054]
[0.98234785]
[0.9951955]
[0.95678496]
[0.95358884]
[0.96012896]
[0.97183627]
[0.93024117]
[0.8622893]
[0.8852029]
[0.9198256]
[0.9240431]
[0.8995474]
[0.93548393]
[0.966925]
[0.9767069]
[0.98818964]
[0.98555756]
[0.8186116]
[0.7996135]
[0.73106873]
[0.8292]
[0.8145904]
[0.84421533]
[0.7283144]
[0.6693664]
[0.7309009]
[0.71876]
[0.7311094]
[0.8054168]
[0.8403584]
[0.99554765]
[0.99324775]
[0.98958075]
[0.98058915]
[0.9830235]
[0.9826442]
[0.968201]
[0.9250362]
[0.88348866]
[0.8338349]
[0.8336767]
[0.91871655]
[0.91513205]
[0.9560684]
[0.96844757]
[0.9761579]
[0.52973104]
[0.47653648]
[0.36976087]
[0.82415015]
[0.53645647]
[0.9030787]
[0.8530414]
[0.2736423]
[0.7874067]
[0.86421996]
[0.123638]
[0.05295581]
[0.99123836]
[0.3010765]
[0.8194178]
[0.79648876]
[0.8581183]
[0.94969165]
[0.09840903]
[0.3655548]
[0.12421876]
[0.18342099]
[0.8666284]
[0.62636465]
[0.2867583]
[0.19295841]
[0.91747737]
[0.66163605]
[0.8530414]
[0.874527]
[0.10690477]
[0.2972846]
[0.7051338]
[0.21272022]
[0.9037961]
[0.7227802]
[0.43413994]
[0.8604243]
[0.55111253]
[0.9895841]
[0.9051126]
[0.3775462]
[0.8194178]
[0.98949325]
[0.91747737]
[0.1389769]
[0.9717337]
[0.16660786]
[0.9554056]
[0.874527]
