Model: SO_GAAL
Dataset 13: pendigits.mat
Time taken: 139.43314695358276 seg.
Accuracy: 0.0
@scores
[0.95571005]
[0.44851667]
[0.90630776]
[0.53301686]
[0.63237464]
[0.6818718]
[0.8691418]
[0.9843135]
[0.98474807]
[0.9321734]
[0.91915774]
[0.9703349]
[0.80794203]
[0.90801406]
[0.90746975]
[0.9877211]
[0.7590492]
[0.8787494]
[0.9871304]
[0.765669]
[0.9865643]
[0.9666668]
[0.88042855]
[0.83677465]
[0.9662758]
[0.89065874]
[0.8364647]
[0.4546868]
[0.98980933]
[0.8147769]
[0.78995305]
[0.8248092]
[0.9846728]
[0.95883256]
[0.86871994]
[0.91026604]
[0.91874766]
[0.9837147]
[0.92659324]
[0.7932931]
[0.86703885]
[0.95558435]
[0.89069754]
[0.9126607]
[0.9846348]
[0.97242355]
[0.8164844]
[0.86053574]
[0.75244004]
[0.91179657]
[0.9947964]
[0.88968986]
[0.871806]
[0.97093284]
[0.7630719]
[0.7879531]
[0.5650476]
[0.8873346]
[0.94667345]
[0.8157338]
[0.9543398]
[0.98539364]
[0.8175751]
[0.9787022]
[0.86673784]
[0.9031347]
[0.9355494]
[0.8794284]
[0.92322445]
[0.8635295]
[0.8960749]
[0.66501343]
[0.8720206]
[0.85299087]
[0.7246033]
[0.986069]
[0.98248816]
[0.31651396]
[0.99231976]
[0.9828185]
[0.8906816]
[0.8260069]
[0.5024603]
[0.44842425]
[0.81825423]
[0.43069896]
[0.81971]
[0.94477665]
[0.8656085]
[0.9078517]
[0.8131259]
[0.9787941]
[0.99118054]
[0.41216114]
[0.93536866]
[0.97376466]
[0.85287946]
[0.7931938]
[0.93908846]
[0.9818443]
[0.6363787]
[0.91001594]
[0.8306968]
[0.9681282]
[0.9740219]
[0.66420466]
[0.9156044]
[0.9007832]
[0.9951402]
[0.865734]
[0.9892721]
[0.9458382]
[0.85478085]
[0.92065585]
[0.96154594]
[0.9084013]
[0.9713398]
[0.9594159]
[0.8661561]
[0.9844754]
[0.9935847]
[0.9011909]
[0.90749943]
[0.7695024]
[0.4624056]
[0.516762]
[0.95258725]
[0.8301352]
[0.89087164]
[0.96089184]
[0.9602457]
[0.15278009]
[0.8072524]
[0.68588954]
[0.92761624]
[0.8873389]
[0.80500275]
[0.21926329]
[0.39246675]
[0.8229384]
[0.89086914]
[0.90519434]
[0.69885784]
[0.9509363]
[0.8995712]
[0.93253577]
[0.9873601]
[0.82288516]
[0.971476]
[0.91065395]
[0.2723896]
[0.63765055]
[0.9929129]
[0.78725696]
[0.9765606]
[0.9126768]
[0.31606162]
[0.9565037]
[0.90723133]
[0.9311354]
[0.975122]
[0.87232137]
[0.5318837]
[0.96565056]
[0.8358282]
[0.7106261]
[0.9542315]
[0.951264]
[0.701035]
[0.9908867]
[0.9023474]
[0.9703836]
[0.921849]
[0.98241305]
[0.9197815]
[0.81319237]
[0.91916203]
[0.72395873]
[0.8858844]
[0.87533927]
[0.8435192]
[0.9528892]
[0.977557]
[0.94653606]
[0.8773429]
[0.9898271]
[0.7083311]
[0.98563874]
[0.97882336]
[0.9927403]
[0.8031775]
[0.92188203]
[0.8895469]
[0.90259546]
[0.515027]
[0.94467765]
[0.97088885]
[0.95999724]
[0.7263595]
[0.99014246]
[0.9843507]
[0.96889246]
[0.8614325]
[0.85023034]
[0.9073639]
[0.8413868]
[0.2863679]
[0.91278136]
[0.9037829]
[0.9856893]
[0.92438614]
[0.83202195]
[0.89328694]
[0.7769755]
[0.80651075]
[0.8578733]
[0.07461336]
[0.923206]
[0.9497608]
[0.9540293]
[0.67036706]
[0.81271815]
[0.8212691]
[0.9707126]
[0.9881978]
[0.9841557]
[0.91176015]
[0.7779504]
[0.81130725]
[0.9399937]
[0.9571228]
[0.08390871]
[0.86898786]
[0.9650586]
[0.9924658]
[0.45412296]
[0.78585047]
[0.9117946]
[0.91411096]
[0.6031587]
[0.98798037]
[0.68815655]
[0.90159076]
[0.88073814]
[0.92914575]
[0.9529667]
[0.9827251]
[0.91514826]
[0.92668456]
[0.83468413]
[0.9293915]
[0.9235387]
[0.9209205]
[0.97032166]
[0.8815254]
[0.9121481]
[0.962857]
[0.9048819]
[0.9742271]
[0.9020415]
[0.5515618]
[0.6816397]
[0.9837611]
[0.87434113]
[0.8041083]
[0.9370274]
[0.82929057]
[0.8884534]
[0.9629661]
[0.7751461]
[0.78459764]
[0.8972615]
[0.90629053]
[0.42296255]
[0.7747912]
[0.5578006]
[0.76152164]
[0.9322507]
[0.9025149]
[0.857113]
[0.948851]
[0.23827103]
[0.71416134]
[0.9121555]
[0.61863196]
[0.8252814]
[0.8185381]
[0.97920763]
[0.893481]
[0.98515075]
[0.9920289]
[0.92259353]
[0.61195505]
[0.9555415]
[0.460615]
[0.7903755]
[0.9885633]
[0.6445969]
[0.97126794]
[0.7741349]
[0.9531861]
[0.8155354]
[0.8185295]
[0.7799785]
[0.94474983]
[0.4880348]
[0.9782256]
[0.84380776]
[0.9085059]
[0.9740965]
[0.9630636]
[0.9063927]
[0.6423608]
[0.8024121]
[0.8855065]
[0.9947439]
[0.94039583]
[0.8984908]
[0.98419136]
[0.86669767]
[0.92183053]
[0.92076397]
[0.8835888]
[0.9243976]
[0.8489915]
[0.75248086]
[0.91794753]
[0.6380143]
[0.9807328]
[0.8754823]
[0.9222784]
[0.7456459]
[0.77628857]
[0.9913738]
[0.9682735]
[0.9785249]
[0.88055307]
[0.9214668]
[0.8768381]
[0.78589153]
[0.961781]
[0.7824837]
[0.84760237]
[0.97447026]
[0.83309203]
[0.20750213]
[0.88270175]
[0.956802]
[0.5714771]
[0.96622276]
[0.93736356]
[0.7652277]
[0.9487404]
[0.89111483]
[0.8446635]
[0.8328497]
[0.9836134]
[0.98145044]
[0.90344787]
[0.95070267]
[0.9389491]
[0.5898833]
[0.9239038]
[0.8988439]
[0.92450404]
[0.9696511]
[0.38591486]
[0.8629784]
[0.7412443]
[0.4488303]
[0.78822505]
[0.8435694]
[0.7360612]
[0.78254175]
[0.84398615]
[0.9400337]
[0.80202425]
[0.8302425]
[0.20204091]
[0.8212005]
[0.97190434]
[0.9300784]
[0.9338802]
[0.96224546]
[0.8333833]
[0.83725905]
[0.8737484]
[0.9719386]
[0.98901623]
[0.66435426]
[0.8294157]
[0.92073625]
[0.895216]
[0.8285395]
[0.9301723]
[0.8436489]
[0.90284836]
[0.81577885]
[0.20954677]
[0.5056329]
[0.9088909]
[0.47986308]
[0.8548231]
[0.991117]
[0.8241831]
[0.38255268]
[0.91073614]
[0.8524649]
[0.80781406]
[0.7043712]
[0.8163396]
[0.8411123]
[0.9876838]
[0.9892416]
[0.69762015]
[0.96081513]
[0.91152257]
[0.14180931]
[0.80584824]
[0.97976327]
[0.9064993]
[0.9904413]
[0.9851061]
[0.97163]
[0.95874196]
[0.86936015]
[0.93477404]
[0.74252796]
[0.7514949]
[0.8864151]
[0.95667106]
[0.9902285]
[0.11279353]
[0.98766994]
[0.9285134]
[0.9781766]
[0.84635794]
[0.52957344]
[0.71107626]
[0.7474092]
[0.96830446]
[0.90765274]
[0.7737161]
[0.9718786]
[0.8701422]
[0.44923222]
[0.84374726]
[0.9938389]
[0.95605564]
[0.9638986]
[0.980136]
[0.95292866]
[0.8429679]
[0.9160172]
[0.7996495]
[0.9082978]
[0.92194045]
[0.8731329]
[0.9183146]
[0.8690593]
[0.9061314]
[0.83439285]
[0.92106485]
[0.8596585]
[0.4191299]
[0.9887248]
[0.6016328]
[0.82960194]
[0.77496207]
[0.88630956]
[0.8558831]
[0.431139]
[0.9760902]
[0.94255155]
[0.84874]
[0.9846951]
[0.9412633]
[0.8768871]
[0.90063787]
[0.9505675]
[0.98306286]
[0.95464945]
[0.55144566]
[0.96794784]
[0.9347773]
[0.91901845]
[0.8264135]
[0.52119094]
[0.9434243]
[0.8672887]
[0.86011654]
[0.25873137]
[0.7438287]
[0.9223236]
[0.9832763]
[0.63374335]
[0.8983332]
[0.74957347]
[0.9320886]
[0.9785468]
[0.99247575]
[0.8638375]
[0.62447774]
[0.93415904]
[0.9280369]
[0.907524]
[0.7967925]
[0.7908888]
[0.9200321]
[0.8672303]
[0.9701176]
[0.82498896]
[0.919179]
[0.6512495]
[0.9596005]
[0.98965853]
[0.65478957]
[0.6614118]
[0.9886763]
[0.96444476]
[0.8285498]
[0.96630996]
[0.8676001]
[0.9916349]
[0.9891047]
[0.5442317]
[0.99039483]
[0.93373656]
[0.98387575]
[0.976535]
[0.8266542]
[0.98958766]
[0.8166981]
[0.6796429]
[0.9635471]
[0.8413783]
[0.7198633]
[0.9290496]
[0.95659107]
[0.7526499]
[0.98982203]
[0.98432493]
[0.9945438]
[0.66860574]
[0.18810898]
[0.7846553]
[0.8875474]
[0.77949715]
[0.88681406]
[0.6455107]
[0.64254653]
[0.9708394]
[0.97821414]
[0.88482344]
[0.83807147]
[0.6922643]
[0.80700314]
[0.92174804]
[0.99209]
[0.87756765]
[0.99188745]
[0.65323985]
[0.78205204]
[0.98858285]
[0.95966965]
[0.7506206]
[0.68315244]
[0.922194]
[0.6475613]
[0.96298844]
[0.80660975]
[0.78003865]
[0.31350902]
[0.92983407]
[0.98377556]
[0.9559974]
[0.7216737]
[0.88841265]
[0.9595556]
[0.8992429]
[0.8191514]
[0.89778954]
[0.9310975]
[0.9560344]
[0.8944418]
[0.8850013]
[0.947639]
[0.8124424]
[0.6768203]
[0.89954853]
[0.9047977]
[0.7617722]
[0.9677408]
[0.8525424]
[0.95303583]
[0.93107224]
[0.95690006]
[0.6572561]
[0.9555191]
[0.8925638]
[0.7422254]
[0.55183303]
[0.9295558]
[0.908096]
[0.9616742]
[0.8544527]
[0.88574463]
[0.959829]
[0.93079627]
[0.86213595]
[0.971958]
[0.9162041]
[0.95111513]
[0.95135665]
[0.9624679]
[0.7087103]
[0.59649885]
[0.96807]
[0.713946]
[0.83654606]
[0.8598064]
[0.91001487]
[0.45742172]
[0.860906]
[0.92561793]
[0.91693664]
[0.84467804]
[0.86448365]
[0.9051262]
[0.7775097]
[0.9474829]
[0.6459313]
[0.84533167]
[0.9897548]
[0.50549823]
[0.99270093]
[0.832819]
[0.87838626]
[0.5589452]
[0.99031484]
[0.9251454]
[0.8969151]
[0.95654655]
[0.95936537]
[0.8116157]
[0.8950536]
[0.7987138]
[0.8967035]
[0.99418736]
[0.94385445]
[0.88186705]
[0.9502171]
[0.9227588]
[0.40286815]
[0.9486129]
[0.92624104]
[0.8020403]
[0.9466068]
[0.68899345]
[0.90512353]
[0.76854974]
[0.7721535]
[0.1563909]
[0.9909034]
[0.83922887]
[0.96015334]
[0.9262992]
[0.99126494]
[0.7185837]
[0.98641557]
[0.8765927]
[0.7949928]
[0.8446834]
[0.8712241]
[0.79995525]
[0.51274616]
[0.86900306]
[0.9434086]
[0.9697257]
[0.9818161]
[0.6899992]
[0.6843641]
[0.9878477]
[0.93865436]
[0.8965759]
[0.92439085]
[0.9760307]
[0.87893915]
[0.9119308]
[0.8773971]
[0.91423994]
[0.96818054]
[0.7330851]
[0.7933072]
[0.9133613]
[0.77386117]
[0.9798721]
[0.8973458]
[0.98260415]
[0.97789466]
[0.93273175]
[0.9367602]
[0.9822532]
[0.94015914]
[0.6684818]
[0.94692385]
[0.5875658]
[0.58974296]
[0.7781817]
[0.976655]
[0.9589523]
[0.5455306]
[0.8657541]
[0.91997993]
[0.7611126]
[0.95367354]
[0.93896335]
[0.8252206]
[0.8734892]
[0.91276085]
[0.3980486]
[0.9143088]
[0.8364718]
[0.77511847]
[0.9726837]
[0.95107895]
[0.98554]
[0.65191746]
[0.8706174]
[0.9573287]
[0.835123]
[0.9889398]
[0.8922352]
[0.94892204]
[0.9202702]
[0.8088429]
[0.6075019]
[0.8846886]
[0.92844474]
[0.8769078]
[0.42826718]
[0.6545329]
[0.9429252]
[0.9169862]
[0.8677829]
[0.7930728]
[0.88560045]
[0.941341]
[0.9386598]
[0.97134006]
[0.10911483]
[0.87283546]
[0.604256]
[0.8393565]
[0.7018519]
[0.99024236]
[0.91601396]
[0.99315083]
[0.83568513]
[0.939286]
[0.7590519]
[0.98005295]
[0.8934927]
[0.8857025]
[0.9829867]
[0.96135414]
[0.86876404]
[0.8051448]
[0.8837948]
[0.8510848]
[0.19526598]
[0.9801254]
[0.7919099]
[0.86699593]
[0.7585318]
[0.7188662]
[0.6356636]
[0.8341727]
[0.8257947]
[0.6330898]
[0.96824455]
[0.94120836]
[0.87635446]
[0.5173977]
[0.8550519]
[0.8622509]
[0.96291184]
[0.9684971]
[0.8911907]
[0.917444]
[0.8990123]
[0.85693216]
[0.90841746]
[0.70762926]
[0.99571604]
[0.9838808]
[0.9134065]
[0.86149865]
[0.9451675]
[0.8584192]
[0.9912255]
[0.86887115]
[0.87503797]
[0.7521871]
[0.9107585]
[0.8916671]
[0.88188267]
[0.78675616]
[0.9795053]
[0.72040915]
[0.9783184]
[0.9911277]
[0.79635143]
[0.8445244]
[0.9281504]
[0.562652]
[0.7137874]
[0.90066755]
[0.9932969]
[0.862387]
[0.90513766]
[0.76950794]
[0.9190515]
[0.9155746]
[0.77959347]
[0.82136524]
[0.71766275]
[0.98690856]
[0.9090618]
[0.93087506]
[0.8001625]
[0.82958096]
[0.9937681]
[0.9201083]
[0.90064573]
[0.5856962]
[0.9873425]
[0.5864829]
[0.85372335]
[0.7993267]
[0.8863029]
[0.97865015]
[0.98059964]
[0.879562]
[0.985785]
[0.9217504]
[0.9917617]
[0.84644186]
[0.802008]
[0.57496446]
[0.9892174]
[0.9438519]
[0.6951068]
[0.987633]
[0.0798701]
[0.9739828]
[0.92052245]
[0.8994328]
[0.86317086]
[0.7264113]
[0.95908135]
[0.99071956]
[0.8660877]
[0.9837526]
[0.8465432]
[0.6847404]
[0.7258714]
[0.69382817]
[0.85975856]
[0.92143154]
[0.98599565]
[0.9682821]
[0.54057103]
[0.9703346]
[0.8810401]
[0.83102745]
[0.8517769]
[0.8909386]
[0.9845643]
[0.9738983]
[0.90712535]
[0.96384346]
[0.9627814]
[0.96860147]
[0.9173474]
[0.69862944]
[0.94602287]
[0.99294746]
[0.70676875]
[0.89275324]
[0.82342327]
[0.835096]
[0.89926195]
[0.9673209]
[0.8099625]
[0.73919237]
[0.8895478]
[0.9748299]
[0.98805916]
[0.89033335]
[0.9671823]
[0.8526872]
[0.90729666]
[0.8291875]
[0.93577707]
[0.32713196]
[0.8393551]
[0.9840627]
[0.98789096]
[0.9392383]
[0.9040593]
[0.9003689]
[0.8954586]
[0.93880385]
[0.7414349]
[0.67778087]
[0.9781427]
[0.8928942]
[0.8937749]
[0.89773786]
[0.9909341]
[0.9541048]
[0.92421305]
[0.9824971]
[0.9621645]
[0.10621339]
[0.7377989]
[0.8181433]
[0.78989595]
[0.84494257]
[0.7433723]
[0.8586898]
[0.9905071]
[0.98947895]
[0.9115552]
[0.73844784]
[0.77609646]
[0.8633547]
[0.7194208]
[0.7974562]
[0.96930933]
[0.91259474]
[0.52513695]
[0.97699934]
[0.99459505]
[0.7201504]
[0.959123]
[0.4721549]
[0.9921006]
[0.88488585]
[0.773137]
[0.958256]
[0.74807125]
[0.9865587]
[0.9351926]
[0.90021884]
[0.93830645]
[0.9421817]
[0.84219444]
[0.86711156]
[0.98588026]
[0.93367577]
[0.9639984]
[0.51112825]
[0.7566979]
[0.89033866]
[0.8524736]
[0.9495962]
[0.923321]
[0.9926231]
[0.7810872]
[0.7031661]
[0.7990331]
[0.8898543]
[0.7176086]
[0.6934974]
[0.96278846]
[0.8951408]
[0.98812205]
[0.9757688]
[0.8831663]
[0.94380456]
[0.97188246]
[0.78578043]
[0.6767424]
[0.98656905]
[0.7984705]
[0.963897]
[0.98519397]
[0.9662962]
[0.87729466]
[0.9836953]
[0.96610737]
[0.9285933]
[0.65673983]
[0.6281465]
[0.76822066]
[0.97396743]
[0.75956225]
[0.81167054]
[0.7765589]
[0.95617354]
[0.9223096]
[0.9690994]
[0.9804259]
[0.98314476]
[0.9707999]
[0.975237]
[0.8993406]
[0.9143906]
[0.93046707]
[0.6478803]
[0.6500321]
[0.97957253]
[0.9017035]
[0.86489826]
[0.7737892]
[0.9498135]
[0.8799468]
[0.92542076]
[0.99322915]
[0.9835561]
[0.989259]
[0.85301304]
[0.8418025]
[0.8698623]
[0.98569465]
[0.7003169]
[0.2525411]
[0.8611212]
[0.96708834]
[0.98929656]
[0.6109366]
[0.5874167]
[0.868132]
[0.881499]
[0.71946305]
[0.84440273]
[0.4985316]
[0.7049721]
[0.6065571]
[0.93313587]
[0.8780463]
[0.88535047]
[0.510132]
[0.8307471]
[0.8519362]
[0.89545226]
[0.9694878]
[0.8104392]
[0.99248683]
[0.8563552]
[0.87928724]
[0.88693583]
[0.9259703]
[0.9406171]
[0.5523218]
[0.90468556]
[0.9634669]
[0.98445237]
[0.50194895]
[0.98708975]
[0.892601]
[0.9366287]
[0.6797509]
[0.7630436]
[0.9231574]
[0.88894314]
[0.92331934]
[0.99595404]
[0.81750584]
[0.7469592]
[0.9052192]
[0.99199677]
[0.8081391]
[0.9175409]
[0.6468997]
[0.59863]
[0.914179]
[0.9189224]
[0.96377397]
[0.7429831]
[0.98633945]
[0.8568015]
[0.6135864]
[0.73613966]
[0.8236369]
[0.83923584]
[0.8214793]
[0.88764226]
[0.85548365]
[0.2706781]
[0.9502078]
[0.73438203]
[0.9242492]
[0.9886619]
[0.84831095]
[0.51170975]
[0.9066416]
[0.7688937]
[0.8035492]
[0.8478104]
[0.9681718]
[0.9653486]
[0.9121362]
[0.99220014]
[0.63008773]
[0.9707663]
[0.67760015]
[0.56067634]
[0.9086369]
[0.9887626]
[0.58096325]
[0.6754347]
[0.9070939]
[0.98519087]
[0.91203356]
[0.9241464]
[0.90740156]
[0.7336078]
[0.90346813]
[0.73201346]
[0.9866533]
[0.8596128]
[0.4632268]
[0.49722296]
[0.9007975]
[0.9307475]
[0.9935387]
[0.95569324]
[0.9642357]
[0.9119903]
[0.5029508]
[0.97279656]
[0.68091464]
[0.48209915]
[0.8750199]
[0.93253696]
[0.9857185]
[0.9518012]
[0.8323518]
[0.645557]
[0.71913195]
[0.8688974]
[0.9779779]
[0.9850197]
[0.8849255]
[0.7851845]
[0.96832526]
[0.77877104]
[0.9879987]
[0.7834687]
[0.06114486]
[0.3941134]
[0.6982211]
[0.7527603]
[0.95465493]
[0.823529]
[0.9759989]
[0.82954246]
[0.6708444]
[0.881281]
[0.66664386]
[0.36673963]
[0.98836243]
[0.984709]
[0.8693235]
[0.98970747]
[0.95952034]
[0.83314264]
[0.77479035]
[0.89325655]
[0.50340676]
[0.910848]
[0.872949]
[0.978067]
[0.94440913]
[0.60565376]
[0.9711571]
[0.94627315]
[0.8343993]
[0.99132216]
[0.94896734]
[0.9015998]
[0.9625292]
[0.9918177]
[0.9353645]
[0.49850926]
[0.9390716]
[0.12545654]
[0.8817179]
[0.87914896]
[0.5762087]
[0.9521104]
[0.9851526]
[0.90547717]
[0.85523057]
[0.817565]
[0.93740773]
[0.7846537]
[0.937078]
[0.94976056]
[0.97062784]
[0.83441055]
[0.8917935]
[0.91643226]
[0.84128165]
[0.88259035]
[0.8954791]
[0.77093434]
[0.78540075]
[0.88372976]
[0.9692349]
[0.8651505]
[0.9324706]
[0.80309546]
[0.96072656]
[0.8597046]
[0.9085821]
[0.9093344]
[0.9896234]
[0.71742487]
[0.94633067]
[0.9250106]
[0.9763264]
[0.89529216]
[0.34639573]
[0.8817536]
[0.8121558]
[0.82824636]
[0.93434423]
[0.9923768]
[0.8994142]
[0.8431707]
[0.883062]
[0.9274316]
[0.92834604]
[0.7560009]
[0.8249643]
[0.83384943]
[0.9840031]
[0.7788882]
[0.81535167]
[0.9857294]
[0.9937083]
[0.86526]
[0.869275]
[0.92014575]
[0.92940205]
[0.88853097]
[0.98284674]
[0.84773326]
[0.8800113]
[0.92925256]
[0.960009]
[0.7513082]
[0.71069694]
[0.96967685]
[0.94831127]
[0.7708535]
[0.9422002]
[0.93582356]
[0.93512475]
[0.8419701]
[0.31246567]
[0.9816228]
[0.8550321]
[0.9277668]
[0.8706349]
[0.93401456]
[0.98557603]
[0.9322474]
[0.8461783]
[0.56901634]
[0.94934726]
[0.87617254]
[0.9683533]
[0.75354344]
[0.73561966]
[0.86577064]
[0.8970698]
[0.9580502]
[0.9090104]
[0.918442]
[0.9088763]
[0.88679343]
[0.30635306]
[0.9454725]
[0.899692]
[0.9824393]
[0.824633]
[0.9868072]
[0.7772262]
[0.7134774]
[0.93079674]
[0.76978016]
[0.93344736]
[0.6864983]
[0.8261348]
[0.9777664]
[0.69239676]
[0.9393094]
[0.9870397]
[0.84756577]
[0.42230973]
[0.85793984]
[0.13481277]
[0.98461854]
[0.816612]
[0.950817]
[0.9903743]
[0.96727705]
[0.74949884]
[0.2886203]
[0.85933995]
[0.92147696]
[0.8915097]
[0.09148321]
[0.5681941]
[0.74619615]
[0.7829369]
[0.98991144]
[0.856848]
[0.7606516]
[0.92342556]
[0.8037009]
[0.7406236]
[0.82153636]
[0.87376064]
[0.5973924]
[0.9229929]
[0.9052055]
[0.9437648]
[0.93526185]
[0.9560429]
[0.8206582]
[0.9389461]
[0.39932638]
[0.8528956]
[0.9435965]
[0.83561736]
[0.8064636]
[0.9925953]
[0.9920044]
[0.89461523]
[0.9277892]
[0.9010025]
[0.94422716]
[0.8277049]
[0.38359937]
[0.60598975]
[0.995232]
[0.9643499]
[0.7870531]
[0.6653304]
[0.7939404]
[0.88050413]
[0.99004924]
[0.90642434]
[0.8130767]
[0.46896443]
[0.9207356]
[0.89982015]
[0.96558124]
[0.9159825]
[0.93279594]
[0.9380622]
[0.9559213]
[0.8913704]
[0.95629036]
[0.52510566]
[0.9875142]
[0.9891966]
[0.95624626]
[0.98851216]
[0.9384284]
[0.90230155]
[0.9912975]
[0.90007555]
[0.86295056]
[0.94038063]
[0.9403005]
[0.7223225]
[0.8653617]
[0.37211806]
[0.9648497]
[0.54166394]
[0.9904641]
[0.9648093]
[0.9662501]
[0.26278216]
[0.8704299]
[0.9693241]
[0.7407113]
[0.84218216]
[0.9014371]
[0.9831621]
[0.800122]
[0.9900172]
[0.9531343]
[0.96793056]
[0.963161]
[0.69761354]
[0.8095227]
[0.8023757]
[0.8935276]
[0.8670224]
[0.90255547]
[0.92277557]
[0.84362686]
[0.94205403]
[0.95163757]
[0.92102945]
[0.82284003]
[0.9813215]
[0.885644]
[0.73132205]
[0.7472562]
[0.9707587]
[0.92089725]
[0.9661368]
[0.88635933]
[0.9495587]
[0.8012291]
[0.9150971]
[0.7312514]
[0.80652547]
[0.96446824]
[0.9543031]
[0.83480084]
[0.7811017]
[0.45268223]
[0.9347162]
[0.64366764]
[0.44462526]
[0.9659683]
[0.9342363]
[0.5271792]
[0.9936639]
[0.9726528]
[0.95094055]
[0.6911295]
[0.92743003]
[0.71065617]
[0.99625945]
[0.6593091]
[0.20443061]
[0.80169404]
[0.79742664]
[0.9854576]
[0.73546064]
[0.9906187]
[0.79164743]
[0.92621374]
[0.8993434]
[0.7802175]
[0.9733485]
[0.95884556]
[0.9219012]
[0.95844483]
[0.76506025]
[0.71945494]
[0.84765816]
[0.8902558]
[0.8877492]
[0.9570248]
[0.7899266]
[0.98086977]
[0.90604943]
[0.9433856]
[0.85280937]
[0.98530555]
[0.7474246]
[0.8455226]
[0.97830725]
[0.8942189]
[0.9153668]
[0.6722102]
[0.6708959]
[0.9711715]
[0.9703592]
[0.9351889]
[0.88211787]
[0.98303914]
[0.8825132]
[0.9346576]
[0.9484178]
[0.8817322]
[0.6081606]
[0.98807573]
[0.96520364]
[0.83955526]
[0.8209393]
[0.74911183]
[0.84165835]
[0.91590714]
[0.964378]
[0.95034415]
[0.966401]
[0.7006103]
[0.8449932]
[0.85128]
[0.4087658]
[0.9949981]
[0.9504306]
[0.92652106]
[0.7138424]
[0.35798988]
[0.85720015]
[0.99115944]
[0.93976104]
[0.876933]
[0.5764789]
[0.34237444]
[0.9712344]
[0.95726705]
[0.60719246]
[0.80030215]
[0.79059577]
[0.9943243]
[0.21599984]
[0.85066664]
[0.91601765]
[0.85962456]
[0.935688]
[0.96495724]
[0.9342072]
[0.9424957]
[0.37725952]
[0.99207336]
[0.97888386]
[0.8557159]
[0.9076133]
[0.5464217]
[0.97932947]
[0.8756641]
[0.8827003]
[0.9921801]
[0.8699243]
[0.9825931]
[0.9283062]
[0.8497939]
[0.92320573]
[0.5650839]
[0.81490684]
[0.6462375]
[0.8996482]
[0.9154432]
[0.98773646]
[0.93431604]
[0.9754423]
[0.81587124]
[0.33959448]
[0.817011]
[0.74918747]
[0.99418575]
[0.7821138]
[0.55659145]
[0.9877797]
[0.98654515]
[0.91103125]
[0.8019689]
[0.88955843]
[0.40594143]
[0.876434]
[0.7104292]
[0.88144016]
[0.9045894]
[0.9909937]
[0.6120454]
[0.9696869]
[0.8247353]
[0.9702171]
[0.16754594]
[0.8770107]
[0.8798374]
[0.89105886]
[0.9484835]
[0.9793104]
[0.9867593]
[0.839355]
[0.91406035]
[0.91264653]
[0.9894189]
[0.8915372]
[0.11111593]
[0.26175916]
[0.26727474]
[0.9732741]
[0.7910812]
[0.8760885]
[0.8749926]
[0.89058936]
[0.9886559]
[0.9887242]
[0.9783754]
[0.90711033]
[0.97335637]
[0.8653077]
[0.8993684]
[0.7506587]
[0.8939027]
[0.73302007]
[0.5504021]
[0.86404]
[0.9427022]
[0.8103484]
[0.8736665]
[0.9027673]
[0.90382123]
[0.90956235]
[0.991801]
[0.98598623]
[0.9052711]
[0.98907757]
[0.5064149]
[0.96006393]
[0.9960787]
[0.96341044]
[0.81533986]
[0.3739394]
[0.9804789]
[0.9798194]
[0.8754269]
[0.8912007]
[0.8704984]
[0.84327006]
[0.99093187]
[0.7390846]
[0.52106875]
[0.10847598]
[0.778124]
[0.9946574]
[0.96568626]
[0.9728634]
[0.7948215]
[0.9743231]
[0.82555866]
[0.7896866]
[0.7770938]
[0.8169473]
[0.79698455]
[0.86703694]
[0.8717074]
[0.939203]
[0.98531216]
[0.8670329]
[0.9887879]
[0.82837105]
[0.7152369]
[0.8671516]
[0.82625043]
[0.95859504]
[0.91131717]
[0.9802459]
[0.9228455]
[0.8199839]
[0.9854351]
[0.9458675]
[0.76941395]
[0.79759336]
[0.9267819]
[0.95192295]
[0.9308919]
[0.9276237]
[0.8574717]
[0.65111345]
[0.93671256]
[0.8087038]
[0.7491801]
[0.8736441]
[0.9681903]
[0.9635051]
[0.9290321]
[0.57427627]
[0.81798947]
[0.92235243]
[0.9905604]
[0.64626235]
[0.8511895]
[0.81646]
[0.6697379]
[0.975924]
[0.9675616]
[0.879758]
[0.64724207]
[0.8872761]
[0.8077037]
[0.8796934]
[0.6517103]
[0.84934187]
[0.8012553]
[0.98674893]
[0.94593716]
[0.7640361]
[0.824777]
[0.9163041]
[0.6978981]
[0.75717425]
[0.8502917]
[0.9015905]
[0.613122]
[0.840807]
[0.99078095]
[0.67566514]
[0.77208596]
[0.11805946]
[0.98929673]
[0.98783433]
[0.5900991]
[0.9228556]
[0.48132613]
[0.7502238]
[0.838378]
[0.5759843]
[0.4463205]
[0.8782897]
[0.97732294]
[0.9901987]
[0.9442514]
[0.85134864]
[0.9121883]
[0.8078225]
[0.16486067]
[0.5819191]
[0.72272116]
[0.94198406]
[0.88075405]
[0.84283525]
[0.9904454]
[0.9247867]
[0.8948213]
[0.98976934]
[0.96667314]
[0.11272031]
[0.3673668]
[0.8440393]
[0.9255053]
[0.9898163]
[0.97972083]
[0.31441033]
[0.9913062]
[0.79634583]
[0.97570294]
[0.94697917]
[0.5847284]
[0.96429896]
[0.95759994]
[0.9591187]
[0.9651717]
[0.96137846]
[0.85582453]
[0.886158]
[0.9773324]
[0.891741]
[0.94622755]
[0.83007634]
[0.82182646]
[0.7430137]
[0.6544639]
[0.8292823]
[0.7223041]
[0.72617155]
[0.91524196]
[0.98828036]
[0.90463495]
[0.8377261]
[0.83541906]
[0.69629455]
[0.83676577]
[0.98584163]
[0.9456403]
[0.81045413]
[0.92175806]
[0.9685732]
[0.19047248]
[0.9339255]
[0.95294166]
[0.92140293]
[0.775259]
[0.84631526]
[0.90773726]
[0.888042]
[0.2835572]
[0.85708094]
[0.57203984]
[0.8880355]
[0.88454926]
[0.8320175]
[0.911738]
[0.8582289]
[0.85439456]
[0.99599344]
[0.9900856]
[0.9964117]
[0.38821462]
[0.943769]
[0.9736279]
[0.59770846]
[0.87583846]
[0.9337692]
[0.8513171]
[0.8824465]
[0.97765315]
[0.48933953]
[0.98826057]
[0.5968198]
[0.758479]
[0.98721313]
[0.98935044]
[0.9037899]
[0.63245296]
[0.745667]
[0.9167851]
[0.93132776]
[0.96230733]
[0.81186855]
[0.965448]
[0.88969636]
[0.86474377]
[0.5605783]
[0.9155576]
[0.95115316]
[0.47085565]
[0.98677576]
[0.9726697]
[0.98894554]
[0.7886497]
[0.651228]
[0.3196306]
[0.9527818]
[0.95227444]
[0.97688437]
[0.9115958]
[0.38213784]
[0.94050545]
[0.90876245]
[0.56981754]
[0.88583875]
[0.70299673]
[0.82098925]
[0.98527735]
[0.9780738]
[0.9179034]
[0.9873779]
[0.9739528]
[0.8744763]
[0.83273554]
[0.95212555]
[0.96774197]
[0.9914094]
[0.97515994]
[0.93642443]
[0.99374723]
[0.46362096]
[0.8223109]
[0.84976256]
[0.95146775]
[0.97447103]
[0.2121802]
[0.8396532]
[0.99269956]
[0.9468285]
[0.83852494]
[0.96739614]
[0.95295286]
[0.88255584]
[0.95683885]
[0.93583226]
[0.813888]
[0.80257046]
[0.8355542]
[0.14006656]
[0.26400453]
[0.99435574]
[0.9695867]
[0.8651543]
[0.3701806]
[0.94841397]
[0.9912263]
[0.84206223]
[0.71208143]
[0.87314516]
[0.8047865]
[0.87811905]
[0.84882927]
[0.88512003]
[0.93130475]
[0.967708]
[0.86383986]
[0.88558143]
[0.882139]
[0.9021661]
[0.9766583]
[0.8603103]
[0.92359394]
[0.8016429]
[0.9385188]
[0.9816245]
[0.84842265]
[0.77002335]
[0.9862077]
[0.95507205]
[0.6558242]
[0.8811035]
[0.7296342]
[0.8679888]
[0.9260193]
[0.5856648]
[0.98867357]
[0.7500956]
[0.4508551]
[0.5991751]
[0.8858567]
[0.910562]
[0.8951503]
[0.99161065]
[0.94852406]
[0.92547834]
[0.890977]
[0.98243946]
[0.9222574]
[0.8111254]
[0.9902854]
[0.71732086]
[0.9611926]
[0.8597313]
[0.96099573]
[0.9495001]
[0.96911347]
[0.8458904]
[0.88337475]
[0.94902194]
[0.9250128]
[0.97625244]
[0.9820772]
[0.7461055]
[0.93297696]
[0.8667896]
[0.97309995]
[0.91676605]
[0.8767576]
[0.95702183]
[0.8734863]
[0.9246503]
[0.9954197]
[0.9457419]
[0.9217081]
[0.9533722]
[0.9567524]
[0.9917872]
[0.8399863]
[0.98590297]
[0.7470236]
[0.621459]
[0.8790568]
[0.96871126]
[0.8822124]
[0.79202014]
[0.9324553]
[0.87893635]
[0.9764427]
[0.8846855]
[0.6481152]
[0.9854289]
[0.7258644]
[0.6104562]
[0.9378669]
[0.85352516]
[0.7464875]
[0.8536342]
[0.8891581]
[0.90273017]
[0.9841914]
[0.91247934]
[0.9900441]
[0.9218824]
[0.8731134]
[0.7029235]
[0.9339782]
[0.90294945]
[0.82589185]
[0.8907851]
[0.6191964]
[0.88676393]
[0.9137753]
[0.66790617]
[0.75308084]
[0.8071259]
[0.8624819]
[0.906477]
[0.9235265]
[0.9729038]
[0.7622286]
[0.97314286]
[0.95833355]
[0.9869938]
[0.7931075]
[0.8606547]
[0.98292804]
[0.97904444]
[0.96082854]
[0.68842715]
[0.8918388]
[0.8630028]
[0.9931835]
[0.89091945]
[0.91309035]
[0.88167644]
[0.9924133]
[0.5177825]
[0.99194455]
[0.941615]
[0.97164214]
[0.675317]
[0.46139437]
[0.89965814]
[0.96079856]
[0.95331323]
[0.86554325]
[0.7004883]
[0.9161901]
[0.7048906]
[0.93490136]
[0.6868829]
[0.62414694]
[0.9593897]
[0.8717676]
[0.810805]
[0.908424]
[0.6971735]
[0.8909012]
[0.63167703]
[0.9023786]
[0.67240876]
[0.865664]
[0.9101484]
[0.6847759]
[0.8741583]
[0.9889897]
[0.9344117]
[0.9862628]
[0.9720279]
[0.9289854]
[0.9500541]
[0.89627755]
[0.78913015]
[0.9212295]
[0.8116425]
[0.6640257]
[0.89112866]
[0.99181324]
[0.899323]
[0.83182544]
[0.87034374]
[0.93588555]
[0.9197693]
[0.9907516]
[0.9829613]
[0.9695596]
[0.97678643]
[0.5712784]
[0.9540887]
[0.9890622]
[0.8933719]
[0.798726]
[0.73482376]
[0.8900925]
[0.6492238]
[0.9085837]
[0.91397035]
[0.9509392]
[0.62031263]
[0.91790205]
[0.8452307]
[0.98354805]
[0.9741731]
[0.9787234]
[0.9683719]
[0.6615696]
[0.93071806]
[0.93056786]
[0.9381644]
[0.9914067]
[0.8976466]
[0.9474443]
[0.90132606]
[0.8740525]
[0.61670876]
[0.9183279]
[0.88918763]
[0.61974126]
[0.9310881]
[0.95063317]
[0.7632104]
[0.93799955]
[0.9463241]
[0.89602256]
[0.8852267]
[0.9560555]
[0.8330135]
[0.81354284]
[0.9261752]
[0.89290464]
[0.90257525]
[0.9377501]
[0.97808677]
[0.90996623]
[0.9750792]
[0.9082222]
[0.8585092]
[0.9740048]
[0.90652084]
[0.902532]
[0.8755187]
[0.81085765]
[0.9958743]
[0.74974704]
[0.8586873]
[0.96773386]
[0.94964373]
[0.8074732]
[0.8703793]
[0.608044]
[0.9002539]
[0.9493371]
[0.85126317]
[0.98916316]
[0.76485]
[0.93909705]
[0.88916546]
[0.44675106]
[0.8955656]
[0.97539246]
[0.9776137]
[0.927162]
[0.9107934]
[0.9682894]
[0.9593966]
[0.9912191]
[0.9917587]
[0.92554796]
[0.3306095]
[0.9789752]
[0.9365282]
[0.9654157]
[0.90459585]
[0.90996146]
[0.76535094]
[0.9258486]
[0.9562925]
[0.9502307]
[0.8536135]
[0.97647667]
[0.97087264]
[0.9935467]
[0.9056705]
[0.9408982]
[0.9219029]
[0.9066516]
[0.96292293]
[0.988231]
[0.8941043]
[0.7085561]
[0.95186317]
[0.7807014]
[0.94210577]
[0.8597282]
[0.85358965]
[0.93910396]
[0.8239677]
[0.83276343]
[0.83994967]
[0.8320489]
[0.13564429]
[0.9928874]
[0.2834862]
[0.777783]
[0.7777897]
[0.82339835]
[0.82876813]
[0.8351512]
[0.95351577]
[0.93876284]
[0.82647836]
[0.8777561]
[0.8267465]
[0.9925946]
[0.865837]
[0.93503594]
[0.9797843]
[0.95201147]
[0.88746214]
[0.98714066]
[0.94623554]
[0.94261765]
[0.9412317]
[0.63229024]
[0.9723842]
[0.90266144]
[0.9916235]
[0.97874236]
[0.76373005]
[0.978568]
[0.98843384]
[0.95365655]
[0.85558987]
[0.86438644]
[0.9457356]
[0.86294496]
[0.91780806]
[0.29484743]
[0.9911325]
[0.78031665]
[0.78440374]
[0.98771966]
[0.9733073]
[0.99084973]
[0.9956709]
[0.95019877]
[0.83136594]
[0.6540451]
[0.982759]
[0.92333055]
[0.9256226]
[0.91655195]
[0.724802]
[0.85599816]
[0.9103911]
[0.936014]
[0.9883988]
[0.9864139]
[0.97308564]
[0.9933436]
[0.8574908]
[0.9171694]
[0.86555135]
[0.9517249]
[0.58975196]
[0.5620664]
[0.91900325]
[0.94313645]
[0.92454827]
[0.9930895]
[0.69667643]
[0.9430475]
[0.75922036]
[0.9851514]
[0.79473627]
[0.9873345]
[0.97725177]
[0.9538505]
[0.8027554]
[0.863883]
[0.9582578]
[0.52945083]
[0.82071185]
[0.76719725]
[0.84600496]
[0.9754518]
[0.96815395]
[0.9145564]
[0.8124521]
[0.9800899]
[0.9542817]
[0.9920089]
[0.79089725]
[0.89315903]
[0.7158461]
[0.90317667]
[0.98254687]
[0.98587966]
[0.9119676]
[0.9503329]
[0.9263442]
[0.87618375]
[0.985247]
[0.89769053]
[0.7771535]
[0.89282113]
[0.9803473]
[0.46114656]
[0.9003775]
[0.89688]
[0.8996408]
[0.58223724]
[0.97369397]
[0.849568]
[0.8139267]
[0.966714]
[0.98867965]
[0.812188]
[0.61385036]
[0.87649566]
[0.8475648]
[0.9272039]
[0.9777305]
[0.57141626]
[0.4831517]
[0.9308115]
[0.896461]
[0.8840295]
[0.82483435]
[0.82304907]
[0.8769846]
[0.9107195]
[0.7988658]
[0.97088444]
[0.8952198]
[0.86371136]
[0.992186]
[0.97827625]
[0.8976794]
[0.9581583]
[0.4064916]
[0.7279682]
[0.887028]
[0.8927829]
[0.55735606]
[0.72290796]
[0.98728395]
[0.7308703]
[0.36255264]
[0.6396468]
[0.969273]
[0.90565276]
[0.6877912]
[0.94189173]
[0.97077537]
[0.9410167]
[0.8651365]
[0.3052011]
[0.24804348]
[0.9482309]
[0.06248873]
[0.96760684]
[0.96503377]
[0.82086587]
[0.8374833]
[0.8298036]
[0.8950763]
[0.8887004]
[0.9274994]
[0.7703947]
[0.83632684]
[0.76919454]
[0.9558296]
[0.8876242]
[0.98751736]
[0.9833088]
[0.4590689]
[0.9662176]
[0.8937416]
[0.89726555]
[0.68798774]
[0.88024426]
[0.9638208]
[0.80360794]
[0.6543452]
[0.22878042]
[0.6971599]
[0.9545357]
[0.91174376]
[0.74194884]
[0.7360309]
[0.9436288]
[0.9911717]
[0.64418256]
[0.8512936]
[0.80044013]
[0.9477373]
[0.9062762]
[0.86384803]
[0.74391377]
[0.8908528]
[0.7028372]
[0.9883746]
[0.51989895]
[0.82668185]
[0.7962922]
[0.9715473]
[0.8790844]
[0.80958134]
[0.8491322]
[0.6590317]
[0.99122196]
[0.9867049]
[0.9972142]
[0.13080928]
[0.9106824]
[0.9868718]
[0.8692409]
[0.9246721]
[0.7086502]
[0.70459825]
[0.93868876]
[0.86650366]
[0.9903292]
[0.9812037]
[0.793373]
[0.8058845]
[0.85615814]
[0.9905429]
[0.7772689]
[0.90696275]
[0.8227917]
[0.91174984]
[0.6408882]
[0.79168534]
[0.98101836]
[0.86087894]
[0.7079338]
[0.39855]
[0.9444691]
[0.9569324]
[0.90786475]
[0.85900897]
[0.8354932]
[0.9717212]
[0.76208603]
[0.84766376]
[0.89607364]
[0.96276844]
[0.8518882]
[0.9259112]
[0.9942204]
[0.919314]
[0.9903614]
[0.99124086]
[0.9324069]
[0.17655641]
[0.8546109]
[0.8621063]
[0.82563466]
[0.9347837]
[0.57467926]
[0.98621553]
[0.8838227]
[0.7598649]
[0.8128146]
[0.79746747]
[0.88063246]
[0.9946008]
[0.9600806]
[0.8610487]
[0.88592696]
[0.84226125]
[0.9229622]
[0.68981314]
[0.9433193]
[0.67060983]
[0.9110176]
[0.9176806]
[0.95695686]
[0.63582766]
[0.76541555]
[0.8709028]
[0.9666033]
[0.67792046]
[0.91544724]
[0.8996775]
[0.8883164]
[0.7030342]
[0.9754331]
[0.9052743]
[0.98319244]
[0.83941245]
[0.80880165]
[0.87361944]
[0.87872374]
[0.70081836]
[0.9893763]
[0.79291725]
[0.9070853]
[0.66658515]
[0.72786355]
[0.9263103]
[0.92680395]
[0.93752855]
[0.86371964]
[0.7052376]
[0.73647916]
[0.98616475]
[0.83767223]
[0.9815981]
[0.90215623]
[0.98518336]
[0.8343066]
[0.8648014]
[0.9267033]
[0.80511725]
[0.9167012]
[0.95203453]
[0.96280503]
[0.26526064]
[0.84546554]
[0.9246491]
[0.56332463]
[0.99016327]
[0.98828983]
[0.9691326]
[0.31368947]
[0.7399386]
[0.8821362]
[0.9703599]
[0.960479]
[0.9253909]
[0.8428335]
[0.8954958]
[0.4986918]
[0.87419474]
[0.94596934]
[0.55118567]
[0.9415271]
[0.8760558]
[0.5321783]
[0.96487844]
[0.96443427]
[0.9614836]
[0.84700865]
[0.41568512]
[0.99043006]
[0.47983024]
[0.99107254]
[0.6218721]
[0.5534052]
[0.7029982]
[0.79310775]
[0.87701786]
[0.64303255]
[0.9924468]
[0.8427043]
[0.9729801]
[0.7361671]
[0.9680643]
[0.6414764]
[0.9690113]
[0.8205458]
[0.8940746]
[0.88966405]
[0.9425057]
[0.7898923]
[0.92789483]
[0.9844763]
[0.94607216]
[0.93270886]
[0.5215136]
[0.99114704]
[0.8390988]
[0.9275551]
[0.84668887]
[0.9705593]
[0.6033889]
[0.98774624]
[0.7257265]
[0.9010773]
[0.94680566]
[0.5614925]
[0.7864807]
[0.87521577]
[0.98220134]
[0.85212934]
[0.8342397]
[0.6232158]
[0.895457]
[0.8200431]
[0.61109936]
[0.9800845]
[0.9650699]
[0.89829004]
[0.58313805]
[0.9475986]
[0.8235172]
[0.60864556]
[0.8782508]
[0.96780133]
[0.9914637]
[0.80658984]
[0.97571695]
[0.8123957]
[0.6221337]
[0.9519501]
[0.89204806]
[0.92038655]
[0.8979069]
[0.97688293]
[0.7894202]
[0.69191206]
[0.947501]
[0.84116143]
[0.8979318]
[0.87106]
[0.91166234]
[0.78130245]
[0.9409062]
[0.94545215]
[0.9598954]
[0.80665886]
[0.880186]
[0.92763984]
[0.9707358]
[0.77215266]
[0.979017]
[0.9277615]
[0.82762015]
[0.88387954]
[0.9816293]
[0.7541319]
[0.8661574]
[0.7599505]
[0.9488137]
[0.8357123]
[0.98784256]
[0.94228506]
[0.83139956]
[0.8992234]
[0.78642404]
[0.9888375]
[0.8982099]
[0.7290434]
[0.9355035]
[0.984102]
[0.8801462]
[0.97865283]
[0.46348032]
[0.8035184]
[0.38359523]
[0.16922608]
[0.8815994]
[0.9209753]
[0.9868716]
[0.9311946]
[0.69945556]
[0.91444635]
[0.89398736]
[0.4521602]
[0.82730305]
[0.9813684]
[0.8799498]
[0.91548663]
[0.9280474]
[0.5570831]
[0.9623418]
[0.9185902]
[0.86627436]
[0.90967965]
[0.91382265]
[0.49458063]
[0.9095638]
[0.8010032]
[0.7661375]
[0.84853554]
[0.4042792]
[0.83014673]
[0.8378687]
[0.72509646]
[0.87632275]
[0.8633718]
[0.06877863]
[0.34976432]
[0.6560023]
[0.87087196]
[0.6170645]
[0.8384732]
[0.82614017]
[0.8934939]
[0.8676572]
[0.9423716]
[0.8551028]
[0.9084389]
[0.98965484]
[0.8772379]
[0.97994125]
[0.9336157]
[0.9522633]
[0.7524296]
[0.76560843]
[0.99193966]
[0.91943395]
[0.8821579]
[0.98433137]
[0.7579191]
[0.9908049]
[0.7019337]
[0.9218291]
[0.8723017]
[0.7889636]
[0.9868406]
[0.90649796]
[0.8716854]
[0.89488125]
[0.9395671]
[0.9857061]
[0.99446285]
[0.9025357]
[0.65904915]
[0.8294312]
[0.8145855]
[0.896826]
[0.9863449]
[0.65090317]
[0.41439423]
[0.99245465]
[0.86215174]
[0.9060397]
[0.642828]
[0.9755822]
[0.8888627]
[0.93807876]
[0.726012]
[0.8992912]
[0.956025]
[0.9879724]
[0.87931246]
[0.8059455]
[0.7969636]
[0.97994494]
[0.67531586]
[0.8802093]
[0.7571719]
[0.8999307]
[0.0853343]
[0.55140734]
[0.26109403]
[0.7885888]
[0.1536057]
[0.78239256]
[0.85527354]
[0.9876558]
[0.8574134]
[0.9612739]
[0.8977971]
[0.88548017]
[0.91924036]
[0.9474619]
[0.9613588]
[0.88554776]
[0.9177726]
[0.9007678]
[0.8163137]
[0.89931583]
[0.7521742]
[0.9774131]
[0.7609567]
[0.9588413]
[0.97632885]
[0.91138554]
[0.9927266]
[0.88757706]
[0.9396467]
[0.9913117]
[0.8818512]
[0.9597176]
[0.12720516]
[0.6110599]
[0.8759923]
[0.6058919]
[0.75769615]
[0.22669873]
[0.9869633]
[0.98596]
[0.85388595]
[0.9495217]
[0.86801517]
[0.95277584]
[0.89204997]
[0.81551373]
[0.9945519]
[0.77937126]
[0.53587174]
[0.9814354]
[0.9375554]
[0.844703]
[0.9863113]
[0.9426143]
[0.9323969]
[0.9212659]
[0.99067855]
[0.64087266]
[0.9870008]
[0.8946265]
[0.7392839]
[0.77093613]
[0.9931638]
[0.9686556]
[0.9394124]
[0.9323126]
[0.93845576]
[0.9271593]
[0.551324]
[0.9758643]
[0.66722524]
[0.49231616]
[0.4885082]
[0.9015378]
[0.9866451]
[0.95076436]
[0.91441715]
[0.790403]
[0.9365995]
[0.8897916]
[0.9429466]
[0.8281416]
[0.88354576]
[0.668164]
[0.87775517]
[0.79357237]
[0.9744086]
[0.78707016]
[0.97590804]
[0.12407407]
[0.9704896]
[0.99187547]
[0.9883126]
[0.9858588]
[0.8977062]
[0.82638204]
[0.28182498]
[0.74345267]
[0.9550545]
[0.962667]
[0.85893035]
[0.8264409]
[0.9046947]
[0.8036132]
[0.9265716]
[0.92764795]
[0.9936633]
[0.97470665]
[0.981258]
[0.8837749]
[0.7430554]
[0.87372565]
[0.9615154]
[0.93234074]
[0.96633327]
[0.9699359]
[0.95613486]
[0.95245194]
[0.8951199]
[0.88602805]
[0.96433675]
[0.8424076]
[0.8997441]
[0.8753419]
[0.73740166]
[0.98747206]
[0.9026933]
[0.70527613]
[0.4050036]
[0.9922148]
[0.8930248]
[0.91692615]
[0.82654905]
[0.9862611]
[0.718342]
[0.7956158]
[0.93405485]
[0.8118712]
[0.8951334]
[0.9413849]
[0.488085]
[0.87696296]
[0.827819]
[0.9240463]
[0.98164177]
[0.74762017]
[0.9623263]
[0.8293674]
[0.6837479]
[0.867633]
[0.96866107]
[0.92801416]
[0.78221345]
[0.9775671]
[0.932487]
[0.90197444]
[0.98539686]
[0.44487792]
[0.7233523]
[0.8685328]
[0.99214506]
[0.9527106]
[0.9477129]
[0.9455812]
[0.59227484]
[0.9801308]
[0.8175066]
[0.91067266]
[0.9061351]
[0.9502321]
[0.86404836]
[0.6540016]
[0.5142062]
[0.93479073]
[0.9797823]
[0.7427505]
[0.95864445]
[0.93920696]
[0.948004]
[0.91993403]
[0.9597791]
[0.9662634]
[0.9420372]
[0.90385836]
[0.9381604]
[0.9866252]
[0.9318609]
[0.8214655]
[0.37640283]
[0.9356251]
[0.9627608]
[0.8950278]
[0.9250958]
[0.92170465]
[0.892733]
[0.90397525]
[0.96721536]
[0.98082805]
[0.84893167]
[0.84733754]
[0.9799619]
[0.8605951]
[0.60154897]
[0.9615687]
[0.09396791]
[0.42903405]
[0.9023351]
[0.7847009]
[0.9477768]
[0.94902563]
[0.9526489]
[0.6425508]
[0.971064]
[0.7824348]
[0.93035316]
[0.9169285]
[0.8243582]
[0.8504013]
[0.8144351]
[0.9602771]
[0.7779237]
[0.39750457]
[0.9911054]
[0.92493206]
[0.07589594]
[0.93119645]
[0.9258798]
[0.64039826]
[0.9812889]
[0.8450235]
[0.9228035]
[0.9406836]
[0.91743606]
[0.8969357]
[0.5814208]
[0.8925833]
[0.99063617]
[0.81710875]
[0.9097377]
[0.99186766]
[0.8906733]
[0.7022651]
[0.68640983]
[0.8497949]
[0.939183]
[0.796766]
[0.9299586]
[0.8236855]
[0.9401003]
[0.98076475]
[0.9932963]
[0.964967]
[0.9100555]
[0.8942902]
[0.96565986]
[0.86604965]
[0.96122396]
[0.96020746]
[0.8026017]
[0.64654094]
[0.94634926]
[0.8499877]
[0.84949696]
[0.9753548]
[0.7873048]
[0.96229136]
[0.9889363]
[0.91303134]
[0.87364006]
[0.7210556]
[0.94365036]
[0.84371966]
[0.6798707]
[0.09287468]
[0.9690969]
[0.9138094]
[0.3750909]
[0.9003545]
[0.9741037]
[0.9085789]
[0.08300692]
[0.96353555]
[0.891374]
[0.59061295]
[0.8428067]
[0.9729049]
[0.9948958]
[0.96923125]
[0.7258276]
[0.78437185]
[0.91616076]
[0.9833695]
[0.91103196]
[0.8951396]
[0.93655264]
[0.93856204]
[0.8751973]
[0.08446532]
[0.9836729]
[0.8626524]
[0.89681315]
[0.8976453]
[0.90807545]
[0.9929363]
[0.92229337]
[0.95649195]
[0.9930999]
[0.78757095]
[0.92255694]
[0.9370057]
[0.98435783]
[0.8426117]
[0.90810084]
[0.9555619]
[0.88322175]
[0.85455906]
[0.84966296]
[0.97311395]
[0.87422943]
[0.7879227]
[0.97682023]
[0.9935504]
[0.7369142]
[0.9943362]
[0.97639585]
[0.34349483]
[0.88282645]
[0.7792691]
[0.9303384]
[0.6837565]
[0.9056772]
[0.94504833]
[0.6430927]
[0.94218576]
[0.44768304]
[0.96181625]
[0.8799794]
[0.9406657]
[0.9458076]
[0.83518404]
[0.9279814]
[0.8774866]
[0.88920677]
[0.88312465]
[0.9514934]
[0.8552531]
[0.8400688]
[0.9463597]
[0.98665]
[0.380925]
[0.9535682]
[0.7243061]
[0.9141922]
[0.8859154]
[0.8970792]
[0.9500776]
[0.89543927]
[0.9549412]
[0.8620749]
[0.8807313]
[0.97042394]
[0.8321878]
[0.92297184]
[0.9283837]
[0.63630867]
[0.9143951]
[0.7048059]
[0.98728424]
[0.89475495]
[0.9372723]
[0.91511726]
[0.9766567]
[0.7347957]
[0.91308486]
[0.99248326]
[0.8495196]
[0.847426]
[0.89853215]
[0.9594806]
[0.9608803]
[0.52882487]
[0.8461846]
[0.84782517]
[0.8515078]
[0.99422354]
[0.22468305]
[0.87524706]
[0.7727584]
[0.7750651]
[0.9856323]
[0.96892136]
[0.9579004]
[0.8078648]
[0.9461071]
[0.9821416]
[0.3699519]
[0.9056219]
[0.90203756]
[0.62420064]
[0.94959754]
[0.9802711]
[0.509142]
[0.96683925]
[0.9345443]
[0.9503795]
[0.9409769]
[0.98604035]
[0.9146043]
[0.85687107]
[0.91685045]
[0.89454365]
[0.98345804]
[0.91259706]
[0.9875564]
[0.9227276]
[0.90964246]
[0.8063631]
[0.9492234]
[0.830184]
[0.9344374]
[0.8443897]
[0.24619168]
[0.96942824]
[0.99266756]
[0.9515555]
[0.7018993]
[0.9390434]
[0.8321934]
[0.69509804]
[0.856884]
[0.9882206]
[0.9377531]
[0.9306754]
[0.95510566]
[0.9103408]
[0.84106374]
[0.94496536]
[0.82625705]
[0.88238543]
[0.98848355]
[0.92677677]
[0.984735]
[0.9588126]
[0.40972978]
[0.9505341]
[0.9357938]
[0.9128634]
[0.5577634]
[0.87906253]
[0.966407]
[0.8190479]
[0.91918105]
[0.99450773]
[0.9809114]
[0.95290554]
[0.8643901]
[0.13034931]
[0.7626841]
[0.9670862]
[0.9127154]
[0.8052108]
[0.45272303]
[0.64014196]
[0.8873589]
[0.548351]
[0.78871554]
[0.9859954]
[0.9038241]
[0.94000655]
[0.7925542]
[0.7845248]
[0.98255885]
[0.9646921]
[0.738937]
[0.8622826]
[0.9876517]
[0.8882072]
[0.6576942]
[0.7248541]
[0.46927065]
[0.66962945]
[0.9910817]
[0.82555556]
[0.95466316]
[0.98879147]
[0.9705199]
[0.75037026]
[0.9209876]
[0.8185756]
[0.85282165]
[0.95246166]
[0.33379358]
[0.84929013]
[0.9675514]
[0.9854203]
[0.99259484]
[0.06555635]
[0.77853644]
[0.8034744]
[0.98846877]
[0.8775121]
[0.8585464]
[0.97715676]
[0.8337762]
[0.8503305]
[0.83953536]
[0.8095929]
[0.600677]
[0.97393084]
[0.90604323]
[0.84246767]
[0.8554753]
[0.9774945]
[0.94973004]
[0.9650494]
[0.691645]
[0.9624138]
[0.98830456]
[0.89166665]
[0.9390007]
[0.9775698]
[0.9155516]
[0.66451275]
[0.93570364]
[0.8707571]
[0.08308092]
[0.9848976]
[0.9567096]
[0.97311276]
[0.9138365]
[0.92806864]
[0.91992277]
[0.99528635]
[0.9510591]
[0.76557374]
[0.8659608]
[0.93314445]
[0.7344536]
[0.9474893]
[0.9014355]
[0.9511404]
[0.6607675]
[0.9855427]
[0.7903769]
[0.8281903]
[0.6415567]
[0.9787044]
[0.9403229]
[0.46210018]
[0.86283225]
[0.98493826]
[0.97782516]
[0.35560602]
[0.54915094]
[0.8902288]
[0.93369424]
[0.91080207]
[0.85387814]
[0.84851414]
[0.11829033]
[0.762774]
[0.9930712]
[0.97095984]
[0.94268525]
[0.88657594]
[0.7007302]
[0.7089338]
[0.90387285]
[0.9479891]
[0.90268064]
[0.9063247]
[0.6252091]
[0.9914945]
[0.95001745]
[0.4179944]
[0.85944045]
[0.93528265]
[0.9884201]
[0.8477131]
[0.70147985]
[0.6661891]
[0.771363]
[0.9083152]
[0.96946543]
[0.871753]
[0.96779567]
[0.767009]
[0.9793347]
[0.96666896]
[0.94108796]
[0.94135916]
[0.9441337]
[0.8288246]
[0.86325556]
[0.91953325]
[0.7116702]
[0.95635855]
[0.85553604]
[0.9060728]
[0.9864944]
[0.9136096]
[0.47591594]
[0.8240948]
[0.6175808]
[0.9755496]
[0.8792534]
[0.25618416]
[0.80739]
[0.7232343]
[0.8575957]
[0.8723158]
[0.69348025]
[0.7729935]
[0.8701636]
[0.8965749]
[0.9015204]
[0.9689007]
[0.97168267]
[0.8915253]
[0.8274422]
[0.8764416]
[0.9565786]
[0.51891464]
[0.11922613]
[0.97906053]
[0.84302336]
[0.8749536]
[0.5897113]
[0.93949354]
[0.2578761]
[0.88950646]
[0.80490637]
[0.9031233]
[0.9901497]
[0.80832577]
[0.987744]
[0.9766135]
[0.9576341]
[0.84851277]
[0.8551622]
[0.6946994]
[0.8097606]
[0.85173833]
[0.8167406]
[0.9182678]
[0.98158956]
[0.9024841]
[0.91472596]
[0.8800553]
[0.9160513]
[0.92738456]
[0.6029084]
[0.94692945]
[0.9579462]
[0.9849893]
[0.9340235]
[0.9770206]
[0.84891224]
[0.93791986]
[0.75095475]
[0.8118261]
[0.96805227]
[0.9825735]
[0.85382545]
[0.9419004]
[0.88771534]
[0.9033558]
[0.919835]
[0.97345495]
[0.8271122]
[0.80991465]
[0.875079]
[0.865973]
[0.97374827]
[0.9197973]
[0.90011966]
[0.8662967]
[0.9608735]
[0.80588377]
[0.9430231]
[0.92643344]
[0.9743751]
[0.9490775]
[0.6440332]
[0.82373196]
[0.89912486]
[0.989323]
[0.890414]
[0.9035431]
[0.6151887]
[0.97464156]
[0.89274573]
[0.92486715]
[0.98523486]
[0.65816224]
[0.82799065]
[0.9350859]
[0.8855972]
[0.87950885]
[0.8745685]
[0.98686165]
[0.8828789]
[0.89279634]
[0.85561645]
[0.9280231]
[0.9214653]
[0.8401903]
[0.85101306]
[0.93102217]
[0.5477042]
[0.5400545]
[0.8743086]
[0.65095466]
[0.66333675]
[0.84996176]
[0.9287648]
[0.61258876]
[0.9531269]
[0.36475253]
[0.90753853]
[0.8784408]
[0.8607038]
[0.82828486]
[0.98281634]
[0.79812163]
[0.923308]
[0.99371874]
[0.92673975]
[0.9046583]
[0.98360884]
[0.8585522]
[0.7396991]
[0.9538724]
[0.41864508]
[0.9789138]
[0.7859377]
[0.7856976]
[0.98133826]
[0.8188424]
[0.51697004]
[0.84918505]
[0.9493373]
[0.9226058]
[0.67595947]
[0.79924476]
[0.8757141]
[0.6911385]
[0.9035568]
[0.817044]
[0.9234495]
[0.9092176]
[0.9917679]
[0.9891623]
[0.87264836]
[0.8988652]
[0.9620873]
[0.9285058]
[0.860036]
[0.92788464]
[0.9159238]
[0.83348906]
[0.9157822]
[0.94743675]
[0.98109895]
[0.854233]
[0.79228103]
[0.9199382]
[0.7239634]
[0.63851815]
[0.8999484]
[0.24219587]
[0.8866656]
[0.9876697]
[0.8303205]
[0.9626386]
[0.920892]
[0.7639636]
[0.9883032]
[0.8292349]
[0.7950557]
[0.9225359]
[0.9204006]
[0.9879282]
[0.8989398]
[0.9430891]
[0.82565665]
[0.8782455]
[0.842999]
[0.718151]
[0.8199825]
[0.9850049]
[0.8467735]
[0.96581435]
[0.9279131]
[0.74384016]
[0.7489018]
[0.9924538]
[0.96679395]
[0.8913101]
[0.95456165]
[0.8951199]
[0.89641225]
[0.96789503]
[0.91626126]
[0.9752412]
[0.5264428]
[0.7848402]
[0.8077952]
[0.90044785]
[0.9859127]
[0.91421854]
[0.8216786]
[0.9074392]
[0.8658978]
[0.9414395]
[0.8850881]
[0.88991404]
[0.9251752]
[0.9807393]
[0.9068671]
[0.9227263]
[0.8836992]
[0.58420056]
[0.88621974]
[0.5553227]
[0.85498166]
[0.90419996]
[0.8994913]
[0.89653647]
[0.9459174]
[0.9479865]
[0.9457137]
[0.78440505]
[0.86802673]
[0.9445603]
[0.8501433]
[0.6068914]
[0.99433863]
[0.2840308]
[0.9800217]
[0.8054101]
[0.9625414]
[0.9256197]
[0.8910006]
[0.92207444]
[0.985517]
[0.9406463]
[0.821411]
[0.90480924]
[0.97892654]
[0.90472996]
[0.7480236]
[0.86375415]
[0.91841507]
[0.92016244]
[0.928794]
[0.6838612]
[0.93224627]
[0.856876]
[0.9593967]
[0.07463583]
[0.9088726]
[0.92254853]
[0.8612513]
[0.8299186]
[0.8267018]
[0.3582017]
[0.97221565]
[0.96271515]
[0.9357563]
[0.9804206]
[0.9428735]
[0.73796546]
[0.7922431]
[0.8428167]
[0.9179029]
[0.8493875]
[0.89178914]
[0.88705635]
[0.6021802]
[0.91853064]
[0.8489957]
[0.8346126]
[0.8683133]
[0.72388935]
[0.9799111]
[0.7532962]
[0.92064965]
[0.9171934]
[0.7628517]
[0.87699527]
[0.9061978]
[0.59696335]
[0.9422701]
[0.9681657]
[0.57088256]
[0.825603]
[0.8089879]
[0.90447176]
[0.83288324]
[0.8880297]
[0.9481106]
[0.6162632]
[0.88666517]
[0.95124847]
[0.93976736]
[0.8446189]
[0.7694633]
[0.6399516]
[0.9892345]
[0.866011]
[0.9727684]
[0.97593164]
[0.9065534]
[0.91730803]
[0.9280588]
[0.8003902]
[0.91541475]
[0.9473846]
[0.960093]
[0.9104527]
[0.89204454]
[0.6171793]
[0.9705702]
[0.9417994]
[0.8791834]
[0.89417255]
[0.95745957]
[0.12063468]
[0.9839293]
[0.92804]
[0.8719348]
[0.97697306]
[0.97052866]
[0.43380657]
[0.8667574]
[0.37005496]
[0.8409866]
[0.93336606]
[0.9778695]
[0.55651104]
[0.91622835]
[0.560842]
[0.68203086]
[0.9303142]
[0.9939088]
[0.3384004]
[0.87036693]
[0.9166405]
[0.9699284]
[0.9249244]
[0.7404269]
[0.67262554]
[0.3172413]
[0.88158286]
[0.81825477]
[0.90246195]
[0.841684]
[0.9926311]
[0.9724623]
[0.8745473]
[0.89625007]
[0.7417442]
[0.9382743]
[0.933318]
[0.7783489]
[0.7813409]
[0.7208914]
[0.9447681]
[0.86724406]
[0.8275974]
[0.8631941]
[0.7116923]
[0.88896286]
[0.98136365]
[0.75584257]
[0.7130288]
[0.9874799]
[0.9098148]
[0.7537456]
[0.94660294]
[0.97116137]
[0.79132724]
[0.81871897]
[0.77360845]
[0.972854]
[0.971804]
[0.9862164]
[0.5636779]
[0.9446848]
[0.9764405]
[0.98275983]
[0.9571753]
[0.64759046]
[0.984138]
[0.9465456]
[0.98734784]
[0.964208]
[0.9007908]
[0.90469146]
[0.86948955]
[0.83099604]
[0.9209447]
[0.96405774]
[0.8566478]
[0.75358844]
[0.866922]
[0.9262405]
[0.99004734]
[0.96175206]
[0.9246932]
[0.9220221]
[0.7585039]
[0.8095549]
[0.88618183]
[0.99120414]
[0.9241049]
[0.9489221]
[0.9898578]
[0.89888203]
[0.86616945]
[0.8608681]
[0.62129986]
[0.5338887]
[0.94218636]
[0.90127957]
[0.9858326]
[0.8939614]
[0.96512246]
[0.72718674]
[0.9921968]
[0.70702636]
[0.5719646]
[0.7467392]
[0.8579446]
[0.9399688]
[0.8639301]
[0.84739816]
[0.9891403]
[0.94726706]
[0.87267524]
[0.96118253]
[0.9569726]
[0.94817686]
[0.6992424]
[0.83271563]
[0.9640665]
[0.93314344]
[0.7870313]
[0.84600556]
[0.9053202]
[0.90356696]
[0.9068525]
[0.94394064]
[0.86895955]
[0.76611817]
[0.897194]
[0.30481923]
[0.88799113]
[0.7935115]
[0.8442224]
[0.78047526]
[0.93478096]
[0.84192574]
[0.94832206]
[0.583961]
[0.81464076]
[0.92129314]
[0.85532844]
[0.8708328]
[0.85527265]
[0.856817]
[0.86519015]
[0.9506848]
[0.55291086]
[0.9421123]
[0.75239503]
[0.7281313]
[0.9786558]
[0.79057133]
[0.9448713]
[0.8303138]
[0.99315774]
[0.9374825]
[0.7936697]
[0.9321321]
[0.2502934]
[0.74286497]
[0.810457]
[0.33534074]
[0.7466862]
[0.8940612]
[0.91733944]
[0.9597879]
[0.98139197]
[0.9908386]
[0.95796293]
[0.75615144]
[0.96661943]
[0.9907168]
[0.924606]
[0.9846415]
[0.91946495]
[0.9677946]
[0.7935622]
[0.8022521]
[0.9911659]
[0.87928903]
[0.97971344]
[0.75531757]
[0.92782676]
[0.8572877]
[0.9628135]
[0.9194708]
[0.9049182]
[0.8699316]
[0.9822056]
[0.92080986]
[0.82897365]
[0.8906392]
[0.8595008]
[0.9229358]
[0.69617116]
[0.9889273]
[0.8696229]
[0.84868985]
[0.8283247]
[0.4223306]
[0.9399942]
[0.60627496]
[0.9089824]
[0.9570625]
[0.848521]
[0.72566473]
[0.23937336]
[0.9617709]
[0.90460515]
[0.82155186]
[0.7540779]
[0.90849876]
[0.8470275]
[0.84236705]
[0.99489146]
[0.9614606]
[0.88733757]
[0.85232604]
[0.88968945]
[0.855379]
[0.9911681]
[0.87516886]
[0.675018]
[0.92734826]
[0.85173213]
[0.92683077]
[0.95642436]
[0.8092388]
[0.9083775]
[0.4967872]
[0.83942837]
[0.847692]
[0.8421927]
[0.92390203]
[0.5449195]
[0.7651768]
[0.7754466]
[0.35508764]
[0.9768118]
[0.9915459]
[0.96244216]
[0.99051833]
[0.81643087]
[0.93133295]
[0.8931138]
[0.8423089]
[0.8316414]
[0.9913184]
[0.8945323]
[0.931]
[0.6178506]
[0.6150174]
[0.95289946]
[0.8801006]
[0.92982304]
[0.9850643]
[0.9421532]
[0.8822841]
[0.9116956]
[0.9874573]
[0.4524325]
[0.9024876]
[0.46725553]
[0.83913445]
[0.9883487]
[0.8761104]
[0.66245085]
[0.97144866]
[0.9132366]
[0.9244632]
[0.4242773]
[0.8734314]
[0.46719748]
[0.8543252]
[0.8689168]
[0.81981486]
[0.81835794]
[0.97326064]
[0.7570567]
[0.65087515]
[0.91143435]
[0.91123146]
[0.8619069]
[0.9563874]
[0.80826616]
[0.8174282]
[0.96325123]
[0.8166851]
[0.8599983]
[0.9806237]
[0.98362494]
[0.68154204]
[0.7230167]
[0.9423378]
[0.8053298]
[0.60158414]
[0.7760575]
[0.99062383]
[0.97210497]
[0.6025455]
[0.86699915]
[0.6974629]
[0.9627111]
[0.77695394]
[0.98826426]
[0.79583055]
[0.8453238]
[0.73465276]
[0.3838352]
[0.91919917]
[0.7500744]
[0.9860755]
[0.98704255]
[0.96289563]
[0.93947804]
[0.9636783]
[0.91262853]
[0.94237196]
[0.8944042]
[0.8397445]
[0.84230137]
[0.36743402]
[0.43311575]
[0.8334784]
[0.84601843]
[0.86813164]
[0.9195401]
[0.65614635]
[0.96908164]
[0.97788906]
[0.94991755]
[0.7572834]
[0.93604976]
[0.9840894]
[0.82342625]
[0.9587405]
[0.7608379]
[0.95292187]
[0.5312728]
[0.9553913]
[0.788133]
[0.722046]
[0.8851201]
[0.92174417]
[0.9771049]
[0.92665493]
[0.86764824]
[0.79577523]
[0.9702021]
[0.86357576]
[0.6055906]
[0.9177609]
[0.9640292]
[0.8914201]
[0.81243515]
[0.9642499]
[0.8967055]
[0.86285245]
[0.8112783]
[0.57268703]
[0.75241673]
[0.9096046]
[0.8855313]
[0.87235403]
[0.7527535]
[0.3487216]
[0.925375]
[0.8862077]
[0.42790276]
[0.7843565]
[0.98690164]
[0.7458047]
[0.91738665]
[0.9800669]
[0.85575455]
[0.83525896]
[0.881853]
[0.9882035]
[0.9856174]
[0.87413156]
[0.8148385]
[0.9416474]
[0.8782285]
[0.8159044]
[0.927948]
[0.81414104]
[0.86586976]
[0.7768035]
[0.8848884]
[0.5372337]
[0.71715516]
[0.9134364]
[0.5618919]
[0.9901471]
[0.9311608]
[0.9677402]
[0.9488028]
[0.5524039]
[0.98477733]
[0.8643316]
[0.9141821]
[0.8366039]
[0.95321]
[0.4186046]
[0.93621266]
[0.95396984]
[0.98351073]
[0.92095757]
[0.82155335]
[0.0609684]
[0.9065298]
[0.7827133]
[0.87979686]
[0.9845269]
[0.9231995]
[0.87836504]
[0.85819566]
[0.93362284]
[0.9475324]
[0.8650911]
[0.9210527]
[0.92383665]
[0.9888872]
[0.68009806]
[0.90946794]
[0.99466646]
[0.8641833]
[0.9407513]
[0.9460466]
[0.39279026]
[0.99194014]
[0.8745073]
[0.9583795]
[0.9275852]
[0.990744]
[0.7762219]
[0.9688485]
[0.5430254]
[0.8741952]
[0.9533793]
[0.97571146]
[0.8703834]
[0.88871884]
[0.89006495]
[0.8068438]
[0.99495786]
[0.981039]
[0.5820222]
[0.84852684]
[0.91189635]
[0.86446035]
[0.8402622]
[0.89505345]
[0.8969148]
[0.47599027]
[0.7285285]
[0.947818]
[0.75439274]
[0.8830302]
[0.30217865]
[0.36911693]
[0.8546742]
[0.82519495]
[0.86349094]
[0.69497144]
[0.9438108]
[0.9664662]
[0.96773314]
[0.6816231]
[0.7777934]
[0.99246573]
[0.9579341]
[0.9177685]
[0.92991257]
[0.79092544]
[0.8685701]
[0.9358129]
[0.52230847]
[0.8367529]
[0.97085714]
[0.9109816]
[0.88212574]
[0.98480296]
[0.9508161]
[0.85775495]
[0.37828556]
[0.83530307]
[0.938984]
[0.6783217]
[0.9154557]
[0.9202254]
[0.71581775]
[0.8510166]
[0.7755814]
[0.85952103]
[0.644866]
[0.7039325]
[0.78362215]
[0.9536215]
[0.849267]
[0.5418472]
[0.4217311]
[0.99162257]
[0.87228596]
[0.7302766]
[0.8889214]
[0.7582824]
[0.56828386]
[0.35484412]
[0.8861853]
[0.9603486]
[0.9112476]
[0.9896207]
[0.9022006]
[0.94372416]
[0.598467]
[0.9913727]
[0.99340135]
[0.92926824]
[0.5314203]
[0.9732663]
[0.9722588]
[0.96866107]
[0.7900046]
[0.7187249]
[0.89691126]
[0.9700266]
[0.94942456]
[0.9921688]
[0.6947196]
[0.94322705]
[0.8866844]
[0.91374683]
[0.9502708]
[0.6438608]
[0.82503647]
[0.7142956]
[0.90331244]
[0.73185045]
[0.7023282]
[0.98951447]
[0.99079514]
[0.59546727]
[0.52644217]
[0.876672]
[0.8212538]
[0.9249276]
[0.8464334]
[0.99176896]
[0.8138387]
[0.8622622]
[0.87389106]
[0.9481528]
[0.82324564]
[0.93528974]
[0.9702176]
[0.9412519]
[0.6795857]
[0.8319608]
[0.9903394]
[0.62841177]
[0.9368876]
[0.81591326]
[0.85783714]
[0.85814583]
[0.9911691]
[0.975445]
[0.9365394]
[0.48855546]
[0.85056794]
[0.87830436]
[0.7768136]
[0.99189305]
[0.8121901]
[0.9164386]
[0.7745816]
[0.87571204]
[0.5537891]
[0.93924904]
[0.96807635]
[0.88519746]
[0.8324929]
[0.9765779]
[0.88129646]
[0.89973927]
[0.84254897]
[0.4186631]
[0.97466195]
[0.90990293]
[0.942648]
[0.8919965]
[0.6329073]
[0.7402985]
[0.8525673]
[0.7597886]
[0.95836115]
[0.8626181]
[0.86359113]
[0.64550525]
[0.9409337]
[0.6914495]
[0.9319669]
[0.913522]
[0.90320957]
[0.9545218]
[0.7141146]
[0.901904]
[0.96916294]
[0.8720983]
[0.8821821]
[0.95988053]
[0.95485234]
[0.77473867]
[0.74667925]
[0.93301356]
[0.9466306]
[0.9945527]
[0.56406265]
[0.9519661]
[0.94799536]
[0.9910016]
[0.93826675]
[0.94933826]
[0.95842266]
[0.51784694]
[0.8281052]
[0.9622668]
[0.43792474]
[0.9347646]
[0.9172441]
[0.61268103]
[0.5638016]
[0.89529306]
[0.8467624]
[0.9636159]
[0.8622881]
[0.8467457]
[0.9398621]
[0.90360177]
[0.36586088]
[0.7461096]
[0.96129555]
[0.84143364]
[0.86777186]
[0.99371195]
[0.9825389]
[0.96769553]
[0.9095124]
[0.9890735]
[0.85222685]
[0.84560597]
[0.86591005]
[0.9811286]
[0.8514583]
[0.97401416]
[0.94714606]
[0.9583073]
[0.86784005]
[0.57300794]
[0.92068756]
[0.99206024]
[0.7862592]
[0.95324504]
[0.92174673]
[0.88476324]
[0.96785855]
[0.17021933]
[0.78450394]
[0.96523404]
[0.92383444]
[0.8176752]
[0.92831194]
[0.9575306]
[0.816164]
[0.8997574]
[0.9915125]
[0.96209586]
[0.58470416]
[0.8415342]
[0.9077761]
[0.61919725]
[0.9275447]
[0.92696965]
[0.91131353]
[0.92015654]
[0.8456119]
[0.8370276]
[0.87213427]
[0.7837645]
[0.95390064]
[0.9905373]
[0.9489689]
[0.9932399]
[0.85554516]
[0.95187014]
[0.78916574]
[0.8795169]
[0.9715366]
[0.8780086]
[0.7601959]
[0.6057484]
[0.61612415]
[0.985074]
[0.8569213]
[0.62522143]
[0.85227776]
[0.95508564]
[0.3253888]
[0.60338473]
[0.9698101]
[0.81306934]
[0.980711]
[0.98856604]
[0.98356175]
[0.97787416]
[0.6570302]
[0.74726564]
[0.4573511]
[0.9367814]
[0.95980823]
[0.9776434]
[0.73732954]
[0.92219514]
[0.78042316]
[0.95409757]
[0.87267524]
[0.9848212]
[0.34677202]
[0.9815856]
[0.75861216]
[0.97175616]
[0.8812257]
[0.99219906]
[0.9673295]
[0.17647558]
[0.9741461]
[0.85066986]
[0.989251]
[0.9435265]
[0.5548228]
[0.93833447]
[0.79198813]
[0.77178633]
[0.99255663]
[0.94208246]
[0.74624187]
[0.9899124]
[0.83587897]
[0.90519303]
[0.9826912]
[0.87875926]
[0.75160956]
[0.8171422]
[0.6358672]
[0.8155947]
[0.84778315]
[0.41903877]
[0.57461774]
[0.7887421]
[0.43676448]
[0.9666172]
[0.8973253]
[0.6674406]
[0.80782783]
[0.887401]
[0.51945275]
[0.5798788]
[0.8149746]
[0.89198923]
[0.9507431]
[0.09629387]
[0.8949057]
[0.9905637]
[0.9187802]
[0.9294617]
[0.8926286]
[0.9032757]
[0.9781451]
[0.66980684]
[0.9573988]
[0.7546928]
[0.76946425]
[0.97216487]
[0.93673635]
[0.9531402]
[0.98952425]
[0.88325524]
[0.9789876]
[0.6117407]
[0.88573205]
[0.8276478]
[0.9170563]
[0.74561805]
[0.98237514]
[0.90996087]
[0.74625236]
[0.991223]
[0.9465703]
[0.8469099]
[0.89043164]
[0.8152175]
[0.91357607]
[0.95257616]
[0.89899963]
[0.81733644]
[0.7163179]
[0.98292243]
[0.893214]
[0.8069723]
[0.31311837]
[0.9133111]
[0.76794136]
[0.9532688]
[0.9891511]
[0.5265423]
[0.98715544]
[0.9745414]
[0.9182998]
[0.7629343]
[0.98651874]
[0.9783313]
[0.9653145]
[0.5272411]
[0.98433095]
[0.8471148]
[0.9611167]
[0.8958024]
[0.91035664]
[0.25431788]
[0.97256386]
[0.9901918]
[0.9396361]
[0.9252957]
[0.97264314]
[0.8092158]
[0.99390733]
[0.9461125]
[0.80879843]
[0.5291759]
[0.7530693]
[0.9355621]
[0.4965015]
[0.9440652]
[0.9182254]
[0.84256554]
[0.87771714]
[0.8066163]
[0.19864082]
[0.88131666]
[0.9645735]
[0.9082994]
[0.9008832]
[0.8615631]
[0.44406477]
[0.84591126]
[0.8855702]
[0.98334074]
[0.9685792]
[0.9794485]
[0.9915124]
[0.9748733]
[0.85532737]
[0.96776]
[0.983577]
[0.89785206]
[0.7967499]
[0.8919031]
[0.6057137]
[0.77584076]
[0.92738265]
[0.8985915]
[0.7665038]
[0.8544674]
[0.91622436]
[0.73279965]
[0.9252738]
[0.9151164]
[0.9866062]
[0.20134601]
[0.9445325]
[0.8672091]
[0.90956295]
[0.9423279]
[0.9898415]
[0.9449617]
[0.85519314]
[0.90756404]
[0.9718361]
[0.7989007]
[0.96928674]
[0.8409028]
[0.69945556]
[0.5492345]
[0.9552663]
[0.9818764]
[0.9908035]
[0.5908833]
[0.81563264]
[0.98299766]
[0.97231114]
[0.9413354]
[0.87982446]
[0.9767178]
[0.9204874]
[0.89903426]
[0.7218242]
[0.97709024]
[0.9764624]
[0.82447505]
[0.10007325]
[0.6440077]
[0.9124226]
[0.90781975]
[0.72890216]
[0.83051383]
[0.9853058]
[0.9123354]
[0.8216309]
[0.90637565]
[0.9634026]
[0.8539543]
[0.962661]
[0.8466068]
[0.9160392]
[0.8855227]
[0.9130658]
[0.26989594]
[0.9415159]
[0.93611753]
[0.9948838]
[0.9565937]
[0.94776475]
[0.83038795]
[0.93066776]
[0.9836292]
[0.5561833]
[0.9167004]
[0.94448113]
[0.86502934]
[0.99427056]
[0.808525]
[0.65441793]
[0.9668438]
[0.903789]
[0.67834127]
[0.9868664]
[0.78321344]
[0.8581321]
[0.9230144]
[0.9938401]
[0.992121]
[0.9506444]
[0.8873352]
[0.9658599]
[0.60141647]
[0.9773333]
[0.8321847]
[0.6738293]
[0.98829925]
[0.89442116]
[0.8716632]
[0.98657763]
[0.9317599]
[0.5928527]
[0.96768856]
[0.80093586]
[0.7284031]
[0.9107879]
[0.99468386]
[0.7387655]
[0.9771563]
[0.9364772]
[0.9508148]
[0.87711513]
[0.88499576]
[0.53985584]
[0.83662117]
[0.49271598]
[0.87240064]
[0.9727873]
[0.33919597]
[0.9292489]
[0.96276224]
[0.94822615]
[0.9970515]
[0.03769994]
[0.74926364]
[0.92323697]
[0.86578554]
[0.98945475]
[0.9787201]
[0.98899865]
[0.8539943]
[0.86351645]
[0.91703284]
[0.89796805]
[0.87401736]
[0.93768644]
[0.8674552]
[0.80630475]
[0.73958623]
[0.97825843]
[0.9184352]
[0.34831333]
[0.8568407]
[0.92576295]
[0.99487305]
[0.992707]
[0.9782727]
[0.9368284]
[0.6125163]
[0.95104253]
[0.94050443]
[0.82236314]
[0.9264225]
[0.92245674]
[0.906693]
[0.60216475]
[0.55193144]
[0.8914595]
[0.6527765]
[0.6367054]
[0.8019248]
[0.81318116]
[0.2900253]
[0.86636555]
[0.9707084]
[0.6822258]
[0.9539952]
[0.8673681]
[0.87074864]
[0.66184574]
[0.36924672]
[0.9895886]
[0.6910881]
[0.8433646]
[0.94046324]
[0.8998006]
[0.82083106]
[0.9924078]
[0.8587639]
[0.97427857]
[0.83340245]
[0.9378959]
[0.744835]
[0.791072]
[0.37797335]
[0.14451861]
[0.5799561]
[0.8341837]
[0.7791225]
[0.9494128]
[0.7315706]
[0.94470227]
[0.55509347]
[0.88879865]
[0.8016465]
[0.9512548]
[0.4699566]
[0.8435931]
[0.17976844]
[0.98071265]
[0.9080567]
[0.66908216]
[0.9789461]
[0.67748153]
[0.9342208]
[0.84949744]
[0.9965488]
[0.9593264]
[0.6170878]
[0.3883179]
[0.77968585]
[0.81435156]
[0.88150513]
[0.9425243]
[0.99341047]
[0.9133383]
[0.65605325]
[0.73985076]
[0.95009124]
[0.9341184]
[0.9071454]
[0.95647955]
[0.8721963]
[0.98063636]
[0.8213091]
[0.74318856]
[0.80353016]
[0.9859569]
[0.8284338]
[0.852509]
[0.72139895]
[0.88980913]
[0.2212137]
[0.98549235]
[0.96628284]
[0.40670115]
[0.9598624]
[0.83754396]
[0.9466568]
[0.957821]
[0.92002547]
[0.8885069]
[0.8683406]
[0.96662635]
[0.7755853]
[0.8917089]
[0.42304718]
[0.9822456]
[0.9949108]
[0.47005516]
[0.816499]
[0.8700721]
[0.94183207]
[0.72777903]
[0.52945983]
[0.7491525]
[0.876761]
[0.9011402]
[0.9532209]
[0.9417621]
[0.24004799]
[0.90373963]
[0.8526828]
[0.9700229]
[0.8723384]
[0.5967479]
[0.8163996]
[0.9002064]
[0.786188]
[0.3093959]
[0.7789073]
[0.83007705]
[0.6497167]
[0.98514986]
[0.9227945]
[0.9748379]
[0.64341575]
[0.9440047]
[0.86716104]
[0.67058694]
[0.968233]
[0.41077334]
[0.9685569]
[0.89380205]
[0.83894134]
[0.9869585]
[0.9346998]
[0.975266]
[0.8642287]
[0.9398811]
[0.9006737]
[0.91124237]
[0.6905122]
[0.60912937]
[0.8464565]
[0.8825667]
[0.54954594]
[0.9070066]
[0.9719487]
[0.49523237]
[0.98566735]
[0.8561857]
[0.8569319]
[0.8905525]
[0.93352765]
[0.9800763]
[0.5046305]
[0.904855]
[0.8464693]
[0.7932]
[0.9211462]
[0.9209801]
[0.14737442]
[0.977563]
[0.9364215]
[0.40634766]
[0.9373223]
[0.9257538]
[0.8419045]
[0.8877983]
[0.7878523]
[0.72702247]
[0.9174766]
[0.96051043]
[0.60588545]
[0.92048734]
[0.9035399]
[0.9396412]
[0.907333]
[0.92612135]
[0.64991677]
[0.76810724]
[0.9890268]
[0.92313194]
[0.9478]
[0.9782269]
[0.77101624]
[0.9753996]
[0.94755334]
[0.8723415]
[0.90355945]
[0.89257586]
[0.9495263]
[0.9593091]
[0.83575463]
[0.64878994]
[0.8877079]
[0.5772032]
[0.77998114]
[0.71961826]
[0.97724456]
[0.73455876]
[0.9433398]
[0.90986586]
[0.8860676]
[0.8827714]
[0.9754665]
[0.83747053]
[0.8547187]
[0.8016677]
[0.6927098]
[0.95990914]
[0.9883565]
[0.9109891]
[0.9367417]
[0.84672207]
[0.8689968]
[0.94983363]
[0.5502014]
[0.9890716]
[0.87589943]
[0.8194599]
[0.7920836]
[0.99058557]
[0.5972658]
[0.83960325]
[0.27699998]
[0.77294314]
[0.9906347]
[0.6907213]
[0.87906885]
[0.9127114]
[0.86170316]
[0.97791284]
[0.91815495]
[0.72960734]
[0.8264098]
[0.8672196]
[0.9544054]
[0.85461366]
[0.95922023]
[0.7417864]
[0.65859437]
[0.80610156]
[0.84266776]
[0.86116433]
[0.9070096]
[0.94908327]
[0.9927327]
[0.92755747]
[0.9083015]
[0.9830371]
[0.9903323]
[0.7581977]
[0.88741124]
[0.90023714]
[0.96406245]
[0.7562378]
[0.86276925]
[0.9764732]
[0.9619454]
[0.9290701]
[0.8905596]
[0.96969974]
[0.8759742]
[0.99403846]
[0.9102352]
[0.86758506]
[0.86126614]
[0.47084743]
[0.8249832]
[0.76760817]
[0.8657261]
[0.7581084]
[0.6292082]
[0.8651988]
[0.7763983]
[0.9567743]
[0.90701354]
[0.8725116]
[0.98162574]
[0.84492075]
[0.96778667]
[0.8332788]
[0.8036592]
[0.8783955]
[0.6458522]
[0.8176622]
[0.91737115]
[0.9133395]
[0.9810004]
[0.89273024]
[0.7668599]
[0.7225978]
[0.7891548]
[0.82497346]
[0.942603]
[0.8803116]
[0.91385174]
[0.90047157]
[0.8655547]
[0.84910625]
[0.98295903]
[0.7960287]
[0.974735]
[0.9137868]
[0.987113]
[0.98525625]
[0.88588345]
[0.9572946]
[0.5642665]
[0.98538524]
[0.95215833]
[0.64650434]
[0.70279133]
[0.8556594]
[0.98434365]
[0.9244925]
[0.87168574]
[0.75148416]
[0.92139554]
[0.7766106]
[0.84788996]
[0.2127614]
[0.90109587]
[0.6694432]
[0.9911262]
[0.8052072]
[0.965768]
[0.45923334]
[0.9319553]
[0.8722491]
[0.8918102]
[0.7374915]
[0.9147736]
[0.49458688]
[0.8898485]
[0.84590495]
[0.8960404]
[0.7194252]
[0.8564813]
[0.8366118]
[0.9580735]
[0.9726318]
[0.94091]
[0.96738076]
[0.92609096]
[0.7395043]
[0.905795]
[0.84167033]
[0.9501797]
[0.8176616]
[0.59971803]
[0.9359561]
[0.63346463]
[0.91807806]
[0.41760957]
[0.9742422]
[0.8527559]
[0.7519647]
[0.28561664]
[0.8738383]
[0.6499864]
[0.98556715]
[0.8549335]
[0.9854742]
[0.7938772]
[0.377464]
[0.8265649]
[0.795956]
[0.87712544]
[0.89977]
[0.9208165]
[0.8581618]
[0.8622098]
[0.6157399]
[0.8743508]
[0.8865948]
[0.8867732]
[0.8784409]
[0.71582484]
[0.9830434]
[0.78461766]
[0.9146868]
[0.91918087]
[0.8858677]
[0.98149633]
[0.8156704]
[0.87555194]
[0.9024447]
[0.989346]
[0.31384683]
[0.4945931]
[0.7350444]
[0.9884621]
[0.9000156]
[0.87149495]
[0.9468571]
[0.3166858]
[0.95468026]
[0.91853166]
[0.9158835]
[0.6333266]
[0.9408703]
[0.7838619]
[0.9807387]
[0.8734637]
[0.983861]
[0.93172204]
[0.8658766]
[0.8683045]
[0.97654843]
[0.8838183]
[0.7994425]
[0.54331285]
[0.9206078]
[0.8584975]
[0.96806073]
[0.8515963]
[0.7710005]
[0.96138126]
[0.98394775]
[0.9862973]
[0.81245923]
[0.9846126]
[0.7947651]
[0.77371657]
[0.57834005]
[0.6423068]
[0.9878869]
[0.65569913]
[0.5577521]
[0.21070865]
[0.11100602]
[0.7832396]
[0.91499746]
[0.85621107]
[0.8826041]
[0.9948072]
[0.12873295]
[0.84480697]
[0.8238057]
[0.49309075]
[0.94639134]
[0.6169554]
[0.8142185]
[0.94425553]
[0.9444705]
[0.9461555]
[0.78885996]
[0.8882486]
[0.92631316]
[0.85400677]
[0.89742136]
[0.9870813]
[0.9688284]
[0.76257205]
[0.94541454]
[0.73659664]
[0.93076694]
[0.73049957]
[0.90644103]
[0.69684666]
[0.9073634]
[0.96943]
[0.9682957]
[0.8407125]
[0.899435]
[0.9436025]
[0.88973725]
[0.9739623]
[0.9571905]
[0.9116974]
[0.87223244]
[0.9600481]
[0.84193504]
[0.97708887]
[0.28798553]
[0.8889935]
[0.95765257]
[0.98109525]
[0.96711123]
[0.60977495]
[0.8222244]
[0.85448575]
[0.9685651]
[0.7339643]
[0.8952611]
[0.7471201]
[0.9381639]
[0.92309]
[0.9498825]
[0.98822665]
[0.24013731]
[0.98598236]
[0.6593559]
[0.86274314]
[0.5709437]
[0.81646496]
[0.49011248]
[0.96560466]
[0.90448236]
[0.9233576]
[0.6070215]
[0.04419649]
[0.99135935]
[0.8826039]
[0.81160575]
[0.95380944]
[0.53414196]
[0.6977156]
[0.73230535]
[0.89851826]
[0.9133465]
[0.9594209]
[0.98176396]
[0.97901535]
[0.98692906]
[0.9578552]
[0.9072965]
[0.6072289]
[0.9164326]
[0.8580936]
[0.856029]
[0.2638455]
[0.809518]
[0.82562804]
[0.90816414]
[0.93328094]
[0.78545797]
[0.9410436]
[0.95308363]
[0.7729031]
[0.99103034]
[0.8386262]
[0.8794962]
[0.92647374]
[0.71723735]
[0.88189983]
[0.8482962]
[0.8274456]
[0.9365872]
[0.96629804]
[0.9899528]
[0.8934461]
[0.96727395]
[0.9650855]
[0.7727228]
[0.8261876]
[0.8259486]
[0.8891039]
[0.94086444]
[0.94533265]
[0.97136295]
[0.917518]
[0.99023354]
[0.73281103]
[0.6284513]
[0.97330284]
[0.99472284]
[0.37417817]
[0.62452185]
[0.9498273]
[0.7558291]
[0.91323996]
[0.9359348]
[0.9479698]
[0.98319244]
[0.85659814]
[0.9108927]
[0.78663456]
[0.68544614]
[0.92243904]
[0.98741066]
[0.79404104]
[0.58396196]
[0.97386456]
[0.8412542]
[0.6984952]
[0.90870774]
[0.8853303]
[0.87164754]
[0.40710482]
[0.835582]
[0.962414]
[0.3276492]
[0.8759669]
[0.9332559]
[0.8939173]
[0.6436801]
[0.8862794]
[0.7739539]
[0.9040178]
[0.26308563]
[0.85191345]
[0.716164]
[0.7490113]
[0.6982306]
[0.87696296]
[0.98660994]
[0.87754166]
[0.91491294]
[0.90344185]
[0.09285116]
[0.89083457]
[0.94294107]
[0.89673406]
[0.9838411]
[0.92048776]
[0.7668745]
[0.985209]
[0.9738337]
[0.97781086]
[0.97986364]
[0.8872891]
[0.9309832]
[0.8413993]
[0.9722543]
[0.8767389]
[0.93679994]
[0.92657304]
[0.89674014]
[0.9910558]
[0.99371636]
[0.990997]
[0.89242136]
[0.972254]
[0.8369097]
[0.8543539]
[0.8778512]
[0.8921269]
[0.42552227]
[0.7708468]
[0.37006462]
[0.9779643]
[0.42806345]
[0.9781226]
[0.9283438]
[0.91084677]
[0.91490006]
[0.87175465]
[0.51349616]
[0.7124424]
[0.97185147]
[0.93114835]
[0.69736916]
[0.99004984]
[0.86089265]
[0.9667589]
[0.6783598]
[0.91075873]
[0.897174]
[0.61502755]
[0.8940861]
[0.8075688]
[0.97059405]
[0.9337414]
[0.92199737]
[0.13463232]
[0.9914999]
[0.98494786]
[0.8283233]
[0.96085787]
[0.9566307]
[0.9237165]
[0.9069121]
[0.9782177]
[0.8246805]
[0.84037066]
[0.8329061]
[0.98973596]
[0.96535265]
[0.62290156]
[0.84662944]
[0.72487056]
[0.9911288]
[0.862627]
[0.9409492]
[0.49236432]
[0.9869615]
[0.9550643]
[0.6893981]
[0.98815656]
[0.76610005]
[0.24645081]
[0.9096928]
[0.9594673]
[0.4788746]
[0.98153526]
[0.1005221]
[0.9478859]
[0.9954581]
[0.850285]
[0.96639585]
[0.957686]
[0.9821818]
[0.9114213]
[0.6724618]
[0.8774544]
[0.8595296]
[0.6627847]
[0.99184394]
[0.94734037]
[0.8981101]
[0.99451995]
[0.78513503]
[0.9160249]
[0.9367611]
[0.9640429]
[0.8636837]
[0.9846431]
[0.65568596]
[0.19830069]
[0.7998481]
[0.8442169]
[0.9922147]
[0.8826858]
[0.88248295]
[0.8707491]
[0.46640098]
[0.92476594]
[0.24513665]
[0.86908996]
[0.79944015]
[0.9857266]
[0.98091036]
[0.801527]
[0.9909514]
[0.976297]
[0.9249425]
[0.9257437]
[0.8436905]
[0.43734136]
[0.4013266]
[0.9191549]
[0.7141041]
[0.2752932]
[0.86706835]
[0.9367567]
[0.9197248]
[0.9672462]
[0.75670046]
[0.8886917]
[0.8943989]
[0.9392686]
[0.9745885]
[0.8038352]
[0.7982215]
[0.8934983]
[0.78845525]
[0.9103447]
[0.9059937]
[0.8726537]
[0.94029796]
[0.6628944]
[0.7162676]
[0.8261615]
[0.89700973]
[0.9291226]
[0.9765723]
[0.5896078]
[0.9934727]
[0.8764837]
[0.7707324]
[0.99150527]
[0.89871264]
[0.90218884]
[0.6468661]
[0.9856421]
[0.93817794]
[0.97818315]
[0.8962493]
[0.8966317]
[0.73166406]
[0.7793355]
[0.74816614]
[0.9752927]
[0.9371376]
[0.86390567]
[0.9263449]
[0.9915432]
[0.9713305]
[0.98925644]
[0.89016134]
[0.99313045]
[0.79519784]
[0.9641696]
[0.87400293]
[0.84112334]
[0.49831206]
[0.8505832]
[0.3812276]
[0.93974674]
[0.90631]
[0.9077022]
[0.98719275]
[0.80495316]
[0.76413846]
[0.9860073]
[0.43679744]
[0.9889436]
[0.89463603]
[0.98297584]
[0.890684]
[0.888082]
[0.884498]
[0.67322654]
[0.97956264]
[0.6878566]
[0.47678524]
[0.9708791]
[0.99005646]
[0.9306774]
[0.97345185]
[0.9275833]
[0.9739127]
[0.9901835]
[0.9938359]
[0.7241142]
[0.59914523]
[0.6578101]
[0.4382562]
[0.897228]
[0.58350605]
[0.97055864]
[0.97218263]
[0.591485]
[0.95856684]
[0.93527985]
[0.9016747]
[0.6835405]
[0.9484294]
[0.86005163]
[0.9069791]
[0.6138846]
[0.5364455]
[0.96446615]
[0.98657095]
[0.26131666]
[0.89980686]
[0.9917053]
[0.8966771]
[0.29118657]
[0.8632127]
[0.6902982]
[0.91680884]
[0.98089355]
[0.9916676]
[0.9006988]
[0.8801435]
[0.787451]
[0.92050654]
[0.8894546]
[0.9740746]
[0.87414503]
[0.9877046]
[0.9512999]
[0.9584956]
[0.89823806]
[0.8577453]
[0.7747527]
[0.93091595]
[0.77912354]
[0.7952548]
[0.5583142]
[0.90718865]
[0.9782633]
[0.95072377]
[0.91563994]
[0.80968595]
[0.81464064]
[0.7478162]
[0.7081312]
[0.8597443]
[0.6612755]
[0.98650885]
[0.915713]
[0.6780996]
[0.9549128]
[0.7680899]
[0.9257474]
[0.8981216]
[0.9093584]
[0.98645717]
[0.87054026]
[0.5072942]
[0.815081]
[0.9881636]
[0.6680602]
[0.79328775]
[0.75893366]
[0.89141166]
[0.86661315]
[0.9435543]
[0.94747627]
[0.83183444]
[0.957536]
[0.29766744]
[0.95258904]
[0.8911747]
[0.9138195]
[0.7380748]
[0.54739296]
[0.7336928]
[0.87975836]
[0.88465285]
[0.92130816]
[0.97101474]
[0.9917021]
[0.9926417]
[0.94031405]
[0.7280791]
[0.92240596]
[0.48248357]
[0.9905603]
[0.8017832]
[0.8778237]
[0.9467956]
[0.85966885]
[0.9926306]
[0.9073296]
[0.8816901]
[0.59382004]
[0.7769736]
[0.8741865]
[0.68692493]
[0.9622892]
[0.92276394]
[0.9329047]
[0.88626504]
[0.78881645]
[0.37726426]
[0.9841188]
[0.44046253]
[0.8766638]
[0.9854449]
[0.91396415]
[0.6418879]
[0.69528157]
[0.8088974]
[0.7258389]
[0.89938545]
[0.9004686]
[0.9433982]
[0.93516135]
[0.7357638]
[0.9771315]
[0.907425]
[0.8929453]
[0.9618012]
[0.79996026]
[0.29166287]
[0.9123821]
[0.9276113]
[0.85490227]
[0.39684188]
[0.5422847]
[0.5865281]
[0.89160156]
[0.8041949]
[0.97583365]
[0.82010996]
[0.98644054]
[0.9852041]
[0.9595456]
[0.8027485]
[0.9694714]
[0.8473251]
[0.41040567]
[0.56845963]
[0.98368174]
[0.9539857]
[0.860145]
[0.86409163]
[0.98841405]
[0.4098739]
[0.9744746]
[0.8342113]
[0.7719362]
[0.9908329]
[0.7105526]
[0.7870165]
[0.8482215]
[0.8198056]
[0.8516753]
[0.8905332]
[0.89464444]
[0.85391223]
[0.9864561]
[0.61540586]
[0.9263063]
[0.95999193]
[0.9880789]
[0.8876283]
[0.9926748]
[0.86484104]
[0.70272505]
[0.97409385]
[0.9605992]
[0.24246737]
[0.71184576]
[0.8402175]
[0.76993024]
[0.894284]
[0.94759285]
[0.8260251]
[0.89242196]
[0.9271076]
[0.74200165]
[0.9911277]
[0.1954844]
[0.8904748]
[0.94925445]
[0.7106351]
[0.9833878]
[0.8511351]
[0.67078215]
[0.5256913]
[0.8745353]
[0.9117441]
[0.8477783]
[0.95810485]
[0.36223337]
[0.8369378]
[0.53698206]
[0.56020206]
[0.3043443]
[0.95456177]
[0.8201617]
[0.9405068]
[0.98117566]
[0.9807139]
[0.8475208]
[0.89589196]
[0.61378783]
[0.8837797]
[0.78475857]
[0.87059635]
[0.99417293]
[0.85188663]
[0.9652022]
[0.91253346]
[0.08603904]
[0.88418263]
[0.7855713]
[0.74418604]
[0.9788562]
[0.9757855]
[0.9908378]
[0.804451]
[0.52477694]
[0.4523136]
[0.9705009]
[0.90435565]
[0.9704524]
[0.85642403]
[0.896793]
[0.9782925]
[0.9723631]
[0.9705844]
[0.88783205]
[0.6492224]
[0.8215777]
[0.9801725]
[0.8824039]
[0.81925875]
[0.9195676]
[0.9069674]
[0.97799265]
[0.78932965]
[0.7901509]
[0.6794319]
[0.58053535]
[0.9288973]
[0.9043679]
[0.98860335]
[0.85344994]
[0.9553163]
[0.9866916]
[0.9931429]
[0.96612024]
[0.56261426]
[0.8817287]
[0.9669701]
[0.8638169]
[0.9817801]
[0.91775936]
[0.8777909]
[0.08755597]
[0.845269]
[0.9690844]
[0.80699015]
[0.88699305]
[0.89220643]
[0.5891499]
[0.8685257]
[0.9182631]
[0.93437064]
[0.486128]
[0.9456259]
[0.8796394]
[0.8581261]
[0.7726776]
[0.984331]
[0.98875046]
[0.9928844]
[0.9881282]
[0.7751727]
[0.6459229]
[0.9856918]
[0.8966887]
[0.6618425]
[0.8325367]
[0.8944872]
[0.7855799]
[0.7988482]
[0.9754746]
[0.89082336]
[0.91118306]
[0.8830397]
[0.97841454]
[0.75172466]
[0.7847465]
[0.82377553]
[0.7321089]
[0.9861103]
[0.8840759]
[0.7038103]
[0.827178]
[0.2209669]
[0.86605144]
[0.9792478]
[0.9176047]
[0.94336915]
[0.8665103]
[0.9645803]
[0.88442373]
[0.9835433]
[0.83113587]
[0.42975694]
[0.78620267]
[0.7453688]
[0.5714085]
[0.8466636]
[0.8997147]
[0.8765105]
[0.99119794]
[0.64074033]
[0.82864684]
[0.5466323]
[0.9858569]
[0.9339764]
[0.9152008]
[0.88194]
[0.9920007]
[0.955979]
[0.98075724]
[0.8387594]
[0.6469171]
[0.6919013]
[0.85593593]
[0.71685725]
[0.3336366]
[0.8456983]
[0.8334384]
[0.94929326]
[0.95151764]
[0.7909845]
[0.98575747]
[0.9146985]
[0.9408617]
[0.72825044]
[0.9823934]
[0.9146378]
[0.96230257]
[0.6573967]
[0.8319332]
[0.7802297]
[0.8373754]
[0.9771422]
[0.84229374]
[0.829116]
[0.6793329]
[0.9313734]
[0.8289269]
[0.9757123]
[0.93721306]
[0.85679764]
[0.88382274]
[0.71138585]
[0.8846632]
[0.8597453]
[0.8971167]
[0.32084832]
[0.92137355]
[0.9184439]
[0.9584874]
[0.98881114]
[0.5976892]
[0.9667702]
[0.93714476]
[0.6636019]
[0.8923029]
[0.52264]
[0.91254497]
[0.94569063]
[0.9035918]
[0.7847309]
[0.8799346]
[0.54900855]
[0.84637636]
[0.72264665]
[0.71868896]
[0.85728735]
[0.82621086]
[0.5912104]
[0.98402125]
[0.9081516]
[0.6268491]
[0.67549795]
[0.9819019]
[0.9946257]
[0.6097382]
[0.9146327]
[0.8875746]
[0.97972333]
[0.9248512]
[0.9392103]
[0.89793366]
[0.97172534]
[0.8835543]
[0.9935094]
[0.67072856]
[0.86163205]
[0.95218945]
[0.8011714]
[0.8818468]
[0.93593645]
[0.9550917]
[0.82333946]
[0.9215843]
[0.8332666]
[0.85029507]
[0.8793694]
[0.65651333]
[0.572614]
[0.94750535]
[0.5668298]
[0.7207074]
[0.9887352]
[0.43151328]
[0.8365474]
[0.9418098]
[0.94142795]
[0.8430216]
[0.6925038]
[0.9887254]
[0.85669744]
[0.892313]
[0.9261025]
[0.8232611]
[0.9707216]
[0.9284645]
[0.3293027]
[0.8009739]
[0.9896945]
[0.7501611]
[0.98262167]
[0.8329929]
[0.57617617]
[0.3809585]
[0.8574877]
[0.8102012]
[0.8798851]
[0.9357468]
[0.262986]
[0.6248518]
[0.7727599]
[0.58928114]
[0.5562436]
[0.97906935]
[0.85874397]
[0.6969216]
[0.9619635]
[0.81440175]
[0.8755114]
[0.9940325]
[0.975955]
[0.921844]
[0.9307518]
[0.9179065]
[0.92274415]
[0.77782613]
[0.89144087]
[0.94990486]
[0.8628373]
[0.97875106]
[0.8585711]
[0.81758356]
[0.92980266]
[0.85346484]
[0.8229534]
[0.8876058]
[0.9946191]
[0.8034721]
[0.2510811]
[0.9190473]
[0.9117464]
[0.8617687]
[0.93273795]
[0.9220531]
[0.5701574]
[0.94314843]
[0.88738084]
[0.5905882]
[0.9525287]
[0.94252133]
[0.9856718]
[0.9887987]
[0.7608999]
[0.69632953]
[0.9824536]
[0.9638324]
[0.8940629]
[0.86158764]
[0.930803]
[0.99056506]
[0.67798376]
[0.6461315]
[0.8811078]
[0.84769917]
[0.77043605]
[0.95168996]
[0.7619213]
[0.81000644]
[0.9149278]
[0.9308007]
[0.89153326]
[0.8001592]
[0.94694084]
[0.9185465]
[0.90578115]
[0.993634]
[0.9082655]
[0.8948381]
[0.9462915]
[0.9712486]
[0.97116494]
[0.71231806]
[0.87139636]
[0.9511801]
[0.79032874]
[0.99357736]
[0.3125705]
[0.923342]
[0.9108294]
[0.987586]
[0.9455258]
[0.88149786]
[0.9084489]
[0.99126244]
[0.8557049]
[0.9550278]
[0.9207386]
[0.8698158]
[0.9887966]
[0.92826355]
[0.20673576]
[0.20446447]
[0.84435415]
[0.9209208]
[0.8952881]
[0.88194215]
[0.9517075]
[0.77765036]
[0.5054879]
[0.8129748]
[0.83616924]
[0.9906128]
[0.95788866]
[0.6023719]
[0.7787672]
[0.8975207]
[0.9124441]
[0.8579565]
[0.97813773]
[0.92498434]
[0.8290732]
[0.9257788]
[0.9808458]
[0.61430013]
[0.6484685]
[0.93608505]
[0.7909994]
[0.97882265]
[0.5182586]
[0.77166575]
[0.99003994]
[0.7943146]
[0.90110326]
[0.9850267]
[0.5815303]
[0.9130293]
[0.53449595]
[0.85562444]
[0.7711666]
[0.9217643]
[0.7807239]
[0.9446069]
[0.9263452]
[0.9245629]
[0.9378404]
[0.9195142]
[0.9038681]
[0.97654045]
[0.9793985]
[0.92216504]
[0.802723]
[0.8686806]
[0.9876685]
[0.7984017]
[0.92952037]
[0.9146436]
[0.5386269]
[0.7984798]
[0.9744718]
[0.85375786]
[0.89678395]
[0.8768684]
[0.91494745]
[0.8166597]
[0.8855631]
[0.965747]
[0.6603812]
[0.7468369]
[0.9834273]
[0.9725177]
[0.8877411]
[0.64986414]
[0.56705487]
[0.93909645]
[0.9413527]
[0.43618315]
[0.8840735]
[0.96491754]
[0.8521703]
[0.9365643]
[0.96548826]
[0.989783]
[0.67487395]
[0.98225373]
[0.8719413]
[0.6860478]
[0.9890463]
[0.89836234]
[0.3888973]
[0.94723845]
[0.92943]
[0.19243506]
[0.8691307]
[0.96355593]
[0.97749937]
[0.9033127]
[0.8325943]
[0.7759105]
[0.53055775]
[0.78920144]
[0.8705542]
[0.9499257]
[0.9929962]
[0.9584048]
[0.8268359]
[0.72896385]
[0.75548905]
[0.959146]
[0.76555157]
[0.75444245]
[0.97612834]
[0.88713914]
[0.14308414]
[0.77070814]
[0.9909446]
[0.9631305]
[0.9514407]
[0.89270324]
[0.8445096]
[0.86986244]
[0.8298295]
[0.9303825]
[0.98178744]
[0.98696315]
[0.90673625]
[0.8173125]
[0.52415234]
[0.9746082]
[0.99196184]
[0.85746145]
[0.800053]
[0.746856]
[0.9015704]
[0.9893716]
[0.99240464]
[0.9918389]
[0.98864186]
[0.8438858]
[0.38840634]
[0.72205776]
[0.89149]
[0.91706884]
[0.29254732]
[0.99133426]
[0.8503356]
[0.96984017]
[0.85314476]
[0.97436976]
[0.98791116]
[0.8490586]
[0.9823355]
[0.90763605]
[0.7791825]
[0.91135854]
[0.8827028]
[0.8270291]
[0.5799787]
[0.9833258]
[0.65177417]
[0.6911527]
[0.98639596]
[0.8276576]
[0.84885013]
[0.9171972]
[0.89121354]
[0.8304593]
[0.89969766]
[0.92991173]
[0.66641873]
[0.58437395]
[0.6301857]
[0.89801073]
[0.9016629]
[0.97355855]
[0.8921119]
[0.9915042]
[0.8806625]
[0.889922]
[0.656654]
[0.9703414]
[0.7638026]
[0.99006855]
[0.8779897]
[0.78418106]
[0.9090772]
[0.994732]
[0.7651733]
[0.9049483]
[0.98647976]
[0.31112173]
[0.8350159]
[0.9733431]
[0.29633355]
[0.91209143]
[0.98779166]
[0.86580837]
[0.8099511]
[0.667242]
[0.7475895]
[0.91439074]
[0.96669894]
[0.79890025]
[0.986066]
[0.91374177]
[0.9684858]
[0.5542958]
[0.60166633]
[0.8354695]
[0.34661275]
[0.737754]
[0.95320284]
[0.9371046]
[0.97878766]
[0.78054416]
[0.90186065]
[0.9621254]
[0.9330918]
[0.9229084]
[0.9207532]
[0.97389954]
[0.98964643]
[0.18973047]
[0.8521129]
[0.9076326]
[0.89152795]
[0.993212]
[0.52274996]
[0.9143191]
[0.86209977]
[0.94048554]
[0.768903]
[0.7893228]
[0.9714737]
[0.74410653]
[0.7495309]
[0.9762311]
[0.8183576]
[0.9912956]
[0.7958641]
[0.9810035]
[0.7990168]
[0.36319515]
[0.7869816]
[0.57973075]
[0.9728384]
[0.7989255]
[0.9453542]
[0.95865655]
[0.9732846]
[0.8200486]
[0.7410572]
[0.8483319]
[0.9203733]
[0.7531572]
[0.73006994]
[0.86017525]
[0.95816696]
[0.9262986]
[0.8063241]
[0.930642]
[0.93745995]
[0.9524629]
[0.78813136]
[0.9789427]
[0.8849411]
[0.6273435]
[0.9106621]
[0.9820098]
[0.915197]
[0.8042995]
[0.98156464]
[0.78716123]
[0.91187763]
[0.7953143]
[0.8949651]
[0.9765153]
[0.88196373]
[0.8382933]
[0.988755]
[0.79869205]
[0.9743694]
[0.94729173]
[0.9835937]
[0.8763857]
[0.49972698]
[0.92286205]
[0.7291519]
[0.9161551]
[0.58907986]
[0.7327005]
[0.5497269]
[0.89623207]
[0.4224329]
[0.7370662]
[0.8603294]
[0.7673736]
[0.9395549]
[0.79275215]
[0.9557519]
[0.91914725]
[0.47600693]
[0.9490306]
[0.94766456]
[0.99434114]
[0.98599696]
[0.71516407]
[0.74735904]
[0.9896023]
[0.39342505]
[0.8010174]
[0.8937715]
[0.5013394]
[0.9651973]
[0.8906498]
[0.9890685]
[0.9920546]
[0.97276485]
[0.33970916]
[0.9836401]
[0.87167]
[0.83047605]
[0.84191144]
[0.9696256]
[0.7916522]
[0.9558631]
[0.5848907]
[0.64183563]
[0.9679773]
[0.79750526]
[0.8941761]
[0.65908]
[0.91590464]
[0.84334195]
[0.7609216]
[0.9794512]
[0.8251239]
[0.8770515]
[0.94937426]
[0.9797195]
[0.98590624]
[0.9681679]
[0.91569155]
[0.8549836]
[0.83170843]
[0.98285127]
[0.7168052]
[0.6157089]
[0.5620002]
[0.7717835]
[0.571749]
[0.99478936]
[0.9247711]
[0.7595304]
[0.93777806]
[0.80703276]
[0.86090434]
[0.577908]
[0.8518467]
[0.78918356]
[0.6381774]
[0.96789455]
[0.90190864]
[0.9205018]
[0.9830135]
[0.89365613]
[0.9835032]
[0.8188238]
[0.75363326]
[0.7633705]
[0.95530546]
[0.86955845]
[0.9558568]
[0.875431]
[0.78365624]
[0.751855]
[0.98173225]
[0.7124552]
[0.7892398]
[0.9648843]
[0.95206]
[0.8318763]
[0.9168967]
[0.77562773]
[0.9131547]
[0.9824483]
[0.7585488]
[0.97028434]
[0.8429444]
[0.89733684]
[0.87712157]
[0.98373884]
[0.8431102]
[0.98098123]
[0.39098614]
[0.91383386]
[0.99087226]
[0.9777792]
[0.43369287]
[0.98746204]
[0.97983646]
[0.608102]
[0.8511363]
[0.5703184]
[0.76906776]
[0.8498343]
[0.8177786]
[0.63458955]
[0.40478748]
[0.9061319]
[0.53045547]
[0.8886191]
[0.87113523]
[0.9465444]
[0.8298209]
[0.9935312]
[0.908528]
[0.97729254]
[0.7841404]
[0.8991442]
[0.92267436]
[0.9033808]
[0.94335485]
[0.95185614]
[0.9847787]
[0.8410181]
[0.91291094]
[0.79709387]
[0.84905195]
[0.9557675]
[0.8876331]
[0.87331915]
[0.9533345]
[0.7766465]
[0.60392344]
[0.8298481]
[0.7627698]
[0.86889106]
[0.8553592]
[0.9915767]
[0.8637146]
[0.94949186]
[0.91904163]
[0.87063336]
[0.8809363]
[0.75830126]
[0.8879546]
[0.9749104]
[0.91474426]
[0.96840394]
[0.9929009]
[0.8444364]
[0.8938058]
[0.9380572]
[0.7892273]
[0.98000723]
[0.71429515]
[0.907342]
[0.987827]
[0.44563228]
[0.76456547]
[0.981148]
[0.88485605]
[0.9910211]
[0.8735018]
[0.9100244]
[0.6656252]
[0.9960251]
[0.4157427]
[0.96666527]
[0.7441115]
[0.58187425]
[0.8450154]
[0.9758201]
[0.88686687]
[0.7021067]
[0.9908625]
[0.9764023]
[0.9677956]
[0.84261763]
[0.93371105]
[0.89114165]
[0.8661649]
[0.8908394]
[0.75779366]
[0.9724782]
[0.9563292]
[0.46910265]
[0.9475789]
[0.8142668]
[0.99292505]
[0.9205693]
[0.9646206]
[0.9004754]
[0.9740716]
[0.36215723]
[0.4020022]
[0.47773147]
[0.53168184]
[0.837093]
[0.80354434]
[0.7028801]
[0.93246555]
[0.87522584]
[0.91083205]
[0.9211962]
[0.93036073]
[0.92299515]
[0.86992615]
[0.8809084]
[0.90150946]
[0.9696686]
[0.85029113]
[0.8818769]
[0.4754661]
[0.84275454]
[0.85453546]
[0.35781306]
[0.6811459]
[0.6484941]
[0.7724091]
[0.90611124]
[0.8356404]
[0.9842714]
[0.98706055]
[0.9165932]
[0.8174534]
[0.9483985]
[0.9594487]
[0.92592233]
[0.99065894]
[0.68910474]
[0.83276725]
[0.9922453]
[0.9200167]
[0.8728026]
[0.89757645]
[0.97116184]
[0.559439]
[0.98704624]
[0.76475143]
[0.988516]
[0.8650241]
[0.73483264]
[0.97301924]
[0.94808006]
[0.72516364]
[0.9771583]
[0.98674047]
[0.80404544]
[0.9939699]
[0.85235703]
[0.75676095]
[0.95455587]
[0.9727281]
[0.9338658]
[0.96248317]
[0.9676783]
[0.9271358]
[0.9851409]
[0.8500091]
[0.9939838]
[0.8193901]
[0.86559385]
[0.62795645]
[0.8173018]
[0.98434865]
[0.9859652]
[0.62589985]
[0.96333265]
[0.7564608]
[0.9173941]
[0.9853866]
[0.9367645]
[0.5508576]
[0.9685037]
[0.9564643]
[0.8644905]
[0.8157461]
[0.5271137]
[0.8546319]
[0.9393818]
[0.98188215]
[0.9849925]
[0.94827354]
[0.46227533]
[0.42003173]
[0.97900766]
[0.9763106]
[0.8315562]
[0.98395103]
[0.97551453]
[0.6378097]
[0.95066524]
[0.6929246]
[0.92959505]
[0.94047695]
[0.9444641]
[0.99121964]
[0.8846235]
[0.84002113]
[0.86601794]
[0.90197015]
[0.9050411]
[0.5327902]
[0.8122897]
[0.9198648]
[0.85164136]
[0.8282004]
[0.9906931]
[0.89749646]
[0.7209991]
[0.65598845]
[0.9193553]
[0.97784424]
[0.7778026]
[0.95682526]
[0.97120124]
[0.92549837]
[0.9049057]
[0.87775254]
[0.88910824]
[0.88061666]
[0.8606965]
[0.8579871]
[0.7874329]
[0.93537474]
[0.90719175]
[0.8782072]
[0.9443115]
[0.36435297]
[0.98541296]
[0.92012256]
[0.9973153]
[0.99001825]
[0.89162755]
[0.9897016]
[0.41846398]
[0.980579]
[0.7544114]
[0.5351762]
[0.86099684]
[0.79778016]
[0.97219527]
[0.93423176]
[0.8720349]
[0.93997514]
[0.816044]
[0.9084281]
[0.96735764]
[0.64847463]
[0.8818952]
[0.7894242]
[0.88278764]
[0.61681783]
[0.9286266]
[0.9429579]
[0.9934959]
[0.8427762]
[0.8919533]
[0.8914746]
[0.8483844]
[0.91572046]
[0.895313]
[0.9399477]
[0.89065695]
[0.9358839]
[0.8487701]
[0.82745147]
[0.99019814]
[0.8041947]
[0.87980175]
[0.87465847]
[0.8698025]
[0.60980225]
[0.87026733]
[0.9353228]
[0.99048513]
[0.7562243]
[0.9330157]
[0.9544792]
[0.94366276]
[0.98573]
[0.9556801]
[0.84041005]
[0.85593575]
[0.91985]
[0.88589084]
[0.79625684]
[0.96867424]
[0.81854147]
[0.9776798]
[0.86049175]
[0.4640529]
[0.86992544]
[0.84798384]
[0.75197494]
[0.96957755]
[0.8936806]
[0.89314616]
[0.9913739]
[0.9881089]
[0.9173588]
[0.7074113]
[0.98532975]
[0.8612961]
[0.9290322]
[0.90599996]
[0.94282746]
[0.8345095]
[0.7114861]
[0.8128837]
[0.8120887]
[0.986845]
[0.801734]
[0.95945764]
[0.7580898]
[0.9078157]
[0.9888193]
[0.71197414]
[0.78154206]
[0.9051436]
[0.87665296]
[0.8361671]
[0.8690506]
[0.74654704]
[0.96398205]
[0.7360928]
[0.9572313]
[0.9322339]
[0.65620047]
[0.9835695]
[0.4913999]
[0.88920635]
[0.65866715]
[0.78829664]
[0.9336606]
[0.85528576]
[0.7203777]
[0.57877797]
[0.98556775]
[0.98538923]
[0.95743185]
[0.91611826]
[0.8990543]
[0.91818464]
[0.94610286]
[0.9395164]
[0.9031141]
[0.9944422]
[0.7554124]
[0.75734127]
[0.80428654]
[0.8464132]
[0.90238285]
[0.8674019]
[0.8634852]
[0.8917227]
[0.89582944]
[0.734963]
[0.8510535]
[0.8847476]
[0.920707]
[0.9218286]
[0.8875377]
[0.30713034]
[0.98847103]
[0.9676057]
[0.8186935]
[0.9237187]
[0.769839]
[0.15335906]
[0.96381265]
[0.99274695]
[0.901735]
[0.89764667]
[0.86680806]
[0.9846293]
[0.633676]
[0.72399056]
[0.93521065]
[0.89828175]
[0.8474899]
[0.8543649]
[0.865518]
[0.9773335]
[0.9337918]
[0.8793055]
[0.55277616]
[0.95131636]
[0.91727346]
[0.9244367]
[0.9933156]
[0.8749585]
[0.65372676]
[0.95392925]
[0.9899223]
[0.6165346]
[0.87851644]
[0.84241307]
[0.73702437]
[0.8902693]
[0.87190986]
[0.97077346]
[0.89431834]
[0.92711616]
[0.96441364]
[0.72924936]
[0.7552662]
[0.8940643]
[0.96784866]
[0.9697021]
[0.7639529]
[0.8156975]
[0.8965587]
[0.92050076]
[0.88570166]
[0.9003009]
[0.87566984]
[0.89098847]
[0.8798845]
[0.6651855]
[0.85907334]
[0.9035446]
[0.94178355]
[0.5675577]
[0.62478596]
[0.88585174]
[0.8320502]
[0.9043491]
[0.7584902]
[0.88945484]
[0.68117225]
[0.84206855]
[0.9649044]
[0.8839811]
[0.9666742]
[0.97675896]
[0.9839086]
[0.95870745]
[0.8935205]
[0.8786028]
[0.9430468]
