Model: SO_GAAL
Dataset 12: optdigits.mat
Time taken: 123.85163521766663 seg.
Accuracy: 0.0
@scores
[0.999248]
[1.]
[0.9999993]
[0.99999636]
[1.]
[0.99999964]
[0.999993]
[1.]
[1.]
[0.9999995]
[0.9999933]
[0.99999833]
[1.]
[0.9999923]
[0.99999964]
[0.99998784]
[0.9999999]
[0.9999999]
[0.99999994]
[0.99999905]
[0.9999614]
[0.9999987]
[0.99999243]
[1.]
[0.99999994]
[1.]
[0.9999999]
[0.99999976]
[0.999995]
[0.9999813]
[0.99999297]
[0.9999987]
[0.9999999]
[0.9999722]
[0.99999976]
[1.]
[0.9999814]
[0.9999831]
[0.99971247]
[0.9999999]
[0.99999994]
[1.]
[0.9999496]
[0.99089634]
[0.9999957]
[1.]
[0.9943447]
[0.99994195]
[0.99999917]
[0.9999999]
[1.]
[0.99999976]
[0.99999887]
[0.99999994]
[1.]
[1.]
[1.]
[0.9999999]
[0.9999989]
[1.]
[0.86491907]
[1.]
[0.9997883]
[0.9999091]
[1.]
[0.9999998]
[0.9999983]
[0.9997505]
[1.]
[0.99999905]
[0.9999968]
[1.]
[0.9999931]
[1.]
[0.99940133]
[0.999999]
[0.9999897]
[0.9999999]
[1.]
[0.9999387]
[0.99979854]
[1.]
[0.9997028]
[0.9999984]
[0.9999994]
[1.]
[0.9995041]
[0.99999684]
[0.99995744]
[0.9999883]
[0.9999679]
[0.9999962]
[0.99995184]
[1.]
[1.]
[0.99999946]
[0.9999963]
[1.]
[0.99987984]
[0.9964092]
[0.9999999]
[0.99999774]
[0.998536]
[0.99923015]
[0.9983439]
[0.99999285]
[1.]
[0.99999964]
[0.9998728]
[0.999998]
[0.9999615]
[1.]
[0.9998872]
[0.9999424]
[1.]
[0.9999937]
[0.99998164]
[1.]
[1.]
[0.9999963]
[0.9999852]
[0.99999905]
[0.9999999]
[0.9997686]
[1.]
[0.99999934]
[1.]
[0.99999976]
[0.9999951]
[0.99998367]
[0.9998895]
[0.99999857]
[0.9999914]
[1.]
[1.]
[1.]
[0.9994559]
[0.9999999]
[1.]
[1.]
[0.9999999]
[1.]
[0.99998987]
[0.9997667]
[0.99990785]
[0.9999919]
[0.99999976]
[1.]
[0.99999917]
[0.9999564]
[1.]
[0.99999976]
[0.98737454]
[0.99998784]
[1.]
[1.]
[0.9999876]
[0.9999995]
[0.9999254]
[1.]
[1.]
[0.999997]
[0.99998426]
[1.]
[0.9999999]
[1.]
[1.]
[1.]
[0.9999994]
[0.99990284]
[0.99999976]
[0.9999887]
[0.9999998]
[0.9999994]
[0.99999976]
[0.99999964]
[0.9999999]
[0.99999726]
[0.99999857]
[1.]
[0.99999917]
[1.]
[1.]
[0.99945307]
[0.9999974]
[0.9999268]
[1.]
[0.99999964]
[1.]
[0.9999927]
[0.9999958]
[1.]
[0.9999999]
[0.9999999]
[1.]
[0.99999833]
[0.9999994]
[1.]
[0.99999994]
[0.9999999]
[1.]
[0.99999833]
[0.9999308]
[0.99999124]
[0.99999976]
[0.9999969]
[0.9999821]
[0.9999975]
[0.99999976]
[0.99999994]
[1.]
[0.99999994]
[0.9999959]
[0.9999986]
[0.99999994]
[0.9999995]
[1.]
[0.9999999]
[1.]
[0.9999995]
[0.9998995]
[0.9999802]
[1.]
[0.9999982]
[0.9999999]
[0.99999917]
[1.]
[0.9999995]
[0.99993765]
[0.99992603]
[0.9999894]
[0.99999994]
[0.99999845]
[0.9997332]
[0.9996101]
[0.99999994]
[0.9999999]
[0.99998987]
[0.99999315]
[0.9999995]
[1.]
[0.99999774]
[0.99995464]
[1.]
[0.9999996]
[0.99985915]
[0.99804944]
[1.]
[1.]
[1.]
[0.99999344]
[0.9998933]
[0.99527884]
[1.]
[0.99999976]
[0.97172296]
[0.99999976]
[0.9999998]
[0.99927723]
[0.9999804]
[0.99994504]
[0.999887]
[0.99806535]
[1.]
[0.9999862]
[0.9999986]
[0.99095625]
[1.]
[0.9999157]
[0.9999895]
[0.9999833]
[0.9998545]
[0.9999996]
[1.]
[0.9998987]
[0.9999987]
[0.99999297]
[0.9999994]
[1.]
[1.]
[0.9999965]
[0.99999523]
[0.9999741]
[0.99999917]
[0.9999999]
[0.9999919]
[0.9999975]
[0.9999999]
[0.99999577]
[0.99999785]
[0.9999999]
[0.99997854]
[0.99994373]
[0.99999976]
[0.99999964]
[0.9809387]
[1.]
[0.99999994]
[1.]
[0.99999595]
[0.9999958]
[0.99998623]
[0.9999525]
[0.9999975]
[1.]
[0.9999964]
[0.99999875]
[0.99999976]
[0.9999994]
[0.99996287]
[0.99998426]
[0.99999857]
[0.9999703]
[0.9999994]
[0.99999857]
[0.99999994]
[0.9999999]
[0.9999981]
[0.99249816]
[1.]
[0.9998898]
[0.9991504]
[0.99999875]
[0.99999905]
[0.9999999]
[0.99999976]
[1.]
[0.99998677]
[0.99999475]
[0.99903643]
[0.99999523]
[0.9999995]
[1.]
[1.]
[1.]
[0.9999972]
[0.9999983]
[0.9998363]
[0.99971336]
[0.9999976]
[0.99999976]
[0.9999999]
[0.9999993]
[0.99998665]
[0.99998856]
[0.99980116]
[0.9999852]
[1.]
[1.]
[0.9982053]
[0.9999999]
[0.9999982]
[0.9999993]
[0.99999917]
[0.9997438]
[0.99999917]
[0.9999995]
[1.]
[1.]
[0.9999926]
[0.9996269]
[0.99999833]
[0.9998816]
[0.9999999]
[0.99999964]
[0.9999999]
[1.]
[0.9999994]
[0.9999974]
[0.9998108]
[1.]
[0.9999614]
[0.9999268]
[0.9999981]
[0.9999999]
[1.]
[0.9999912]
[0.9999993]
[1.]
[0.99999976]
[0.9999605]
[0.99999493]
[0.9999979]
[0.9998797]
[0.9999976]
[0.99999726]
[1.]
[0.99999917]
[0.9998586]
[0.999999]
[1.]
[0.99999964]
[0.9999814]
[0.9999982]
[1.]
[0.99998736]
[1.]
[0.9999684]
[0.9999994]
[0.99996656]
[0.9724723]
[0.99997795]
[0.9997852]
[0.9999739]
[1.]
[0.99998045]
[1.]
[0.99973285]
[0.9999999]
[1.]
[0.9999987]
[0.9999999]
[0.99993026]
[1.]
[1.]
[1.]
[0.99999166]
[0.99996424]
[0.9999999]
[0.9999976]
[0.9999998]
[0.99999976]
[1.]
[0.9999958]
[0.99999905]
[0.999968]
[0.9999959]
[0.9999999]
[0.99998105]
[1.]
[0.99996203]
[0.9999999]
[0.9962199]
[0.99999225]
[0.9999942]
[0.9999999]
[0.9999223]
[0.999999]
[0.9999975]
[0.99999845]
[0.99999994]
[0.99999964]
[1.]
[0.9999039]
[0.9990965]
[0.99999714]
[0.99988604]
[0.9999808]
[0.9999994]
[0.9998872]
[1.]
[0.9596219]
[0.9999628]
[0.99999976]
[0.99999905]
[0.9999546]
[0.9997879]
[0.99999976]
[0.9999996]
[0.9999995]
[0.9999987]
[0.99999833]
[0.99999154]
[0.9999997]
[0.9999963]
[0.9986077]
[0.99686205]
[0.9999999]
[0.9999956]
[0.9999999]
[0.99999917]
[0.99999756]
[1.]
[0.99998105]
[1.]
[0.9999118]
[1.]
[0.9999994]
[0.9999976]
[0.999998]
[0.9999999]
[0.9999807]
[1.]
[1.]
[0.99999964]
[0.99999845]
[0.99998635]
[1.]
[0.99999994]
[0.99999994]
[0.9999982]
[0.9622358]
[0.9999981]
[0.9999063]
[0.99999976]
[0.9999989]
[0.9995165]
[0.99999976]
[0.9993868]
[1.]
[0.99999475]
[0.99996907]
[0.99999684]
[0.99999297]
[0.999975]
[0.9999813]
[0.99999607]
[0.9999989]
[0.9999851]
[0.9999994]
[0.9995686]
[0.99999833]
[0.99999905]
[0.99998176]
[0.9999995]
[0.99477816]
[0.9956056]
[0.9999999]
[0.9999999]
[0.99956477]
[0.999997]
[0.999984]
[0.9999999]
[0.9999812]
[0.9999999]
[0.99999726]
[0.9999831]
[0.99747026]
[0.9981319]
[0.9999999]
[0.9999995]
[1.]
[0.99999994]
[0.99999905]
[0.99997777]
[0.99998605]
[0.9992708]
[0.9999999]
[0.9999998]
[0.9999974]
[1.]
[0.9999993]
[0.99991584]
[0.99981695]
[0.9999858]
[0.99984854]
[0.9999664]
[0.99999654]
[0.9999998]
[1.]
[1.]
[0.9999994]
[1.]
[1.]
[0.9999225]
[0.99999547]
[0.99999994]
[0.9994248]
[0.9999998]
[0.9998905]
[0.99998635]
[0.987193]
[0.99999976]
[0.9999948]
[0.99999714]
[0.9999999]
[0.999938]
[1.]
[0.9982306]
[1.]
[0.99999964]
[0.9999893]
[0.9999162]
[1.]
[0.9999994]
[0.9999999]
[1.]
[0.99999636]
[1.]
[0.9999999]
[1.]
[0.99999994]
[0.99999976]
[0.9999976]
[0.99999976]
[0.99998033]
[0.9999992]
[0.9999998]
[0.999994]
[0.9999982]
[1.]
[1.]
[0.9999999]
[1.]
[0.9999994]
[0.99999994]
[1.]
[1.]
[0.9999956]
[0.99999875]
[0.9999999]
[1.]
[1.]
[0.999999]
[0.9999995]
[0.98861647]
[0.9999597]
[0.999948]
[0.99999547]
[1.]
[1.]
[1.]
[1.]
[1.]
[1.]
[0.99986136]
[0.9999998]
[0.99999976]
[0.99999964]
[1.]
[0.99999094]
[0.9999552]
[0.999997]
[0.9999992]
[0.9999995]
[0.99999976]
[1.]
[0.9999432]
[0.9999999]
[0.9997299]
[0.9999966]
[0.9999995]
[0.99999976]
[1.]
[0.99999994]
[0.9999999]
[0.9999932]
[0.99999994]
[0.9999999]
[0.9999953]
[1.]
[0.9999998]
[0.99999833]
[0.9999969]
[0.9999999]
[0.999961]
[0.9999999]
[0.9999989]
[0.9998965]
[0.9999999]
[0.9945303]
[0.9999966]
[0.99999994]
[0.99999994]
[0.9999976]
[1.]
[0.9999192]
[0.9999999]
[0.9999925]
[1.]
[1.]
[0.99973345]
[0.9999999]
[0.99999976]
[0.99999994]
[0.9999999]
[0.9999993]
[1.]
[0.99998415]
[0.9999999]
[1.]
[0.99999964]
[0.9999998]
[0.999999]
[0.99999994]
[0.99999356]
[1.]
[1.]
[0.9999382]
[0.9999994]
[0.99999994]
[1.]
[0.9999988]
[0.99953854]
[0.9999999]
[0.99999547]
[0.99999946]
[0.999998]
[0.9997635]
[0.99997795]
[0.99999964]
[0.9999995]
[0.9999984]
[1.]
[1.]
[0.9999984]
[0.99999976]
[0.9999995]
[0.99970984]
[0.99999756]
[0.99999106]
[0.9999893]
[0.9999962]
[0.9999958]
[0.9999315]
[1.]
[0.99999917]
[0.9988752]
[1.]
[0.99999833]
[0.99998665]
[0.99990904]
[0.99999976]
[0.9999769]
[1.]
[0.9999133]
[0.9983934]
[0.9999998]
[0.9999922]
[0.99995613]
[0.9999716]
[0.9998592]
[0.9999628]
[0.99998736]
[1.]
[0.9998529]
[1.]
[0.99999714]
[1.]
[1.]
[0.9998786]
[0.99959517]
[0.9999971]
[0.9999701]
[0.9998718]
[1.]
[0.9999987]
[0.9999467]
[0.9999889]
[0.9999936]
[0.99993587]
[0.9999976]
[0.9999999]
[0.9999635]
[0.9999732]
[0.9999976]
[1.]
[1.]
[0.9999996]
[0.9992795]
[0.99999803]
[0.99998534]
[0.9999984]
[0.99999446]
[0.99999976]
[0.9999988]
[1.]
[0.9999993]
[0.99991]
[0.99999994]
[0.9998233]
[0.9999999]
[0.99999976]
[0.99999976]
[1.]
[0.999998]
[0.9999974]
[1.]
[0.99616987]
[0.9999988]
[0.9999974]
[0.998561]
[0.999998]
[1.]
[1.]
[0.99999964]
[0.9999517]
[0.9998441]
[0.9998933]
[0.98856187]
[0.9999739]
[0.99664336]
[0.9999746]
[0.99999124]
[0.8990944]
[0.9991579]
[0.9999944]
[0.999935]
[0.9999981]
[0.99999803]
[0.99997425]
[0.999998]
[0.99999976]
[0.999991]
[0.9999999]
[0.9999995]
[0.999869]
[0.99988484]
[0.9998783]
[0.9999982]
[0.9999999]
[0.9996865]
[1.]
[0.99999833]
[0.99956536]
[0.99999976]
[0.9999746]
[0.9998851]
[1.]
[1.]
[0.99999857]
[0.99999917]
[0.9999999]
[1.]
[1.]
[0.99997926]
[1.]
[0.99999505]
[1.]
[0.9999987]
[0.9999988]
[1.]
[1.]
[0.99999976]
[0.9999999]
[1.]
[0.9999947]
[1.]
[0.99974245]
[0.9999993]
[1.]
[0.9999999]
[1.]
[0.9999999]
[1.]
[0.99998283]
[1.]
[0.9978419]
[0.9999988]
[0.9999999]
[0.9999999]
[1.]
[1.]
[0.99999857]
[0.99996185]
[0.9999997]
[0.9997201]
[0.9999858]
[0.9999999]
[0.9999996]
[0.99999785]
[0.9999953]
[0.99961793]
[1.]
[0.99999595]
[0.99997157]
[1.]
[0.9999634]
[1.]
[1.]
[0.99999934]
[0.9999984]
[0.9997505]
[1.]
[0.99999964]
[0.99980533]
[0.9999992]
[1.]
[0.9999803]
[1.]
[0.9999934]
[0.9999995]
[0.9999999]
[0.9999981]
[1.]
[1.]
[0.9977796]
[0.9999968]
[0.99999994]
[1.]
[0.9999998]
[0.99999684]
[0.9999999]
[0.99993896]
[0.9999945]
[0.99999964]
[0.99999994]
[1.]
[0.99984884]
[0.9999738]
[0.9999916]
[0.9999993]
[0.99999905]
[0.9999999]
[0.9986912]
[0.99999654]
[1.]
[0.9999958]
[0.9994488]
[0.9999966]
[0.99924266]
[0.99942625]
[1.]
[0.9991771]
[1.]
[0.99999857]
[1.]
[0.99999094]
[0.9999939]
[0.99999976]
[0.9999889]
[1.]
[0.9999999]
[1.]
[0.9999889]
[1.]
[0.99999857]
[1.]
[0.9999733]
[1.]
[1.]
[0.99999833]
[0.9997965]
[0.9997653]
[1.]
[0.99852616]
[0.9999999]
[0.99999964]
[0.99999976]
[1.]
[0.99999994]
[0.9999987]
[0.9999999]
[1.]
[0.99999976]
[0.999987]
[0.99994004]
[0.9999933]
[0.99999684]
[0.9999975]
[0.9999434]
[0.99999976]
[1.]
[1.]
[1.]
[1.]
[0.99910927]
[0.99999976]
[0.9999995]
[0.9999979]
[0.9998156]
[0.9999999]
[0.9999998]
[1.]
[0.99999917]
[0.9999958]
[0.99999607]
[0.9999995]
[0.9999994]
[0.99999976]
[1.]
[0.9999994]
[0.9999977]
[1.]
[0.9998315]
[0.9999993]
[0.9999996]
[0.9999993]
[0.9999989]
[0.99999607]
[0.99978983]
[0.9999937]
[1.]
[0.9999764]
[0.9999968]
[0.99999547]
[0.9999995]
[1.]
[0.9999999]
[1.]
[1.]
[1.]
[0.99999505]
[0.9999975]
[0.99999595]
[0.99999094]
[0.9999999]
[1.]
[0.998935]
[0.9999895]
[0.9999987]
[0.9999943]
[1.]
[1.]
[0.99998605]
[0.9999652]
[0.99999976]
[0.99994415]
[1.]
[1.]
[0.99981844]
[1.]
[0.9999685]
[0.9999677]
[0.9999993]
[1.]
[0.99999344]
[1.]
[0.9998385]
[1.]
[0.99999994]
[1.]
[0.9999938]
[0.9999999]
[0.9998121]
[0.99992085]
[0.9999981]
[1.]
[0.99999994]
[1.]
[0.9999998]
[0.9999486]
[1.]
[0.9998748]
[0.99999833]
[0.9996488]
[0.99999976]
[1.]
[0.9999405]
[0.9999988]
[0.9663867]
[1.]
[0.9999982]
[0.99999994]
[0.9999674]
[0.9999999]
[0.9999999]
[1.]
[0.9999998]
[0.9998158]
[0.998639]
[0.9999999]
[1.]
[0.999984]
[1.]
[1.]
[0.9999867]
[0.99998736]
[1.]
[0.99998647]
[0.99999905]
[1.]
[0.999999]
[0.99999946]
[0.99999976]
[1.]
[1.]
[1.]
[0.9999999]
[1.]
[1.]
[0.9999402]
[0.99999857]
[0.99999297]
[0.9999994]
[0.9999833]
[0.99999535]
[0.99999994]
[0.99999976]
[1.]
[1.]
[0.9999993]
[0.99999976]
[0.99999833]
[0.99999946]
[0.9999999]
[0.9999999]
[0.99999857]
[1.]
[1.]
[0.99985707]
[0.99999774]
[0.9999945]
[0.999999]
[0.9999999]
[0.9999979]
[1.]
[0.9999996]
[0.9999941]
[0.99994093]
[1.]
[0.99939936]
[1.]
[0.9999999]
[0.9999997]
[1.]
[0.99995697]
[0.9999925]
[1.]
[0.99999976]
[0.99999607]
[1.]
[1.]
[1.]
[1.]
[0.9999958]
[0.9999989]
[1.]
[0.99999976]
[0.9999981]
[0.9999982]
[0.99999857]
[0.9999263]
[0.99999803]
[0.9999993]
[0.9999819]
[0.9999877]
[0.9999995]
[0.9998495]
[0.9999856]
[0.99999744]
[0.9999863]
[0.99999535]
[1.]
[0.9999883]
[0.9999801]
[0.9999894]
[0.99999]
[0.9999871]
[0.99999917]
[0.9999998]
[0.99999976]
[1.]
[0.99997264]
[0.9999876]
[0.99999785]
[1.]
[0.999974]
[0.9999763]
[0.99986875]
[0.9999958]
[0.9999823]
[0.99999994]
[1.]
[1.]
[0.99990606]
[0.9999999]
[0.99999607]
[0.9754705]
[1.]
[1.]
[0.9814085]
[0.9999999]
[1.]
[1.]
[0.9999998]
[1.]
[1.]
[0.9999465]
[1.]
[0.99998677]
[0.99859875]
[0.9999999]
[0.99999785]
[0.9999999]
[0.9999931]
[0.9999668]
[0.99997175]
[1.]
[0.9998809]
[0.99895084]
[0.9999981]
[0.9999976]
[0.9999043]
[0.999979]
[0.9999746]
[0.99997056]
[1.]
[0.9999999]
[0.99991894]
[1.]
[0.9999981]
[0.9999988]
[0.9996776]
[0.999949]
[0.9999944]
[1.]
[0.9999999]
[0.9999956]
[0.9998932]
[0.99998665]
[0.9998481]
[0.9999993]
[0.99999535]
[0.99749863]
[0.999993]
[0.99999976]
[0.99491054]
[0.9999945]
[0.999823]
[1.]
[0.99995434]
[0.9989747]
[0.9999889]
[0.9999951]
[0.99999785]
[0.99999046]
[0.9734231]
[0.99999946]
[0.9995168]
[0.9999964]
[0.99990714]
[0.999998]
[1.]
[1.]
[1.]
[0.9999999]
[0.999978]
[0.9999992]
[0.99999803]
[0.99999976]
[0.9999901]
[0.9998682]
[0.99999964]
[0.9999976]
[0.99976087]
[1.]
[0.9999998]
[0.99999964]
[0.9999627]
[0.9999999]
[0.999959]
[0.9999994]
[0.99996626]
[0.9998888]
[0.9999956]
[0.9999988]
[0.9997112]
[0.99998903]
[0.9976852]
[0.99999976]
[1.]
[0.9999585]
[0.9999977]
[0.9999981]
[0.99999976]
[1.]
[0.9999999]
[0.9997493]
[0.9999832]
[0.99572146]
[1.]
[0.99977577]
[1.]
[0.99999976]
[0.99599993]
[1.]
[0.9995246]
[1.]
[0.9999999]
[0.99999976]
[0.9993256]
[0.99999994]
[0.99999934]
[0.9998556]
[0.9999999]
[0.9999992]
[1.]
[0.99996495]
[0.9999994]
[0.99999785]
[0.9999596]
[0.99999905]
[0.9999996]
[0.99999976]
[0.9999999]
[1.]
[0.9999504]
[1.]
[0.9998261]
[0.99999666]
[0.99999976]
[0.99991584]
[1.]
[1.]
[1.]
[1.]
[0.9999866]
[0.99999857]
[0.99999976]
[0.9999999]
[0.9997126]
[1.]
[1.]
[1.]
[0.9999968]
[0.99999976]
[0.99999285]
[1.]
[0.9999999]
[0.9993789]
[0.9999999]
[0.9999999]
[0.99999976]
[0.99581933]
[0.9999871]
[0.9998948]
[1.]
[0.99624205]
[1.]
[0.99998593]
[0.99999976]
[1.]
[0.9999995]
[0.9999863]
[0.99997693]
[0.99999845]
[1.]
[1.]
[1.]
[0.9999925]
[0.99672556]
[1.]
[1.]
[1.]
[0.99999964]
[0.9999993]
[0.9999934]
[0.9999982]
[0.99999815]
[0.99999535]
[0.99999905]
[0.99999094]
[0.9999994]
[1.]
[0.9999969]
[1.]
[1.]
[0.9999887]
[1.]
[0.99986243]
[1.]
[0.99916726]
[1.]
[1.]
[0.99999917]
[0.9999933]
[0.9998869]
[0.99999994]
[0.9999998]
[0.9998483]
[0.9999568]
[0.9999964]
[0.99999934]
[1.]
[0.9999814]
[1.]
[1.]
[0.9999999]
[0.9999887]
[0.99999464]
[0.99999976]
[0.999448]
[1.]
[0.9999935]
[0.9999866]
[0.9995482]
[0.9999896]
[1.]
[0.99999684]
[1.]
[0.9999993]
[0.99998844]
[0.99988556]
[0.99999964]
[0.99999875]
[1.]
[0.9996949]
[1.]
[1.]
[0.99999183]
[0.99999976]
[1.]
[0.9992825]
[0.99999684]
[0.9999739]
[0.9995792]
[0.9999941]
[1.]
[0.9999621]
[1.]
[0.99789274]
[0.9982212]
[0.99958205]
[0.9999914]
[0.9999952]
[0.9999982]
[1.]
[1.]
[0.99999094]
[0.9999998]
[0.9999939]
[0.99999535]
[0.9983288]
[0.9999665]
[0.99999845]
[0.9997568]
[1.]
[0.9999999]
[0.99999994]
[1.]
[0.99999994]
[0.99999994]
[0.9999999]
[0.9999901]
[1.]
[1.]
[0.9999999]
[0.99999994]
[0.99999213]
[0.9999996]
[0.99999905]
[0.9996559]
[0.9903704]
[1.]
[0.9998264]
[0.9999844]
[0.9959444]
[0.9999658]
[0.99999684]
[0.9999994]
[0.9999998]
[0.99992955]
[0.9999625]
[0.99999964]
[0.9999995]
[0.9999999]
[0.9973053]
[0.999997]
[1.]
[0.9999401]
[0.99999875]
[0.9999939]
[0.99999934]
[0.99933463]
[0.9996383]
[0.9999999]
[0.9999998]
[0.999999]
[0.9999992]
[1.]
[0.9999792]
[0.99998903]
[0.9999999]
[1.]
[0.9885404]
[0.9996046]
[0.99977094]
[0.9985864]
[0.99997294]
[0.9999987]
[0.9999997]
[0.99998844]
[0.9785118]
[1.]
[0.99999964]
[0.9988488]
[0.9999731]
[0.99511075]
[0.99999994]
[0.9999981]
[0.99854267]
[0.99999654]
[0.9999981]
[0.999999]
[0.99998975]
[0.99998593]
[0.99167323]
[0.99999964]
[0.99999964]
[0.99997556]
[0.9999272]
[1.]
[0.9999648]
[0.9941572]
[0.9999904]
[0.99999934]
[0.9999049]
[1.]
[0.99999976]
[1.]
[0.99958634]
[0.9998574]
[0.9999987]
[0.9999994]
[0.9999972]
[1.]
[0.9999902]
[1.]
[0.99999356]
[0.9999999]
[0.9999732]
[1.]
[0.9999994]
[0.9997624]
[1.]
[0.999993]
[1.]
[0.9999999]
[1.]
[0.9999999]
[0.9999999]
[0.9999999]
[0.99999464]
[0.9998287]
[0.99999845]
[0.99999607]
[1.]
[1.]
[1.]
[0.9999998]
[0.9999996]
[1.]
[0.99997365]
[0.99920595]
[1.]
[0.9999993]
[1.]
[0.9998366]
[0.9999861]
[1.]
[0.99999565]
[1.]
[0.99996096]
[1.]
[0.99999976]
[1.]
[0.9999998]
[0.999902]
[1.]
[1.]
[0.99999994]
[0.9999999]
[0.9998841]
[0.99997324]
[1.]
[0.99999994]
[0.99999994]
[0.99999976]
[0.9999839]
[0.9999995]
[1.]
[0.99999905]
[0.9999998]
[0.99999946]
[0.9999939]
[1.]
[0.99999964]
[0.9999982]
[0.99999976]
[1.]
[1.]
[1.]
[0.9999999]
[1.]
[0.999998]
[0.99999547]
[0.9999629]
[0.9999976]
[1.]
[1.]
[0.99999845]
[1.]
[0.9999999]
[0.99999994]
[1.]
[0.99999917]
[0.9999999]
[1.]
[1.]
[0.9999999]
[0.9999821]
[0.9999973]
[1.]
[0.9999993]
[0.99989367]
[1.]
[0.9999999]
[1.]
[1.]
[1.]
[0.9999999]
[0.9999928]
[0.99999964]
[1.]
[0.999998]
[0.99999917]
[0.9999999]
[0.9999651]
[0.9999998]
[0.9999999]
[0.9999995]
[1.]
[0.9999999]
[0.9999999]
[1.]
[1.]
[0.99877834]
[0.9999998]
[1.]
[0.99999124]
[1.]
[1.]
[0.99997663]
[0.99999684]
[0.9999998]
[0.9999998]
[0.9999974]
[1.]
[1.]
[0.99999523]
[1.]
[0.99997294]
[0.9999987]
[0.99995935]
[1.]
[0.99999994]
[0.99999696]
[0.9999951]
[0.99999696]
[0.9999989]
[0.99934506]
[0.9999999]
[0.9999949]
[1.]
[0.9999998]
[0.99999917]
[0.9997989]
[0.99993277]
[0.9999905]
[1.]
[0.9999997]
[0.9999999]
[1.]
[0.9999889]
[1.]
[0.9999999]
[1.]
[1.]
[1.]
[0.99474424]
[0.99954283]
[1.]
[0.9999999]
[0.9999839]
[0.9999896]
[0.9999403]
[0.99980325]
[0.99999976]
[1.]
[0.99999917]
[1.]
[1.]
[1.]
[0.99999714]
[0.99978817]
[1.]
[0.9999999]
[0.9999995]
[0.99999243]
[0.9999995]
[0.99999917]
[1.]
[0.9999411]
[0.9999902]
[0.99999994]
[0.99999994]
[1.]
[0.99999976]
[0.9999999]
[1.]
[0.9999938]
[0.9999998]
[0.999982]
[0.9999999]
[0.9960758]
[0.99999976]
[0.9999902]
[0.9999993]
[0.9999683]
[0.9998877]
[1.]
[0.99987626]
[1.]
[0.99999964]
[0.9999964]
[1.]
[0.99999917]
[0.99996674]
[0.99999547]
[0.9999957]
[0.9999999]
[0.9998869]
[0.9999616]
[0.9999907]
[0.99999994]
[0.9999977]
[1.]
[1.]
[0.9997081]
[0.999998]
[1.]
[0.99999994]
[1.]
[0.999969]
[1.]
[1.]
[0.9999999]
[1.]
[0.9999983]
[0.9999999]
[0.99999994]
[0.9999125]
[1.]
[0.9999998]
[0.9999896]
[0.99999785]
[0.99999666]
[1.]
[0.9999852]
[0.99871886]
[0.9995053]
[1.]
[0.9999999]
[1.]
[0.99997914]
[0.99928284]
[0.9999999]
[0.9999907]
[1.]
[0.99981654]
[0.9999968]
[0.9177696]
[0.9998134]
[1.]
[0.9999999]
[0.9999958]
[0.9999995]
[1.]
[0.9999076]
[1.]
[0.99999905]
[0.9999994]
[0.9999991]
[0.9999531]
[0.9999993]
[0.9998379]
[0.99999726]
[0.9998103]
[0.9999954]
[0.999995]
[0.99989086]
[1.]
[0.9999969]
[0.99999946]
[0.9995419]
[0.9999999]
[1.]
[0.9999999]
[0.9999999]
[1.]
[0.9999293]
[0.9999329]
[0.9961167]
[0.9999974]
[0.99975765]
[1.]
[0.99999285]
[0.9999831]
[1.]
[0.9999982]
[0.99970883]
[0.99999726]
[0.9997582]
[0.99875104]
[0.9999999]
[1.]
[1.]
[0.99999833]
[0.999999]
[0.9999951]
[1.]
[1.]
[1.]
[0.9999939]
[0.99998987]
[0.99999744]
[0.9994058]
[0.99999976]
[0.9999998]
[1.]
[0.9999995]
[1.]
[0.99999356]
[0.9999875]
[0.9999988]
[1.]
[0.99999607]
[0.9999761]
[1.]
[0.9999999]
[0.9988649]
[0.9997822]
[0.99999607]
[0.9999999]
[1.]
[0.99992836]
[0.99999416]
[0.99973977]
[0.99999976]
[1.]
[0.9999463]
[1.]
[0.99999124]
[0.99999964]
[0.9999718]
[0.9994459]
[0.99999917]
[0.999998]
[0.9999277]
[0.99998236]
[1.]
[0.9984436]
[0.9999948]
[0.99994075]
[1.]
[0.99999994]
[0.99999917]
[0.9999937]
[0.99999976]
[0.998832]
[1.]
[0.99999994]
[0.9989134]
[0.99998856]
[0.99999857]
[0.9997801]
[1.]
[0.999995]
[0.9999952]
[1.]
[0.9999998]
[1.]
[0.99999976]
[0.99958515]
[0.9999827]
[0.9999999]
[0.999822]
[0.9999978]
[0.99999994]
[0.9999985]
[0.9999999]
[0.9999998]
[0.99999976]
[0.962667]
[0.9999931]
[0.9999999]
[1.]
[0.9999999]
[0.9983283]
[0.99999976]
[1.]
[1.]
[0.999997]
[0.9999706]
[1.]
[0.9999995]
[0.99999964]
[1.]
[0.999881]
[0.99999917]
[0.99997747]
[0.99999726]
[0.99996686]
[0.9999999]
[0.9999807]
[1.]
[1.]
[1.]
[0.99999934]
[0.9999999]
[0.9999987]
[0.9999998]
[0.999998]
[0.9999998]
[0.99999905]
[0.99999964]
[0.99999976]
[0.99999917]
[1.]
[0.99999917]
[0.9998843]
[0.99998474]
[0.9998035]
[0.999991]
[0.9999942]
[1.]
[0.9999959]
[1.]
[0.9998613]
[0.99999976]
[1.]
[0.9998708]
[0.99996805]
[1.]
[0.98757875]
[0.99999905]
[0.99983585]
[0.99991715]
[1.]
[0.99996805]
[0.99999976]
[1.]
[0.999995]
[1.]
[1.]
[0.99999964]
[0.9999999]
[1.]
[0.9999997]
[1.]
[0.99999464]
[0.99999774]
[0.99999994]
[0.99962777]
[0.99998283]
[0.99999964]
[0.9999975]
[1.]
[0.99916315]
[1.]
[1.]
[0.99999976]
[0.99999917]
[1.]
[0.99998343]
[0.9999999]
[1.]
[0.99997866]
[0.999902]
[1.]
[1.]
[0.9999348]
[0.9999992]
[0.9999997]
[1.]
[0.9999999]
[0.999985]
[0.99746644]
[1.]
[1.]
[1.]
[0.99999964]
[0.9998945]
[0.9999993]
[0.99999994]
[0.9999999]
[0.99882716]
[0.9998413]
[1.]
[1.]
[1.]
[1.]
[0.99999976]
[0.9999999]
[1.]
[0.9999995]
[1.]
[0.9999968]
[0.9999986]
[0.99741733]
[0.9999994]
[0.999987]
[0.9999999]
[0.9999386]
[1.]
[0.99998957]
[0.9999976]
[0.99999034]
[0.99999976]
[0.99999976]
[1.]
[0.99999535]
[0.9999372]
[0.99999857]
[0.9999812]
[0.99999976]
[0.9999999]
[1.]
[0.9999999]
[1.]
[0.9999999]
[0.99999243]
[1.]
[0.9999998]
[0.99999774]
[0.99995077]
[1.]
[1.]
[0.9999999]
[1.]
[0.9999974]
[1.]
[0.99999535]
[0.9999997]
[0.99999857]
[0.99999344]
[0.99999976]
[0.99999946]
[0.9999999]
[1.]
[1.]
[0.9999997]
[0.9999995]
[1.]
[1.]
[0.9999999]
[1.]
[0.9999989]
[0.9994197]
[1.]
[0.99998033]
[0.99685323]
[0.99999976]
[1.]
[0.9999993]
[0.9999359]
[0.9999987]
[0.9999999]
[0.999997]
[1.]
[0.99999785]
[0.99999976]
[0.9941311]
[1.]
[1.]
[0.9999968]
[0.9999964]
[0.9999992]
[0.99999946]
[1.]
[0.9978409]
[0.99999046]
[0.9999738]
[1.]
[1.]
[1.]
[0.99999857]
[0.99900466]
[0.99883103]
[0.9999956]
[1.]
[0.9999999]
[0.9999993]
[0.99999833]
[0.99999976]
[0.99980515]
[1.]
[1.]
[1.]
[0.9890174]
[1.]
[1.]
[0.9999999]
[1.]
[1.]
[0.99999976]
[0.99895287]
[0.99999154]
[0.99999917]
[1.]
[0.9999957]
[0.99998736]
[1.]
[0.9999999]
[0.9999999]
[0.99999404]
[0.9968977]
[1.]
[0.99984825]
[0.9999999]
[0.99998486]
[0.99995136]
[0.9995073]
[0.9999985]
[0.99999964]
[0.9999999]
[0.9999976]
[0.9999896]
[1.]
[0.99999934]
[0.99999845]
[0.9999031]
[1.]
[0.99999994]
[0.9999882]
[0.99999034]
[0.99999845]
[0.99999976]
[1.]
[0.9999945]
[0.99999994]
[0.9999993]
[0.9998479]
[0.99999976]
[0.9999826]
[0.9999974]
[0.9999114]
[0.9999998]
[0.9999999]
[0.9999993]
[0.99997294]
[1.]
[0.9999986]
[0.99999964]
[1.]
[0.9999998]
[0.9999999]
[0.9999986]
[0.9999995]
[0.99999607]
[1.]
[0.9999998]
[0.9999998]
[0.9999999]
[1.]
[0.9999949]
[0.99896055]
[0.99999654]
[0.99999994]
[1.]
[1.]
[0.99999875]
[1.]
[0.9999995]
[0.9999917]
[0.99999994]
[0.9999922]
[1.]
[0.99996924]
[0.9999771]
[1.]
[0.99996895]
[1.]
[0.99862325]
[1.]
[0.99999416]
[1.]
[0.9883136]
[1.]
[0.9999975]
[0.99999964]
[0.9999846]
[0.99999964]
[0.9999962]
[1.]
[1.]
[0.99999976]
[0.9999961]
[0.99999475]
[1.]
[1.]
[0.9999732]
[1.]
[1.]
[0.9999995]
[1.]
[1.]
[0.9999999]
[0.9999964]
[0.9996691]
[0.99999994]
[0.99999976]
[0.9999998]
[0.9999342]
[0.99999845]
[0.99997056]
[1.]
[0.9999995]
[0.99999964]
[1.]
[0.9992483]
[1.]
[0.999998]
[0.99844617]
[1.]
[0.99999994]
[1.]
[0.9999948]
[1.]
[0.99999976]
[1.]
[0.9999999]
[0.99998945]
[0.9999931]
[0.99999917]
[0.99999857]
[0.9999996]
[1.]
[1.]
[1.]
[1.]
[0.99996924]
[1.]
[1.]
[1.]
[0.99999833]
[0.99999964]
[0.9999981]
[0.99998367]
[0.999998]
[0.9999993]
[0.99999976]
[1.]
[0.9909828]
[0.99999505]
[0.9999999]
[0.9999918]
[0.99999845]
[0.9999999]
[0.9999999]
[0.99999976]
[0.99972457]
[0.9999999]
[1.]
[0.9999999]
[0.99999595]
[0.9999919]
[0.9999988]
[1.]
[0.9999976]
[0.99999046]
[0.9999405]
[0.9999422]
[0.9999118]
[0.9999995]
[0.9999338]
[1.]
[0.98517406]
[0.99999964]
[1.]
[0.999748]
[0.998834]
[1.]
[0.99999833]
[0.999992]
[0.99999523]
[1.]
[1.]
[0.9999988]
[1.]
[0.99980825]
[1.]
[1.]
[0.99999994]
[1.]
[0.9997171]
[1.]
[0.9999877]
[0.99993867]
[0.99999]
[0.9998474]
[1.]
[0.9999999]
[0.99999887]
[0.99999726]
[0.9999999]
[0.9999916]
[0.9999982]
[0.9999944]
[1.]
[0.9999945]
[1.]
[0.9999769]
[1.]
[0.9983708]
[1.]
[0.9999933]
[0.99999976]
[0.99999976]
[0.99546015]
[0.9999521]
[0.99998546]
[0.99999917]
[0.99999833]
[0.9999882]
[0.99999976]
[1.]
[0.9999173]
[0.99998224]
[0.99993026]
[0.9999039]
[0.99996954]
[0.9998109]
[0.9999999]
[1.]
[0.99999994]
[0.99999994]
[0.9999933]
[1.]
[1.]
[0.9999824]
[1.]
[1.]
[0.99525255]
[0.9999846]
[0.9999999]
[0.9999972]
[1.]
[1.]
[0.8799449]
[0.99999726]
[1.]
[0.9999974]
[0.99998415]
[1.]
[0.99999934]
[0.999992]
[0.99998105]
[0.99992466]
[0.9996985]
[0.99999887]
[1.]
[0.9998696]
[0.996277]
[0.99999803]
[0.99998474]
[1.]
[0.99984574]
[1.]
[1.]
[0.9999995]
[0.9875765]
[0.99997294]
[0.9994675]
[1.]
[0.9999997]
[0.99987745]
[0.9999441]
[0.99999994]
[0.99994767]
[0.99999994]
[1.]
[0.9999972]
[1.]
[0.999999]
[0.99999833]
[1.]
[0.9999025]
[0.99998546]
[0.99906564]
[0.9999999]
[0.99719656]
[0.99999964]
[0.9999926]
[0.9999998]
[0.9999994]
[1.]
[0.99997205]
[0.99994504]
[0.9982546]
[1.]
[0.9998611]
[0.9999963]
[0.9999621]
[1.]
[1.]
[1.]
[1.]
[1.]
[0.99999946]
[1.]
[1.]
[0.9999993]
[0.9999999]
[1.]
[0.99995327]
[1.]
[1.]
[0.9999995]
[1.]
[0.9999999]
[1.]
[0.9999999]
[1.]
[1.]
[1.]
[1.]
[0.9999999]
[0.99999976]
[0.99999964]
[0.9999986]
[0.99999523]
[0.99999726]
[0.99998987]
[0.99999857]
[0.99996865]
[1.]
[0.99999917]
[1.]
[1.]
[1.]
[0.99985415]
[0.9999958]
[0.9999833]
[0.99954623]
[1.]
[0.99999976]
[0.99999976]
[0.99999964]
[1.]
[0.9999999]
[0.99999416]
[0.9999997]
[0.9999775]
[1.]
[0.9999529]
[0.9999949]
[0.99998474]
[0.99999917]
[0.99998784]
[0.9999999]
[0.9999999]
[1.]
[1.]
[0.99999976]
[1.]
[1.]
[0.99999046]
[0.99998903]
[0.9996233]
[0.99999976]
[0.99999976]
[1.]
[1.]
[0.9999996]
[0.99996626]
[1.]
[0.9999999]
[0.9999999]
[0.9999998]
[0.9999998]
[1.]
[1.]
[0.9999992]
[1.]
[1.]
[0.99999917]
[0.9999994]
[0.9999747]
[0.9999999]
[1.]
[0.9999995]
[0.9999996]
[0.999999]
[0.99999666]
[1.]
[1.]
[1.]
[1.]
[0.9999999]
[1.]
[1.]
[1.]
[0.9999994]
[0.99983424]
[1.]
[0.9999894]
[0.9923196]
[1.]
[0.99999964]
[0.99989104]
[0.99999905]
[1.]
[0.9999994]
[0.9997877]
[1.]
[0.99999154]
[1.]
[0.9999813]
[0.99999964]
[0.9999995]
[0.99986356]
[0.99703026]
[0.99999964]
[0.99995387]
[0.99999976]
[1.]
[0.99999917]
[0.99759614]
[0.9999999]
[0.9999932]
[0.9989629]
[0.99994934]
[0.9999987]
[1.]
[0.99993443]
[1.]
[0.99999964]
[0.9999804]
[1.]
[0.99996924]
[0.9999978]
[0.9999809]
[1.]
[0.9999026]
[0.9999752]
[1.]
[0.9999987]
[0.9998741]
[1.]
[1.]
[0.99998933]
[0.999999]
[0.9999999]
[1.]
[1.]
[0.9999982]
[0.9999951]
[1.]
[0.99972427]
[0.99999547]
[0.99993324]
[1.]
[0.9999974]
[0.9999993]
[0.99991196]
[0.9999924]
[0.9999999]
[0.99999976]
[0.9999981]
[1.]
[0.9999993]
[0.9999999]
[0.999995]
[1.]
[0.99999976]
[0.9990183]
[0.99999803]
[0.9999965]
[1.]
[0.99999994]
[1.]
[0.9999998]
[1.]
[0.999354]
[0.9954721]
[0.97952956]
[0.9999975]
[0.9999955]
[0.9999999]
[0.9999249]
[1.]
[0.9999928]
[1.]
[1.]
[1.]
[1.]
[0.99983585]
[1.]
[1.]
[0.99897397]
[0.9999975]
[0.9999935]
[1.]
[0.9999596]
[1.]
[0.99898434]
[0.99999976]
[1.]
[0.9999949]
[0.99999994]
[0.9999983]
[0.9999983]
[1.]
[1.]
[0.9999977]
[0.9999998]
[0.9999993]
[1.]
[0.9999999]
[0.9999806]
[0.9999888]
[0.9755077]
[0.99997586]
[0.999999]
[0.99979293]
[1.]
[1.]
[1.]
[0.9999544]
[0.9999988]
[0.99997866]
[0.9999938]
[1.]
[0.999999]
[1.]
[0.9999726]
[1.]
[0.99999994]
[0.99999905]
[1.]
[0.99999964]
[1.]
[0.9999826]
[0.9999999]
[0.99995136]
[1.]
[1.]
[0.99826115]
[0.9999996]
[0.99992263]
[1.]
[1.]
[0.99999416]
[0.9999964]
[1.]
[0.99999994]
[0.999997]
[0.99994254]
[0.99999714]
[0.9989906]
[0.99999994]
[0.9999995]
[0.99999624]
[0.99993783]
[0.9999999]
[0.99998033]
[1.]
[0.9999999]
[1.]
[0.9999136]
[0.99997556]
[0.99999964]
[0.9999992]
[1.]
[0.999896]
[1.]
[0.9999999]
[1.]
[0.984725]
[0.9999998]
[0.99999976]
[0.9999998]
[0.9999875]
[0.9999976]
[0.9999767]
[0.9999877]
[0.99917483]
[0.9998361]
[0.99999976]
[0.9999999]
[0.99999994]
[0.9996464]
[0.9999998]
[0.9999974]
[1.]
[0.99999416]
[0.9997293]
[1.]
[0.99970603]
[0.9999995]
[0.9996135]
[1.]
[0.9998683]
[0.99986756]
[1.]
[0.9999984]
[1.]
[0.9999936]
[0.9997041]
[0.9999049]
[0.99851966]
[0.9999959]
[0.9999895]
[1.]
[0.9999993]
[0.99999934]
[0.9999714]
[0.99999976]
[0.9999999]
[0.9999937]
[0.9999999]
[0.99999523]
[0.99999595]
[0.99896646]
[0.99999964]
[1.]
[0.99999976]
[1.]
[1.]
[1.]
[0.99999994]
[0.99999905]
[0.9999998]
[0.99983037]
[1.]
[0.9999969]
[0.9999999]
[0.9999993]
[0.99998325]
[0.99985087]
[1.]
[1.]
[0.9999964]
[1.]
[0.9999997]
[1.]
[0.99999785]
[1.]
[1.]
[0.99999446]
[0.9998782]
[1.]
[0.9999989]
[0.9999211]
[1.]
[1.]
[0.9999994]
[0.99999994]
[1.]
[0.9999953]
[1.]
[1.]
[1.]
[0.9999976]
[1.]
[1.]
[0.999921]
[0.999998]
[0.9999988]
[0.9999999]
[1.]
[0.9999999]
[0.9999796]
[0.9999993]
[0.9999944]
[0.99998045]
[0.98491734]
[1.]
[0.9999999]
[1.]
[0.99999905]
[0.99999624]
[0.9980693]
[0.99999994]
[1.]
[0.9999996]
[0.99999815]
[0.9999981]
[0.9999958]
[0.9999999]
[0.99997365]
[1.]
[0.99955404]
[0.9999995]
[0.99998]
[1.]
[0.9975877]
[1.]
[0.9999553]
[0.9999975]
[0.9992207]
[0.998201]
[0.99968094]
[1.]
[0.99998474]
[1.]
[1.]
[0.9999956]
[0.9999976]
[0.9999622]
[0.9999992]
[0.9991574]
[0.9997691]
[0.999999]
[0.9999974]
[0.99999684]
[0.9804901]
[1.]
[1.]
[0.99802315]
[0.99999493]
[0.9999915]
[0.9999997]
[0.9999052]
[0.99999887]
[1.]
[1.]
[0.9999998]
[0.99988914]
[0.99411094]
[0.9999982]
[0.9999999]
[0.999998]
[0.99999934]
[0.9999958]
[0.9999995]
[0.9999996]
[1.]
[0.9999999]
[0.9976262]
[0.9935007]
[0.9999999]
[0.9999999]
[1.]
[0.99999845]
[0.9999997]
[1.]
[1.]
[0.9999994]
[0.9999997]
[1.]
[0.99915713]
[1.]
[0.99986994]
[0.99993145]
[0.9999999]
[0.9999993]
[1.]
[1.]
[0.99999446]
[0.9999999]
[0.99708986]
[0.9997078]
[0.9999982]
[1.]
[0.999964]
[0.9999994]
[0.99999976]
[1.]
[0.9999998]
[1.]
[0.9976218]
[0.9999992]
[0.9999739]
[0.9999994]
[0.99997675]
[1.]
[0.99999964]
[0.9999981]
[0.9999986]
[1.]
[0.99999917]
[0.99997556]
[1.]
[1.]
[0.9999988]
[0.9999931]
[0.9999245]
[1.]
[1.]
[1.]
[0.9971063]
[0.9999999]
[0.99893135]
[0.99995697]
[0.9999957]
[1.]
[1.]
[1.]
[0.99999976]
[0.9988303]
[0.9999999]
[0.9999999]
[0.9897219]
[1.]
[0.9999902]
[0.99999964]
[1.]
[0.99533284]
[0.9999995]
[1.]
[0.99997663]
[0.9999999]
[0.9999999]
[0.9999994]
[1.]
[1.]
[1.]
[1.]
[1.]
[1.]
[1.]
[0.9999447]
[0.9999999]
[1.]
[1.]
[1.]
[0.9999907]
[0.9999989]
[0.99971986]
[0.9999974]
[1.]
[1.]
[1.]
[1.]
[0.9999995]
[0.9999998]
[0.99999917]
[0.99997777]
[0.9999678]
[0.9974296]
[0.9999989]
[0.9999716]
[0.99987936]
[0.99998987]
[0.999753]
[1.]
[0.99999565]
[0.99999857]
[0.99998593]
[0.9999998]
[0.9985188]
[1.]
[1.]
[1.]
[0.99782395]
[0.9999999]
[0.9999912]
[0.9999998]
[1.]
[0.9999459]
[0.999999]
[0.9999971]
[1.]
[0.99997956]
[1.]
[1.]
[0.9999888]
[0.9999996]
[0.9999999]
[0.99999964]
[0.9999541]
[0.9999999]
[0.999992]
[0.9999962]
[1.]
[1.]
[0.99998045]
[1.]
[0.9999995]
[0.9998393]
[0.99917126]
[0.99996924]
[0.99999994]
[0.99926066]
[0.99998367]
[0.9999956]
[0.99972034]
[0.9998543]
[0.9999739]
[0.9999999]
[0.99999464]
[0.99998486]
[0.9999154]
[0.9999989]
[0.9999954]
[0.9999841]
[0.9995581]
[1.]
[0.9999998]
[0.99999976]
[0.9999999]
[0.9998425]
[0.9999999]
[0.99999905]
[0.9999955]
[0.9999434]
[1.]
[1.]
[0.99998975]
[0.9999995]
[0.99999994]
[0.99999976]
[0.99999833]
[1.]
[0.9993836]
[0.9999981]
[1.]
[0.99999547]
[0.9999991]
[0.9999999]
[0.99990994]
[1.]
[0.99999946]
[0.9945058]
[0.9999971]
[0.99999994]
[0.99999964]
[1.]
[0.9999992]
[0.9999995]
[0.99999976]
[0.9999974]
[0.9999839]
[0.9999997]
[1.]
[0.99999964]
[0.99999624]
[0.9944708]
[0.9999999]
[0.9999999]
[0.9999265]
[0.9999998]
[0.9999996]
[0.99997336]
[1.]
[1.]
[0.999994]
[1.]
[1.]
[0.9999998]
[0.99999785]
[0.9999169]
[1.]
[1.]
[0.9998761]
[0.99860626]
[0.9999999]
[0.99994797]
[0.9999999]
[1.]
[1.]
[1.]
[0.9999968]
[0.99999785]
[0.99999917]
[1.]
[0.9999628]
[0.99992806]
[0.99999857]
[0.9999998]
[0.9998709]
[0.99999976]
[0.99983656]
[1.]
[0.99974537]
[1.]
[0.9999995]
[0.9999999]
[0.99999523]
[0.99999964]
[1.]
[0.9999997]
[1.]
[1.]
[1.]
[1.]
[1.]
[1.]
[0.9999795]
[0.9999765]
[1.]
[0.99999994]
[0.99999994]
[0.99999917]
[1.]
[1.]
[0.9997236]
[1.]
[0.99999964]
[0.9994107]
[0.9759665]
[1.]
[1.]
[0.99999964]
[0.9999961]
[0.9999944]
[0.9996011]
[1.]
[0.99999833]
[0.9978242]
[0.9994661]
[0.9999997]
[0.9999672]
[1.]
[0.99999964]
[1.]
[1.]
[0.9999995]
[0.9942864]
[1.]
[0.9999552]
[0.99999666]
[0.9999999]
[1.]
[0.9999989]
[1.]
[0.9999589]
[1.]
[1.]
[0.99997544]
[0.99998987]
[0.99999744]
[0.9999992]
[0.9999968]
[1.]
[0.9999925]
[0.99999964]
[0.9999999]
[0.88787067]
[0.99999493]
[1.]
[0.99998283]
[0.9999988]
[1.]
[0.99965733]
[1.]
[0.9999994]
[0.9990698]
[1.]
[0.9999993]
[0.9999975]
[1.]
[0.99999905]
[1.]
[0.9999974]
[0.9997984]
[0.99999946]
[1.]
[0.9969834]
[0.99999917]
[1.]
[1.]
[1.]
[0.9999713]
[0.99996245]
[0.99996114]
[1.]
[1.]
[0.9999999]
[0.99999994]
[1.]
[1.]
[0.999998]
[0.9999468]
[1.]
[1.]
[1.]
[0.9999966]
[0.96813035]
[0.99999994]
[0.9962115]
[0.99999905]
[0.99992025]
[0.99999964]
[0.99959755]
[1.]
[0.9999997]
[1.]
[1.]
[1.]
[1.]
[0.99987435]
[0.9999994]
[1.]
[1.]
[1.]
[0.99998045]
[0.9999844]
[1.]
[0.9999933]
[0.99999714]
[0.99999994]
[0.99957776]
[1.]
[0.9999999]
[1.]
[0.99999547]
[0.9996363]
[1.]
[1.]
[0.99999994]
[0.9999401]
[0.9999999]
[0.9983535]
[0.99999857]
[0.9999907]
[1.]
[1.]
[0.9993441]
[0.9999997]
[1.]
[0.9999997]
[0.9999999]
[0.9999989]
[0.99999976]
[1.]
[0.9999998]
[0.9999999]
[0.9999999]
[0.9999999]
[0.99999976]
[0.9999956]
[0.999959]
[0.99992585]
[1.]
[0.9999998]
[1.]
[0.99999905]
[0.9999951]
[0.9871031]
[1.]
[0.9999999]
[0.9999741]
[0.963157]
[1.]
[0.99999976]
[0.99998504]
[0.9993533]
[0.99999946]
[0.99998856]
[0.99999917]
[0.99999726]
[0.99993694]
[0.9999999]
[1.]
[0.99999213]
[0.99580216]
[0.99998236]
[0.9999999]
[0.9995239]
[0.9999998]
[1.]
[0.99999994]
[0.9999969]
[0.97532314]
[0.9999989]
[0.9999977]
[1.]
[0.9998554]
[0.999995]
[0.99986684]
[1.]
[1.]
[0.9999998]
[0.99998194]
[0.99999726]
[0.9999998]
[0.99999994]
[0.9993532]
[1.]
[0.9999999]
[0.99998856]
[0.99999976]
[0.9999976]
[0.9999999]
[1.]
[1.]
[1.]
[0.9999995]
[1.]
[0.99999464]
[1.]
[1.]
[1.]
[1.]
[0.9999989]
[0.9999987]
[1.]
[0.9999399]
[0.9999661]
[0.9999999]
[0.99999416]
[1.]
[1.]
[1.]
[0.99997544]
[0.99999994]
[0.9999478]
[1.]
[0.99999934]
[0.9999998]
[0.99999964]
[0.99999833]
[0.99876094]
[0.9999999]
[0.99983513]
[1.]
[0.99942136]
[0.99999994]
[1.]
[0.9999998]
[1.]
[0.9999982]
[0.99999905]
[0.99999833]
[0.9999958]
[1.]
[1.]
[1.]
[1.]
[0.9971925]
[0.99986696]
[0.99999213]
[1.]
[1.]
[0.97400874]
[0.9999994]
[1.]
[1.]
[0.99995184]
[0.99887216]
[1.]
[0.9999999]
[1.]
[0.9999856]
[1.]
[0.9999947]
[0.9999995]
[0.99941224]
[0.9999999]
[1.]
[0.99998146]
[1.]
[1.]
[1.]
[0.9999999]
[0.99999976]
[0.9999999]
[0.9999881]
[1.]
[0.99887437]
[0.99997264]
[1.]
[0.9786173]
[0.99806523]
[0.9999985]
[0.9998913]
[0.9999974]
[0.999998]
[0.9999999]
[0.99972093]
[0.9999968]
[0.9999993]
[0.99999875]
[1.]
[1.]
[0.9999926]
[1.]
[0.9999999]
[0.99999917]
[0.9990682]
[0.9979037]
[1.]
[0.99999964]
[0.99999976]
[1.]
[0.9998373]
[0.99999785]
[0.99999905]
[0.9999998]
[1.]
[0.99999917]
[0.99999034]
[0.99999607]
[0.99998224]
[0.9999856]
[0.99900407]
[0.9999999]
[0.99999964]
[0.99999994]
[0.99999195]
[1.]
[0.999998]
[0.99999243]
[0.99999905]
[0.8976579]
[0.9999999]
[1.]
[0.9999994]
[0.999359]
[0.99995214]
[0.99999976]
[1.]
[0.9999992]
[1.]
[0.99964947]
[0.9999981]
[1.]
[0.9999932]
[0.9997907]
[0.999988]
[0.9998125]
[0.9999858]
[1.]
[1.]
[0.9999913]
[0.9903399]
[0.9999996]
[0.9999747]
[0.9998954]
[0.9999998]
[0.99999976]
[0.9999887]
[0.99999547]
[0.99999285]
[0.9999892]
[0.99999857]
[1.]
[0.99999976]
[1.]
[0.99999356]
[0.99999976]
[0.9999998]
[0.9999997]
[0.9998987]
[0.999981]
[0.9972336]
[0.99999976]
[0.9999952]
[0.9999983]
[0.9989747]
[1.]
[0.99999416]
[1.]
[0.99994206]
[1.]
[0.9997357]
[1.]
[0.99999535]
[0.9999998]
[0.9996505]
[0.995052]
[0.99999803]
[0.9999906]
[1.]
[0.9999992]
[0.9999996]
[0.9999998]
[0.99999243]
[0.9998635]
[0.9995009]
[0.99999994]
[0.99999046]
[0.99999976]
[1.]
[0.9999998]
[0.9999999]
[0.9999998]
[0.99999756]
[0.99999523]
[0.9999999]
[0.9999999]
[0.99999106]
[0.9999981]
[1.]
[0.97498447]
[0.99999976]
[1.]
[0.9999157]
[1.]
[0.9992086]
[0.9999994]
[0.97049713]
[0.9998318]
[0.9999998]
[1.]
[0.99999994]
[0.99948597]
[1.]
[0.9984906]
[1.]
[0.99999994]
[1.]
[1.]
[0.9999999]
[0.9999869]
[0.9999019]
[1.]
[1.]
[0.9999998]
[0.999995]
[0.99999523]
[0.9999992]
[0.99999905]
[0.9999629]
[0.9999709]
[1.]
[0.99999005]
[0.9999865]
[0.99999344]
[0.99999845]
[0.9999986]
[0.99999124]
[0.9999138]
[0.99999976]
[1.]
[0.99996114]
[1.]
[0.99961364]
[0.9999992]
[0.99999976]
[0.9999998]
[1.]
[1.]
[0.99998665]
[0.9999962]
[0.9999999]
[0.9999642]
[0.9929879]
[0.99989474]
[1.]
[0.9999918]
[0.99981815]
[0.99999994]
[0.999316]
[0.99978316]
[1.]
[0.9999976]
[0.9999994]
[0.99999523]
[1.]
[1.]
[0.9999899]
[0.99999887]
[0.9971711]
[0.9999995]
[0.99999815]
[0.99997866]
[0.99999964]
[1.]
[0.9999995]
[0.9999957]
[0.9999908]
[1.]
[1.]
[1.]
[0.9999923]
[0.9999992]
[0.99996763]
[0.96817267]
[0.9997275]
[0.9999863]
[0.999999]
[1.]
[1.]
[1.]
[0.9999914]
[0.9999995]
[0.9999726]
[0.9999999]
[0.99999964]
[0.9966704]
[0.9999987]
[1.]
[0.99969673]
[0.999985]
[1.]
[1.]
[1.]
[0.99995273]
[0.99999917]
[1.]
[0.9999827]
[0.9999994]
[0.9998248]
[0.9999746]
[1.]
[1.]
[0.9999998]
[0.99999285]
[0.99995315]
[0.99988914]
[0.99999565]
[0.99994105]
[0.99999976]
[1.]
[1.]
[0.9999986]
[0.9999999]
[0.99999976]
[1.]
[0.9999733]
[0.9999999]
[0.99999774]
[1.]
[1.]
[0.9999995]
[0.99999726]
[0.9999994]
[1.]
[1.]
[0.9999878]
[1.]
[0.9999994]
[0.9999994]
[0.9999789]
[0.9999999]
[0.9999776]
[0.995109]
[0.99999976]
[0.9999999]
[0.99999946]
[1.]
[0.9999996]
[1.]
[0.99999994]
[1.]
[0.999997]
[0.9996215]
[0.99993575]
[0.9999999]
[0.99999607]
[0.9973233]
[0.99999833]
[0.99999994]
[0.928975]
[0.99999994]
[1.]
[1.]
[0.9999713]
[1.]
[0.99994034]
[1.]
[1.]
[0.9999888]
[0.99999994]
[0.99889636]
[0.99993443]
[0.99999964]
[0.9999999]
[1.]
[0.99999994]
[0.99999654]
[0.9999938]
[0.9999978]
[0.9999833]
[1.]
[1.]
[0.99999917]
[0.99998933]
[0.9999999]
[1.]
[0.9999995]
[0.99999994]
[1.]
[0.99999994]
[1.]
[1.]
[0.9999999]
[0.99998474]
[0.99999976]
[0.999943]
[1.]
[1.]
[0.99999917]
[0.9999984]
[0.99999976]
[0.99961764]
[1.]
[0.99999636]
[0.9999974]
[0.9999933]
[0.9999997]
[0.99983644]
[0.9999999]
[0.9998442]
[0.9993657]
[1.]
[0.9999975]
[0.9999616]
[1.]
[0.9999999]
[1.]
[0.99999064]
[0.99995583]
[0.99999994]
[0.9996558]
[0.99999833]
[0.9999998]
[1.]
[0.9998905]
[0.999999]
[0.9981284]
[1.]
[0.9999999]
[1.]
[0.98010826]
[0.99999905]
[0.99999756]
[0.9999399]
[0.99998826]
[0.9999999]
[1.]
[0.99999976]
[0.9999777]
[0.9999981]
[0.99999994]
[1.]
[0.9999991]
[1.]
[0.99992657]
[0.9999987]
[0.9999761]
[0.99902534]
[0.99999523]
[0.99997604]
[1.]
[0.9999997]
[0.9999999]
[0.9997058]
[0.99999976]
[1.]
[1.]
[0.9999969]
[1.]
[0.9921533]
[1.]
[0.99999994]
[0.99999964]
[0.99999964]
[0.999862]
[0.9999988]
[0.9999918]
[1.]
[0.99999905]
[0.9999999]
[0.99999756]
[1.]
[0.9999999]
[0.99999654]
[0.9998921]
[1.]
[0.99998784]
[0.99999976]
[0.99999994]
[1.]
[0.99999154]
[1.]
[1.]
[0.9999999]
[1.]
[1.]
[0.99999976]
[1.]
[0.9999999]
[1.]
[0.9999893]
[0.99999815]
[0.99999875]
[1.]
[1.]
[1.]
[0.9999996]
[0.9999999]
[0.9999998]
[0.9999993]
[1.]
[0.99999106]
[0.99999976]
[0.9999989]
[0.99999833]
[1.]
[0.99999994]
[0.9995628]
[0.99996907]
[1.]
[0.9999994]
[0.99996567]
[0.99960613]
[0.99999976]
[0.99346125]
[0.9932645]
[1.]
[0.9998899]
[0.99973977]
[0.99993587]
[0.9999999]
[1.]
[0.99999976]
[1.]
[0.99999815]
[0.99996185]
[1.]
[0.9999685]
[1.]
[0.9999997]
[1.]
[0.99999124]
[0.998022]
[1.]
[0.999992]
[1.]
[0.9989288]
[0.99963456]
[0.9999999]
[0.99999917]
[0.999957]
[0.9999975]
[0.9999999]
[0.99999404]
[0.9999999]
[0.99491537]
[1.]
[0.9999984]
[0.9999893]
[0.9999995]
[0.9999958]
[0.99996424]
[0.999998]
[0.9999999]
[0.99996376]
[0.99995357]
[0.9999997]
[0.99998736]
[0.9999982]
[0.99997187]
[1.]
[0.9999988]
[1.]
[0.99999994]
[1.]
[0.9999994]
[1.]
[0.9999995]
[1.]
[1.]
[1.]
[0.99997735]
[1.]
[0.9999893]
[0.9999998]
[0.9999994]
[0.99885935]
[1.]
[0.9999057]
[0.99999833]
[0.9999992]
[0.99999905]
[0.9999976]
[0.9999973]
[1.]
[1.]
[0.99999845]
[0.99999976]
[0.99998]
[1.]
[0.9999652]
[1.]
[1.]
[0.9999864]
[0.9999999]
[0.9999998]
[0.99999666]
[0.9999978]
[1.]
[0.9991716]
[0.9999903]
[0.9976499]
[0.99999404]
[0.99999994]
[0.999977]
[0.9999999]
[1.]
[0.99999976]
[0.99999785]
[0.9999451]
[1.]
[1.]
[0.99993634]
[0.99672043]
[0.996094]
[0.99979675]
[0.9996928]
[1.]
[0.9999996]
[0.9999871]
[0.9999998]
[0.9999999]
[0.99851465]
[0.99999213]
[1.]
[1.]
[0.9999978]
[0.999812]
[0.99999976]
[0.9999999]
[1.]
[1.]
[1.]
[1.]
[1.]
[0.99955976]
[0.9999994]
[1.]
[1.]
[0.99999994]
[0.999999]
[1.]
[1.]
[1.]
[1.]
[0.99999976]
[0.99999994]
[0.9998261]
[1.]
[0.9998831]
[1.]
[1.]
[0.9996257]
[1.]
[0.99999654]
[1.]
[0.99999976]
[0.9999382]
[1.]
[1.]
[1.]
[0.9999999]
[1.]
[1.]
[0.99999994]
[1.]
[1.]
[0.9991548]
[0.9999999]
[0.9999687]
[0.9999988]
[0.9999034]
[0.99978197]
[0.99999994]
[0.9999958]
[0.99999976]
[0.9999999]
[0.9999896]
[0.9999999]
[1.]
[0.9999999]
[1.]
[1.]
[0.99995136]
[0.9997961]
[0.9999999]
[0.9999713]
[0.9999976]
[0.9999885]
[0.99999744]
[0.99989295]
[0.99999917]
[0.99999976]
[0.9999988]
[0.9999994]
[0.9999981]
[0.99967444]
[1.]
[0.9999996]
[0.99999917]
[0.99999976]
[0.9999003]
[0.99999917]
[0.999859]
[0.99963]
[0.99998784]
[0.99999523]
[1.]
[0.9999908]
[0.9999994]
[0.99660134]
[0.99999833]
[0.99999964]
[1.]
[1.]
[0.99999464]
[1.]
[0.9999229]
[1.]
[0.99964905]
[1.]
[0.9981873]
[0.9999983]
[0.99820954]
[0.99998677]
[1.]
[0.9999993]
[1.]
[0.9940846]
[0.99999666]
[1.]
[0.9998185]
[1.]
[0.9999998]
[0.9999876]
[1.]
[0.9999998]
[0.99999464]
[1.]
[0.95511854]
[0.99998593]
[0.99999917]
[1.]
[0.9994805]
[0.9999999]
[0.99994993]
[0.9982847]
[0.9999997]
[0.9988748]
[0.99999714]
[0.9999754]
[0.99995863]
[0.99997914]
[0.99999976]
[0.99997735]
[0.9999987]
[0.99931103]
[1.]
[0.999972]
[0.9999782]
[0.9999999]
[0.99999994]
[0.9999992]
[0.9999225]
[0.999923]
[1.]
[1.]
[0.9998277]
[0.99999833]
[0.99995315]
[0.9999851]
[0.9999603]
[1.]
[0.99997056]
[0.99870384]
[1.]
[1.]
[0.9999981]
[0.99999994]
[0.9999999]
[0.9999739]
[1.]
[0.9999729]
[0.99999344]
[0.99788713]
[1.]
[0.9999069]
[0.99999785]
[1.]
[0.9999989]
[0.9999993]
[1.]
[1.]
[1.]
[1.]
[1.]
[1.]
[0.99999094]
[0.9999999]
[1.]
[0.9996731]
[0.9999053]
[0.99989897]
[1.]
[0.99999994]
[0.9999889]
[0.99997234]
[0.99999934]
[0.9999998]
[0.98370236]
[0.99998623]
[0.99999994]
[0.9999553]
[1.]
[0.9999999]
[0.9956385]
[0.99999857]
[0.91663486]
[0.9998827]
[0.9999978]
[0.9999943]
[0.9999989]
[0.9999999]
[0.9999559]
[1.]
[0.9999288]
[0.99903584]
[1.]
[0.99996316]
[1.]
[0.99997276]
[0.99999297]
[0.9999999]
[1.]
[1.]
[0.9999999]
[1.]
[1.]
[0.99999654]
[0.99998367]
[1.]
[0.9999949]
[0.99999833]
[0.9999992]
[0.99999857]
[0.9999988]
[1.]
[1.]
[1.]
[0.99996984]
[0.99999994]
[0.99991024]
[0.99999106]
[0.99998236]
[1.]
[1.]
[0.9999999]
[0.9999999]
[0.99999976]
[1.]
[0.9987234]
[0.9999998]
[0.9999992]
[0.999999]
[0.99999917]
[1.]
[0.99999976]
[0.99993813]
[1.]
[1.]
[1.]
[0.99999976]
[0.9997498]
[1.]
[0.99999505]
[1.]
[0.9999988]
[0.9640322]
[0.999999]
[0.9999871]
[0.99999857]
[0.9999999]
[0.9999981]
[1.]
[0.9999864]
[1.]
[0.99998707]
[0.9867476]
[0.989465]
[0.99999875]
[1.]
[0.9999941]
[0.9999483]
[0.9999999]
[0.9994654]
[0.9999875]
[0.9999802]
[0.9999975]
[0.99907947]
[0.99999976]
[0.99999154]
[1.]
[0.9999856]
[0.9999575]
[1.]
[1.]
[1.]
[0.99999857]
[0.9999875]
[0.9999959]
[0.9999979]
[0.9999999]
[0.9999988]
[0.9999993]
[1.]
[0.9999903]
[0.99999976]
[0.9999682]
[1.]
[1.]
[0.9999228]
[0.9999988]
[0.99999857]
[0.9999995]
[0.9999981]
[0.99999845]
[0.9995546]
[1.]
[1.]
[0.9999999]
[1.]
[0.99999833]
[0.9999961]
[0.99998754]
[0.9999923]
[1.]
[0.99999917]
[0.9999927]
[1.]
[1.]
[0.99999994]
[1.]
[1.]
[0.9999999]
[0.9999659]
[1.]
[1.]
[0.9999696]
[1.]
[0.9999999]
[1.]
[1.]
[0.99998987]
[0.9999969]
[0.9999956]
[0.9999999]
[0.999998]
[0.9998095]
[0.99999976]
[0.99937344]
[0.9982462]
[0.99999946]
[1.]
[0.9999943]
[0.9999994]
[0.9998724]
[0.9989488]
[0.99999976]
[1.]
[1.]
[1.]
[0.9997945]
[0.9999966]
[0.99998856]
[0.99992824]
[1.]
[0.9999996]
[1.]
[0.9999943]
[0.9999995]
[1.]
[0.99999106]
[1.]
[0.99999994]
[1.]
[0.9997144]
[1.]
[0.9999999]
[1.]
[0.99999374]
[0.9999959]
[1.]
[0.9999829]
[1.]
[1.]
[0.9999999]
[0.99999976]
[1.]
[0.9999409]
[0.99999875]
[0.9999981]
[0.99999833]
[0.9999994]
[0.999999]
[1.]
[0.9999999]
[0.99999744]
[0.99999684]
[0.99997467]
[0.99991596]
[0.9999854]
[0.99997187]
[0.99999446]
[0.9999678]
[0.99999744]
[0.9999999]
[0.9999646]
[0.9999437]
[0.9999963]
[0.9999996]
[1.]
[0.99999976]
[1.]
[0.99999416]
[0.99999994]
[0.9999428]
[0.99999905]
[0.99999833]
[0.99999785]
[0.9999998]
[0.9999994]
[0.9999639]
[0.9999999]
[1.]
[0.99999946]
[0.9999994]
[0.9999985]
[1.]
[0.9999998]
[0.99999976]
[0.97716224]
[1.]
[0.99999976]
[1.]
[0.9999982]
[0.9999999]
[1.]
[0.999997]
[1.]
[0.99997604]
[0.9999879]
[0.9999874]
[0.99999577]
[0.99978274]
[1.]
[0.99341106]
[0.9999844]
[1.]
[0.99999356]
[1.]
[1.]
[0.99714863]
[1.]
[0.9999999]
[1.]
[0.99999994]
[1.]
[0.9999959]
[0.99998564]
[0.99999803]
[0.99973637]
[0.99999994]
[0.9998828]
[0.99999976]
[0.9999989]
[0.9999995]
[0.9999416]
[0.99996734]
[0.99999976]
[0.99879014]
[1.]
[0.9999999]
[1.]
[1.]
[0.99999976]
[1.]
[0.99999803]
[0.9999528]
[0.99994576]
[0.99999815]
[0.9999988]
[1.]
[0.9999966]
[0.9999999]
[0.9995563]
[0.9999949]
[1.]
[0.990584]
[0.9999865]
[0.99999905]
[0.9999999]
[0.99999976]
[0.999823]
[0.9996582]
[0.99999607]
[0.9999999]
[0.99981]
[1.]
[0.9999994]
[0.9999835]
[1.]
[1.]
[0.9976335]
[0.9999995]
[1.]
[0.9999996]
[0.9995438]
[1.]
[0.9999995]
[0.99999994]
[0.99974525]
[0.99984425]
[0.99999964]
[1.]
[0.99983263]
[0.9999937]
[1.]
[0.9999975]
[0.9999964]
[0.9999991]
[0.99999976]
[1.]
[1.]
[0.9999998]
[0.9999602]
[0.9999997]
[0.9999076]
[0.9999898]
[0.9999999]
[0.9999995]
[1.]
[1.]
[1.]
[1.]
[0.99252075]
[1.]
[1.]
[0.9999999]
[0.9999989]
[0.99999833]
[0.99998844]
[0.99998736]
[0.9999619]
[0.99999523]
[1.]
[0.99897003]
[0.9999997]
[0.9999995]
[0.99999964]
[1.]
[0.99996686]
[0.9999999]
[0.99999905]
[0.99999994]
[0.99999845]
[0.99999285]
[0.99998474]
[0.9999751]
[1.]
[1.]
[0.9999943]
[0.9999994]
[0.99999714]
[0.99998295]
[1.]
[0.9999999]
[0.9974841]
[0.9999994]
[1.]
[0.99998873]
[1.]
[0.9999998]
[0.99999905]
[0.9999908]
[0.9999999]
[0.99999666]
[1.]
[0.9999995]
[0.9999999]
[1.]
[1.]
[1.]
[1.]
[1.]
[1.]
[0.99999917]
[1.]
[0.9999996]
[1.]
[1.]
[0.9999884]
[0.9358316]
[0.99999547]
[1.]
[0.99999607]
[0.99999964]
[1.]
[0.9999995]
[1.]
[1.]
[0.9999994]
[0.99999994]
[1.]
[0.9999882]
[0.9999976]
[0.9999962]
[1.]
[0.9999486]
[0.9999968]
[0.9999727]
[1.]
[0.9999995]
[0.9999912]
[0.99998116]
[0.9999933]
[0.99999857]
[1.]
[1.]
[0.99997663]
[0.999977]
[0.9999292]
[0.9999999]
[1.]
[0.9999994]
[1.]
[1.]
[0.99999654]
[0.99999976]
[0.9999988]
[0.9999908]
[0.99999976]
[0.9999907]
[0.9999825]
[0.9999951]
[0.9999907]
[1.]
[0.9999587]
[0.9999996]
[1.]
[0.9999999]
[1.]
[0.9990909]
[0.99997306]
[0.9999728]
[0.99936426]
[0.99999803]
[1.]
[1.]
[0.9999824]
[0.9999033]
[1.]
[1.]
[0.9999999]
[0.99997544]
[0.99995863]
[0.9999999]
[0.9999994]
[1.]
[1.]
[1.]
[0.9999995]
[0.99999976]
[1.]
[0.9983442]
[0.9999943]
[0.9999945]
[0.9912406]
[1.]
[0.9999947]
[0.99704266]
[0.99959373]
[0.9998883]
[1.]
[0.9999994]
[0.99991995]
[1.]
[0.9999862]
[1.]
[0.9999314]
[1.]
[0.9999994]
[0.9999657]
[0.9999795]
[1.]
[0.99999905]
[1.]
[0.9999367]
[0.9999233]
[0.99999607]
[1.]
[1.]
[0.99999976]
[0.99995375]
[0.99999976]
[0.99999714]
[0.99999964]
[0.9999966]
[1.]
[0.9999999]
[1.]
[0.9999997]
[1.]
[1.]
[0.9999722]
[0.9999998]
[0.9999997]
[0.9999998]
[0.9999918]
[0.9999907]
[0.9998981]
[1.]
[0.99999976]
[0.99999475]
[0.99993455]
[0.9999943]
[1.]
[0.9999992]
[0.99999976]
[1.]
[1.]
[1.]
[1.]
[0.9999998]
[0.9999999]
[0.9999968]
[0.9999956]
[1.]
[1.]
[0.9999999]
[0.99999857]
[1.]
[0.99999833]
[0.99999845]
[0.9999999]
[0.99999946]
[0.9999947]
[0.99987507]
[0.99999976]
[1.]
[1.]
[0.99996835]
[0.99726456]
[1.]
[0.99999976]
[0.9999987]
[0.99999976]
[0.9999998]
[0.999999]
[0.9999457]
[1.]
[0.9999987]
[1.]
[1.]
[1.]
[0.9999998]
[0.9999994]
[0.99999666]
[1.]
[1.]
[1.]
[1.]
[0.99999106]
[1.]
[1.]
[0.9999959]
[1.]
[1.]
[0.9999229]
[1.]
[1.]
[0.9999784]
[0.99992955]
[1.]
[1.]
[0.9999398]
[0.9999983]
[0.99986565]
[0.9999986]
[0.9999999]
[0.9999993]
[0.9999995]
[0.99999976]
[0.99999994]
[0.99999976]
[0.9999999]
[0.9999999]
[0.9999999]
[0.9999182]
[0.99999857]
[0.99999475]
[1.]
[0.999999]
[0.9999969]
[0.99972254]
[0.9999987]
[1.]
[0.999998]
[0.9999993]
[0.9999754]
[0.99999994]
[0.9941871]
[1.]
[0.9830822]
[0.99972326]
[0.99998635]
[0.9999944]
[0.99979097]
[1.]
[1.]
[1.]
[1.]
[1.]
[0.99999857]
[1.]
[0.99944866]
[0.99999845]
[0.99999857]
[1.]
[1.]
[0.9999976]
[0.9999994]
[0.99999964]
[0.9999858]
[0.99999964]
[1.]
[0.9999993]
[1.]
[1.]
[0.99998343]
[0.99999833]
[1.]
[0.99999785]
[0.9999988]
[0.9999993]
[1.]
[1.]
[0.99998784]
[0.9999983]
[0.999939]
[0.99989796]
[0.99994314]
[0.99999964]
[0.99999166]
[0.9999998]
[0.9999999]
[1.]
[0.9998933]
[0.9999995]
[0.99999547]
[1.]
[1.]
[1.]
[1.]
[0.9999999]
[0.9959087]
[0.9999787]
[0.99999577]
[0.9992901]
[1.]
[1.]
[0.99999934]
[0.99999726]
[0.99999017]
[1.]
[0.9999998]
[0.99997234]
[0.99998903]
[0.9999998]
[0.9999981]
[1.]
[0.9999999]
[1.]
[0.9999999]
[0.9999999]
[0.99996924]
[0.9999998]
[0.99986345]
[0.9999807]
[0.9999961]
[0.9999998]
[0.9999994]
[1.]
[1.]
[0.9999999]
[0.99999976]
[0.9999994]
[0.9998331]
[1.]
[0.99999833]
[0.99999726]
[0.9999988]
[0.9999992]
[0.9999999]
[0.9996462]
[1.]
[0.99999994]
[1.]
[0.99999976]
[0.99999535]
[0.99998045]
[0.9999961]
[0.99994016]
[1.]
[1.]
[0.9999605]
[0.9999994]
[1.]
[1.]
[0.9999836]
[0.999786]
[1.]
[0.9999999]
[0.99999976]
[0.9999782]
[1.]
[1.]
[0.99999994]
[0.99997425]
[0.9999992]
[0.9999987]
[0.9998578]
[0.99999446]
[1.]
[0.9999999]
[0.99999905]
[0.9999971]
[1.]
[1.]
[0.9999797]
[0.99999785]
[1.]
[0.9999999]
[0.9999996]
[0.99999917]
[1.]
[1.]
[0.9998878]
[0.99999905]
[0.99999976]
[0.9999999]
[0.9999993]
[0.999995]
[0.9999164]
[0.9999999]
[1.]
[0.99761176]
[0.9992589]
[0.999999]
[0.99999994]
[1.]
[1.]
[0.9999999]
[1.]
[0.9999927]
[0.9999975]
[1.]
[0.99999845]
[0.99993384]
[1.]
[0.9999957]
[0.9999974]
[0.9999995]
[0.9999981]
[0.9999974]
[0.9999922]
[1.]
[0.99947524]
[1.]
[0.9999999]
[1.]
[0.99999756]
[1.]
[0.99964434]
[0.99992406]
[0.9999888]
[1.]
[0.9969548]
[0.99325997]
[1.]
[1.]
[0.99994874]
[1.]
[0.9999983]
[0.9999951]
[0.9999978]
[0.9999849]
[0.9999974]
[0.99999917]
[0.9999979]
[1.]
[0.99999714]
[1.]
[0.9999994]
[0.99803424]
[0.9999974]
[0.9996197]
[0.9861031]
[0.99995303]
[1.]
[0.9997118]
[0.9999992]
[0.99627835]
[0.9999654]
[1.]
[0.99960196]
[0.9999925]
[1.]
[1.]
[0.99999845]
[0.99978024]
[0.9999999]
[1.]
[0.99998474]
[1.]
[1.]
[1.]
[1.]
[0.9999936]
[0.9999945]
[0.9999995]
[0.9999981]
[0.99999994]
[1.]
[0.9999932]
[1.]
[0.99999654]
[1.]
[0.99999905]
[0.99999964]
[0.99975806]
[0.99998057]
[0.9972986]
[0.9999998]
[1.]
[0.99988383]
[0.9999766]
[0.99999917]
[0.99997056]
[0.99004257]
[1.]
[0.9999871]
[0.9999995]
[0.9999999]
[1.]
[0.9999938]
[0.9999977]
[0.99999845]
[0.9999986]
[0.99998665]
[0.9999654]
[1.]
[0.9999999]
[0.99998915]
[0.9999784]
[1.]
[0.9888189]
[0.99999815]
[0.99956894]
[1.]
[1.]
[0.99999833]
[0.9999758]
[1.]
[0.9999994]
[1.]
[1.]
[0.9999999]
[0.99999976]
[0.99999833]
[0.99999994]
[0.9999325]
[0.9999369]
[0.9999999]
[1.]
[0.9999989]
[0.9999762]
[0.9999938]
[0.99999666]
[0.9995111]
[0.99999464]
[0.9999994]
[0.99976766]
[0.9998134]
[0.9666889]
[0.99999976]
[0.9999989]
[1.]
[0.9998585]
[0.9999994]
[0.9999994]
[0.9999995]
[0.999164]
[0.9994142]
[0.9999996]
[1.]
[0.9999999]
[1.]
[0.9999954]
[0.99999976]
[1.]
[0.9999964]
[0.9999577]
[1.]
[0.9999995]
[0.99999994]
[0.99999994]
[1.]
[0.9999612]
[0.9999764]
[0.9999986]
[0.9999817]
[0.9999993]
[0.9997453]
[0.99998575]
[0.9999982]
[0.9999995]
[0.9999997]
[0.99999964]
[0.9999982]
[0.99999964]
[0.9999998]
[0.9999999]
[1.]
[0.9999838]
[0.9999999]
[0.99999994]
[1.]
[0.9999995]
[1.]
[1.]
[0.99931526]
[0.99999917]
[1.]
[0.9999732]
[0.9998362]
[0.99999905]
[0.9999997]
[0.9999994]
[0.9990965]
[1.]
[0.9999229]
[0.9999995]
[1.]
[1.]
[0.9925295]
[0.9999928]
[0.99999994]
[0.99999285]
[0.9999999]
[0.99993277]
[0.9999996]
[0.9975852]
[0.9999943]
[1.]
[1.]
[0.9999976]
[0.9999999]
[0.9999887]
[1.]
[1.]
[0.9999999]
[1.]
[1.]
[0.99999994]
[0.999733]
[0.9999969]
[0.9999964]
[0.99999994]
[0.9999699]
[0.9999609]
[0.9999994]
[0.9999987]
[0.99998605]
[0.9981202]
[0.99999845]
[0.9999999]
[0.9999997]
[0.9999881]
[1.]
[0.99999917]
[1.]
[0.99998546]
[0.9999995]
[0.99999774]
[0.9962374]
[0.9999995]
[0.99998903]
[0.9938537]
[1.]
[1.]
[0.99999946]
[0.9999791]
[0.99999976]
[0.9999944]
[0.99998224]
[1.]
[0.99999964]
[1.]
[1.]
[0.9999916]
[1.]
[1.]
[1.]
[0.9999918]
[0.9999997]
[1.]
[1.]
[1.]
[1.]
[1.]
[1.]
[0.9999999]
[1.]
[0.9999999]
[1.]
[1.]
[1.]
[1.]
[1.]
[0.99999964]
[1.]
[1.]
[1.]
[0.9999999]
[0.9999999]
[1.]
[1.]
[1.]
[1.]
[1.]
[1.]
[1.]
[1.]
[1.]
[1.]
[1.]
[1.]
[0.999965]
[1.]
[1.]
[1.]
[1.]
[1.]
[1.]
[0.9999999]
[0.9999999]
[1.]
[0.9999999]
[1.]
[1.]
[1.]
[1.]
[1.]
[0.99999785]
[1.]
[1.]
[1.]
[0.9999968]
[1.]
[0.9999999]
[1.]
[0.9999916]
[1.]
[1.]
[1.]
[1.]
[1.]
[0.9999992]
[1.]
[1.]
[1.]
[1.]
[1.]
[1.]
[0.9999992]
[1.]
[1.]
[1.]
[1.]
[1.]
[1.]
[0.99999994]
[1.]
[1.]
[0.99999225]
[0.9999993]
[1.]
[1.]
[0.99999994]
[1.]
[0.9999957]
[1.]
[0.99999964]
[1.]
[1.]
[1.]
[1.]
[1.]
[0.99999934]
[1.]
[0.99999964]
[1.]
[1.]
[0.99999994]
[1.]
[0.9999999]
[0.9999999]
[0.99999976]
[1.]
[1.]
[0.99999833]
[1.]
[1.]
[0.9999984]
[0.9999999]
[1.]
[1.]
[1.]
[1.]
[0.9999999]
[1.]
[1.]
[1.]
[1.]
[0.9999999]
[1.]
[1.]
[0.9999976]
[1.]
[0.99999994]
[0.9999993]
[0.9999968]
[1.]
[1.]
[1.]
[1.]
[1.]
[1.]
[0.9999811]
[1.]
[1.]
[1.]
[1.]
[1.]
[1.]
[1.]
[1.]
