Model: SO_GAAL
Dataset 18: thyroid.mat
Time taken: 110.41255784034729 seg.
Accuracy: 0.0
@scores
[0.6150543]
[0.7776532]
[0.74554837]
[0.74386275]
[0.8285577]
[0.63756466]
[0.52826065]
[0.8079961]
[0.7008641]
[0.58361983]
[0.68910325]
[0.84184957]
[0.7778076]
[0.8151988]
[0.7825044]
[0.8177373]
[0.83509517]
[0.7377455]
[0.62940335]
[0.5597469]
[0.6380575]
[0.7571639]
[0.75891775]
[0.7545123]
[0.76164186]
[0.5856316]
[0.60767514]
[0.5297627]
[0.8343681]
[0.7962836]
[0.8419223]
[0.6566153]
[0.84837687]
[0.8390923]
[0.83983207]
[0.8280708]
[0.6693803]
[0.8136442]
[0.04322851]
[0.1537655]
[0.84156644]
[0.52135086]
[0.47139648]
[0.63815343]
[0.82478106]
[0.5246296]
[0.8150088]
[0.6442426]
[0.7904651]
[0.7681406]
[0.8158678]
[0.80420285]
[0.7967062]
[0.7809593]
[0.81327796]
[0.7582687]
[0.811139]
[0.8466537]
[0.5799543]
[0.56638855]
[0.84833884]
[0.7225019]
[0.72094905]
[0.7210516]
[0.43426144]
[0.6384567]
[0.6052176]
[0.6642796]
[0.6346179]
[0.84303975]
[0.75265366]
[0.6677259]
[0.71312153]
[0.8403163]
[0.58499974]
[0.653793]
[0.7443415]
[0.73839784]
[0.8206335]
[0.77760863]
[0.7852109]
[0.8103544]
[0.47495246]
[0.70757073]
[0.7653524]
[0.8363081]
[0.7865217]
[0.8383527]
[0.8231839]
[0.8426701]
[0.70356864]
[0.8419649]
[0.41292423]
[0.7669233]
[0.8368833]
[0.81875694]
[0.83630496]
[0.8115717]
[0.8099964]
[0.7139892]
[0.66436166]
[0.79553497]
[0.70761067]
[0.8344838]
[0.84208465]
[0.51976544]
[0.5909422]
[0.62254936]
[0.65794855]
[0.654386]
[0.8241614]
[0.68438023]
[0.8161732]
[0.8278992]
[0.80925596]
[0.5874183]
[0.67880017]
[0.67061704]
[0.66907597]
[0.84786403]
[0.84360826]
[0.47670513]
[0.7229047]
[0.8354486]
[0.7024083]
[0.6991734]
[0.75636095]
[0.74803025]
[0.62784624]
[0.7335981]
[0.8101045]
[0.81171983]
[0.8050082]
[0.755641]
[0.79971266]
[0.4954312]
[0.83356214]
[0.8267902]
[0.8321458]
[0.6684642]
[0.4674449]
[0.7406169]
[0.7232635]
[0.7262562]
[0.71304935]
[0.5867027]
[0.5222156]
[0.68293047]
[0.82489306]
[0.81426346]
[0.6663564]
[0.7323111]
[0.7582524]
[0.8335002]
[0.6089481]
[0.67844844]
[0.7322322]
[0.8256205]
[0.6763992]
[0.70178115]
[0.8258573]
[0.7200791]
[0.7947817]
[0.71348804]
[0.75023794]
[0.69428825]
[0.6624259]
[0.78227043]
[0.83348334]
[0.84084105]
[0.62080574]
[0.7276571]
[0.7640622]
[0.8366797]
[0.81631243]
[0.81764805]
[0.81177187]
[0.8196883]
[0.6076704]
[0.7371359]
[0.7385677]
[0.6827019]
[0.8445935]
[0.75326246]
[0.69967777]
[0.7695097]
[0.76815367]
[0.7796366]
[0.7477689]
[0.72307116]
[0.82456326]
[0.8435242]
[0.73905146]
[0.82827127]
[0.60121083]
[0.8024912]
[0.65330315]
[0.6860361]
[0.62125343]
[0.69285166]
[0.6861074]
[0.8118565]
[0.6001112]
[0.8084177]
[0.64755505]
[0.6437882]
[0.5596447]
[0.8380575]
[0.66123986]
[0.6879277]
[0.8389667]
[0.7912915]
[0.8167212]
[0.8439823]
[0.8445853]
[0.8257867]
[0.73279893]
[0.60863036]
[0.69953203]
[0.658857]
[0.7349629]
[0.764179]
[0.74600804]
[0.83949137]
[0.8382487]
[0.83801174]
[0.79841113]
[0.8058681]
[0.64803064]
[0.44640982]
[0.59633744]
[0.6728271]
[0.8177899]
[0.6047329]
[0.6187921]
[0.7772521]
[0.58121395]
[0.80156565]
[0.79688543]
[0.6992667]
[0.6432953]
[0.6286127]
[0.63700074]
[0.7606549]
[0.8165284]
[0.8212304]
[0.84416044]
[0.6743224]
[0.8090367]
[0.6302155]
[0.6864431]
[0.7624944]
[0.7399243]
[0.6986235]
[0.7321614]
[0.60596794]
[0.8146324]
[0.7817042]
[0.69464505]
[0.67997694]
[0.79776955]
[0.82862604]
[0.8439537]
[0.83700705]
[0.6591439]
[0.7672515]
[0.7962836]
[0.8382487]
[0.7804465]
[0.80029255]
[0.8174881]
[0.80401236]
[0.82624173]
[0.8041784]
[0.74357015]
[0.5224795]
[0.83285636]
[0.6629112]
[0.58016664]
[0.8025285]
[0.83571434]
[0.579546]
[0.8398942]
[0.76711583]
[0.6067046]
[0.6911732]
[0.8064399]
[0.77579236]
[0.826304]
[0.55872023]
[0.77535]
[0.83685076]
[0.8468889]
[0.72856945]
[0.8039831]
[0.6991023]
[0.75962865]
[0.7828491]
[0.7195653]
[0.8215667]
[0.8404099]
[0.78925806]
[0.81190765]
[0.84079117]
[0.61839485]
[0.75041413]
[0.8140157]
[0.82910764]
[0.83873284]
[0.8394182]
[0.55850667]
[0.49625614]
[0.7437419]
[0.804323]
[0.7221118]
[0.8376739]
[0.6684891]
[0.80207855]
[0.6856935]
[0.8191074]
[0.8069967]
[0.7209697]
[0.8422966]
[0.8404099]
[0.8144315]
[0.8076042]
[0.78620565]
[0.54333216]
[0.8490381]
[0.77083445]
[0.84208614]
[0.6484051]
[0.8239132]
[0.75854]
[0.8422533]
[0.8312174]
[0.8426701]
[0.746613]
[0.8213141]
[0.83103704]
[0.62486106]
[0.78294295]
[0.81232095]
[0.82578266]
[0.74388]
[0.7265292]
[0.82833946]
[0.7524862]
[0.79332423]
[0.59542996]
[0.8420656]
[0.63678724]
[0.69753474]
[0.65931916]
[0.80079925]
[0.7153699]
[0.6612226]
[0.7842131]
[0.5829284]
[0.8350502]
[0.71065235]
[0.72614473]
[0.76047707]
[0.7970809]
[0.60659546]
[0.5699078]
[0.61577487]
[0.8291061]
[0.5964864]
[0.808745]
[0.51470447]
[0.7182029]
[0.71908224]
[0.80745256]
[0.6985161]
[0.6502545]
[0.669375]
[0.84471595]
[0.4622842]
[0.8208873]
[0.8351681]
[0.8028419]
[0.7692678]
[0.8350861]
[0.82708675]
[0.6804841]
[0.838027]
[0.6883956]
[0.8404099]
[0.5816708]
[0.75638187]
[0.56278634]
[0.77338755]
[0.8378241]
[0.5029182]
[0.49763846]
[0.53585184]
[0.80746734]
[0.6445835]
[0.5467757]
[0.8375392]
[0.7488595]
[0.83901155]
[0.716967]
[0.4978057]
[0.7900129]
[0.7351626]
[0.7570425]
[0.834359]
[0.7160686]
[0.8313631]
[0.68737316]
[0.8360385]
[0.8328669]
[0.70200944]
[0.7139622]
[0.78418374]
[0.6796466]
[0.67675734]
[0.8404099]
[0.7600063]
[0.6492132]
[0.6329748]
[0.6550964]
[0.74891204]
[0.7737297]
[0.6435988]
[0.79629207]
[0.74295366]
[0.6297115]
[0.68188953]
[0.7786678]
[0.6688021]
[0.64401114]
[0.83433497]
[0.8174481]
[0.7723877]
[0.7091398]
[0.57109827]
[0.7962836]
[0.8351681]
[0.70172244]
[0.6636318]
[0.41500956]
[0.47734445]
[0.6690091]
[0.6939285]
[0.6939285]
[0.7962836]
[0.82514566]
[0.665691]
[0.65483034]
[0.8013805]
[0.8256085]
[0.79549664]
[0.7780199]
[0.77656454]
[0.78056383]
[0.76073813]
[0.7179595]
[0.837826]
[0.7437164]
[0.72272825]
[0.65150094]
[0.7252538]
[0.7985003]
[0.8236227]
[0.80164075]
[0.8435316]
[0.8414023]
[0.806401]
[0.79229546]
[0.8000156]
[0.6581021]
[0.74822634]
[0.45611906]
[0.69823176]
[0.79069275]
[0.8462746]
[0.84216666]
[0.83594257]
[0.8367142]
[0.8426701]
[0.8426701]
[0.8084957]
[0.84098405]
[0.8449739]
[0.7805094]
[0.8351681]
[0.7818433]
[0.77859735]
[0.7561708]
[0.70669705]
[0.66287696]
[0.62559086]
[0.822078]
[0.81919193]
[0.5835066]
[0.6416807]
[0.786724]
[0.8073241]
[0.79687965]
[0.8241186]
[0.7951392]
[0.7485491]
[0.8302411]
[0.8443254]
[0.8181312]
[0.5552129]
[0.7782078]
[0.7884202]
[0.6738365]
[0.83453965]
[0.83229834]
[0.82143426]
[0.6227213]
[0.64936936]
[0.47949278]
[0.81397504]
[0.62280047]
[0.65104485]
[0.7619513]
[0.83708763]
[0.6029386]
[0.6105254]
[0.602229]
[0.84210795]
[0.7333374]
[0.62357086]
[0.77602077]
[0.7370317]
[0.72822976]
[0.7680639]
[0.7953023]
[0.80967414]
[0.8006649]
[0.8447043]
[0.8213737]
[0.71596986]
[0.7378037]
[0.7769069]
[0.71567875]
[0.83655465]
[0.762161]
[0.504446]
[0.81358385]
[0.6939285]
[0.811015]
[0.80029255]
[0.7962836]
[0.83637106]
[0.838462]
[0.84313303]
[0.8405049]
[0.7868298]
[0.583755]
[0.76088786]
[0.81830907]
[0.7393731]
[0.79455674]
[0.8374829]
[0.844735]
[0.65537304]
[0.77644366]
[0.76115215]
[0.7597414]
[0.8305422]
[0.67325294]
[0.5123307]
[0.48441562]
[0.4907808]
[0.83331466]
[0.83594257]
[0.8367142]
[0.7426036]
[0.8380959]
[0.74135196]
[0.75023794]
[0.8380959]
[0.8285012]
[0.80306244]
[0.5939276]
[0.53103137]
[0.652846]
[0.67988175]
[0.5603982]
[0.4308564]
[0.6452449]
[0.73344404]
[0.81020904]
[0.78113663]
[0.79066586]
[0.8009294]
[0.8271438]
[0.75607204]
[0.71791327]
[0.8361541]
[0.8111691]
[0.76772547]
[0.8284383]
[0.7278703]
[0.82853186]
[0.8440021]
[0.7382801]
[0.75969076]
[0.7394135]
[0.8433261]
[0.8343967]
[0.7976254]
[0.7273741]
[0.6107547]
[0.84154725]
[0.84154725]
[0.8009385]
[0.7755679]
[0.8283683]
[0.61508316]
[0.84035426]
[0.81319267]
[0.67183316]
[0.5984383]
[0.75863916]
[0.8185306]
[0.78613394]
[0.6159816]
[0.7104981]
[0.7873921]
[0.8099551]
[0.8330238]
[0.47442982]
[0.8315619]
[0.42115512]
[0.82037145]
[0.5342477]
[0.8460586]
[0.782271]
[0.67708474]
[0.6770823]
[0.7118731]
[0.6184281]
[0.6322031]
[0.8071044]
[0.67136407]
[0.6698841]
[0.70504683]
[0.7115806]
[0.8295511]
[0.70904785]
[0.8444551]
[0.7778966]
[0.7091158]
[0.74587554]
[0.73523235]
[0.72349864]
[0.77654135]
[0.82982]
[0.758897]
[0.8422533]
[0.8408772]
[0.8408772]
[0.7672303]
[0.7229736]
[0.6702258]
[0.8046912]
[0.8036162]
[0.7804465]
[0.83812964]
[0.7952062]
[0.7019064]
[0.72921395]
[0.77526003]
[0.8437974]
[0.7976805]
[0.77100855]
[0.40781283]
[0.46534607]
[0.7857894]
[0.83733463]
[0.8283589]
[0.7818103]
[0.8302232]
[0.78794515]
[0.8378331]
[0.7940011]
[0.74760985]
[0.63041294]
[0.3657143]
[0.803009]
[0.84777224]
[0.8445652]
[0.8066014]
[0.8400769]
[0.70946753]
[0.7842879]
[0.8331412]
[0.5961164]
[0.7371638]
[0.76347077]
[0.6733873]
[0.6683067]
[0.67722666]
[0.7283883]
[0.66426307]
[0.78456765]
[0.21931702]
[0.8112816]
[0.82753086]
[0.8234338]
[0.7779236]
[0.8257272]
[0.6471812]
[0.53972435]
[0.79253376]
[0.7915638]
[0.8348761]
[0.8376298]
[0.8430429]
[0.8397715]
[0.76833504]
[0.8388044]
[0.83702767]
[0.30886197]
[0.5982529]
[0.7722391]
[0.839537]
[0.8308209]
[0.66560537]
[0.79174876]
[0.7977289]
[0.8229114]
[0.75396407]
[0.81116956]
[0.69822466]
[0.7698517]
[0.64116]
[0.7541475]
[0.66660255]
[0.7974606]
[0.7436795]
[0.8342742]
[0.77469325]
[0.54712695]
[0.12158987]
[0.83610094]
[0.8078308]
[0.8270514]
[0.79270023]
[0.76041245]
[0.8221421]
[0.6029796]
[0.8452058]
[0.45819002]
[0.50153124]
[0.8467753]
[0.553064]
[0.610893]
[0.8176862]
[0.37661588]
[0.75378096]
[0.6565441]
[0.82972646]
[0.8175856]
[0.7668744]
[0.6062345]
[0.7139219]
[0.6239967]
[0.8269268]
[0.7865]
[0.82724416]
[0.7383125]
[0.7449858]
[0.73539186]
[0.7315997]
[0.75413084]
[0.65381557]
[0.7172531]
[0.77506286]
[0.8069906]
[0.83305556]
[0.8429377]
[0.80774665]
[0.7389311]
[0.7901965]
[0.83945453]
[0.8004074]
[0.5675805]
[0.6635187]
[0.750967]
[0.7236235]
[0.80755055]
[0.7915638]
[0.7804465]
[0.82153094]
[0.83746094]
[0.61644113]
[0.77710366]
[0.52089554]
[0.7810761]
[0.7786888]
[0.6820275]
[0.48799965]
[0.6731659]
[0.6986798]
[0.79456025]
[0.72388166]
[0.84438694]
[0.7689159]
[0.8267325]
[0.5167977]
[0.7678826]
[0.80599415]
[0.584948]
[0.78017217]
[0.78308684]
[0.58521956]
[0.68550545]
[0.8397715]
[0.7038109]
[0.6885994]
[0.66616184]
[0.5799979]
[0.72730887]
[0.688223]
[0.8174881]
[0.836895]
[0.40821525]
[0.83919775]
[0.7928131]
[0.7084627]
[0.84069705]
[0.8005352]
[0.68566483]
[0.8319391]
[0.82644165]
[0.7897479]
[0.8253973]
[0.8380959]
[0.8408772]
[0.55768543]
[0.840086]
[0.5835694]
[0.7264854]
[0.58817756]
[0.7705438]
[0.8075175]
[0.66642714]
[0.77626836]
[0.8221172]
[0.71283835]
[0.7744954]
[0.5866186]
[0.8391012]
[0.83918387]
[0.835606]
[0.77314454]
[0.70495725]
[0.4960002]
[0.83521235]
[0.65390885]
[0.66596437]
[0.5385571]
[0.8208281]
[0.50340384]
[0.6184645]
[0.6843846]
[0.797637]
[0.7855223]
[0.60340273]
[0.81277895]
[0.62843966]
[0.83900994]
[0.7212698]
[0.6094491]
[0.81981766]
[0.62687427]
[0.7371378]
[0.741668]
[0.8030679]
[0.84453094]
[0.7480329]
[0.83627903]
[0.82196224]
[0.7579837]
[0.8170924]
[0.79604566]
[0.7833321]
[0.8299421]
[0.6914775]
[0.51842743]
[0.6466945]
[0.83436]
[0.47520941]
[0.5808345]
[0.61713547]
[0.79328614]
[0.8327594]
[0.83638704]
[0.8373934]
[0.82887644]
[0.80889267]
[0.7222995]
[0.8301947]
[0.8409236]
[0.8194754]
[0.779003]
[0.5428703]
[0.518139]
[0.80525863]
[0.5714907]
[0.59627306]
[0.5444314]
[0.49401683]
[0.8279791]
[0.75023794]
[0.70126295]
[0.8271518]
[0.8005744]
[0.6983915]
[0.83918524]
[0.6695066]
[0.7374733]
[0.6087578]
[0.690266]
[0.6859942]
[0.83848083]
[0.78664285]
[0.8179467]
[0.73773503]
[0.83194894]
[0.5342489]
[0.6801492]
[0.7725599]
[0.64046574]
[0.77202666]
[0.6760386]
[0.5477257]
[0.8151916]
[0.83903164]
[0.7673471]
[0.6734889]
[0.7778712]
[0.68728137]
[0.844303]
[0.8349581]
[0.8426701]
[0.83999753]
[0.49749446]
[0.79673064]
[0.7915638]
[0.7236266]
[0.67703485]
[0.6665025]
[0.69480515]
[0.3809636]
[0.7686908]
[0.78563917]
[0.61019105]
[0.6171952]
[0.6851913]
[0.7712783]
[0.6186243]
[0.7809147]
[0.7700709]
[0.6785972]
[0.29984662]
[0.7484962]
[0.7742444]
[0.588555]
[0.63337994]
[0.774617]
[0.54382974]
[0.8393084]
[0.83065486]
[0.7275897]
[0.51869804]
[0.644238]
[0.6376822]
[0.8116411]
[0.8058862]
[0.7807827]
[0.7764069]
[0.81839204]
[0.818472]
[0.7561654]
[0.7962836]
[0.805333]
[0.8057846]
[0.51561546]
[0.84050894]
[0.81004477]
[0.81517935]
[0.8347714]
[0.5906068]
[0.62906885]
[0.8409095]
[0.64158255]
[0.7174771]
[0.73817086]
[0.7628999]
[0.6853867]
[0.7729399]
[0.80677235]
[0.8328413]
[0.6787368]
[0.7203375]
[0.8429377]
[0.83183134]
[0.787475]
[0.65077364]
[0.72335887]
[0.8475]
[0.754457]
[0.76807064]
[0.8166928]
[0.8020021]
[0.78055346]
[0.62918764]
[0.64081854]
[0.38896698]
[0.8391248]
[0.7444221]
[0.6882405]
[0.77275234]
[0.7741176]
[0.83286965]
[0.8364819]
[0.52694863]
[0.8369725]
[0.8065225]
[0.6420186]
[0.7107433]
[0.84101325]
[0.76941305]
[0.8024127]
[0.5943097]
[0.7691976]
[0.6562239]
[0.75315666]
[0.7016094]
[0.71711314]
[0.49238497]
[0.84046876]
[0.61011255]
[0.82764363]
[0.8352026]
[0.8218242]
[0.73735404]
[0.80527234]
[0.84252954]
[0.812618]
[0.78353643]
[0.8387505]
[0.83643997]
[0.83693767]
[0.6587399]
[0.7550411]
[0.7793659]
[0.75773954]
[0.74904877]
[0.8026679]
[0.80755055]
[0.83292377]
[0.69422996]
[0.66280097]
[0.63381493]
[0.7394435]
[0.8425305]
[0.57328594]
[0.73710847]
[0.5690508]
[0.7040316]
[0.6066734]
[0.73492545]
[0.7919506]
[0.7707726]
[0.72754073]
[0.6655381]
[0.82325834]
[0.8099108]
[0.82538116]
[0.7506141]
[0.508929]
[0.63341475]
[0.75269663]
[0.6000969]
[0.72323704]
[0.69554263]
[0.78613394]
[0.82731897]
[0.7035094]
[0.7454438]
[0.8136025]
[0.8308152]
[0.7889928]
[0.8435999]
[0.7948686]
[0.82593036]
[0.56132615]
[0.5043142]
[0.7617372]
[0.7712531]
[0.842232]
[0.8420485]
[0.53640896]
[0.6765617]
[0.7659621]
[0.63980377]
[0.81779635]
[0.7064753]
[0.8154702]
[0.7024137]
[0.61626047]
[0.3965305]
[0.6120672]
[0.5609641]
[0.77788264]
[0.57502645]
[0.79848564]
[0.6401853]
[0.811015]
[0.8401855]
[0.83594257]
[0.61285925]
[0.6742747]
[0.6509731]
[0.684524]
[0.79632854]
[0.41092455]
[0.8216442]
[0.8391917]
[0.72515917]
[0.83331466]
[0.8380959]
[0.84259033]
[0.66874695]
[0.51067746]
[0.7483065]
[0.67212415]
[0.6653212]
[0.8361814]
[0.83331466]
[0.68764114]
[0.37153935]
[0.82898414]
[0.8369393]
[0.5920603]
[0.57424563]
[0.5833773]
[0.6932011]
[0.6139001]
[0.8217073]
[0.6796881]
[0.685822]
[0.67054474]
[0.7052265]
[0.66061115]
[0.6446811]
[0.6198344]
[0.8316369]
[0.7504896]
[0.66997385]
[0.7318046]
[0.8353046]
[0.66218185]
[0.82987976]
[0.7542288]
[0.8140236]
[0.5523362]
[0.8277836]
[0.84080863]
[0.72406214]
[0.72166294]
[0.8195621]
[0.7260174]
[0.83257246]
[0.78556216]
[0.6420422]
[0.8039681]
[0.7006096]
[0.57060474]
[0.80713594]
[0.6321062]
[0.81424266]
[0.8450084]
[0.8108978]
[0.65730405]
[0.7580473]
[0.672782]
[0.7905146]
[0.7504767]
[0.65994513]
[0.8174881]
[0.83949137]
[0.83331466]
[0.7962836]
[0.8422993]
[0.8396275]
[0.7339367]
[0.7433356]
[0.8215133]
[0.60469055]
[0.7068221]
[0.6845658]
[0.49334377]
[0.78462756]
[0.78861594]
[0.7932861]
[0.59047824]
[0.82778203]
[0.7663213]
[0.84166396]
[0.7992947]
[0.29352176]
[0.7891263]
[0.61222315]
[0.6136896]
[0.7263227]
[0.6985306]
[0.7198218]
[0.8325063]
[0.4668339]
[0.7408492]
[0.75891775]
[0.75891775]
[0.6391124]
[0.71819466]
[0.7468847]
[0.42072073]
[0.83532584]
[0.8330796]
[0.7877577]
[0.62938297]
[0.7687732]
[0.61091816]
[0.4007304]
[0.8108727]
[0.73671615]
[0.69563663]
[0.6349046]
[0.83055174]
[0.8053633]
[0.73619896]
[0.69754803]
[0.59005415]
[0.6919004]
[0.8237326]
[0.7388364]
[0.6545341]
[0.8459358]
[0.80764705]
[0.7770041]
[0.7599509]
[0.84600836]
[0.83729696]
[0.79598534]
[0.82611656]
[0.7964971]
[0.61695874]
[0.4050863]
[0.71511984]
[0.64923835]
[0.80146056]
[0.7683486]
[0.6831161]
[0.59648895]
[0.83103395]
[0.50608224]
[0.70456654]
[0.41998005]
[0.6770071]
[0.6465418]
[0.8406478]
[0.49906847]
[0.59671396]
[0.8214855]
[0.51796114]
[0.8439305]
[0.79885507]
[0.8473302]
[0.74357015]
[0.8418565]
[0.4638487]
[0.6593394]
[0.82034624]
[0.71665716]
[0.55345386]
[0.8375448]
[0.529583]
[0.82013464]
[0.7109798]
[0.71416616]
[0.6149479]
[0.83815646]
[0.6937835]
[0.840263]
[0.8023169]
[0.8389588]
[0.7365371]
[0.8473785]
[0.772705]
[0.72538406]
[0.8024586]
[0.60270846]
[0.62894833]
[0.7970084]
[0.8278443]
[0.8438736]
[0.83608437]
[0.8096732]
[0.6286704]
[0.8120179]
[0.8009143]
[0.74804735]
[0.71141267]
[0.75734335]
[0.65055144]
[0.47709188]
[0.6419811]
[0.8343128]
[0.7635263]
[0.72358465]
[0.7903945]
[0.8174993]
[0.8322766]
[0.81500715]
[0.8332455]
[0.8141247]
[0.77459365]
[0.71136147]
[0.8349527]
[0.83996844]
[0.75037205]
[0.6582419]
[0.79659474]
[0.79881907]
[0.76009166]
[0.16366339]
[0.7977395]
[0.7926159]
[0.6796215]
[0.7659033]
[0.7352799]
[0.80308145]
[0.71283954]
[0.71835476]
[0.82836926]
[0.6598397]
[0.57827014]
[0.6339571]
[0.39421666]
[0.81860495]
[0.8403933]
[0.7874212]
[0.8091471]
[0.72626823]
[0.6315576]
[0.6535679]
[0.5946143]
[0.61908126]
[0.79464144]
[0.8138938]
[0.66881895]
[0.71247566]
[0.84098995]
[0.8170794]
[0.6696035]
[0.77437544]
[0.55450577]
[0.81804353]
[0.77575624]
[0.7268173]
[0.5997173]
[0.68894905]
[0.7862849]
[0.68887556]
[0.8136831]
[0.72698736]
[0.735257]
[0.52548385]
[0.7105068]
[0.5083194]
[0.7195055]
[0.64331645]
[0.5727443]
[0.7039602]
[0.8107543]
[0.7351095]
[0.60333335]
[0.6433641]
[0.77842504]
[0.8428046]
[0.65993536]
[0.81495976]
[0.611086]
[0.83598053]
[0.76039964]
[0.83165425]
[0.7731385]
[0.84512883]
[0.62613595]
[0.6607228]
[0.83778274]
[0.6417937]
[0.752311]
[0.7186377]
[0.7088222]
[0.55291617]
[0.75948846]
[0.71957517]
[0.54966533]
[0.8285576]
[0.7379538]
[0.69673645]
[0.7669531]
[0.7390052]
[0.6403067]
[0.56052995]
[0.63526833]
[0.75185865]
[0.716537]
[0.62838477]
[0.71214634]
[0.84412336]
[0.8317441]
[0.83920217]
[0.80055964]
[0.8109087]
[0.648665]
[0.7645118]
[0.7045009]
[0.72446716]
[0.76777196]
[0.83747256]
[0.83723044]
[0.5974443]
[0.7562666]
[0.67501503]
[0.8467267]
[0.7823595]
[0.75271624]
[0.76613474]
[0.7142998]
[0.68259364]
[0.8119115]
[0.6088243]
[0.6428255]
[0.6107619]
[0.8359515]
[0.8367142]
[0.6897552]
[0.5757189]
[0.7156297]
[0.69741684]
[0.78942466]
[0.67612904]
[0.5581023]
[0.7983945]
[0.7275998]
[0.695279]
[0.83865094]
[0.63106257]
[0.5560599]
[0.59767705]
[0.5382117]
[0.6679755]
[0.484927]
[0.71690327]
[0.74495214]
[0.82283384]
[0.69536006]
[0.8373289]
[0.77061427]
[0.6535524]
[0.8051166]
[0.8433033]
[0.74916065]
[0.63672364]
[0.69296855]
[0.8370781]
[0.74274063]
[0.7798964]
[0.65170234]
[0.7380721]
[0.7901387]
[0.80107844]
[0.84186965]
[0.79855824]
[0.78114724]
[0.84292614]
[0.7060825]
[0.7898925]
[0.7659912]
[0.83881587]
[0.6734889]
[0.8363637]
[0.8017458]
[0.76220655]
[0.83288956]
[0.8351248]
[0.724618]
[0.25484267]
[0.7821542]
[0.7084439]
[0.8035058]
[0.77629006]
[0.7699332]
[0.6674224]
[0.8411298]
[0.8326336]
[0.77841556]
[0.7662035]
[0.64840865]
[0.8269012]
[0.76855785]
[0.80775154]
[0.7101081]
[0.6857768]
[0.754627]
[0.50896406]
[0.75169885]
[0.74633306]
[0.80455184]
[0.67063034]
[0.5327961]
[0.00938323]
[0.79542756]
[0.7977543]
[0.8418051]
[0.4863733]
[0.72084045]
[0.79999495]
[0.66916597]
[0.68766105]
[0.7476523]
[0.64558333]
[0.74616426]
[0.83880407]
[0.83860004]
[0.5930475]
[0.67470515]
[0.7507006]
[0.77355313]
[0.7773558]
[0.81916916]
[0.8306298]
[0.55192256]
[0.77811456]
[0.42324454]
[0.834447]
[0.8318683]
[0.7350786]
[0.7468613]
[0.7417482]
[0.49979898]
[0.56477094]
[0.55785334]
[0.79715776]
[0.33928907]
[0.8190353]
[0.72185016]
[0.7637961]
[0.5467881]
[0.8188902]
[0.78494155]
[0.83703446]
[0.811779]
[0.6100233]
[0.83394504]
[0.77920353]
[0.797765]
[0.8022599]
[0.63335913]
[0.83923066]
[0.8359523]
[0.7411327]
[0.76616603]
[0.5819675]
[0.6889098]
[0.83331466]
[0.74660647]
[0.774205]
[0.79696983]
[0.79731035]
[0.80011106]
[0.6178396]
[0.63811064]
[0.83450496]
[0.83053946]
[0.84133744]
[0.8162398]
[0.819677]
[0.6684619]
[0.44834295]
[0.7523291]
[0.6483218]
[0.667647]
[0.8065243]
[0.82564116]
[0.8356898]
[0.8431879]
[0.7948209]
[0.65072334]
[0.805658]
[0.84693164]
[0.83912754]
[0.841501]
[0.7602004]
[0.69275564]
[0.7798884]
[0.7809214]
[0.84736204]
[0.8455417]
[0.8157135]
[0.63789064]
[0.8338996]
[0.77437544]
[0.77474606]
[0.80800104]
[0.7973731]
[0.48653394]
[0.13608682]
[0.8430443]
[0.812164]
[0.6922374]
[0.5324041]
[0.70823026]
[0.71058464]
[0.84103835]
[0.71352315]
[0.81832385]
[0.6582292]
[0.8137809]
[0.81872046]
[0.72671413]
[0.7622059]
[0.84130913]
[0.8397715]
[0.7141608]
[0.7605758]
[0.67847526]
[0.74711645]
[0.8456939]
[0.67765605]
[0.82893]
[0.79880553]
[0.8187263]
[0.75137985]
[0.7983254]
[0.83768654]
[0.78961694]
[0.7453341]
[0.83106446]
[0.7641926]
[0.6199314]
[0.6449802]
[0.7009018]
[0.80196905]
[0.7494885]
[0.74560046]
[0.7759417]
[0.67909795]
[0.6423432]
[0.6483]
[0.775129]
[0.83943784]
[0.81119466]
[0.81352353]
[0.80256766]
[0.5277636]
[0.8397908]
[0.8405049]
[0.78007686]
[0.7028137]
[0.728933]
[0.70511866]
[0.58854944]
[0.5183587]
[0.5485484]
[0.8251188]
[0.8392768]
[0.7563958]
[0.82413316]
[0.66080207]
[0.7240349]
[0.841537]
[0.7052253]
[0.80010617]
[0.7363657]
[0.6482177]
[0.8413598]
[0.79875267]
[0.79700214]
[0.74492466]
[0.83215773]
[0.70937914]
[0.7579686]
[0.7424968]
[0.77617174]
[0.6910899]
[0.51060444]
[0.752728]
[0.6424477]
[0.77604145]
[0.83896327]
[0.70555854]
[0.5351091]
[0.7276088]
[0.7347982]
[0.8124716]
[0.6152299]
[0.83956456]
[0.78761315]
[0.8144315]
[0.81171644]
[0.84575045]
[0.6246652]
[0.6166939]
[0.7748063]
[0.80304694]
[0.80700994]
[0.8296248]
[0.7200783]
[0.58999544]
[0.5915107]
[0.6792372]
[0.7324473]
[0.64150226]
[0.709978]
[0.8262769]
[0.74750984]
[0.61127305]
[0.83402526]
[0.717299]
[0.64011174]
[0.83331466]
[0.83331466]
[0.6299475]
[0.66462386]
[0.8024466]
[0.677456]
[0.758229]
[0.5889775]
[0.82781076]
[0.59464765]
[0.5850351]
[0.8349175]
[0.27463454]
[0.80482113]
[0.55260354]
[0.6263006]
[0.8301851]
[0.6449468]
[0.5994339]
[0.8166764]
[0.82352686]
[0.8352506]
[0.8316316]
[0.84117156]
[0.5591696]
[0.60919464]
[0.840145]
[0.7473841]
[0.8147101]
[0.72202826]
[0.64770937]
[0.8359881]
[0.79562634]
[0.8297658]
[0.8288442]
[0.83905476]
[0.8132293]
[0.80564165]
[0.63524145]
[0.84330773]
[0.59672654]
[0.79546314]
[0.8353063]
[0.8037656]
[0.82655895]
[0.8094911]
[0.8060214]
[0.83070445]
[0.80094755]
[0.46891403]
[0.5830616]
[0.82316923]
[0.83679724]
[0.8146491]
[0.7217607]
[0.8265133]
[0.34179437]
[0.7103472]
[0.624859]
[0.7707734]
[0.82450956]
[0.83822125]
[0.6764036]
[0.46364242]
[0.6140107]
[0.8250376]
[0.7724365]
[0.8226281]
[0.83047086]
[0.780558]
[0.7758552]
[0.80894125]
[0.5565972]
[0.83466244]
[0.28785625]
[0.6838449]
[0.67518014]
[0.7625697]
[0.8307615]
[0.6651144]
[0.6709854]
[0.8135742]
[0.8387504]
[0.83685386]
[0.8362577]
[0.5177044]
[0.7972388]
[0.7654476]
[0.8455087]
[0.74135196]
[0.73084354]
[0.8409183]
[0.72131944]
[0.66771585]
[0.7774813]
[0.7841263]
[0.8044952]
[0.77182627]
[0.6911722]
[0.6041532]
[0.82391036]
[0.65970546]
[0.63847506]
[0.8430036]
[0.80396897]
[0.84397876]
[0.7086619]
[0.69247985]
[0.84393]
[0.7455839]
[0.7669724]
[0.8196635]
[0.79561687]
[0.82901967]
[0.7556547]
[0.76593673]
[0.6060697]
[0.782966]
[0.58638847]
[0.55274504]
[0.7561163]
[0.7781259]
[0.6445651]
[0.613573]
[0.77354735]
[0.8232237]
[0.8143098]
[0.6400785]
[0.69387376]
[0.8201412]
[0.7937188]
[0.8433498]
[0.75557435]
[0.48519033]
[0.82370734]
[0.7639121]
[0.73228884]
[0.49063787]
[0.50191057]
[0.61719203]
[0.6803736]
[0.84167206]
[0.658126]
[0.81677526]
[0.8226807]
[0.8255887]
[0.6210978]
[0.05417117]
[0.00593767]
[0.8098898]
[0.72204554]
[0.83248204]
[0.80411124]
[0.5320748]
[0.84235907]
[0.83149004]
[0.7312782]
[0.74734545]
[0.7310835]
[0.8289473]
[0.8148124]
[0.7265415]
[0.6412444]
[0.8291634]
[0.50933015]
[0.7649267]
[0.49621797]
[0.67264724]
[0.46139583]
[0.6350043]
[0.5161808]
[0.74551463]
[0.7155108]
[0.3543417]
[0.6893953]
[0.80976075]
[0.7768874]
[0.7557814]
[0.7083826]
[0.7038835]
[0.84087265]
[0.7532239]
[0.6229518]
[0.79009384]
[0.6222036]
[0.64629096]
[0.7332753]
[0.6975477]
[0.6423336]
[0.5784185]
[0.84545434]
[0.7169885]
[0.6215845]
[0.82581294]
[0.8255906]
[0.73769903]
[0.671908]
[0.8200966]
[0.7793279]
[0.7396528]
[0.7610503]
[0.47345984]
[0.7257427]
[0.8118068]
[0.5660146]
[0.83178914]
[0.8325515]
[0.83637977]
[0.48190793]
[0.8295155]
[0.8396345]
[0.5577046]
[0.6999554]
[0.66697955]
[0.7644755]
[0.6089307]
[0.6746332]
[0.70218736]
[0.66553247]
[0.82810986]
[0.76732874]
[0.7911978]
[0.7005358]
[0.7745242]
[0.7521697]
[0.76509404]
[0.60559773]
[0.82209057]
[0.8391962]
[0.7778194]
[0.7999238]
[0.8438827]
[0.44797975]
[0.6086346]
[0.66586065]
[0.74145937]
[0.82827723]
[0.823678]
[0.7306747]
[0.731222]
[0.7351258]
[0.80515856]
[0.72631866]
[0.8443867]
[0.8410012]
[0.8291289]
[0.8045559]
[0.72786665]
[0.7413811]
[0.84154725]
[0.64432365]
[0.8284743]
[0.66268337]
[0.7369913]
[0.75178945]
[0.74525136]
[0.7402021]
[0.73647714]
[0.7360152]
[0.8425484]
[0.8429276]
[0.7779573]
[0.73136127]
[0.7251488]
[0.78483033]
[0.67392564]
[0.57351655]
[0.6596092]
[0.7048348]
[0.82360864]
[0.69354814]
[0.6335242]
[0.6643149]
[0.82028276]
[0.8473958]
[0.8430519]
[0.8376088]
[0.8077382]
[0.6268704]
[0.7824757]
[0.83613527]
[0.81618685]
[0.83809006]
[0.6250916]
[0.7094332]
[0.54250205]
[0.7906341]
[0.8175251]
[0.8257942]
[0.7177839]
[0.59825397]
[0.6763311]
[0.67866457]
[0.63317966]
[0.46453935]
[0.8400643]
[0.82773125]
[0.6232551]
[0.6366176]
[0.76019514]
[0.79066914]
[0.79265887]
[0.8381963]
[0.83750105]
[0.84157956]
[0.79713553]
[0.54820395]
[0.5170973]
[0.52514756]
[0.5307587]
[0.5403114]
[0.48278248]
[0.8268534]
[0.78143895]
[0.77667844]
[0.7872003]
[0.5028686]
[0.7968196]
[0.5770661]
[0.8052699]
[0.7426423]
[0.7907524]
[0.8447336]
[0.8200604]
[0.7448503]
[0.8189378]
[0.7723907]
[0.83401483]
[0.8292434]
[0.5665578]
[0.77667964]
[0.7686938]
[0.8451094]
[0.369281]
[0.58343834]
[0.35218513]
[0.82153094]
[0.7717393]
[0.81202507]
[0.8291039]
[0.763469]
[0.47725347]
[0.74397385]
[0.8297545]
[0.8426957]
[0.82155836]
[0.64715105]
[0.7090222]
[0.66076636]
[0.6346035]
[0.7982063]
[0.8272761]
[0.7705661]
[0.84133196]
[0.7744485]
[0.73675936]
[0.84225535]
[0.6421862]
[0.70420957]
[0.5879696]
[0.83517754]
[0.8298508]
[0.8442055]
[0.7919953]
[0.8375927]
[0.5074178]
[0.8445954]
[0.7094838]
[0.8283852]
[0.5784798]
[0.8027809]
[0.81197727]
[0.61534005]
[0.80937755]
[0.8379028]
[0.7485561]
[0.7560302]
[0.7864189]
[0.8117541]
[0.83724064]
[0.5623268]
[0.6099492]
[0.7944332]
[0.7856107]
[0.8366853]
[0.83282435]
[0.8050187]
[0.82256365]
[0.74450356]
[0.79919136]
[0.8169102]
[0.76726365]
[0.7272314]
[0.6664306]
[0.7410018]
[0.66959393]
[0.798514]
[0.56801736]
[0.6905404]
[0.81557226]
[0.70705694]
[0.71371377]
[0.19389373]
[0.5176792]
[0.81752133]
[0.6249596]
[0.6585651]
[0.81874955]
[0.80588996]
[0.69652474]
[0.825946]
[0.8220807]
[0.8031744]
[0.7934832]
[0.60657424]
[0.7777694]
[0.5921612]
[0.715334]
[0.78716373]
[0.80535614]
[0.6864123]
[0.7160691]
[0.79779077]
[0.71980333]
[0.72482723]
[0.6798071]
[0.4926541]
[0.5895294]
[0.59885406]
[0.5618966]
[0.7357938]
[0.779927]
[0.76712036]
[0.69296354]
[0.84740335]
[0.53547037]
[0.55038315]
[0.16479722]
[0.8367449]
[0.8210143]
[0.7324759]
[0.83331275]
[0.8373093]
[0.6730491]
[0.81215155]
[0.79962146]
[0.8395269]
[0.8406906]
[0.5763541]
[0.67376274]
[0.72858787]
[0.46299383]
[0.6246095]
[0.79608035]
[0.6142895]
[0.8293921]
[0.7953296]
[0.8394569]
[0.82853365]
[0.82153094]
[0.7676772]
[0.8397367]
[0.84156585]
[0.6214276]
[0.8319067]
[0.8102201]
[0.55624044]
[0.5941146]
[0.8393078]
[0.84633934]
[0.81446975]
[0.6834936]
[0.7689791]
[0.5937391]
[0.6351104]
[0.00555444]
[0.65599877]
[0.84217]
[0.8305576]
[0.6669239]
[0.73928344]
[0.8295793]
[0.7659988]
[0.8119036]
[0.82299936]
[0.48423308]
[0.73906225]
[0.81237435]
[0.83528817]
[0.61775756]
[0.79630816]
[0.6881176]
[0.8111017]
[0.8389325]
[0.8282989]
[0.7645076]
[0.80812377]
[0.8245351]
[0.803614]
[0.7972003]
[0.8176131]
[0.5346298]
[0.6273928]
[0.46679553]
[0.8282308]
[0.838526]
[0.842271]
[0.70755297]
[0.84486365]
[0.6791138]
[0.76790977]
[0.81418055]
[0.57473373]
[0.6214867]
[0.627474]
[0.7100468]
[0.7867664]
[0.7722193]
[0.81582177]
[0.84132683]
[0.81063557]
[0.7842994]
[0.7182889]
[0.8069355]
[0.6742215]
[0.78122234]
[0.7384782]
[0.665719]
[0.64241433]
[0.6772772]
[0.7410693]
[0.8308533]
[0.38066736]
[0.75487196]
[0.7815392]
[0.81579036]
[0.7353463]
[0.4856953]
[0.81078345]
[0.7080741]
[0.84572494]
[0.8079487]
[0.82021165]
[0.7852435]
[0.63330126]
[0.47030714]
[0.81022334]
[0.70923823]
[0.6830876]
[0.8263177]
[0.8160683]
[0.7191106]
[0.7501987]
[0.7641109]
[0.79145503]
[0.84008706]
[0.7660381]
[0.79026157]
[0.33361137]
[0.63893545]
[0.50011927]
[0.83402693]
[0.77414024]
[0.6740748]
[0.7537939]
[0.7766936]
[0.83491343]
[0.83683145]
[0.8442631]
[0.78475636]
[0.79793316]
[0.7121174]
[0.82961094]
[0.76575685]
[0.77185977]
[0.70552176]
[0.83433497]
[0.8421966]
[0.8392004]
[0.76888376]
[0.5278187]
[0.83487856]
[0.8360602]
[0.8381069]
[0.7689053]
[0.8384285]
[0.8055463]
[0.80560946]
[0.84128183]
[0.7588314]
[0.84134495]
[0.8239764]
[0.82410204]
[0.7493855]
[0.6054335]
[0.8017951]
[0.7519722]
[0.78678274]
[0.72312254]
[0.767206]
[0.81692386]
[0.83466244]
[0.841573]
[0.8278779]
[0.8353059]
[0.51606977]
[0.8140396]
[0.6228591]
[0.83650714]
[0.8346274]
[0.69962406]
[0.52753806]
[0.74206597]
[0.68453556]
[0.7525519]
[0.5015383]
[0.8418002]
[0.6595]
[0.6718589]
[0.83331466]
[0.7034652]
[0.80656]
[0.47740057]
[0.81090087]
[0.60823005]
[0.8362161]
[0.8108784]
[0.83504987]
[0.5877833]
[0.8133908]
[0.83298904]
[0.6906084]
[0.58773977]
[0.41085982]
[0.6020509]
[0.62071395]
[0.68645954]
[0.79028934]
[0.78636444]
[0.8098303]
[0.72123665]
[0.8382487]
[0.75955343]
[0.7468676]
[0.79735065]
[0.80079174]
[0.78725386]
[0.82976955]
[0.6284233]
[0.54280543]
[0.68925834]
[0.8358698]
[0.8349588]
[0.84043103]
[0.53852886]
[0.78126067]
[0.8221634]
[0.84154725]
[0.84264785]
[0.764112]
[0.34616965]
[0.58932173]
[0.6910121]
[0.58812326]
[0.83702904]
[0.7775079]
[0.82633233]
[0.83587444]
[0.7353766]
[0.7238062]
[0.7899854]
[0.8268707]
[0.80502367]
[0.83140516]
[0.7246156]
[0.79322875]
[0.7377609]
[0.7560904]
[0.84334886]
[0.50825]
[0.52624613]
[0.68986434]
[0.7536011]
[0.8367835]
[0.72053504]
[0.7590978]
[0.723857]
[0.82067364]
[0.47062728]
[0.75864166]
[0.7698455]
[0.6769036]
[0.6544652]
[0.5749384]
[0.7617912]
[0.8210669]
[0.6530204]
[0.8260151]
[0.8125044]
[0.52403665]
[0.68082887]
[0.7993294]
[0.7315181]
[0.7947172]
[0.8444685]
[0.6917621]
[0.8372562]
[0.7808429]
[0.660633]
[0.659403]
[0.17967644]
[0.73837113]
[0.6463002]
[0.8270612]
[0.7524539]
[0.7494234]
[0.60393673]
[0.73983294]
[0.63283896]
[0.66606796]
[0.6388526]
[0.75644755]
[0.6937752]
[0.8237771]
[0.7418038]
[0.8348987]
[0.833326]
[0.7994462]
[0.7180885]
[0.8366265]
[0.7191957]
[0.84420794]
[0.8383609]
[0.83083934]
[0.84573823]
[0.83028305]
[0.8385105]
[0.65723413]
[0.72184235]
[0.82667]
[0.7933444]
[0.8367142]
[0.8419223]
[0.75023794]
[0.839823]
[0.7414515]
[0.72166336]
[0.74169004]
[0.42098868]
[0.64633405]
[0.5818495]
[0.6543845]
[0.69583815]
[0.7148546]
[0.46810377]
[0.46700704]
[0.80661726]
[0.5333232]
[0.67606866]
[0.77864665]
[0.84154725]
[0.8429377]
[0.7038109]
[0.74135196]
[0.7253787]
[0.81153905]
[0.8387757]
[0.4445608]
[0.8347939]
[0.00066203]
[0.670347]
[0.48949835]
[0.4905324]
[0.7505566]
[0.58820385]
[0.8293953]
[0.7365284]
[0.37614304]
[0.8277959]
[0.8000283]
[0.50486565]
[0.71234345]
[0.76805407]
[0.8321854]
[0.8093924]
[0.78698754]
[0.61710095]
[0.66740537]
[0.83907515]
[0.49806133]
[0.8287561]
[0.53599805]
[0.78024554]
[0.7033716]
[0.84105814]
[0.7897398]
[0.83874655]
[0.8020427]
[0.80271]
[0.8138439]
[0.8385546]
[0.64740366]
[0.69654053]
[0.7595386]
[0.8407951]
[0.84273505]
[0.68499583]
[0.77676195]
[0.7952739]
[0.7936901]
[0.7962527]
[0.81650627]
[0.7131758]
[0.46136406]
[0.80832356]
[0.6233666]
[0.809139]
[0.77455264]
[0.8078124]
[0.7888664]
[0.80803204]
[0.55834043]
[0.5008657]
[0.7694711]
[0.7097199]
[0.5753358]
[0.6265798]
[0.5731001]
[0.5989601]
[0.81728613]
[0.8426701]
[0.55782515]
[0.7601115]
[0.83331466]
[0.5557861]
[0.7997258]
[0.6899]
[0.66640604]
[0.73010767]
[0.60450095]
[0.5399943]
[0.6041616]
[0.7546236]
[0.6331752]
[0.8192977]
[0.767679]
[0.8203325]
[0.6496431]
[0.71202517]
[0.63172746]
[0.7639972]
[0.8208808]
[0.7741569]
[0.7411554]
[0.8071927]
[0.7584493]
[0.74363995]
[0.7906992]
[0.75894713]
[0.5100637]
[0.51939994]
[0.690508]
[0.79941905]
[0.78945]
[0.8243234]
[0.8037474]
[0.8292868]
[0.2569241]
[0.60848814]
[0.6715816]
[0.6939285]
[0.80401236]
[0.8342142]
[0.83560747]
[0.6384265]
[0.641129]
[0.8184708]
[0.7959255]
[0.7926755]
[0.8244301]
[0.712294]
[0.7980976]
[0.658482]
[0.76200676]
[0.7044614]
[0.84156644]
[0.8373159]
[0.8397715]
[0.74135196]
[0.567208]
[0.5496862]
[0.7272957]
[0.79564214]
[0.7002477]
[0.22214305]
[0.80403864]
[0.7673966]
[0.7265854]
[0.84719014]
[0.4902534]
[0.7568582]
[0.74027216]
[0.46294686]
[0.7710651]
[0.765275]
[0.831014]
[0.70992774]
[0.72841305]
[0.6896933]
[0.8390598]
[0.7763957]
[0.7712459]
[0.8337313]
[0.7282015]
[0.67620903]
[0.67383236]
[0.8249296]
[0.8216666]
[0.5479799]
[0.83858126]
[0.7594254]
[0.6663826]
[0.50848156]
[0.7416172]
[0.7893626]
[0.53287166]
[0.6633694]
[0.5836541]
[0.713434]
[0.71928704]
[0.8006207]
[0.8190584]
[0.7907397]
[0.7499415]
[0.8424553]
[0.67175937]
[0.6422136]
[0.7755685]
[0.7992795]
[0.7862838]
[0.71713126]
[0.7998427]
[0.61798257]
[0.6613132]
[0.8373538]
[0.60361916]
[0.77437544]
[0.80401236]
[0.84154725]
[0.8422533]
[0.6189931]
[0.81245476]
[0.70672095]
[0.45244822]
[0.6739913]
[0.77437544]
[0.83686066]
[0.8384979]
[0.61547375]
[0.5996946]
[0.66426295]
[0.8106865]
[0.84326375]
[0.61907]
[0.63009876]
[0.59063923]
[0.6037471]
[0.5788956]
[0.30106816]
[0.70614916]
[0.46971324]
[0.8416127]
[0.5414171]
[0.7825893]
[0.7023387]
[0.7925532]
[0.7842059]
[0.7551272]
[0.76882917]
[0.7630913]
[0.7837918]
[0.6635804]
[0.6413864]
[0.8174881]
[0.6722678]
[0.78987694]
[0.717631]
[0.6738728]
[0.50141424]
[0.69573957]
[0.6375305]
[0.6200599]
[0.8338107]
[0.7611754]
[0.76892126]
[0.8152552]
[0.7840265]
[0.5616932]
[0.6425165]
[0.64007175]
[0.8323085]
[0.48723704]
[0.675997]
[0.6693303]
[0.6388289]
[0.7057793]
[0.82799405]
[0.82916594]
[0.65124834]
[0.7706764]
[0.6814801]
[0.83020294]
[0.8383384]
[0.7978121]
[0.8053539]
[0.72020376]
[0.76974857]
[0.8080678]
[0.81093174]
[0.81265986]
[0.8090881]
[0.8205789]
[0.81274056]
[0.79679126]
[0.55951613]
[0.78400815]
[0.795395]
[0.8414986]
[0.8435999]
[0.58550537]
[0.8268039]
[0.66258407]
[0.6906798]
[0.7686819]
[0.769498]
[0.7955564]
[0.7864289]
[0.82456756]
[0.807448]
[0.7452214]
[0.01031935]
[0.8034713]
[0.6199961]
[0.544973]
[0.66539776]
[0.62386423]
[0.7569411]
[0.7176829]
[0.6168931]
[0.6150347]
[0.57509005]
[0.826134]
[0.6518835]
[0.71296036]
[0.68298435]
[0.8162673]
[0.7889092]
[0.73176366]
[0.7585395]
[0.8430429]
[0.60240877]
[0.60075516]
[0.7888799]
[0.8103255]
[0.49029502]
[0.8431668]
[0.5549256]
[0.60042846]
[0.60936606]
[0.8434151]
[0.74895954]
[0.82841]
[0.5509282]
[0.7118164]
[0.7585275]
[0.8257685]
[0.55615866]
[0.8334849]
[0.72653925]
[0.8138379]
[0.7501801]
[0.5729564]
[0.55364174]
[0.787545]
[0.84429145]
[0.73319066]
[0.8362396]
[0.81918037]
[0.8420178]
[0.79754746]
[0.841267]
[0.8469293]
[0.81420165]
[0.6931117]
[0.559107]
[0.69903207]
[0.55844057]
[0.5850188]
[0.84017587]
[0.84693563]
[0.71817267]
[0.67253083]
[0.6089612]
[0.6795622]
[0.8397715]
[0.8397715]
[0.63777727]
[0.6838449]
[0.83746874]
[0.81512046]
[0.82604456]
[0.84030557]
[0.7510699]
[0.768676]
[0.55309504]
[0.70946676]
[0.7846372]
[0.8095028]
[0.61028975]
[0.76746273]
[0.8342855]
[0.6275471]
[0.82985866]
[0.6840602]
[0.74265486]
[0.8165033]
[0.6518946]
[0.7814506]
[0.56497204]
[0.5715623]
[0.48011392]
[0.8296987]
[0.5395387]
[0.822458]
[0.8121768]
[0.7473675]
[0.57530427]
[0.84459496]
[0.7215369]
[0.8433552]
[0.7530434]
[0.6627726]
[0.6613236]
[0.6620219]
[0.8235377]
[0.8273752]
[0.5970611]
[0.7675967]
[0.6326752]
[0.5744761]
[0.8022332]
[0.7425525]
[0.5690704]
[0.8238814]
[0.83257675]
[0.7498645]
[0.7027107]
[0.6735104]
[0.8346713]
[0.7063782]
[0.69560516]
[0.737806]
[0.74347115]
[0.7436453]
[0.81832373]
[0.82850194]
[0.61550736]
[0.6260531]
[0.57412696]
[0.72003555]
[0.82036245]
[0.4444647]
[0.1908105]
[0.7401118]
[0.6272038]
[0.81131446]
[0.8026572]
[0.838619]
[0.7962836]
[0.74135196]
[0.8401855]
[0.83594257]
[0.76088905]
[0.8131311]
[0.84072685]
[0.76027703]
[0.7825344]
[0.8197292]
[0.68804014]
[0.754846]
[0.8070586]
[0.82862496]
[0.7476863]
[0.8434384]
[0.8425311]
[0.6209573]
[0.7227122]
[0.00585303]
[0.7633798]
[0.8327891]
[0.83433497]
[0.75891775]
[0.843264]
[0.588855]
[0.81402946]
[0.83240247]
[0.47176722]
[0.7410441]
[0.7217991]
[0.7075757]
[0.70158446]
[0.549452]
[0.83594257]
[0.7993394]
[0.8412263]
[0.7745417]
[0.49964514]
[0.6707721]
[0.8435043]
[0.83233476]
[0.7768147]
[0.7532197]
[0.75005215]
[0.7915638]
[0.7662609]
[0.8225803]
[0.83765125]
[0.6178936]
[0.4219625]
[0.7523038]
[0.4284097]
[0.6971824]
[0.8438873]
[0.81221545]
[0.764508]
[0.7055598]
[0.843949]
[0.8430934]
[0.73700553]
[0.7895616]
[0.82550305]
[0.6984838]
[0.83732474]
[0.75128376]
[0.6337866]
[0.76957595]
[0.71446276]
[0.7027496]
[0.80260634]
[0.8014516]
[0.84117156]
[0.7229736]
[0.83594257]
[0.83015347]
[0.8063411]
[0.8371004]
[0.81725657]
[0.8117281]
[0.6963964]
[0.79596686]
[0.7281115]
[0.7565396]
[0.69093597]
[0.8404994]
[0.8311477]
[0.8214834]
[0.83433414]
[0.8445895]
[0.83488274]
[0.7613938]
[0.7594579]
[0.8419386]
[0.8037199]
[0.59641534]
[0.75564504]
[0.6682319]
[0.6685953]
[0.72861016]
[0.8041514]
[0.59276426]
[0.8439616]
[0.7157517]
[0.6082617]
[0.72556764]
[0.7820128]
[0.6039072]
[0.78932256]
[0.8326181]
[0.5263402]
[0.8062215]
[0.63980347]
[0.6187835]
[0.83452785]
[0.7763967]
[0.53386086]
[0.79879504]
[0.82638186]
[0.84470046]
[0.8095926]
[0.821456]
[0.7847636]
[0.84262705]
[0.8407951]
[0.6568326]
[0.704021]
[0.6865617]
[0.5787852]
[0.53395784]
[0.5560672]
[0.75519806]
[0.70943475]
[0.83455217]
[0.43965152]
[0.81334525]
[0.845183]
[0.8280026]
[0.83323234]
[0.83420837]
[0.78006005]
[0.82708657]
[0.7480577]
[0.73402274]
[0.7409542]
[0.747946]
[0.7882458]
[0.53104603]
[0.8077531]
[0.8017167]
[0.66099405]
[0.67365986]
[0.6189627]
[0.6190747]
[0.6230076]
[0.6575451]
[0.8434382]
[0.79975706]
[0.81869376]
[0.8343905]
[0.73293793]
[0.61789435]
[0.74382716]
[0.39533275]
[0.82040185]
[0.81866574]
[0.5338762]
[0.46700785]
[0.5896546]
[0.77782625]
[0.40744922]
[0.5833385]
[0.7223058]
[0.7798993]
[0.7470205]
[0.68539196]
[0.7859317]
[0.7578301]
[0.8202896]
[0.8179163]
[0.6905688]
[0.8193113]
[0.7864238]
[0.83182234]
[0.8410555]
[0.7374866]
[0.78346515]
[0.8254572]
[0.7674048]
[0.75505316]
[0.8198141]
[0.81304324]
[0.7692911]
[0.60024446]
[0.8048618]
[0.8116882]
[0.7962512]
[0.712515]
[0.7205357]
[0.8160404]
[0.53639716]
[0.8148247]
[0.65898955]
[0.75491786]
[0.84268695]
[0.70380247]
[0.6335433]
[0.82882684]
[0.64785403]
[0.76006675]
[0.22768706]
[0.62825984]
[0.5926465]
[0.8212756]
[0.7156299]
[0.7776127]
[0.7295395]
[0.7037823]
[0.832015]
[0.6400362]
[0.64155316]
[0.81467944]
[0.80071247]
[0.8167372]
[0.60220754]
[0.8318915]
[0.6814011]
[0.45536047]
[0.6339463]
[0.51619107]
[0.8076006]
[0.8389518]
[0.7609639]
[0.84212327]
[0.7737958]
[0.202328]
[0.84581697]
[0.83703387]
[0.81164765]
[0.8234266]
[0.8121127]
[0.7916093]
[0.81411684]
[0.56665206]
[0.63192403]
[0.68833065]
[0.82373464]
[0.68963814]
[0.64616364]
[0.6291066]
[0.8136515]
[0.7480678]
[0.3312281]
[0.76298106]
[0.8154882]
[0.83655584]
[0.81145024]
[0.690219]
[0.5459082]
[0.59682685]
[0.67800254]
[0.8173785]
[0.56820273]
[0.7326077]
[0.71334124]
[0.66339326]
[0.83928406]
[0.846594]
[0.4943289]
[0.6419808]
[0.62901366]
[0.60856026]
[0.6844356]
[0.58302057]
[0.6412444]
[0.6592171]
[0.8265374]
[0.8417578]
[0.75817966]
[0.6857906]
[0.7219817]
[0.7789235]
[0.78757215]
[0.79544497]
[0.75902224]
[0.8268957]
[0.8388322]
[0.73053056]
[0.6908054]
[0.63885796]
[0.826187]
[0.81626284]
[0.7317101]
[0.720649]
[0.82022524]
[0.7328072]
[0.8409022]
[0.7737049]
[0.84738636]
[0.6808306]
[0.6976583]
[0.62665725]
[0.84543574]
[0.7888301]
[0.5386022]
[0.8109971]
[0.7962836]
[0.7161827]
[0.57742524]
[0.5956757]
[0.41124067]
[0.68918526]
[0.8402196]
[0.81287676]
[0.8142422]
[0.69868]
[0.8480222]
[0.8001945]
[0.49373338]
[0.7098799]
[0.83125913]
[0.8131498]
[0.80120295]
[0.81751204]
[0.617118]
[0.844445]
[0.6734889]
[0.8467277]
[0.666459]
[0.800395]
[0.62999976]
[0.82016754]
[0.5430735]
[0.82996434]
[0.63219476]
[0.61590767]
[0.51405627]
[0.81160724]
[0.7965901]
[0.75033313]
[0.8306089]
[0.8280161]
[0.5212327]
[0.7135551]
[0.6647845]
[0.642871]
[0.6674289]
[0.5345326]
[0.798645]
[0.7804568]
[0.8389884]
[0.6580247]
[0.6037114]
[0.72352034]
[0.74778163]
[0.7860372]
[0.8045156]
[0.7962836]
[0.7192807]
[0.62260556]
[0.6364205]
[0.45708114]
[0.55906296]
[0.46353266]
[0.7172272]
[0.81916934]
[0.79663223]
[0.7908044]
[0.81072444]
[0.83473563]
[0.834162]
[0.5955066]
[0.68656504]
[0.8319253]
[0.7309522]
[0.5721901]
[0.7756772]
[0.8348714]
[0.82342684]
[0.8325135]
[0.6865468]
[0.82989705]
[0.72234654]
[0.72861004]
[0.8339176]
[0.71081746]
[0.8434106]
[0.8151339]
[0.8451709]
[0.7496688]
[0.8200998]
[0.7993953]
[0.82812613]
[0.80986273]
[0.7767894]
[0.5983479]
[0.7034774]
[0.71110046]
[0.5147379]
[0.55391604]
[0.5466479]
[0.53935355]
[0.71422464]
[0.8144397]
[0.45459533]
[0.6757593]
[0.8258981]
[0.6811711]
[0.790923]
[0.83306456]
[0.8161119]
[0.70625174]
[0.8418983]
[0.84292805]
[0.8435999]
[0.5884568]
[0.7991097]
[0.83036757]
[0.7802298]
[0.7643631]
[0.7599479]
[0.7403087]
[0.7418833]
[0.7291089]
[0.8391814]
[0.8407773]
[0.7223333]
[0.76248485]
[0.7867523]
[0.7757455]
[0.7334268]
[0.5547149]
[0.846226]
[0.7882174]
[0.8379413]
[0.7177317]
[0.81025505]
[0.68830115]
[0.846311]
[0.8411414]
[0.6212809]
[0.63452893]
[0.8279677]
[0.82772684]
[0.76592577]
[0.76611996]
[0.7848015]
[0.8458526]
[0.8127724]
[0.8326379]
[0.83988124]
[0.5531817]
[0.82670486]
[0.63637996]
[0.41972938]
[0.53145784]
[0.83879507]
[0.8422533]
[0.84002876]
[0.841534]
[0.83193326]
[0.8042798]
[0.6904982]
[0.64226055]
[0.8189434]
[0.539404]
[0.7900916]
[0.79183185]
[0.8458507]
[0.7559557]
[0.6891304]
[0.6944472]
[0.5834759]
[0.6380625]
[0.8050426]
[0.8215595]
[0.668243]
[0.64033246]
[0.77328336]
[0.83497316]
[0.8045391]
[0.7355733]
[0.82862675]
[0.6755605]
[0.8381772]
[0.83939683]
[0.79638046]
[0.8181137]
[0.5736573]
[0.77753997]
[0.817058]
[0.8280649]
[0.5664538]
[0.5898058]
[0.70898193]
[0.5933529]
[0.83286965]
[0.52170634]
[0.76848]
[0.75745595]
[0.8367142]
[0.83619416]
[0.80755055]
[0.7224777]
[0.7224495]
[0.62447685]
[0.78431535]
[0.71136105]
[0.74384534]
[0.7958585]
[0.65071225]
[0.75460815]
[0.49094996]
[0.7038109]
[0.69406354]
[0.6871651]
[0.73478365]
[0.69372475]
[0.78849363]
[0.81953216]
[0.82386243]
[0.7176563]
[0.75554925]
[0.6678001]
[0.74157816]
[0.80719227]
[0.79093647]
[0.7921482]
[0.83557725]
[0.53455985]
[0.7638031]
[0.63917476]
[0.523709]
[0.68526495]
[0.66512764]
[0.43207443]
[0.7911819]
[0.83626413]
[0.76683974]
[0.67178845]
[0.844805]
[0.78541744]
[0.76051784]
[0.8133821]
[0.84058297]
[0.7309296]
[0.7164808]
[0.82553923]
[0.70233625]
[0.7089131]
[0.7798326]
[0.5588879]
[0.5836456]
[0.69351465]
[0.8269975]
[0.436257]
[0.8008481]
[0.82800233]
[0.81478775]
[0.6350192]
[0.7338067]
[0.603927]
[0.7767494]
[0.81888336]
[0.5387253]
[0.7673075]
[0.74150246]
[0.8403288]
[0.846789]
[0.5847217]
[0.5838337]
[0.8380178]
[0.8346527]
[0.59060365]
[0.8342958]
[0.8088888]
[0.72878903]
[0.82180667]
[0.5408763]
[0.718433]
[0.45256788]
[0.83149624]
[0.82443345]
[0.70202446]
[0.8208441]
[0.5491042]
[0.54712343]
[0.7054628]
[0.8368745]
[0.7541972]
[0.68303996]
[0.7881652]
[0.8242202]
[0.6284261]
[0.7822652]
[0.60828894]
[0.8378788]
[0.72404474]
[0.8214016]
[0.6215347]
[0.48623946]
[0.8121468]
[0.84203374]
[0.82293403]
[0.6608852]
[0.724293]
[0.5496349]
[0.7723999]
[0.83901155]
[0.8101691]
[0.8171825]
[0.79302704]
[0.61706686]
[0.78358984]
[0.74948514]
[0.82376266]
[0.65062165]
[0.5831169]
[0.7848389]
[0.59965354]
[0.6995384]
[0.81650853]
[0.7825575]
[0.6228927]
[0.696813]
[0.65711534]
[0.5788471]
[0.8262814]
[0.62310165]
[0.7952175]
[0.8142108]
[0.70564705]
[0.8211467]
[0.6815532]
[0.7486352]
[0.65896463]
[0.5780316]
[0.33831626]
[0.38358775]
[0.6418317]
[0.6899692]
[0.71709275]
[0.7039326]
[0.8217946]
[0.8216021]
[0.81619394]
[0.83621186]
[0.7578168]
[0.8034092]
[0.726381]
[0.46342283]
[0.78702796]
[0.7104361]
[0.5358812]
[0.4651239]
[0.62011564]
[0.8319067]
[0.5278188]
[0.7833996]
[0.8264764]
[0.7468225]
[0.68826103]
[0.81003445]
[0.77737856]
[0.69607604]
[0.7189101]
[0.7600737]
[0.8205607]
[0.8067409]
[0.73215294]
[0.7497685]
[0.6435786]
[0.825576]
[0.80063725]
[0.84588647]
[0.7556901]
[0.76424885]
[0.6941693]
[0.8364547]
[0.80986387]
[0.5273053]
[0.6160611]
[0.59152436]
[0.83413553]
[0.7555394]
[0.8414571]
[0.6019333]
[0.68443066]
[0.81686854]
[0.80630267]
[0.7994768]
[0.6327041]
[0.5875904]
[0.7271897]
[0.64816165]
[0.8326764]
[0.8161657]
[0.74047446]
[0.7693376]
[0.8138746]
[0.7972785]
[0.7633209]
[0.8073764]
[0.80793333]
[0.61291224]
[0.8157785]
[0.7008727]
[0.75699264]
[0.81128865]
[0.82905245]
[0.8371873]
[0.83169484]
[0.8378633]
[0.5703443]
[0.7659595]
[0.715225]
[0.6602385]
[0.819402]
[0.8325604]
[0.79324013]
[0.82053965]
[0.6688886]
[0.8358526]
[0.684465]
[0.80029255]
[0.81607586]
[0.81089914]
[0.8314315]
[0.5243448]
[0.80933106]
[0.7515132]
[0.6865481]
[0.81195474]
[0.7654147]
[0.84598315]
[0.37652922]
[0.75585675]
[0.8351027]
[0.7043294]
[0.5972296]
[0.62253666]
[0.6521102]
[0.83764243]
[0.79571414]
[0.7391806]
[0.7157565]
[0.8296579]
[0.625326]
[0.83723056]
[0.83015347]
[0.7601204]
[0.7775625]
[0.7650601]
[0.7915096]
[0.84081876]
[0.76574105]
[0.8402356]
[0.80620503]
[0.8371284]
[0.65154445]
[0.8306358]
[0.8318807]
[0.82002044]
[0.78170145]
[0.7966052]
[0.75453436]
[0.48596466]
[0.70890844]
[0.74480975]
[0.6520441]
[0.8219582]
[0.78376704]
[0.8323668]
[0.79648995]
[0.8104063]
[0.63607705]
[0.848405]
[0.64207345]
[0.7860189]
[0.77454984]
[0.8394015]
[0.79049695]
[0.84100646]
[0.8353601]
[0.64071786]
[0.83302224]
[0.7806863]
[0.7625729]
[0.76753825]
[0.8417705]
[0.81474555]
[0.82397974]
[0.7804465]
[0.8388603]
[0.59170055]
[0.84208167]
[0.8247584]
[0.7932079]
[0.71746135]
[0.7399499]
[0.7769153]
[0.7674201]
[0.7971517]
[0.7896562]
[0.66682976]
[0.61677736]
[0.8335949]
[0.60443574]
[0.75800204]
[0.8031484]
[0.8039549]
[0.8391335]
[0.6535158]
[0.8152042]
[0.8208302]
[0.83729804]
[0.8402951]
[0.77574766]
[0.72398925]
[0.48329103]
[0.55614054]
[0.78144443]
[0.5913351]
[0.8112378]
[0.8360873]
[0.80378544]
[0.6666703]
[0.6133207]
[0.76176906]
[0.7976951]
[0.67988396]
[0.5557125]
[0.6753827]
[0.7924223]
[0.84172034]
[0.70032036]
[0.8412423]
[0.8216953]
[0.82522106]
[0.77533364]
[0.83272755]
[0.8347286]
[0.78909093]
[0.8269161]
[0.8022247]
[0.823689]
[0.77257097]
[0.67962265]
[0.7215519]
[0.7932395]
[0.82913196]
[0.8048209]
[0.7623983]
[0.65573496]
[0.5880196]
[0.62308705]
[0.8074997]
[0.4453901]
[0.73649275]
[0.8300192]
