Model: SO_GAAL
Dataset 7: letter.mat
Time taken: 80.78921556472778 seg.
Accuracy: 0.0
@scores
[0.9999986]
[0.99999833]
[0.99998045]
[0.99993396]
[0.99996793]
[0.9999952]
[0.9999487]
[0.99999195]
[0.99983454]
[0.99999106]
[0.9999994]
[0.9999447]
[0.9999994]
[0.99984944]
[0.9999989]
[0.9999399]
[0.9999987]
[0.9998713]
[0.9999994]
[0.99999833]
[0.999993]
[0.99997795]
[0.9999959]
[0.99997616]
[0.9999997]
[0.9999949]
[0.9999632]
[0.9984107]
[0.99930274]
[0.99999857]
[0.99998856]
[0.9999932]
[0.9999713]
[0.994485]
[0.99999905]
[0.9999645]
[0.99999505]
[0.9999888]
[0.99999434]
[0.9965105]
[0.99998116]
[0.9999968]
[0.9999465]
[0.9999943]
[0.9999937]
[0.9999299]
[0.9999894]
[0.9999602]
[0.9999994]
[0.9999898]
[0.99999917]
[0.99999815]
[0.99999183]
[0.99999154]
[0.9999788]
[0.99998873]
[0.99997854]
[0.9999883]
[0.99997866]
[0.9999256]
[0.99990386]
[0.99999875]
[0.999998]
[0.9999946]
[0.99985695]
[0.99987996]
[0.9999275]
[0.9999995]
[0.99999785]
[0.99977493]
[0.9999974]
[0.9997505]
[0.95610225]
[0.99999297]
[0.9999995]
[0.9999957]
[0.99961257]
[0.99905837]
[0.9999993]
[0.9998548]
[0.99999964]
[0.99999297]
[0.9999992]
[0.99999696]
[0.9999824]
[0.9999914]
[0.99999815]
[0.99999815]
[0.9999949]
[0.99998736]
[0.99997365]
[0.9999412]
[0.99998415]
[0.999979]
[0.99998164]
[0.99999404]
[0.99995905]
[0.99999964]
[0.99998915]
[0.9999507]
[0.99999595]
[0.999923]
[0.99998784]
[0.999997]
[0.99999607]
[0.99999756]
[0.9884248]
[0.99999404]
[0.99999285]
[0.9956958]
[0.999895]
[0.99996805]
[0.9999865]
[0.9999963]
[0.9999986]
[0.9999914]
[0.9999935]
[0.9999933]
[0.9999678]
[0.99999356]
[0.9999911]
[0.9999989]
[0.999984]
[0.9998523]
[0.9999968]
[0.9999934]
[0.9999925]
[0.9999962]
[0.99990535]
[0.9999836]
[0.99999726]
[0.99999523]
[0.99999917]
[0.9999044]
[0.9999859]
[0.9999728]
[0.9999982]
[0.9974453]
[0.9999434]
[0.99998045]
[0.9999979]
[0.99910533]
[0.9999976]
[0.9999927]
[0.99999917]
[0.9999795]
[0.999869]
[0.99999297]
[0.999992]
[0.99999565]
[0.9999988]
[0.9999989]
[0.99997807]
[0.99974966]
[0.99996316]
[0.99998534]
[0.9999969]
[0.9999928]
[0.99999875]
[0.999984]
[0.99739194]
[0.9999965]
[0.9999931]
[0.9999989]
[0.9999813]
[0.9999364]
[0.9999708]
[0.99999696]
[0.9999082]
[0.9999962]
[0.99995387]
[0.99978817]
[0.99973017]
[0.99996793]
[0.99999917]
[0.999972]
[0.9999872]
[0.99999905]
[0.9999995]
[0.9999956]
[0.999989]
[0.99993944]
[0.99996066]
[0.9999697]
[0.9999985]
[0.9998361]
[0.99999285]
[0.9999963]
[0.99999106]
[0.9999038]
[0.9999907]
[0.9999988]
[0.99999666]
[0.9999949]
[0.9999924]
[0.99998355]
[0.9999857]
[0.9999961]
[0.9999986]
[0.9999889]
[0.9999992]
[0.99999285]
[0.99999774]
[0.99998015]
[0.9997471]
[0.99999744]
[0.99747324]
[0.9999896]
[0.9977525]
[0.99999726]
[0.99999225]
[0.99999857]
[0.99999845]
[0.9999987]
[0.9999792]
[0.99999917]
[0.9999784]
[0.99999857]
[0.9999262]
[0.9999968]
[0.9999672]
[0.99999404]
[0.999998]
[0.9999907]
[0.9999974]
[0.9999813]
[0.99999833]
[0.9999904]
[0.999984]
[0.99948704]
[0.9999993]
[0.9999809]
[0.9993957]
[0.99999785]
[0.99965954]
[0.9999949]
[0.9999661]
[0.99996096]
[0.999996]
[0.9999994]
[0.9999727]
[0.99998945]
[0.9999881]
[0.9999781]
[0.9999554]
[0.99995077]
[0.9999976]
[0.99998796]
[0.9988997]
[0.99999607]
[0.9999964]
[0.99933696]
[0.99996096]
[0.9975586]
[0.9999932]
[0.9999989]
[0.9999984]
[0.99999857]
[0.9999726]
[0.9999854]
[0.9999999]
[0.9999976]
[0.9999707]
[0.9994465]
[0.9999861]
[0.9999696]
[0.9999988]
[0.99963975]
[0.999979]
[0.9999995]
[0.9999992]
[0.9999641]
[0.99999607]
[0.99999833]
[0.9999976]
[0.9999982]
[0.99999905]
[0.9999696]
[0.9988148]
[0.6590467]
[0.999811]
[0.99999523]
[0.9999996]
[0.99999607]
[0.99798405]
[0.99998933]
[0.999997]
[0.99987483]
[0.9999992]
[0.9999878]
[0.99999046]
[0.9999465]
[0.9990402]
[0.9999981]
[0.99997854]
[0.999997]
[0.9999851]
[0.9999914]
[0.9998322]
[0.99999404]
[0.9998746]
[0.9999918]
[0.999961]
[0.9999684]
[0.9994456]
[0.99999577]
[0.9999996]
[0.9999761]
[0.99999917]
[0.99874294]
[0.99999815]
[0.9999635]
[0.9999877]
[0.99998444]
[0.9999867]
[0.9999855]
[0.9999864]
[0.9999509]
[0.99999774]
[0.93428326]
[0.99999195]
[0.99997336]
[0.9999979]
[0.999987]
[0.999905]
[0.99998033]
[0.999998]
[0.99998134]
[0.9999473]
[0.9999965]
[0.9992314]
[0.99705774]
[0.9999956]
[0.99998987]
[0.99999934]
[0.99999344]
[0.99995065]
[0.9999957]
[0.99999225]
[0.99999887]
[0.9999659]
[0.9999889]
[0.99999774]
[0.99999666]
[0.99999857]
[0.9999972]
[0.999995]
[0.9999967]
[0.9999958]
[0.9999861]
[0.99999064]
[0.99999535]
[0.98975515]
[0.9999633]
[0.9998274]
[0.9999994]
[0.99999917]
[0.99999815]
[0.9999875]
[0.99989474]
[0.9999384]
[0.99999046]
[0.99999344]
[0.99995506]
[0.99798286]
[0.99998915]
[0.9956752]
[0.9999993]
[0.99998736]
[0.99999464]
[0.99999726]
[0.99705017]
[0.99981236]
[0.99999636]
[0.999923]
[0.9999994]
[0.9999965]
[0.9999993]
[0.9999952]
[0.99999404]
[0.9999981]
[0.9999897]
[0.9999734]
[0.99998826]
[0.99998164]
[0.9999741]
[0.9999594]
[0.99998176]
[0.99999154]
[0.9943756]
[0.9999808]
[0.999339]
[0.9998715]
[0.99999833]
[0.9999984]
[0.9999876]
[0.9997435]
[0.9999374]
[0.99999964]
[0.9999995]
[0.99999]
[0.9997833]
[0.999974]
[0.9999963]
[0.99999654]
[0.9999873]
[0.99996626]
[0.99999446]
[0.99996823]
[0.99999046]
[0.9999876]
[0.9999984]
[0.9999887]
[0.9999975]
[0.99994844]
[0.9912808]
[0.9999633]
[0.99999684]
[0.99999774]
[0.9982588]
[0.99999857]
[0.9999707]
[0.9999982]
[0.99986243]
[0.99781495]
[0.9999783]
[0.9999994]
[0.9999792]
[0.9999983]
[0.9999941]
[0.99999535]
[0.9999996]
[0.99985296]
[0.99999833]
[0.9998575]
[0.999948]
[0.9999907]
[0.99999917]
[0.9999931]
[0.999997]
[0.9999995]
[0.99999404]
[0.99772835]
[0.9999995]
[0.9998547]
[0.9989116]
[0.9999995]
[0.9999971]
[0.9999975]
[0.9999784]
[0.9991665]
[0.99999744]
[0.99999124]
[0.9982584]
[0.9999514]
[0.9992373]
[0.9999883]
[0.9868581]
[0.9996799]
[0.9999957]
[0.9999982]
[0.99999595]
[0.9997935]
[0.9999989]
[0.9999982]
[0.99999654]
[0.99998945]
[0.9999922]
[0.9999963]
[0.9999989]
[0.9998725]
[0.999998]
[0.99997824]
[0.9999988]
[0.99995387]
[0.999997]
[0.99999636]
[0.9999825]
[0.9999492]
[0.99999666]
[0.9999977]
[0.9999945]
[0.9997453]
[0.9999976]
[0.9999886]
[0.99997735]
[0.99999917]
[0.9999884]
[0.9997853]
[0.99999607]
[0.9993925]
[0.9889893]
[0.9968097]
[0.99990505]
[0.9999994]
[0.9999996]
[0.9999901]
[0.9998846]
[0.9999799]
[0.9999862]
[0.99973536]
[0.9999916]
[0.9997563]
[0.9999319]
[0.99999666]
[0.9634194]
[0.9999989]
[0.9999429]
[0.9996106]
[0.9981655]
[0.999696]
[0.9999533]
[0.9999219]
[0.9999686]
[0.9873116]
[0.9998356]
[0.987769]
[0.9999422]
[0.99999374]
[0.99930596]
[0.99999547]
[0.99989945]
[0.9999981]
[0.9992107]
[0.99890643]
[0.9999938]
[0.9991955]
[0.9999778]
[0.99751776]
[0.9997175]
[0.9925382]
[0.9998684]
[0.9999925]
[0.99993134]
[0.99996763]
[0.99964774]
[0.9991213]
[0.9997934]
[0.9972425]
[0.99999815]
[0.9999992]
[0.9999699]
[0.9999925]
[0.9998707]
[0.9999857]
[0.9999293]
[0.9999934]
[0.9971521]
[0.99999464]
[0.9999963]
[0.9998826]
[0.9999962]
[0.9999261]
[0.99998385]
[0.9998932]
[0.81122935]
[0.9998716]
[0.9956448]
[0.99881226]
[0.99996734]
[0.9998839]
[0.99999684]
[0.99946415]
[0.99992585]
[0.99995154]
[0.98098403]
[0.99893296]
[0.9998162]
[0.99999434]
[0.99998885]
[0.99996436]
[0.99991095]
[0.99995303]
[0.99991816]
[0.9863193]
[0.99999934]
[0.99996483]
[0.99987674]
[0.99977934]
[0.9999267]
[0.9999928]
[0.99994624]
[0.99761987]
[0.99990493]
[0.9999934]
[0.9999879]
[0.99997807]
[0.9999908]
[0.9999151]
[0.99997675]
[0.99975336]
[0.99999833]
[0.99890727]
[0.9999945]
[0.99993306]
[0.9999989]
[0.9999385]
[0.9999591]
[0.9999729]
[0.999432]
[0.99998754]
[0.99999297]
[0.9999981]
[0.9996896]
[0.9999789]
[0.9988591]
[0.99961114]
[0.9999943]
[0.99999833]
[0.9999794]
[0.99922025]
[0.99998343]
[0.99862194]
[0.9999788]
[0.99987686]
[0.9999948]
[0.99945503]
[0.99978185]
[0.9937065]
[0.9999515]
[0.99902666]
[0.9188076]
[0.99983406]
[0.999795]
[0.9999988]
[0.9999896]
[0.9960173]
[0.99986434]
[0.9999819]
[0.9529842]
[0.99734664]
[0.9999852]
[0.99904346]
[0.9999655]
[0.99999857]
[0.999997]
[0.9999901]
[0.99996734]
[0.9999317]
[0.99989504]
[0.99999356]
[0.9999161]
[0.9999925]
[0.9999403]
[0.9999969]
[0.999982]
[0.9999983]
[0.9984281]
[0.9959276]
[0.98317266]
[0.99965525]
[0.9995907]
[0.9999883]
[0.9767624]
[0.9997506]
[0.9999933]
[0.9999919]
[0.9999987]
[0.99864566]
[0.9999981]
[0.9992994]
[0.999955]
[0.9993438]
[0.99989396]
[0.9999962]
[0.9999213]
[0.9998319]
[0.9999786]
[0.9999492]
[0.99998444]
[0.99998]
[0.9996324]
[0.99991775]
[0.9994234]
[0.9999786]
[0.9999969]
[0.9999348]
[0.9999802]
[0.99995065]
[0.9999886]
[0.99999523]
[0.99974275]
[0.9999569]
[0.9999989]
[0.99892545]
[0.99979556]
[0.9999306]
[0.9434843]
[0.99945784]
[0.99999785]
[0.99980813]
[0.99989676]
[0.9998574]
[0.9999926]
[0.99969584]
[0.99999595]
[0.9999964]
[0.99934316]
[0.9995513]
[0.82286257]
[0.9994387]
[0.9998392]
[0.9999865]
[0.99998933]
[0.99998784]
[0.999979]
[0.99998933]
[0.9999661]
[0.9950642]
[0.9999912]
[0.99998474]
[0.9998406]
[0.99999905]
[0.9998914]
[0.99987125]
[0.99978995]
[0.99995965]
[0.9999243]
[0.9999485]
[0.9999956]
[0.9998173]
[0.9999733]
[0.999981]
[0.9999725]
[0.9961407]
[0.98903084]
[0.9999858]
[0.9998973]
[0.9999813]
[0.9999869]
[0.99925363]
[0.999998]
[0.99999]
[0.9986642]
[0.99944335]
[0.9999523]
[0.9995129]
[0.9998516]
[0.9999937]
[0.999977]
[0.9988059]
[0.99996066]
[0.99556684]
[0.9999974]
[0.9999747]
[0.999226]
[0.99997365]
[0.9998275]
[0.9999972]
[0.9997729]
[0.99966156]
[0.99967]
[0.99999833]
[0.9999708]
[0.95212626]
[0.9999436]
[0.99996626]
[0.9999975]
[0.99965006]
[0.9998685]
[0.99997413]
[0.9999949]
[0.99888587]
[0.9996705]
[0.9999962]
[0.999992]
[0.9998977]
[0.99981886]
[0.99999195]
[0.99997914]
[0.998343]
[0.9999964]
[0.99995106]
[0.9999984]
[0.9999422]
[0.9999763]
[0.999989]
[0.7129992]
[0.9999913]
[0.99999416]
[0.99999905]
[0.99993396]
[0.99998105]
[0.99997854]
[0.99999464]
[0.9999753]
[0.9999973]
[0.99797267]
[0.9999934]
[0.9999187]
[0.9999919]
[0.99846274]
[0.9411156]
[0.99999845]
[0.9958278]
[0.999699]
[0.9999969]
[0.9999636]
[0.9999894]
[0.99966097]
[0.9998051]
[0.9999199]
[0.9999443]
[0.99999464]
[0.9999751]
[0.9999577]
[0.9997151]
[0.99999654]
[0.9994625]
[0.9999243]
[0.9999591]
[0.9999994]
[0.9999486]
[0.99999434]
[0.99999434]
[0.9997957]
[0.99918294]
[0.9977485]
[0.999936]
[0.9997783]
[0.9999962]
[0.9999935]
[0.99960077]
[0.9856298]
[0.9998384]
[0.999998]
[0.9998782]
[0.9998635]
[0.9999262]
[0.99998003]
[0.9999659]
[0.99997854]
[0.9999848]
[0.99998164]
[0.99998736]
[0.94588643]
[0.9999893]
[0.9998988]
[0.9999993]
[0.9999983]
[0.9997922]
[0.9997519]
[0.9998123]
[0.99999845]
[0.9999899]
[0.99947375]
[0.9994389]
[0.99987173]
[0.99999726]
[0.9998243]
[0.9999335]
[0.9999974]
[0.9999554]
[0.99688923]
[0.9999622]
[0.9996062]
[0.9999986]
[0.97434676]
[0.99999285]
[0.9977188]
[0.99986297]
[0.9999878]
[0.99372244]
[0.99960196]
[0.9999249]
[0.99801636]
[0.9999163]
[0.99998534]
[0.9999438]
[0.9999825]
[0.9999244]
[0.9999905]
[0.999928]
[0.99974746]
[0.99999857]
[0.9997889]
[0.9999945]
[0.999361]
[0.9992435]
[0.9896341]
[0.99995327]
[0.9999981]
[0.99923503]
[0.9998919]
[0.99998856]
[0.9997505]
[0.99997073]
[0.99921477]
[0.9992173]
[0.99987495]
[0.9998745]
[0.99999917]
[0.88763416]
[0.99999183]
[0.9999876]
[0.9999925]
[0.99943864]
[0.9999627]
[0.99992]
[0.9997809]
[0.99999666]
[0.99995315]
[0.9999832]
[0.9972379]
[0.9999989]
[0.9996962]
[0.9999348]
[0.7730256]
[0.9999051]
[0.99996376]
[0.99998295]
[0.9999744]
[0.9999827]
[0.9999238]
[0.9999617]
[0.9999038]
[0.99991465]
[0.9999987]
[0.99972993]
[0.9999994]
[0.999972]
[0.9998846]
[0.99998415]
[0.9801142]
[0.9999631]
[0.9754176]
[0.9994285]
[0.9985106]
[0.99993235]
[0.99996614]
[0.9999807]
[0.9999809]
[0.9999864]
[0.9987061]
[0.99996734]
[0.9999996]
[0.9831562]
[0.9998163]
[0.9999988]
[0.9962156]
[0.99998134]
[0.99992394]
[0.9999988]
[0.999316]
[0.99998975]
[0.9993102]
[0.99992764]
[0.9999968]
[0.9999815]
[0.99779975]
[0.9997101]
[0.9999949]
[0.9999861]
[0.9999888]
[0.99839795]
[0.9991275]
[0.9999977]
[0.99995804]
[0.999431]
[0.9999942]
[0.99997544]
[0.9999734]
[0.9999167]
[0.9995451]
[0.9999809]
[0.99999535]
[0.9999932]
[0.99999774]
[0.99998]
[0.9993001]
[0.9781066]
[0.9969927]
[0.9999074]
[0.99998766]
[0.9999832]
[0.9998438]
[0.9999621]
[0.99999917]
[0.99999714]
[0.99956393]
[0.99999225]
[0.99995786]
[0.9998979]
[0.9999982]
[0.9999505]
[0.9994333]
[0.99999726]
[0.9998927]
[0.99984205]
[0.9999995]
[0.99999917]
[0.9999099]
[0.99999124]
[0.9998616]
[0.9999981]
[0.99990785]
[0.9971185]
[0.99998176]
[0.99146557]
[0.99995553]
[0.9985459]
[0.999984]
[0.9991956]
[0.999951]
[0.9995201]
[0.99513733]
[0.99959445]
[0.9999249]
[0.9998837]
[0.9999033]
[0.99998826]
[0.9998615]
[0.99860686]
[0.9995182]
[0.99993634]
[0.9999777]
[0.99978995]
[0.99915045]
[0.72948325]
[0.9915311]
[0.9951587]
[0.9997451]
[0.9999783]
[0.99968326]
[0.99892926]
[0.9997033]
[0.999573]
[0.9996005]
[0.8938589]
[0.99995327]
[0.99835604]
[0.9998884]
[0.99964726]
[0.99936676]
[0.99982643]
[0.9986986]
[0.9984434]
[0.9998336]
[0.9998777]
[0.99991333]
[0.9990786]
[0.99769866]
[0.9998975]
[0.9993143]
[0.9977433]
[0.99807286]
[0.9998657]
[0.99692947]
[0.99990654]
[0.9984815]
[0.99997747]
[0.9973841]
[0.998764]
[0.99934685]
[0.9999423]
[0.9963604]
[0.99987257]
[0.9986154]
[0.99998796]
[0.99983835]
[0.9992974]
[0.9998432]
[0.9992883]
[0.9996052]
[0.9998461]
[0.9994823]
[0.9979954]
[0.9997411]
[0.9997349]
[0.9996721]
[0.99859035]
[0.99976695]
[0.9992002]
[0.9999555]
[0.9994174]
[0.83058274]
[0.99996626]
[0.9976872]
[0.99999106]
[0.9934364]
[0.99934876]
[0.99986863]
[0.9998571]
[0.99934673]
[0.9999088]
[0.99877346]
[0.99978673]
[0.99878633]
[0.97299564]
[0.99957776]
[0.9999795]
[0.99952936]
[0.97141445]
[0.99979746]
[0.9994159]
[0.99287164]
[0.59835196]
[0.9963926]
[0.99984837]
[0.9998728]
[0.99759]
[0.99973327]
[0.9917637]
[0.999878]
[0.997409]
[0.9990836]
[0.99960524]
[0.99918026]
[0.9992405]
[0.9999652]
[0.99975693]
[0.99898875]
[0.999529]
[0.9992227]
[0.99987423]
[0.9928926]
[0.9999956]
[0.9972204]
[0.98136556]
[0.9934286]
[0.99990326]
[0.9996426]
[0.9956802]
[0.99913555]
[0.9998915]
[0.99946827]
[0.99997926]
[0.9989397]
[0.9997346]
[0.99954283]
[0.9915117]
[0.9998723]
[0.99998033]
[0.9994245]
[0.99989426]
[0.9991553]
[0.9987765]
[0.9999166]
[0.9974383]
[0.98989964]
[0.99988455]
[0.99921703]
[0.9974615]
[0.9993956]
[0.9996189]
[0.99940336]
[0.9999689]
[0.99983203]
[0.99697053]
[0.999734]
[0.99993205]
[0.9998602]
[0.9996451]
[0.999976]
[0.99935997]
[0.99981815]
[0.99982333]
[0.9889889]
[0.99788475]
[0.9971831]
[0.9998293]
[0.9995126]
[0.99977016]
[0.9995332]
[0.99052525]
[0.9999827]
[0.99964297]
[0.999038]
[0.99368596]
[0.99962395]
[0.9999839]
[0.99967784]
[0.99985206]
[0.9956852]
[0.99985206]
[0.9998626]
[0.9996747]
[0.9999652]
[0.9996315]
[0.9589766]
[0.9996866]
[0.99983]
[0.99998]
[0.99992]
[0.99765354]
[0.99963]
[0.99772346]
[0.99993175]
[0.9999018]
[0.9996643]
[0.9916464]
[0.99989057]
[0.9998199]
[0.99858475]
[0.9994912]
[0.96509707]
[0.9915894]
[0.99960685]
[0.9998002]
[0.9962659]
[0.995559]
[0.9999326]
[0.9987639]
[0.9995693]
[0.99533427]
[0.99993026]
[0.99876845]
[0.99983]
[0.9999455]
[0.9971694]
[0.99243575]
[0.999864]
[0.9993917]
[0.95816433]
[0.99991333]
[0.9922588]
[0.9997572]
[0.98899907]
[0.9933584]
[0.9998971]
[0.95425045]
[0.9982283]
[0.9998369]
[0.9988091]
[0.99980974]
[0.9998747]
[0.995726]
[0.998296]
[0.99922836]
[0.9934279]
[0.99965847]
[0.99870396]
[0.9999498]
[0.99998355]
[0.9998296]
[0.9844195]
[0.9996462]
[0.99519145]
[0.9948044]
[0.99222493]
[0.999931]
[0.9934138]
[0.99978447]
[0.99329114]
[0.99992216]
[0.9999335]
[0.99996626]
[0.9970032]
[0.39904183]
[0.99853915]
[0.9999659]
[0.99991107]
[0.9737121]
[0.9977009]
[0.99998826]
[0.9999712]
[0.98302794]
[0.8871012]
[0.9998698]
[0.99781436]
[0.8946898]
[0.9995926]
[0.99815905]
[0.9995694]
[0.9996338]
[0.9998076]
[0.9958578]
[0.9988327]
[0.9997076]
[0.98795223]
[0.9997945]
[0.9999765]
[0.99993217]
[0.98928714]
[0.9994537]
[0.9998493]
[0.9999396]
[0.9406744]
[0.99966913]
[0.99695235]
[0.9629611]
[0.99986655]
[0.99960375]
[0.99994296]
[0.9999254]
[0.99997306]
[0.99631333]
[0.9997927]
[0.99984884]
[0.99968684]
[0.99961233]
[0.9995813]
[0.99991226]
[0.9985016]
[0.9999687]
[0.99887294]
[0.97176397]
[0.9752749]
[0.99079967]
[0.9999729]
[0.9149703]
[0.9965992]
[0.9999324]
[0.99968266]
[0.9981498]
[0.999367]
[0.99653065]
[0.99962866]
[0.9994298]
[0.9983426]
[0.99860907]
[0.97670865]
[0.79178435]
[0.99963367]
[0.974458]
[0.9998556]
[0.9992051]
[0.9931991]
[0.99980557]
[0.9962838]
[0.9999739]
[0.9995614]
[0.9971683]
[0.998286]
[0.99996376]
[0.9998183]
[0.9997697]
[0.99967706]
[0.99755645]
[0.99976456]
[0.9998565]
[0.99990165]
[0.9999397]
[0.9996948]
[0.9993847]
[0.99982405]
[0.99977946]
[0.99937963]
[0.9998534]
[0.9932444]
[0.99558175]
[0.9999562]
[0.97004616]
[0.9997927]
[0.99898297]
[0.9984725]
[0.9999035]
[0.99961925]
[0.99881643]
[0.9992764]
[0.9996659]
[0.99981606]
[0.9993465]
[0.9764276]
[0.9932767]
[0.99991596]
[0.99998355]
[0.99997747]
[0.99996126]
[0.9999557]
[0.9995338]
[0.99974644]
[0.99980193]
[0.992116]
[0.9998379]
[0.99982715]
[0.9998147]
[0.99983966]
[0.9993433]
[0.9888805]
[0.99946547]
[0.9989198]
[0.9900791]
[0.9999175]
[0.9998305]
[0.99983996]
[0.99987817]
[0.9999815]
[0.9851837]
[0.9998548]
[0.9914228]
[0.9997685]
[0.9994037]
[0.99999785]
[0.9993667]
[0.9998033]
[0.998373]
[0.9965332]
[0.99979913]
[0.9998792]
[0.99910074]
[0.99955463]
[0.999831]
[0.99773324]
[0.9999008]
[0.99997675]
[0.9999355]
[0.999614]
[0.9998208]
[0.99982065]
[0.9993504]
[0.9997136]
[0.99872875]
[0.9993168]
[0.9999286]
[0.91526854]
[0.99876094]
[0.999194]
[0.9996997]
[0.9995017]
[0.9998401]
[0.9997208]
[0.999822]
[0.9979978]
[0.99961734]
[0.9989054]
[0.9991947]
[0.9998965]
[0.99610543]
[0.99202585]
[0.99994504]
[0.99994004]
[0.9982841]
[0.99997723]
[0.99912816]
[0.9973802]
[0.999759]
[0.99997824]
[0.99961823]
[0.9986877]
[0.9987982]
[0.99758935]
[0.9999643]
[0.999682]
[0.9999167]
[0.99959767]
[0.9994016]
[0.97876686]
[0.9979265]
[0.9999063]
[0.9995543]
[0.9920635]
[0.99995387]
[0.98930395]
[0.9999192]
[0.99990916]
[0.99995184]
[0.9912685]
[0.9890382]
[0.9996315]
[0.9997232]
[0.9714892]
[0.999905]
[0.9997755]
[0.99586797]
[0.9999368]
[0.99995464]
[0.9994323]
[0.9999795]
[0.9999349]
[0.9948679]
[0.99410665]
[0.9999883]
[0.9999794]
[0.99953014]
[0.99906945]
[0.9998944]
[0.9987137]
[0.9999471]
[0.99485433]
[0.99944717]
[0.99501884]
[0.9963527]
[0.9990753]
[0.8188076]
[0.9999126]
[0.9999752]
[0.99993527]
[0.99991214]
[0.99979687]
[0.9923818]
[0.9998295]
[0.9988204]
[0.99398214]
[0.9986454]
[0.9997608]
[0.9998039]
[0.99985933]
[0.9967555]
[0.99992466]
[0.99978966]
[0.9972743]
[0.99954236]
[0.9999265]
[0.999527]
[0.99922407]
[0.99979055]
[0.99857414]
[0.94532216]
[0.999403]
[0.9940222]
[0.98821187]
[0.9997887]
[0.9994229]
[0.9986594]
[0.99352276]
[0.9999374]
[0.9923873]
[0.99964267]
[0.99999595]
[0.9999806]
[0.99984324]
[0.9981837]
[0.99302757]
[0.9732051]
[0.99840784]
[0.99998295]
[0.99974024]
[0.99999285]
[0.99999523]
[0.9996381]
[0.9875351]
[0.9992197]
[0.99997735]
[0.9999477]
[0.9933703]
[0.9987761]
[0.99984115]
[0.99997205]
[0.99640393]
[0.9997847]
[0.99895906]
[0.9920861]
[0.96184313]
[0.99997395]
[0.997684]
[0.43084693]
[0.9998864]
[0.99658895]
[0.9986626]
[0.99832094]
[0.9895123]
[0.9999285]
[0.9965222]
[0.9999742]
[0.99985695]
[0.99948746]
[0.99998367]
[0.9999467]
[0.9990243]
[0.99954975]
[0.9917261]
[0.99983484]
[0.9999845]
[0.9962537]
[0.9999483]
[0.9999982]
[0.99993974]
[0.99984574]
[0.99870276]
[0.9997457]
[0.99676645]
[0.99857795]
[0.98968065]
[0.9989853]
[0.9999994]
[0.9999455]
[0.9999994]
[0.99993443]
[0.99996305]
[0.999928]
[0.99973696]
[0.9699886]
[0.9987143]
[0.9942189]
[0.9834571]
[0.9999949]
[0.99972093]
[0.9999998]
[0.9999888]
[0.9954114]
[0.9999957]
[0.89403754]
[0.99765843]
[0.99994314]
[0.9999541]
[0.9587626]
[0.05877456]
[0.9220881]
[0.9982469]
[0.9943671]
[0.99982893]
[0.99999714]
[0.999995]
[0.99572355]
[0.9999534]
[0.90625525]
[0.99995154]
[0.9982027]
[0.9998857]
