Model: SO_GAAL
Dataset 6: ionosphere.mat
Time taken: 70.23688220977783 seg.
Accuracy: 0.0
@scores
[0.935717]
[0.87676424]
[0.8970611]
[0.37509465]
[0.92996454]
[0.6224828]
[0.96853256]
[0.40309185]
[0.9669765]
[0.49931735]
[0.9765948]
[0.970527]
[0.9583781]
[0.9240217]
[0.59500426]
[0.6620683]
[0.7646502]
[0.78238654]
[0.56077313]
[0.1728319]
[0.94147074]
[0.6676675]
[0.8463308]
[0.6756518]
[0.9264673]
[0.9866396]
[0.97513735]
[0.68546075]
[0.13121343]
[0.76309085]
[0.9599706]
[0.73132724]
[0.95275223]
[0.89599204]
[0.8448616]
[0.5842118]
[0.8983113]
[0.26089233]
[0.7573149]
[0.69968873]
[0.30633473]
[0.6790471]
[0.32285863]
[0.7407385]
[0.96972173]
[0.780324]
[0.94423103]
[0.85558546]
[0.9035065]
[0.7124772]
[0.7970458]
[0.83725685]
[0.644662]
[0.6843752]
[0.9286808]
[0.7326683]
[0.8986958]
[0.5799746]
[0.6898737]
[0.50483984]
[0.55730176]
[0.6653142]
[0.33661443]
[0.6133774]
[0.856892]
[0.7257475]
[0.83321774]
[0.9540271]
[0.7220449]
[0.45976943]
[0.30902317]
[0.9451941]
[0.25083238]
[0.4216225]
[0.3592139]
[0.86937654]
[0.4139506]
[0.7404156]
[0.11326486]
[0.4678297]
[0.9471564]
[0.50954735]
[0.28467333]
[0.61709476]
[0.8176968]
[0.6487553]
[0.78014624]
[0.62987465]
[0.69094324]
[0.5585878]
[0.48414725]
[0.871866]
[0.7821654]
[0.5031524]
[0.71267533]
[0.46676397]
[0.56266606]
[0.6542264]
[0.67137295]
[0.7087094]
[0.928595]
[0.8967321]
[0.58661157]
[0.91347694]
[0.8198942]
[0.93066883]
[0.7038586]
[0.89356667]
[0.83361197]
[0.97910523]
[0.8810829]
[0.6012118]
[0.6965815]
[0.66793406]
[0.45971906]
[0.71480554]
[0.891552]
[0.7007072]
[0.6253934]
[0.8612343]
[0.7642436]
[0.73663354]
[0.7210301]
[0.76808727]
[0.71459514]
[0.5210479]
[0.6655856]
[0.85023075]
[0.786808]
[0.84099066]
[0.76506937]
[0.67951006]
[0.8774867]
[0.5827744]
[0.8783794]
[0.71216977]
[0.6028127]
[0.7217345]
[0.5796894]
[0.88578284]
[0.7861918]
[0.8308403]
[0.9332199]
[0.6824492]
[0.8824011]
[0.5834695]
[0.6572838]
[0.8227522]
[0.51185673]
[0.79408956]
[0.65083784]
[0.7123587]
[0.6164768]
[0.66336215]
[0.5926579]
[0.79452515]
[0.6200377]
[0.5953146]
[0.6920275]
[0.49026468]
[0.6190854]
[0.8339757]
[0.62537056]
[0.49035087]
[0.34218636]
[0.48827308]
[0.78402257]
[0.39107183]
[0.48817253]
[0.64179444]
[0.787035]
[0.8461487]
[0.35312182]
[0.8411443]
[0.7397612]
[0.711533]
[0.5773106]
[0.7992731]
[0.63212997]
[0.97681797]
[0.6798742]
[0.9437322]
[0.7910253]
[0.9570166]
[0.41167876]
[0.5407706]
[0.8369789]
[0.70622337]
[0.5229435]
[0.15906468]
[0.735174]
[0.83140516]
[0.68466985]
[0.65418845]
[0.4959778]
[0.8297119]
[0.45920312]
[0.8584476]
[0.7052951]
[0.78325284]
[0.43879563]
[0.97360826]
[0.8018179]
[0.81694186]
[0.75160366]
[0.81299067]
[0.5791482]
[0.7132032]
[0.6780405]
[0.76220465]
[0.56192017]
[0.74479675]
[0.5902204]
[0.78158796]
[0.45993444]
[0.52896]
[0.42852256]
[0.41172484]
[0.6979157]
[0.27313113]
[0.7542732]
[0.4362701]
[0.8680092]
[0.26563534]
[0.6698205]
[0.368945]
[0.2905007]
[0.65252703]
[0.609488]
[0.51509]
[0.42911437]
[0.8005785]
[0.75682247]
[0.69580716]
[0.6340419]
[0.8950304]
[0.45948607]
[0.75895643]
[0.6295185]
[0.7858974]
[0.70184326]
[0.8684491]
[0.88632286]
[0.8665499]
[0.8777416]
[0.844386]
[0.45650616]
[0.750901]
[0.58661157]
[0.59089893]
[0.59249747]
[0.6488379]
[0.721276]
[0.588853]
[0.6168749]
[0.53280854]
[0.75044143]
[0.7411875]
[0.7526052]
[0.8007238]
[0.6660528]
[0.3499271]
[0.3176664]
[0.4662351]
[0.37104392]
[0.4690532]
[0.63281626]
[0.52037686]
[0.68485737]
[0.83560944]
[0.83631617]
[0.78460336]
[0.64167535]
[0.77090126]
[0.7855524]
[0.7997168]
[0.7570363]
[0.7383917]
[0.3648675]
[0.46529123]
[0.62719935]
[0.6016743]
[0.71338767]
[0.62413526]
[0.5932462]
[0.8588095]
[0.65366805]
[0.77209365]
[0.8228401]
[0.80516624]
[0.72524875]
[0.8454789]
[0.8837501]
[0.84722275]
[0.8636749]
[0.80631465]
[0.71409595]
[0.7179435]
[0.6877673]
[0.66880417]
[0.691576]
[0.66327906]
[0.87260103]
[0.8488505]
[0.8608166]
[0.73416924]
[0.7930678]
[0.6308498]
[0.7037123]
[0.67092574]
[0.6843221]
[0.680605]
[0.855883]
[0.84529334]
[0.64911777]
[0.6660582]
[0.66076297]
[0.90512204]
[0.7360277]
[0.76434994]
[0.85136217]
[0.8110107]
[0.8103103]
[0.6814001]
[0.6518741]
[0.657396]
[0.65525264]
[0.60760146]
[0.5930238]
[0.8048147]
[0.7527497]
[0.7492741]
[0.8133699]
[0.79109806]
[0.82284844]
[0.77918375]
[0.65573955]
[0.6398878]
[0.61128193]
[0.5006096]
[0.54552907]
[0.78920543]
[0.81849885]
[0.836192]
[0.8032469]
[0.6458806]
[0.80933887]
[0.80223644]
[0.81050247]
[0.8397399]
[0.82270515]
