Model: SO_GAAL
Dataset 21: wbc.mat
Time taken: 77.84892559051514 seg.
Accuracy: 0.0
@scores
[0.50185055]
[0.49120393]
[0.54983115]
[0.5206819]
[0.5525069]
[0.50558704]
[0.4931178]
[0.5212095]
[0.5191257]
[0.53501666]
[0.52565885]
[0.5179558]
[0.5466104]
[0.53313833]
[0.49608192]
[0.5238354]
[0.515195]
[0.5308258]
[0.38138473]
[0.5240819]
[0.4900247]
[0.5164046]
[0.50322163]
[0.49911723]
[0.48683918]
[0.45651194]
[0.5084693]
[0.48907274]
[0.45877743]
[0.47742128]
[0.5138877]
[0.4916752]
[0.521076]
[0.52435505]
[0.5262911]
[0.5397843]
[0.5237282]
[0.5049034]
[0.512248]
[0.48802236]
[0.52185917]
[0.5008624]
[0.51331264]
[0.4712329]
[0.40113413]
[0.49467534]
[0.5296996]
[0.49958032]
[0.46688688]
[0.52758956]
[0.48478878]
[0.49994323]
[0.50989044]
[0.4486888]
[0.51235515]
[0.4814316]
[0.5038742]
[0.53270394]
[0.49880067]
[0.5568534]
[0.5087285]
[0.5015046]
[0.5371036]
[0.49915716]
[0.45631307]
[0.48290116]
[0.50679517]
[0.49241]
[0.47150597]
[0.37644008]
[0.54305524]
[0.49330464]
[0.5162718]
[0.4526975]
[0.53865194]
[0.54888195]
[0.48024648]
[0.48481527]
[0.5007509]
[0.5443655]
[0.49155414]
[0.52826035]
[0.52804357]
[0.5352925]
[0.55907315]
[0.46713346]
[0.52903944]
[0.53058714]
[0.5149764]
[0.5184039]
[0.5289686]
[0.5159397]
[0.51852316]
[0.5037111]
[0.52804595]
[0.52067745]
[0.49856067]
[0.487189]
[0.53401667]
[0.4609184]
[0.49435002]
[0.51763093]
[0.47554618]
[0.5147373]
[0.5041678]
[0.48875412]
[0.5315063]
[0.5097125]
[0.486953]
[0.5428844]
[0.4769444]
[0.48826462]
[0.5210104]
[0.5087165]
[0.5508696]
[0.4944787]
[0.44741058]
[0.5103277]
[0.5433039]
[0.45167643]
[0.4852836]
[0.5001883]
[0.5083629]
[0.45050427]
[0.5056701]
[0.52445]
[0.5266711]
[0.5010444]
[0.4836631]
[0.50365144]
[0.482906]
[0.52504265]
[0.5378798]
[0.537729]
[0.49903774]
[0.5352134]
[0.51476485]
[0.50634545]
[0.5315719]
[0.48300806]
[0.52631414]
[0.49072522]
[0.53421426]
[0.44184]
[0.52386]
[0.4267633]
[0.4782323]
[0.5074961]
[0.5196533]
[0.52609617]
[0.52317494]
[0.5587596]
[0.50394726]
[0.5267546]
[0.49474376]
[0.5290901]
[0.5197672]
[0.51047623]
[0.52149236]
[0.57107735]
[0.52757126]
[0.52654177]
[0.525598]
[0.51185226]
[0.51058066]
[0.5399493]
[0.5162499]
[0.53420293]
[0.54396635]
[0.45187774]
[0.52680206]
[0.5093388]
[0.50634927]
[0.5215888]
[0.51276624]
[0.51124644]
[0.5384975]
[0.48166835]
[0.5070887]
[0.54156363]
[0.52433056]
[0.5123701]
[0.5204215]
[0.46903437]
[0.5088248]
[0.519618]
[0.5229188]
[0.49840695]
[0.51971626]
[0.48921365]
[0.5312628]
[0.50681716]
[0.5390852]
[0.5260338]
[0.48055696]
[0.4711939]
[0.51240665]
[0.53439254]
[0.52929926]
[0.5315704]
[0.49599314]
[0.5079049]
[0.45986363]
[0.5161196]
[0.5079008]
[0.504287]
[0.51105714]
[0.46305233]
[0.4312847]
[0.49679974]
[0.500294]
[0.5038045]
[0.5319735]
[0.49486515]
[0.4776028]
[0.51008886]
[0.51515675]
[0.5111607]
[0.47547176]
[0.5459192]
[0.5145395]
[0.4944416]
[0.50981003]
[0.47773314]
[0.4997027]
[0.53639466]
[0.51348144]
[0.5280204]
[0.4961891]
[0.5086588]
[0.53395396]
[0.51047033]
[0.48055494]
[0.48154002]
[0.500509]
[0.516387]
[0.5238208]
[0.52802193]
[0.46088874]
[0.49903268]
[0.49921516]
[0.5294252]
[0.5192441]
[0.4982423]
[0.4374789]
[0.50398296]
[0.4810379]
[0.5134065]
[0.5463433]
[0.50290275]
[0.504222]
[0.55354226]
[0.52512]
[0.4815901]
[0.4975618]
[0.50620586]
[0.5038276]
[0.49651846]
[0.5231991]
[0.47314277]
[0.5089915]
[0.52904737]
[0.49681836]
[0.48870897]
[0.47845572]
[0.48120832]
[0.4905726]
[0.4935338]
[0.5218606]
[0.47524342]
[0.46030006]
[0.4969086]
[0.50462204]
[0.5231634]
[0.48849374]
[0.5223468]
[0.51396275]
[0.43865478]
[0.46656185]
[0.5314696]
[0.4598093]
[0.52490366]
[0.48833847]
[0.48922193]
[0.48892385]
[0.5122112]
[0.50555676]
[0.47084057]
[0.5138877]
[0.5126371]
[0.5129087]
[0.50077385]
[0.49184853]
[0.5046829]
[0.46750647]
[0.44320148]
[0.49276158]
[0.50979173]
[0.507784]
[0.46678734]
[0.5329842]
[0.50209343]
[0.4797118]
[0.4767845]
[0.51246667]
[0.47310308]
[0.498055]
[0.47580042]
[0.46967065]
[0.49052835]
[0.51779455]
[0.4900662]
[0.5208015]
[0.5118655]
[0.4857461]
[0.51286966]
[0.4691385]
[0.4929959]
[0.5066185]
[0.5418116]
[0.48503304]
[0.53026074]
[0.54538727]
[0.4764993]
[0.52714115]
[0.4742811]
[0.5176334]
[0.49948964]
[0.49748635]
[0.5088547]
[0.4999094]
[0.46050552]
[0.54258806]
[0.45815778]
[0.49537757]
[0.44400683]
[0.47876278]
[0.48881155]
[0.4845178]
[0.4854945]
[0.5455034]
[0.5270126]
[0.538767]
[0.49979502]
[0.53471315]
[0.5058251]
[0.49893206]
[0.529317]
[0.48202008]
[0.4861971]
[0.51445806]
[0.512557]
[0.4506454]
[0.4668263]
[0.465096]
[0.5004759]
[0.5497452]
[0.47460842]
[0.3409806]
[0.45472294]
[0.40191847]
[0.3834529]
[0.36472934]
[0.43134382]
[0.30356103]
[0.46160918]
[0.36796916]
[0.43179178]
[0.36742365]
[0.45118284]
[0.392371]
[0.4418648]
[0.34706965]
[0.4113967]
[0.47460842]
[0.26952642]
[0.34360394]
[0.42639825]
