Model: SOD
Dataset 6: ionosphere.mat
Time taken: 0.0897057056427002 seg.
Accuracy: 0.8015873015873016
@scores
0.15048139533365082
0.4561498478251418
0.12105291705258976
0.6674107170751892
0.234818077112782
0.057192881742796055
0.128561656143074
0.563043832928253
0.08132816153562496
0.25479574486399886
0.07877302502086289
0.44100819471367997
0.05327906291343097
0.09390011349700275
0.06775933639405349
0.6534978984309487
0.08739668585340003
0.9889278791329191
0.23816435125692423
0.8885953413427753
0.09094551040962202
0.8370581166668914
0.09136486560070724
0.7399575822124874
0.1517810348205285
0.26024904504475305
0.17505248167506798
0.7820971953479072
0.16171097895226536
0.6485014429306422
0.11369568916860397
0.24915334427679772
0.14479048006247586
0.4957929694307897
0.21017476929014733
0.21094315358793947
0.03415917763141476
0.8698587348237726
0.052536456293293524
0.29181447884764905
0.0630984242671717
0.8715098279868247
0.22597631795103193
0.6431414387101471
0.044457245351408055
0.5479436482076336
0.05359164241478593
0.5126074825220281
0.08477353600151406
0.5189588741553852
0.21787711002886334
0.7202939118074275
0.3246169265561333
0.8996169580876392
0.05928469025463687
0.9155357502076312
0.2467714644192071
0.8612257663132509
0.06857321853354993
0.6203439941681861
0.057348074787713164
0.3656065008087833
0.07512497963989569
0.6949953967984248
0.20188923927490537
0.19715902603616559
0.08214908258492883
0.23927134120517862
0.20119384249089237
0.4715232021281567
0.11274133890552537
0.8695437305369983
0.0539581742055826
0.20938952903410668
0.0851434515000028
0.5478738117555259
0.0926899419963017
0.900122830979393
0.2647294767134933
0.6407637394031104
0.2823032154521652
0.5773337240972937
0.05856263828425508
0.25914708192951613
0.04694612033286341
0.14010976160496455
0.07041526707208698
0.15951507414598784
0.08947133358060731
0.167599661955208
0.18241689730926103
0.3834147419056438
0.1427474242127109
0.3700989782818239
0.1311375463778395
0.38339858155945233
0.01892367627074616
0.08721823556694877
0.7235218245598295
0.054322944130450086
0.5413484867810362
0.043775801680006686
0.041251215048098214
0.10235458612316523
0.308753889434611
0.2033383673057055
0.30473503790649836
0.06722506075861887
0.18851835811584056
0.13277697597399937
0.3661930419122315
0.0695109384367161
0.3026468994851052
0.06586541018116665
0.3896423493399336
0.12900200169700213
0.10057059719255257
0.05528757469359639
0.4043586927069731
0.07040616475752415
0.2592082464279074
0.24962256678145608
0.3637732265749501
0.11005981478950434
0.5965032552111132
0.24499915109229944
0.17973047116353602
0.031186535478739324
0.3953812556755259
0.021997229020094777
0.20991230245972048
0.12348810933986044
0.3687887211362354
0.2621952065882721
0.3896706292942797
0.06792728178031637
0.6313844655015004
0.12466597103631998
0.11972319247918964
0.17123825308602156
0.40070650170456146
0.020673367560359278
0.35531507672447876
0.06245108083932575
0.11240189185272385
0.17767627514438109
0.2496892732833536
0.03888291868931653
0.09056368101832123
0.03595207214759511
0.26801669367247444
0.061930995275102006
0.048498684446544066
0.06749850639227137
0.0426978097067051
0.02914632569295826
0.034308651431460474
0.2509465007075485
0.11315319428176415
0.1612445420165211
0.04028929895697423
0.06839123657363878
0.5057474805163146
0.062395677539594054
0.4728070897798291
0.11873404472882523
0.889512041454822
0.21915452500818344
0.09225323942532677
0.16956906053286963
0.7267190724965397
0.1103474855324458
0.5340671004856662
0.10884893704120403
0.32416818452569374
0.1456692837417762
0.5637793435981847
0.12184360075709577
0.07487139412879577
0.0807830625580016
0.43377992510391006
0.17628840391121164
0.6404156107700686
0.16290055772648537
0.6790299011095657
0.050486344344906744
0.8039407077207694
0.30196469317111074
0.7816861507575928
0.396127130377638
0.6290966754167873
0.21223108242730768
0.46677311953759415
0.19663668245852328
0.678427329327664
0.12700948213296598
0.4867568454209282
0.07344274685183592
0.6216687834412912
0.09557034936586266
0.5782196224163734
0.06803591972351809
0.7841838869200684
0.053338810394287735
0.7390349892660136
0.07408996145275977
0.8931022216329396
0.111221885245216
0.43395584159462586
0.1260729258970775
0.8176164909045072
0.07463530856437856
0.448654014582358
0.20324181998235286
0.32632979666354495
0.0409186890315721
0.2597200119639657
0.128275631400382
0.6682151515525734
0.10257931157918158
0.7662732941982906
0.24542546986237324
0.5320186020475993
0.09082674579951332
0.528808513766175
0.05252967720548549
0.7388045061015803
0.09276579607403797
0.2592207193752931
0.21351386830836072
0.06519486204832403
0.020285740106455726
0.8395316222586259
0.1007705802980215
0.36867332983921325
0.2118823844938259
0.25325464722022945
0.06526542589112552
0.10327410267554979
0.0666892206639477
0.45157104969890033
0.061055801628138055
0.3514312839408093
0.053887864455011925
0.36647718492740106
0.06435781529853231
0.41508808895867927
0.07941510897420348
0.043731598789916455
0.21254056195774138
0.7646596155640647
0.10694846752262278
0.35546533719255474
0.18552451055952943
0.18923899768160488
0.05636254312872602
0.04486437892136699
0.12367693480121315
0.08811058108611775
0.03967280237769952
0.07650865843308698
0.08397799913568632
0.09186540050594481
0.1029076155390901
0.13527037098735095
0.06569633959767723
0.29784649451657563
0.2254135649501945
0.1651883536703254
0.062239553752369704
0.04153552064598847
0.16288318263815124
0.07940885432413333
0.06175753193914315
0.11368986700640181
0.08044030686084348
0.07137325725095577
0.09692518952026075
0.11941990606259913
0.11344488603475038
0.06096414489732879
0.04719762674706809
0.0635547834040313
0.126026225309982
0.09902125292329925
0.12730825327369785
0.18650522185290147
0.052063885734477455
0.13593363174889594
0.08499660220586273
0.13479383325137687
0.1311604834946963
0.09006858975771992
0.06667785246591754
0.1263524402212207
0.08390774482330779
0.08856718339527025
0.09456918577669296
0.10198896788811208
0.10589292175967194
0.07560661136123883
0.0711192781417247
0.03176298809017608
0.03241142252635353
0.08129726736951248
0.18262538829221514
0.13940852746130192
0.29354292808678717
0.09302216194470363
0.04785623207130392
0.08223093169158831
0.12849367006866247
0.026627637853678773
0.1937254863657118
0.10161178444747442
0.06838406774242078
0.05788285978965252
0.1296666544818822
0.03596240715664066
0.05547191602727312
0.02428614603901927
0.05300215768930756
0.04184449435331022
0.1250301645617302
0.04454546054973769
0.05585340355213048
0.07676188727719728
0.19675499297298663
0.1975367884130179
0.032458873605687534
0.09196324615663946
0.06363918172506908
0.029580602283770137
0.018707072122184587
0.019142230251462326
0.03641095470061896
0.05999946358212593
0.09133180187949626
0.18296421088489773
0.05908270601136176
0.25215954826575226
0.022939539158677514
0.06340809572375204
0.0989171786058081
0.04171782719520384
0.17243330025746711
0.06894266179949829
0.025458885389540876
0.03242557413070555
0.06628860496614139
0.0572312008206625
