Model: SOD
Dataset 21: wbc.mat
Time taken: 0.09823799133300781 seg.
Accuracy: 0.5238095238095238
@scores
0.03671473894412593
0.02948864512677921
0.039169040727258915
0.035203110645973056
0.03769133567583026
0.022720452928256904
0.028736205834432232
0.02597983943535573
0.019891808846111622
0.03277423061573877
0.0316539949148953
0.029772479247161678
0.021443211494049753
0.04250296519296479
0.06502719604078551
0.049614506103053506
0.029119985081333972
0.03114638330401764
0.09741461620891811
0.025487248767410233
0.07881237987368198
0.014233705768750942
0.0862478564843879
0.022204979524917588
0.035887247034173585
0.04192430869355434
0.010623577925635317
0.01661206527553153
0.03971268239855934
0.029971168211867266
0.03461746121084407
0.020146056451204587
0.04769922133542521
0.028973643947591433
0.019323905156792828
0.05651475408885413
0.03299024670522144
0.04846830072100297
0.02219498676840648
0.021755594004555165
0.020711438784238003
0.03317966557291507
0.020356301973409974
0.04993016528497176
0.08719943892787695
0.029060945490794042
0.04453078104698828
0.030269331674645968
0.07081565239116851
0.0314931969640968
0.02397550158487508
0.03031452755887667
0.018166263548376773
0.0792844709673206
0.03297131129315849
0.02039327764486634
0.040333611532825164
0.033924501554134096
0.050564295492324586
0.027833802726871554
0.02983276549383467
0.027724585946618068
0.03444348499907903
0.05464713320070826
0.0536132564932368
0.02552213106932091
0.02255152069654529
0.048957960066720624
0.09174468358567583
0.17456763720354854
0.03084328511595796
0.02957747977465284
0.01319264673100584
0.06615836072549343
0.01992815183417881
0.019191161917291193
0.03816921549287069
0.027942544889405303
0.03119072781131213
0.04373597929695514
0.02659230781125675
0.03433419569854401
0.037576797485930236
0.03459688329724108
0.026828588973500666
0.06357389223821872
0.023437115788193616
0.017420141344241635
0.04482575253334927
0.03413285302833153
0.036260397117773215
0.02880099482197121
0.037926544674127746
0.07240736627840365
0.07721707422487549
0.019103792917631278
0.02170546024241025
0.032273266170183376
0.02260908769609497
0.046885738272167965
0.0366623016421962
0.024005158838369744
0.029964616639682643
0.028504484244258443
0.047168247417833625
0.03202933149261861
0.03387133709506978
0.026124085352818148
0.044188861585922806
0.02904088817033842
0.031515170971123524
0.042379629712782946
0.05936766440372484
0.05165527521798996
0.02188733601880847
0.023335892491986986
0.07223108046804372
0.011151084794419551
0.0217328377048778
0.045333539016339304
0.027360119433234947
0.03668562026134301
0.04144983304821432
0.05631880163133599
0.0281755289472082
0.022555705571180938
0.02497163530711722
0.02674884786445257
0.026534449911732573
0.022096770890627192
0.017995257129480555
0.029262762894081945
0.009540376374413776
0.02782652779439912
0.062726196812034
0.02188730897240414
0.021183524487620675
0.027384661146994466
0.06111118648582095
0.034005544986895536
0.020194938599809486
0.031064533970475875
0.04035829340720504
0.07184476579414806
0.026303283562395263
0.11581387621960412
0.03944845864973615
0.02279657603320612
0.024340306219632207
0.02839994136497041
0.018966212522708262
0.03884562742299865
0.018626677110268264
0.02568641952264433
0.02497212778190542
0.031027157504210062
0.03369142539416334
0.03209258526505394
0.038540434209604096
0.03877297461366815
0.021182899024208918
0.02690699842551621
0.03019264283092928
0.03069084666885315
0.02885359296673202
0.030221689685210912
0.04808121115818873
0.021990360169449722
0.021199035479963647
0.05386718303905592
0.035673214002519965
0.035344875725489444
0.023965767956055636
0.016133573921778367
0.01685781462769677
0.015311173078817481
0.0185473496191285
0.02276083402927793
0.04868874825823964
0.012868084673594342
0.02420825090550436
0.04299129052911556
0.01491118897690282
0.020832465260601375
0.06667246256994237
0.019146811626102222
0.03157173640897411
0.021558662985990244
0.021987210948614774
0.022638101490231825
0.027623862249919157
0.03919727493022237
0.024680273762408715
0.04054741276539439
0.032725003515528185
0.04034689193227314
0.018756363239188945
0.04283954691992567
0.03858364156092321
0.03837016087795865
0.01856410332953566
0.02152549335031433
0.039102229733663736
0.018041991864562738
0.019074012382257515
0.028318913141896593
0.024808341811330962
0.04340082436305068
0.0733565115836081
0.029850248167994215
0.042529698032187195
0.028148030788365225
0.03289197492629621
0.05267547492470511
0.043995622114078016
0.01883342311869744
0.019253950010618175
0.019633055974908463
0.042337604937104555
0.019229551878393907
0.0441895621279493
0.028125972211868105
0.028162125319279963
0.03766764693035534
0.02849923279546917
0.04067044059487191
0.03051842718047669
0.028219512865499667
0.03710529201371802
0.0278235224589432
0.033797636209054197
0.026593552319796057
0.02965483588667591
0.02435703818666389
0.01988441559269755
0.030251002394890918
0.018789751846427782
0.07649105779782915
0.04685259476302131
0.013254193881801008
0.014062860978096427
0.022689897453067768
0.020896490019340377
0.03170175391163926
0.06728342697091316
0.030248501932733974
0.031663403059854094
0.03940951609265645
0.026662097907224968
0.028598539661441214
0.022663815275677093
0.030054466801842705
0.02097510741352045
0.03244320501517771
0.020698312367491076
0.03953945317172821
0.0202031014335371
0.020854722965555416
0.01679751337639322
0.05185012293207219
0.03056338364583791
0.044684208572136515
0.023524099780824106
0.03532744059237275
0.030061184788962962
0.052218461933349856
0.0522646846725713
0.02835579471560393
0.018284232204939306
0.036872181786587924
0.0531160972799851
0.021818553825344093
0.02880692127392344
0.04751827107766501
0.03937224180327986
0.021077567611413852
0.026361067782294703
0.03433783788159699
0.04042588175653163
0.009683303190038971
0.044270769925811665
0.036042498974440756
0.048652930437289646
0.022456479742448042
0.054762289005038
0.044404086439461844
0.020470004441367824
0.01873243584390418
0.014487364219767321
0.03382320094482355
0.016043654684704572
0.01572668436296325
0.03023546741683489
0.02665174015677557
0.05203742085721182
0.048481912035502644
0.02912199906066622
0.026781128495174274
0.03151155533690258
0.09062307682468303
0.02774651600352313
0.024786364721448698
0.029144370265385758
0.023579890025005247
0.02073958785123
0.038197209319526505
0.022132493936687234
0.13203680052604616
0.10800289769301591
0.03770237918412939
0.03254344442088417
0.03846334841291077
0.03152643145460608
0.026819940107500797
0.02349459724909073
0.03526029020490194
0.05226669651629669
0.029191582135118087
0.05374676394129808
0.018451150901416528
0.028285980535029332
0.03244170191517915
0.03662862240277311
0.037575170659606125
0.023052272325057844
0.047537663407539725
0.016635185410734433
0.03233385581526185
0.036492997846189396
0.029925844504175868
0.038123529918841804
0.05168501219582806
0.06126526233853109
0.08644443031161936
0.02731677685708609
0.04544281443552456
0.024985743345019573
0.02651353685172054
0.03754267601334952
0.01443871479494819
0.00959318463999471
0.020327069206180444
0.024380983450548028
0.03927531798854536
0.03361587406113952
0.027121739890190087
0.03285356697441236
0.03174906543983804
0.029800553973435413
0.052345578510116925
0.03285661291063814
0.037042341722445984
0.04912482082931855
0.036570167709522504
0.06674461251585406
0.04560013079158691
0.041616644223816474
0.051756475780382574
0.09159085807503534
0.07872524740200834
0.12038312054828092
0.17668784250703207
0.07748083320003521
0.124549575389435
0.07954248387342312
0.07550445786468052
0.12581086081938572
0.11885565746278885
0.25474331668917005
0.01958604190639548
0.07123072990944128
0.07764218460777603
0.07427363580822648
0.08241861953894586
0.051756475780382574
0.2200844311863441
0.11420621992604252
0.040244088035541796
