Model: SOD
Dataset 18: thyroid.mat
Time taken: 3.4738011360168457 seg.
Accuracy: 0.21505376344086022
@scores
0.006725675800883546
0.006765755459205786
0.009713419123575864
0.0029346296854073865
0.0035448096949244495
0.0081775648734766
0.005258745107232351
0.005869259370146124
0.0076581451355125915
0.012305327758384348
0.01279056603770588
0.010867706730914948
0.002919161487823135
0.00719145593963762
0.005912963806448405
0.005368413430627496
0.0026836640426731863
0.0035950601015555216
0.025599279535630178
0.018327661513580572
0.006499276756920482
0.003370934955255286
0.0009576234996109444
0.00835418030963179
0.0019648272471096875
0.006036579527127664
0.020823979196720847
0.005298787981020453
0.006826373667898249
5.688200336284365e-17
0.0017375541715685127
0.01745673003350926
0.0035716230788390567
0.002205647579761929
0.004710521404538192
0.003518922107693243
0.002634344474654698
0.008043920454686907
0.01613396226410508
0.16722373205231245
0.004825076390600611
0.014944024271132396
0.02017805537752933
0.01610729581146586
0.01040068367452865
0.0015645507462916605
0.0012197949277180887
0.0026773584905655603
0.006438034077168444
0.010585443948779067
0.011973587895413274
0.0034482538831739316
0.00285660377358601
0.003476687254541646
0.0020123389449086186
0.0066016481355310195
0.014748839997714968
0.00723058429084298
0.002486012901031379
0.0035343670299819554
0.00858055400394155
0.011268145454127496
0.0033523602875987603
0.003998024107307909
0.015304543252426717
0.001148299043991575
0.006885911868265019
0.0018942110232982219
0.012243305001279098
0.009008173754569285
0.0055341075255400584
0.038725359556082896
0.0026927802388223556
0.0028481233533115637
0.016391151437053348
0.0027855764184310182
0.009409181044789048
0.008315226065150194
0.008134386540445121
0.00877033370056558
0.004098661082929962
0.004408505466672963
0.11415453834662223
0.0010693197532925228
0.00873753008990151
0.003646794471870358
0.0055565153227296795
0.0030671732937312362
0.004974254788574553
0.00011033171523523907
0.003175677892061036
0.005669973528687622
0.09858469394477105
0.010547252851071222
0.0038051466665013365
0.005515847280522459
0.0014170643882372397
0.007902504405076295
0.012051838617868972
0.003479739804459458
0.005958430767839316
0.002204321055379466
0.038779145372244396
0.0035477838811611303
0.0034943307025441747
0.001317790921212453
0.026455759460746936
0.0075527582551872235
0.004449221767794668
0.002465525043107914
0.00477731532117078
0.0021845561123716765
0.017971306907087297
0.006687589562248344
0.010479744160269493
0.010987746442262197
0.03820529052553321
0.011492074440955485
0.009442356937304063
0.005936903688623241
0.007976696625891604
0.06931793089682667
0.008551230211879576
0.0038223222553394366
0.006759870863588652
0.00042719694203850294
0.004799222026834668
0.031137595028736
0.011154885517290774
0.015969649481860654
0.007089456983974397
0.0020811320754711904
0.00905246342688235
0.004670807100015926
0.017879607564748864
0.05109777941686042
0.005550009011611594
0.0027472559248349323
0.00982647314593039
0.007552830188680931
0.011274749685488953
0.0011566037735784
0.0037856077966442196
0.009100574750511126
0.004331528911031267
0.004443333066706116
0.006812447642137168
0.020210455753958082
0.006984253196254456
0.025093926017002326
0.01051686527471535
0.012673685872652711
0.0015388864335692549
0.008827777132524186
0.0050501921836663315
0.0035025586161685517
0.011300209866800701
0.004545867639534716
0.0018223676251319333
0.012664027213666653
0.008465336171792435
0.03735213816417411
0.00164905660377476
0.0045621916814855305
0.0007056511416392523
0.010296468493633306
0.004802964165922549
0.007672657370225482
0.017622335547094446
0.017695563088496537
0.0025348771343114496
0.002435356084517114
0.005815500944662388
0.005053294694548695
0.006595520641691032
0.004568717448209859
0.005378050114266383
0.013166702491346055
0.002293165494542918
0.0085236796274854
0.006280347044514656
0.001933203256489299
0.0009452830188655002
0.0017584905660387002
0.0045267622894224644
0.0010452830188672998
0.005592893851165822
0.01598846827388309
0.00988884564116318
0.01077516162810323
0.007460360187054326
0.007345751124614181
0.01086607984937437
0.0005792452830182
0.004197526895522101
0.0054202100753743656
0.003817976262097098
0.044435920399587076
0.0062368843168208845
0.005562221985335484
0.002800916429791463
0.00766665219614218
0.005118868631118703
0.015613395461378373
0.005426455743764014
0.002021085863515926
0.00934507846487386
0.005662419751733725
0.009738678505745684
0.0020528301886815004
0.005408301260604264
0.016189738317200178
0.0014698113207552903
0.004241205024523517
0.002445346080989453
0.0025324320178550432
0.009377222692897447
0.007158935993591385
0.003147337400866227
0.0073245283018813015
0.0008962264150934995
0.011475415683986703
0.010742216174500389
0.0021810896927299326
0.0037980436218746517
0.0021363463488326276
0.0128025521551402
0.009011301279018176
0.0029268986123459828
0.0034744738077932148
0.0016437461367166467
0.0010281810567941427
0.01827328610932435
0.0024653167780348192
0.0033832348684940654
0.0059825319866098955
0.008957660135530282
0.006284024043556693
0.010436342510075608
0.0029900147930196673
0.006097852239849881
0.012571554388120614
0.0024075471698126
0.0027727354611322657
0.01668815990142436
0.021398337762623617
0.008115121661388426
0.007018633813599094
0.0035147936530031962
0.006336091256489701
0.00465240663569272
0.007017726785482653
0.01363972241132081
0.01932465668325633
0.005121734568933805
0.00097735849056595
0.004406907293638586
0.004971049853222698
0.017712707369010372
0.00477625473440659
0.0058744777950603694
0.01101523562931059
0.0106917703950274
0.0020568585333954016
0.0013248753042618662
0.004851351991579748
5.688200336284365e-17
0.0011086374486702199
0.0005483206153466818
0.0017549649496180336
0.0003336809507434038
0.00374680202758007
0.0018203439382472404
0.002345973531154809
0.005724832846755203
0.015428635778693373
0.010767607863374586
0.002989195133296032
0.006580814032411953
0.005541049105579929
0.0003415094339524992
0.0032870437507382198
0.010049233382923727
0.0021823346335431808
0.006863054076156939
0.008986542831673652
0.0008054747967548825
0.0011603773584879901
0.004895809933880892
0.02937182631786188
0.00043773584905655973
0.016004504562314458
0.00418350568381737
0.002131130896847676
0.0050753543246223115
0.0049961459943584415
0.0009534324094126165
0.010851600328638415
0.010321058123795952
0.004069343268662532
0.00019053877749119921
0.009193760157337113
0.006027966072293336
0.003074808420713444
0.001972965324497616
0.002697483078291456
0.00963520575438099
0.006144784832784692
0.004278336521145726
0.009440871416526218
0.014872396417859552
0.00089811320754816
0.0014471698113258998
0.0037724897843981727
0.00914554247287837
0.0012509433962275994
0.0030388765904519398
0.006607489427224681
0.0009698113207539999
0.006944544065993816
0.013672108572976982
0.0028753336190698578
0.0016881687184106774
0.00019053877749119921
0.00031685493412549905
0.0077935985373921565
0.009263993158033662
0.0094605920300809
0.004503852417736272
0.0016916933393851404
0.0019659034077298006
0.004980880505086201
0.005794587829280069
0.005095078104749402
0.0011095359014098095
0.001060257978255381
0.00011033171523523907
0.005733962264148599
0.008835341089513431
0.005599437702978257
0.0019191318525371068
0.0004994133067210581
0.015005351258203865
0.021056253861514523
0.014909355277164247
0.04412975715047344
0.00907730902302994
0.017533420025347714
0.015977007852615834
0.013355901747001062
0.007546379246231846
0.00272072192363166
0.010804336555102373
0.0124587368003402
0.004100078651424887
0.00954685804802354
0.011145224353612619
0.006831680974076367
0.015728120103856196
0.0030496659834460564
0.004869061053942115
0.003023134543929581
0.004973159200756858
0.00448114555778473
0.005107261720520001
0.004810826200243725
0.010921072133562752
0.010734227174716742
0.004545247638995167
0.005097442894083972
0.029395019170571347
0.0023772839454578912
0.003993225532684058
0.002530356064359093
0.003679395928547676
0.004179615503634777
0.008081291872076254
0.0028969748394390995
0.0028558536198191016
0.024375350467601135
0.0005430046414011884
0.005706746850400097
0.0056192663277700805
0.0020958986930129267
0.003644930136712416
0.007447078769820664
0.0073212750905570795
0.015135739266590951
0.00019053877749119921
0.010380083483373222
0.008040150242300308
0.0073034855395941395
0.008411118574137181
0.005595557363410623
0.0138597387993944
0.009025987887454566
0.0091675078535797
0.015386619427254866
0.004456603773591
0.013224942602873132
0.004305692015928539
0.004294507813571695
0.00044765816883331476
0.004956250663081762
0.013423430860756555
0.006422824562409095
0.009911445156419592
0.004468582718570203
0.025523346172872035
0.020665580905066018
0.006718062256509077
0.006905083570584761
0.006014365975857106
0.009404281007257678
0.008696285970721003
0.004978635902800068
0.00575252710528522
0.0061182347106313074
0.00146603773584924
0.00019053877749119921
0.005202806463814721
0.004919484704543303
0.02064292862947176
0.010527471662272957
0.024226394608566446
0.004298273572402297
0.0013703561045396993
0.010491045889368451
0.004740729572717813
0.013461108396627596
0.01588807408054655
0.0089229535416247
0.025956893349828494
0.0035464561869884776
0.0005014173768817066
0.0017371040080942713
0.0037069336183328
0.004198911766613507
0.012271347736534328
5.688200336284365e-17
0.0005430046414011884
0.00887519030824107
0.006798942731975689
0.041166133678723446
0.004445946303113729
0.01938056373549152
0.0004045664763021034
0.0004045664763021034
5.688200336284365e-17
0.003247365472006033
0.002681132075472
0.0034845247362007424
0.007776752342391719
0.003094142422706194
0.005739687343395595
0.005174188943673355
0.004640513001782636
0.011657409579488128
0.0011561354340063703
0.009960729308288592
0.011537155602580437
0.011967019773662352
0.0186754716981496
0.0011475409833999473
0.006173914357555723
0.01245818859664732
0.00783423243241027
0.021907099216490263
0.002715215909215468
0.004299310487326627
0.0021923834851660788
0.00883148588370412
0.007812695423328164
0.017235852372780042
0.010479957247427618
0.023943357459724673
0.00462686168316556
0.007042960603301675
0.0030369441957741506
0.004157592779579422
0.0003191613207785845
0.0001826990698681883
0.00011033171523523907
0.00011033171523523907
0.014601405337371509
0.0008668178248832264
0.002853156099310288
0.015933842069067755
0.0005430046414011884
0.007730203015588839
0.00302452830188635
0.003023236003330675
0.01533127520932836
0.006081427904217444
0.012893071679719377
0.006377911666920798
0.0027096865520524044
0.006926881946704982
0.009462405784722488
0.0021127901404499523
0.0006943396226432499
0.017484083840738185
0.006471768921224364
0.0014303822059570732
0.010292850837279242
0.003448814623218289
0.006926700616302468
0.009694753380797607
0.020702647939682704
0.0041058517930162375
0.006170504668181749
0.006454065141001838
0.01356947089005783
0.012347790006565482
0.015626881550887872
0.04192501119041759
0.043135678478703886
0.012018052066137595
0.00011340391774282797
0.011174462526721963
0.005832320252878137
0.010074430132513738
0.006212961222092926
0.0022951796338952016
0.012613053974924213
0.002122921928804159
0.016757499031128935
0.007034052979995194
0.02618624300289772
0.011138199189159134
0.005333526810412
0.007716251393158546
0.00991050966877206
0.0012954926303131256
0.005230134111486824
0.013222189390904297
0.0021876291726894604
0.0010653497101937972
0.010960130722442825
0.0017358435088320006
0.005744216855885406
0.0024719229748432223
0.003083726545774331
0.027936653067684874
0.025301350118150892
0.0038887091110925793
0.0004045664763021034
0.0012628686977693504
0.0017549649496180336
5.688200336284365e-17
0.007649180328199973
0.03584496760102517
0.016598540933418764
0.0019053877749119676
0.0016674138316241207
0.02046607928098565
0.013165408507587557
0.0008509433962264
0.0038297329888670527
0.007646787101154857
0.0006234223893436604
0.0007566037735850001
0.0024595216745920113
0.00614917565634039
0.004283378793440537
0.0042466211130809525
0.005560638644248001
0.019769295727154697
0.013802551450251893
0.026386873649702096
0.03400785128585822
2.7755575615628914e-17
0.0003191613207785845
0.000336309714501052
0.01635920362751812
0.0011545726615450824
0.0007056511416392524
0.0009576234996109444
0.0011545726615450824
0.0027785895656011494
0.015743180850645373
0.013398884290915859
0.00017547169811367
0.03430530481584052
0.011497177566302813
0.005404198967626514
0.0025490566037695605
0.022952363008590385
0.005274292576292136
0.0012092317639833346
0.0037091811717251864
0.0026755287079579834
0.01493703471031084
0.005024505192241351
0.005267023706429748
0.009152046859359627
0.0017904477365151958
0.002012390956095852
0.001987607146884419
0.0021297451269688154
0.020489049570036628
0.0028584905660373
0.007388655742321804
0.02045490874413171
0.011381121603997804
0.0012652097760337238
0.002191926705325648
0.010340872783722104
0.003983700175768605
0.003943688043216226
0.01391472277519269
0.0017821891803313894
0.0017821891803313894
0.003957930306827077
0.004095738301625316
0.005515738373903935
0.010824601228105185
0.006485825140440822
0.009314850465664345
0.0102641509433923
0.05608739267366633
0.01150743915111079
0.009334119651699632
0.00039328209965126576
0.014267693513770526
0.008511106048435458
0.012310909621966234
0.0033662230858757776
0.022131147541000012
0.007087234064996052
0.014307379223296937
0.0038404221903737368
0.002887494459889398
0.010029834760277254
0.0044102407163283605
0.011952452145218517
0.0071457341589258195
0.004344646530397774
0.010587419984485764
0.030596259765044324
0.0027199993854780135
0.007638313331367861
0.007707377094863601
0.008445749065214682
0.010290566037728998
0.009435490269814016
0.00696000130235575
0.0271449705894532
0.005136711282660336
0.0019632624401253445
0.005096664019566427
0.001715998669438896
0.00803903521464265
0.005111194340954396
0.0014379237840303532
0.006596674689121213
0.002721665036204709
0.0011095359014098095
0.0023599851419405745
0.0023599851419405745
0.0009255341451026963
0.005732096121111981
0.0039563411603745794
0.002084359593994391
0.004942794854175676
0.0005483206153466818
0.01273736233793626
0.015488715615590717
0.01481883499597469
0.0030542156959709795
0.005136353945139405
0.002547887618331799
0.007829612856080869
0.001510023249481594
0.12764198267666485
0.018651158361679715
0.047805162772952776
0.010415971058130852
0.00502069571361503
0.004736841619162816
0.0037390211583424593
0.001477220120710634
0.0008754716981129998
0.0018491509409926665
0.0023841610068010733
0.005376543057965044
0.011197987705226701
0.001748728758634574
0.011812100268684712
0.006275957008341976
0.033087045834253315
0.0050843696672635596
0.016634965648641937
0.012533913133596333
0.00624339622642093
0.011017726790924626
0.007253475476527513
0.0034533511598744205
0.0061046026071547264
0.004075113453386911
0.0013871161227877735
0.010297581741543705
0.004404771042139681
0.0017245283018865007
0.008490926484499936
0.017888871423382552
0.005236172863340663
0.027934424513808873
0.0024885723052453478
0.0014415094339643502
0.0026304881666431214
0.02245352389458866
0.00324561490890195
0.00042339047639064763
0.006005754258844605
0.0022343283028485776
0.0014372791782749407
0.00019053877749119921
0.004013207547164201
0.009241934529857195
0.012155218963457854
0.07082477216157892
0.02041851818043955
0.00017344128595316792
0.005152536424418012
0.003520911302254793
0.004661875686023624
0.007570132891879797
0.0051538598732760775
0.0008416360240850737
0.004644519444487374
0.003516775303023578
0.008698170556035457
0.0031528301886752
0.0007951615879013392
0.0036827912638076428
0.0019200885526379286
0.003941856609913646
0.007940184954631724
0.003955876560660493
0.00684139165399112
0.006522552144174029
0.1027626640364214
0.0035566169446054215
0.008699737256383733
0.01883946027056913
0.0086344565169223
0.003906589850970234
0.003548405530682543
0.00651604986579728
0.0024264150943396
0.00234150943395896
0.007125193287984746
0.00397724426502427
0.015274423012328365
0.008089018827210975
0.002956525334498937
0.023454044477414445
0.007679530908928399
0.01554842228281139
0.003041349438888753
0.00350552433263454
0.022877422205133113
0.047352330081447146
0.007119801581995626
0.05001469397924691
0.008008428479597584
0.00278961161774411
0.011384999625308022
0.0031986471997773286
0.003952689925485433
0.013126400776916392
0.011464497094947512
0.0032009183354322476
0.017735527909521053
0.008811577812901093
0.002033365865087329
0.033718845050993033
0.004141112224772542
0.0016878045678022458
0.0030912260177669206
0.008046624798583583
0.00479625979883693
0.016541104316466097
0.004563328091638826
0.008285886377531672
0.00815050887972146
0.00845243461219189
0.008127300361513356
0.0025864659792258827
0.00042339047639064763
0.0005483206153466818
0.0010498541392849768
0.006778003419820213
0.028618542187481468
0.0030789541394674546
0.005474665296727296
0.0015985305300188729
0.010830879491743911
0.017471541325201036
0.0097132075471718
0.006961089831704905
0.016265837611101647
0.013009899144390595
0.004184366202460061
0.009758613427310816
0.00687396539824669
0.012881490948456444
0.009641737165068213
0.007796348831215541
0.020588380793452883
0.020559812384935434
0.0072496570323544885
0.007111083070418453
0.003176122211171562
0.0017226415094425
0.00019053877749119921
0.002134394142037274
0.04732821179814975
0.006665495477300324
0.021613075263317752
0.006645145712271818
0.016779623764472153
0.0003336809507434038
0.0035628217240895642
0.00155849056603606
0.009707039541392536
5.471698113222002e-05
0.06602043238526349
0.0023764146287807725
0.0043617651189457015
0.0033679041007790445
0.011157721087544353
0.012985188855180836
0.0020202904049681993
0.0027788708348352596
0.0011545726615450824
0.0023599851419405745
0.021107045271868154
0.006873473522326
0.005041769823722305
0.007060517572073484
0.001473168060809081
0.0055509433962231
0.003910299547188515
0.004983107644487279
0.0016538503511780557
0.002155588230319234
0.026441770661688346
0.0020463656342710563
0.01368582451653283
0.007591527835977572
0.003389368341092449
0.00833327885489865
0.005410377863634509
0.015014461578263775
0.010253019064115257
0.002145185827948069
0.0033856965356221713
0.002756612913531578
0.009963177499536444
0.005251415593254125
0.00036415094339632
0.006793256805226307
0.0013024213592861594
0.008247940562917595
0.0030240812488712444
0.007623629604952176
0.008433134435136156
0.007289475819534106
0.0060446320092340106
0.003360744089005212
0.0020197640364913332
0.012749011260920583
0.009586381942765424
0.002736406174006713
0.004992253146050065
0.004706740122956917
0.0037463315695915413
0.00953155095367882
0.0022509433962274996
0.0027167213836202307
0.0058830453625734
0.0021052069116926954
0.0034214804610526906
0.007696969247127374
0.0003207547169810001
0.03035091833126757
0.00446188914230878
0.0044307467983104535
0.006142653756734678
0.0023043525166772435
0.00034716981132243007
0.01853140021037119
0.003547532888256195
0.0019245283018882997
0.0018211027866966401
0.002473310984885564
0.0025754524188763067
0.00298490566038242
0.006431547448172783
0.00442513454912748
0.004945640370493953
0.0024082442200481493
0.00395334501157933
0.011305252069523278
0.004582665714724607
0.007985532760246796
0.007489089024329318
0.008679465210842778
0.0069906709163507505
0.005724015171957179
0.01781007123590464
0.0007056511416392523
0.04349960149438896
0.01621930931520951
0.00684768606941158
0.008388242074575572
0.0050635628797613885
0.01930671406170562
0.011486716871112525
0.002832084360719066
0.005469249859735268
0.004434704782104297
0.0036407073922089615
0.007240366181396659
0.00793553421023868
0.0015855190507477938
0.008832478293790323
0.0009962264150950497
0.010973014639420466
0.029689528023461285
0.0039601389989845776
0.00592476101992195
0.020670494378776706
0.004948848759032453
0.0015210839962527599
0.010672916769510193
0.017533636805444324
0.0020339487665364054
0.016357087585924843
0.004801413089900892
0.008308937732911555
0.01656843083191378
0.00011033171523523907
0.016308755898016877
0.006917290300745527
0.004932268486129135
0.00042339047639064763
0.001786529735662231
0.0016785201305899709
0.0028190326486469655
0.007998771331236774
0.04098290855777329
0.012073911498422036
0.010888401457022252
0.042370076145856916
0.007163310884046523
0.004863467848041541
0.015728603430947393
0.014942449896680933
0.013724089073966828
0.06252993380964054
0.0005245901638900041
0.0366787941346144
0.004901368741174142
0.011617072840513365
0.003227047712795092
0.03151826812562742
0.0025572452856759188
0.019266242047427495
0.005121883770218003
0.006903022089082711
0.008979241107376518
0.04317205078176269
0.009421545872713254
0.011781864483525176
0.0017122249221820129
0.004967894973846699
0.003801564367115828
0.02556446780827159
0.009176043945855908
0.0045335153480542045
0.002843132183642314
5.688200336284365e-17
0.0028301886792459997
0.01166647586412495
0.04518704126547776
0.005505670830136122
0.03215603353292573
0.00933271095268877
0.009124312168509504
0.011694308889548923
0.011779881989751629
0.0021882812873878182
0.00536415094339328
0.03705421517101242
0.013829613956858337
0.007955274473339491
0.006961566340255539
0.0024930448211147667
0.02714964680238503
0.005482574010736921
0.009493148694373735
0.011397882296817971
0.00043057672257396524
0.01405585203638769
0.02147709513647697
0.0007051338143124002
0.014240733423003388
0.0033208024939916747
0.006670535311924623
0.01226204149285487
0.0050404964269529775
0.00084150943396025
0.0021225172919550656
0.008265896849579063
0.005892272236257474
0.021205895921514374
0.01573122051948196
0.010952556416702928
0.011537053840631946
0.04653656168914391
0.0012506886257428976
0.0016451183255067126
0.006384634112273886
0.038644771322713996
0.007186680543138411
0.013740955924203997
0.004063356664746005
0.006548261710701389
0.007303608250925655
0.01451300243597276
0.017867258634365432
0.005726863809510991
0.005300934706545724
0.004280073803795185
0.01175926446691687
0.003085498184214398
0.008252990328097261
0.016777442746498495
0.007604866396548368
0.008248246192926707
0.002604975728291976
0.004531236206537993
0.011008216994024505
0.005330843191680965
0.04055410624430292
0.0023781481384266808
0.012751680781678163
0.002927330858282246
0.004600970643890706
0.007777939870944591
0.005838734485519426
0.009458127484709627
0.007360168446946077
0.007878195432019456
0.012289688135361746
0.0067593914270154785
0.004162106234135153
0.002575034727246628
0.0023716981132034
0.004422899895401738
0.0029781376819155653
0.0036869963976805835
0.005692599620400002
0.013731740615316075
0.004618060571154222
0.005255038836857832
0.002440718327541452
0.008032075471700201
0.005234091880573499
0.0021810846435962503
0.0034466036356334802
0.0027806310254359385
0.004373229721238952
0.00541308519475657
0.03328901812894655
0.01141562891412776
0.003754801010172869
0.008117056184185725
0.02794952908683439
0.0035361877573449178
0.0030637071191499865
0.010370633472657076
0.02254168188586872
0.007071068128392154
0.00039328209965126576
0.0029989651631451924
0.007648593934567759
0.011858669422146877
0.017893590846769638
0.0036438376782675706
0.01697885733860802
0.0027495308202315186
0.00126226415094289
0.004782656941094843
0.0012773584905689996
0.022314656462191974
0.0015523864525697803
0.0016526054835072858
0.0036188679245328587
0.007817715313775056
0.011292320906183305
0.021241231913599726
0.003617074157698735
0.0026607203057681323
0.0012380798842265756
0.006247109151619219
0.01072629608533942
0.00041886792452767004
0.003997473714980536
0.11034013965237832
0.009793750904982154
0.010697199094019807
0.0030150943396246898
0.008298144287002871
0.003745174195912952
0.005271503295031021
0.0012628686977693504
0.0027758915135476844
0.0003191613207785845
0.020999428358660293
0.008897640586349606
0.005701383883418945
0.006322088205735105
0.007513947763081876
0.07025402705360961
0.009606149947165198
0.00580204991629602
0.0106849056603665
2.7755575615628914e-17
0.0011545726615450824
0.005530188679248001
0.0030520704062222304
0.013117016454442087
0.007879245283025
0.0046258617808065845
0.008561496528413922
0.0006245668430812691
2.7755575615628914e-17
0.013076234828169761
0.03538155814879592
0.0009805769744171999
0.0032316154568566516
0.013271628612085692
0.005384905660396999
0.0077439586587078274
0.01709843151467697
0.0018764808219028893
0.003635226921686927
0.004131503963742268
0.0043545478357036
0.0011213684282519601
0.013573212430261074
0.018510722908942102
0.00977796558411925
0.009134905049906009
0.0078004070373706895
0.007110535794467922
0.008159262889056074
0.0019227226548316925
0.007074155901230784
0.007418837241765498
0.015155687823323593
0.016967551372845648
0.00632516377402277
0.005137302773545868
0.0030679245282977997
0.0017027930435049045
0.012532440211412064
0.020704613613058934
0.0009257433893138461
0.008701257487776098
0.003698063139805137
0.0037534700265688145
0.00928459152237348
0.002346016341148645
0.0055306803531315505
0.01315083054453164
0.003792418762997323
0.025410618865431008
0.027869775845449304
0.0036695469407189525
0.0007878662178730577
0.008513806954824558
0.00714470900782662
0.00805355266105669
0.005784522117567036
0.010661243917494389
0.005580727315193693
0.0003336809507434038
0.0021810896927299326
2.7755575615628914e-17
5.688200336284365e-17
0.002438537769422725
0.004555123695416279
0.008469331218348676
0.011531085605118006
0.00027735849056775017
0.005641056740727631
0.013243396226435682
0.018247017463272584
0.0039044125193382724
0.010276215236929707
0.004397956455857364
0.008680624373514719
0.003116708039297606
0.0073483123034719855
0.0371791708430303
0.0023432608196141363
0.00012452830188947007
0.009434130524210263
0.005497262456510312
0.003298566965207687
0.002619025580371367
0.00818576450969262
0.003892813883652635
0.007379848916360725
0.008588187692497529
0.003137660133989378
0.008273104574193038
0.0009576234996109444
0.0009576234996109444
0.01213036939292704
0.007843630766843114
0.006973455762472912
0.014710954039468335
0.0011075471698102001
0.007729546977287286
0.004876002369287157
0.003824196460059886
0.0016951557836044264
0.00518616536869261
0.023387594018562174
0.03530991990156086
0.010555178617739533
0.0072879832631868174
0.011923354335065736
0.01993789593555779
0.0025794672090381616
0.00911037285386004
0.013741608777457863
0.008295364414266834
0.004527560947129963
0.013431980506329773
0.00402411637370412
0.008160407479672263
0.009582509791043253
0.005173541129342977
0.004869797520725963
0.008354812670978292
0.0068597839681985556
0.006140669539678514
0.0012486854240331992
0.00331920511366394
0.00405660377358153
0.009786051410135495
0.1225133552688047
0.0038487872280379897
0.005059268913510977
0.0011257721105603108
0.0031204183383116684
0.0010492638357204925
0.0073647371399697915
0.005464282306333434
0.027253815910923056
0.008979310916352828
0.009753475109487339
0.02224135793232934
0.022877669527875805
0.003893048643481002
0.025387974004080018
0.00152830188679319
0.001183602307591556
0.06736679772118317
0.0058094339622648
0.020010850086672863
0.0017185769300611998
0.0023835109561072213
0.010486302828782896
0.023622123092019727
0.0056597552356818185
0.005647991041848105
0.0030549765664181117
0.008032558199818927
0.005504791952392817
0.037254424582019975
0.0010909162327420114
0.016346032382175805
0.0074329195638914835
0.005666521674613182
0.0007613136598230683
0.015224209724786655
0.007299436608934016
0.035116412118096005
0.010764839443270415
0.0005849056603750001
0.0017680852960002802
0.02982378354391346
0.0023977243111047665
0.0010722809718755127
0.004902011387590163
0.008204600712727043
0.004762207455648
0.007860950289375663
0.0013660377358489999
0.0032803791164339093
0.0036807649738876285
0.01537371557783004
0.00892047304969927
0.02650422643526061
0.0037103456784216737
0.002787460628562634
0.0019681628917471356
0.002776427633557639
0.013061689197081193
0.00551918104178347
0.003901169673100046
0.007524541002362716
0.0011033708556379123
0.007978863122285861
0.0017011208632747492
0.0013011017085255525
0.004623700955406551
0.00793793028142955
0.006904612754854592
0.006636060985671507
0.008800814896513558
0.013547391896199327
0.006875793821999254
0.035107737123506816
0.0009392512716161393
0.0008905660377363199
0.0033886128174252773
0.007687601972386579
0.05692797747188099
0.00895278644382377
0.0038860303365760903
0.0024529992920100776
0.02267574891987733
0.016314129540514394
0.011438168473117146
0.009010980335590396
0.09954099642662859
0.005353325626784184
0.003270847427310778
0.021926479503915564
0.00010566037736000006
0.05827428546530739
0.009100963031433523
0.02698144727259566
0.005129167268767508
0.005760461937339583
0.009650050523010703
0.006854664161286122
0.0065495638857546645
0.00019811320755180992
0.007728971354706868
0.008952638879421137
0.014151663114172916
0.0036065141651788423
0.0013495162026640037
0.005921141466380148
0.0016560764481010533
0.013404944162439536
0.00044291595593694977
0.010024328530459386
0.002076246801884559
0.00316129622952754
0.005862234212957545
0.054240349138282795
0.0025928603818890584
0.0039259459555569046
0.011114000542987456
0.0014811329794912349
0.04637613968787017
0.008654601283105265
0.006358580382429933
0.00751956898533255
0.01714744271102003
0.005767309023939644
0.00856375971262615
0.006585363526499234
0.009005219043800035
0.0018227993898461488
0.0046484051269129025
0.0030939257086250254
0.0672248950462976
0.007462174251601385
0.00683497308409883
0.0022441247700892087
0.010031926202585598
0.0014737464321686123
0.0037520017254331
0.0068886258363941525
0.015296161555049736
0.002556801210785221
0.008397146178372018
0.0031119914846145175
0.012349533205532972
0.0045077522926051895
0.0016390352703032382
0.010385250644902356
0.006175263230289375
0.006877263026656726
0.0017248918402960672
0.01826748474895797
0.0052109219595226006
0.0052892620283855754
0.0078039856286477955
0.004157945864250414
0.0011886792452817001
0.01103497384983107
0.002724801567636369
0.03250426078338806
0.0010440917896624206
0.002611726549662884
0.004587250133279416
0.006856553300296763
0.014694724934212448
0.004259549102821653
0.008668822664230314
0.027381961287685337
0.021746846227069884
0.006448584376089227
0.006187960804123591
0.0045930511076100276
0.004179988891748757
0.0031438741685905812
0.0365807464941429
0.038895871507009405
0.002257837356267513
0.0021125822835897207
0.0029775567382349963
0.0009226415094302303
0.004023199909064943
0.005567916772868713
0.00030566037735857996
0.008864885629244978
0.010928685171625412
0.0009012661197673466
0.005931441976889503
0.007248535534744241
0.006370338880754971
0.008905332260311441
0.004073053599972496
0.0014943396226435
0.0001842352152621879
0.003939910219859097
0.007260006102378417
0.005081600665148738
0.004623505644180981
0.008702744793154613
0.005206393575886817
0.017858261559274436
0.002575827706820152
0.00933280095535
0.010711233881082326
0.0024707799322452677
0.001243396226415
0.012956604956272384
0.004219577089321094
0.0074863288273962734
0.0037094339622592994
0.010905818519162686
0.0009773584905631003
0.007455408066223903
0.031504632020473045
0.015440763939785173
0.002009433962263279
0.003220884149483922
0.0047326276435911184
0.005176235860870235
0.0032527295072606547
0.009029535758657952
0.005977852210675015
0.009150429445432914
0.008527695940195094
0.00314716981132015
0.010197068000268776
0.0071197915625896965
0.0027964752543705837
0.0012426420841916957
0.015837414803805922
0.002410219613203899
0.006644647796626169
0.030186855675183887
0.021373602470944227
0.007071738512208855
0.004235911918024319
0.001501086022598776
0.022345467547239973
0.0020339487665364054
0.0028110706106585477
0.004278828349635747
0.013133095977814755
0.010822980961457344
0.010272344828825516
0.0041735102956141175
0.03948912379679153
0.0009572290189341251
0.017837284763259176
0.005681965859671079
0.00211320754717225
0.008674009253035356
0.007174700667054151
0.015896586206449112
0.02540504796678153
0.0012996134313897122
0.008197828330324406
0.025027775415783472
0.0020509759452007684
0.011820026413545095
0.0283127638712863
0.0044902412739312334
0.02146437746514189
0.00021132075471389
0.010070305920759066
0.021312612327018025
0.005357194150787934
0.006848754423500873
0.007396519026726664
0.008193492428078342
0.042126541459352615
0.0019625111156357333
0.011020272838107149
0.009337219135400901
0.020374495841499786
0.007371825249565454
0.0033157262395368307
0.0054155378110955
0.0016617268239345615
0.0038023069136425398
0.0045859535842930396
0.004150369197872526
0.013311060455196387
0.01701288256631316
0.0020116912062037432
0.00602916627668907
0.007368816532531644
0.01025757994031968
0.006258092375891151
0.004334567073254583
0.01179392850261206
0.015238526091537906
0.028043059501672248
0.026763964469923757
0.012558389655217547
0.005525269609143311
0.009129078346294462
0.005076900364737672
0.006062040791245847
0.005523748029798263
0.0013173396283676757
0.012640247328214088
0.002465520724930141
0.035613205699869914
0.009334862223442101
0.006281645542454599
0.007745165856302777
0.017688899146432173
0.0025282192269875494
0.009636699298923385
0.007797537871053902
0.0037951549142621866
0.007011716157625106
0.008353721782109082
0.0070190012724871565
0.01562686656162549
0.010514429202788115
0.023808340351440915
0.007280841519311272
0.006383825682480483
0.005959803350899114
0.003584297241141711
0.0009679245282975799
0.008910899387821091
2.7755575615628914e-17
0.002451633384924878
0.007380314944963833
0.008429578743004757
0.012853198534448874
0.0013237368833561632
0.008955665742911859
0.007607782691416106
0.005260379229920529
0.007538950686430128
0.009968078944701367
0.0021087526984116802
0.0038623410317418488
0.0020119305424871267
0.00863666200821276
0.004544921703530948
0.005027275307206366
0.003488679245277
0.0013985174143580454
0.009104103062403338
0.002700124700115272
0.015329582997198485
0.006569642293549918
0.02304107257565134
0.004226402162255678
0.005525493576955413
0.009928692193962597
0.004171796625926759
0.013156469781988082
0.010310260100321085
0.011600445537074594
0.005360371993391849
0.0016757069286189334
0.013222485248066735
0.01015408508039515
0.04988473933287844
0.0023469551843596876
0.00044291595593694977
0.007230854200625223
0.0065780367426125025
0.005351159168889678
0.0034301886792453
0.05911699381131504
0.0003905660377368004
0.006465124342305095
0.0018668775969214603
0.008297710107179052
0.006049798697982971
0.01027973538470991
0.012416134125022342
0.01420349948708231
0.006027997639189406
0.00130552851409302
0.0012469189733839176
0.01764671484250494
0.014073551354921375
0.00846376082328401
0.0069230572169307935
0.00019053877749119921
0.0021837337443590035
0.02066042396576654
0.004687082598995434
0.005113335821557805
0.008149787705653536
0.0026752946857637105
0.008506087292926045
0.03310772155925754
0.007074516278550325
0.00040943396226451
0.027555090733795293
0.008246204489860708
0.003932092878878841
0.0035853960693585014
0.0032258064515999774
0.00832679012683495
0.021362413298768014
0.00960030028367704
0.015944378050833794
0.003444533090548847
0.0012729757396546973
0.018561579923846775
0.053582509565157886
0.006151333124265328
0.012749416103039209
0.0014077208008188495
0.00453704334038846
0.008048232886618906
0.014282683387673502
0.001784094082765172
0.010062814876869818
0.011134355430379005
0.0023599851419405745
0.002359985141940556
0.004576246778708515
0.0028577071889619114
0.01517704917990001
0.016189925025973374
0.009405844839927882
0.017323740056425143
0.004502961311914495
0.007371065893543864
0.017718728895910012
0.008752133932111236
0.00047358490565349966
0.0072464603572621085
0.003651989642766681
0.012607014978274168
0.012174134548328823
0.010634076382908789
0.02084230657787905
0.0020993261672967107
0.009936121273702461
0.005044032144395029
0.0008379498185376124
0.0035763871655339536
0.004754475768774132
0.006405284119949409
0.003021616280355938
0.004634502411255854
0.005531861439811339
0.0038642437719820758
0.018013517014920277
0.0018784220022535988
0.0014809960384094595
0.003347225979114599
0.0035011771773946843
0.00638838662316366
0.010785867536630963
0.05333479771385394
0.009351396915802428
0.013006545313393344
0.002122122516106096
0.0021301994341268596
0.012959399214732513
0.00031685493412549905
0.003539331450638158
0.0073046376071894
0.0008716981132082801
0.0038474779443892298
0.0005860474989328308
0.019965564280214513
0.008134791330730137
0.0038811320754663006
0.0015320754716987
0.009222537871493113
0.0031987417719641737
0.009284471940266876
0.011954778995475448
0.009590798565344413
0.004924072852187216
0.004886685385554846
0.004582262650330676
0.03043280006934269
0.003179918436832408
0.0009908864304311996
0.007100409692276143
2.7755575615628914e-17
2.7755575615628914e-17
0.006399787494055738
0.003330426131108842
0.013641541284072934
0.017835849056586212
0.0005309237230825582
0.0035928866166489355
0.010066108598222222
0.00509987354099328
0.011424331402812349
0.012569423161100851
0.19468413813387792
0.028912995447851718
0.006526903914806099
0.003950898170749578
0.018834111320137892
0.002760121364162836
0.01439256872520873
0.0017471698113230602
0.002506803069694544
0.011315031100287623
0.004345777435437041
0.001791010238391928
0.0014037735849012
0.0017595487035728854
0.007865094659250562
0.00540993822289423
0.02734135516819419
0.010508106871118375
0.0054522064191239615
0.003279044044674567
0.00733407893219577
0.016443190344063607
0.0342848199079675
0.01119715628452815
0.002732028383532106
0.00525471698113345
0.023071592087700744
0.005347570106303718
0.00391088388580143
0.009119947577556476
0.004581766247138821
0.017088105927778305
0.011042847897100633
0.0015971370588407023
0.0054167010373961065
0.005732169830164809
0.006072916494366155
0.015219408186964432
0.005605724243879612
0.004748406830664662
0.002236415003195142
0.010481130040544847
0.002141068347011885
0.022055927019610372
0.019254674662458036
0.012105352457627793
0.010395768576251801
0.0018773584905646301
0.0031580589199499175
0.00348980856461337
0.008747522435141085
0.005009106350506914
0.013846150258473501
0.003252660829517108
0.006310154944112772
0.0037597738948021023
0.005804258145336486
0.0027195356971020097
0.010187800480553323
0.011776277508822543
0.0034830188679266195
0.005206050007940211
0.059221003851349895
0.0009674388215696977
0.005920459622009899
0.008615163002012755
0.008167193698222398
0.002887995335146479
0.013712664282064871
0.008606545873377558
0.0070911197884266875
0.0036316496288624307
0.023217093295845877
0.0036433503855588583
0.009737822699023459
0.0011509433962299995
0.0029075471698084892
0.0007056511416392524
0.00824753543730203
0.0028242725874454127
0.0036439763074085155
0.010010633091038446
0.002687454557157141
0.0013802707484330684
0.0040500439516569205
0.0038673346596937094
0.0055302623531823854
0.009172172352124969
0.001449056603738801
0.030089653321630886
0.03401302591403541
0.0034634191990764126
0.013196111163320609
0.005657092074174644
0.004870423084589447
0.0006703973111031839
0.005737466702093315
0.0031727733525542096
0.002718902889918826
0.001043648441471254
0.006992476009069078
0.014299259122148786
0.0038569978597281338
0.0035409774730369432
0.02871035632659229
0.0038178680572185713
0.002001387148356956
0.00437044659212711
0.004637845333633163
0.01122180366189396
0.01057243576718694
0.009039120577676692
0.005007261667190439
0.004217261185467497
0.00512298521322338
0.013589904161694618
0.0015301582986763898
0.008218834944672482
0.004132108105485364
0.015657385578315437
0.002299431882984728
0.023533962264128003
0.0025999999999999994
0.001441012099993419
0.01488713528717463
0.002308331100606256
0.01359277417927106
0.00840512792361716
0.006489074136548989
0.003184953351946633
0.004109657340136429
0.004155342514265849
0.0038125583361363767
0.007874969934046563
0.0089867924528256
0.25625989384109005
0.019887477316753048
0.0018101480124649218
0.013432551855886305
0.005424196895106675
0.006134629465697653
0.0020401533663808357
0.005225412563260068
0.00805917256297858
0.007642035748897355
0.003922693703629915
0.003439812209297751
0.005141485297273289
0.0033334279607109434
0.002374997290308943
0.005185224597776832
0.004938537239779163
0.012509616250653078
0.01196012799170914
0.011196694179614086
0.0031203741210988575
0.024100876756052002
0.0026718627730373057
0.0005096505479495196
0.006227258414901492
0.004183039446810148
0.04599311139723234
0.010113276674444149
0.0017779048855268381
0.0032240569836134523
0.0094136130374579
0.011219229405981213
0.00117358490566032
0.012852851203454878
0.005395381745352087
0.018077405552591942
0.003927189432893458
0.010825472271026586
0.010988822929461111
0.006102769378365067
0.01316333925354797
0.010291474186557488
0.010080845262963666
0.003917585268466549
0.012679722316974848
0.013934426229869998
0.013745656860640812
0.0064959920184778745
0.008963433525198905
0.021778453596344904
0.010556487813338978
0.0009247691814942224
0.006058097327790239
0.01111185306543927
0.011146117894443783
0.0028708436829112055
0.00613114282794078
0.012984211453170925
0.005109370463079271
0.013089703329252049
0.005404015171142037
0.0209415094339719
0.009082846659238796
0.004756657313361046
0.004116232106864084
0.011974368663912764
0.0011000000000041003
0.007222040845624965
0.009982095006735163
0.004007747062147923
0.008492118847423418
0.002222710046949332
0.006732047919853241
0.03235457886231029
0.012734545085069243
0.0020252592105132914
0.007442367374800932
0.003015951929738359
0.0021175421897051787
0.0004622641509436
0.004562830395001741
0.013754114039291285
0.0008688483698367609
0.0037690384523359145
0.004084905660372699
0.0032300348790271992
0.011959574395432247
0.006811523489342602
0.0047654927176526175
0.007748997580002469
0.0017800355719917178
0.007392074467045345
0.0032759422810992246
0.00953794701230151
0.002958194812955803
0.0016401000872063164
0.004941509433961999
0.0032637194595297376
0.016420522447122093
0.013545709701117523
0.012797636595005919
0.006173993470760981
0.0017821891803313894
0.03385453452914531
0.007911835666696924
0.011438870838483764
0.0054560691686847945
0.022147782775710723
0.01750225688308542
0.0076244122839790925
0.014968465495663778
0.00023584905660360006
0.011920719673991066
0.0019264150943406801
0.019133342359086963
0.0037770936751495557
0.0017228376197336004
0.0023251164489858254
0.006710693414842454
0.0017520897348065195
0.011406057645531797
0.018029827649931225
0.004463522047641756
0.011249761137363456
0.008065105625977056
0.008837108972889933
0.0017642893787647952
0.0037434418750493556
0.001587969719937673
0.013245408575044491
0.006146488324873476
0.007600065765313681
0.002286133368409614
0.004662100389615853
0.0036677666625247094
0.006863925004025942
0.0029297270585746174
0.01618524590120002
0.010669511061504648
0.0007028525369694936
0.00886229891409186
0.00893567948279247
0.008315231115616281
0.013920671618505074
0.009419017208659303
0.0037632293748285244
0.007500028292651462
0.021569673935112173
0.005406864213846919
0.015190828259022281
0.005407120405219364
0.029097014058154548
0.002963974391345247
0.0018810762698345366
0.006641366223500006
0.00558112443317449
0.010812811407049813
0.006131494396055779
0.03175333242117606
0.007771216195916036
0.011423163857862203
0.020858972159470076
0.00876830328239031
0.0003433962264183998
0.022239377778756633
0.0019034481835070334
0.002023308252662322
0.0045199188967913586
0.003280080107326608
0.010392531227561634
0.008422674054733974
0.009087353641125872
0.033984905660348
0.0009186741123630122
0.008429925986588963
0.010829312501258757
0.029054152715542268
0.010458233605157791
0.0051999934911180195
0.01634522277793019
0.010127960870075848
0.0079623375430103
0.02206715898618231
0.004207282212834334
0.0022817448800879314
0.006846466049928875
0.07116835703021093
0.005398239469168589
0.013506201289616887
0.0010498541392849768
0.0018221248179887378
0.001079186058448063
0.007821382312181404
0.005768907203081121
0.009901474003895384
0.020228024654083653
0.003945258514071375
0.005602499212725255
0.008084519134781873
0.0030419998252579966
0.003649056603774
0.0036951200571588056
0.014562257520466035
0.004702109293825573
0.00520779038056596
0.008221858918214444
0.005801806543674925
0.0018225452829329818
0.0017039102704725138
0.006146235693894144
0.006286773316876821
0.0036459059830149416
0.037367675056624534
0.00560581198227914
0.007767201633254397
0.016689942098831883
0.009618867924548979
0.014231691419595535
0.12017097991704281
0.013284678338158044
0.012540970588800104
0.00586928259208472
0.0060507474634005475
0.013466376266645715
0.008808204041282307
0.007946133291497305
0.0018340432765340503
0.004850177841415941
0.016551727595772687
0.01225790366259891
0.005348864446117514
0.010464100967021937
0.0121576287656166
0.004407054028467359
0.004773661823491562
0.0059015721694535865
0.013087716374648587
0.0035116615077694416
0.004102900154276871
0.008872202385990246
0.006659828808253982
0.0025886449701577247
0.005641982310595502
0.006143022388275713
0.003084168203046248
0.013785076472368894
0.010188149146128367
0.0010320754717018
0.0015245283018825995
0.018219658702507763
0.0018934426226299983
0.01896908406206705
0.0026931338670031957
0.0018909904439177033
0.0029445760468707095
0.06340446546519743
0.016273082811934028
0.016515254559932142
5.660377358559978e-06
0.0588301886792483
0.007350086271217076
0.00827579884033973
0.009589343280037148
0.002129745126968802
0.005994664850826045
0.011016333086057397
0.0016695920703999534
0.034914855540317466
0.0007539766818913478
0.028199612959875952
0.003194379665763849
0.007853215726624964
0.0036031063546194037
0.007086986013931946
0.0063241890741525236
0.004920414923099401
0.00110188679245331
0.014311038158994005
0.015557162467700742
0.06040052956463592
0.009284279807659921
0.01565547279940152
0.00964508735621699
0.0032560392183347098
0.008059179916651903
0.008092530601512918
0.004880656915761628
0.0016396226415117997
0.011797746700021216
0.004508823524206189
0.085355725578344
0.011812742963282762
0.005877368649601331
0.0036511190805173796
0.009515294513649677
0.013806253860141915
5.0943396222960166e-05
0.0017603267820984316
0.002561676098270464
0.0010257026845514954
0.00250955989512566
0.010262227542087119
0.0028339622641497995
0.002938608443246369
0.04274472130774019
0.009459425675721065
0.01641260077550505
0.011211232808570204
0.004852687047264465
0.012517002036650224
0.0065341343167405145
0.0032858480102747
0.0010498541392849768
0.00864439384831476
0.00323962264151168
0.005616775361292131
0.01971572588359975
0.006719334456743209
0.002664250537474183
0.01700781155387402
0.0019710052412207166
0.0006243886294247994
0.004110754202037374
0.007107936568879258
0.011068571513829386
0.016295163901320846
0.005743271182533406
0.0031095596056512466
0.0462992450190786
0.020927052678065577
0.003910301979289962
0.004900687824966506
0.00767239294384821
0.003379082957467134
0.005580831536357587
0.013630509356036694
0.00439124289298049
0.008926331476089518
0.0034301886792418006
0.01174959380521468
0.010675191819359213
0.008641715480065013
0.005535403740191193
0.008716385731496645
0.004737940925126903
0.01218121237099906
0.0058173283993480755
0.00468155715698841
0.005764952915474861
0.008941532280033348
0.0017059201684306703
0.007944246217961491
0.004853622582084242
0.0010132941396782309
0.01059685650372003
0.00791948073468436
0.02388349105254234
0.009212097053513862
0.00454869829633895
0.007265570443590912
0.0012085175816613145
0.004169788220898636
0.01867054095268351
0.0044088252253406904
0.0028408639770778994
0.0032759982195084297
0.0050341834161077865
0.011748125728327823
0.0067059275045833686
0.00705934433017235
0.03668310024541683
0.012704484973451178
0.006055343045221351
0.003547029985596417
0.010259431537065648
0.0110011258580659
0.01032136111609297
0.01148522232287752
0.005073484034730789
0.007985270138452015
0.012665493433629016
0.0072207547169891
0.015461818740372137
0.0020433962264156205
0.004713488492002436
0.015996959660033557
0.02478441368800119
0.012994644928775523
0.044311320754762434
0.0006562265007735436
0.04011875258854291
0.003574857075729053
0.0076064463549436094
0.0007018867924531999
0.00021509433962292005
0.00045471698113620004
0.02106323273437759
0.00151509433962362
0.02456768843085318
0.0048253165694283695
0.0007284467095763265
0.005656782068169364
0.002342586709685677
0.007267295853080816
0.003948249731771217
0.008670851097953599
0.004206284986867243
0.0011732544182520687
0.004633017876511661
0.006204959489052969
0.0059648948255091455
0.13886635489037685
0.005748331058550735
0.004571072289671774
0.02008363978746083
0.006571453807285346
0.0025054194585590107
0.003712636971211478
0.0024362061406091534
0.005118287130352176
0.007451178398991204
0.006112322322912034
0.007968182223365575
0.0021196024693070823
0.00946179710596003
0.003649599002176669
0.0007120107452043881
0.002492863338335354
0.008802257766268477
0.0005014173768817066
0.005792965164260206
0.0010471698113144797
0.0035696188059857743
0.002552112910801711
0.004895073415319483
0.0003685670080698305
0.002283270051901899
0.0038660064074683017
0.0037587638343874277
0.00560252748616597
0.015703042001140644
0.00958185979554642
0.027484614614926392
0.0024072640360517927
0.022804464573781068
0.008194860406648683
0.010748933370494441
0.018511273469389973
0.013959429384035126
6.999609225566417e-16
0.0752934166608836
0.0030998658054678754
0.008850108064325159
0.015512351444843904
0.005206050007940211
0.005254457787773117
0.0033480015885390276
0.016807039027238214
0.02385099743809941
0.002621222935960815
0.010723381655020405
0.01149871899467753
0.011332134494711071
0.011759368250758658
0.011734618830590227
0.002099466383021989
0.008749479129274705
0.0036480641767485866
0.004360848816030416
0.0067974352717393586
0.004823101748355052
0.005775042590488836
2.7755575615628914e-17
0.0069827143844662974
0.0025702442776294695
0.043620926730815725
0.0002377358490552998
0.025703525795574826
0.007956548579309032
0.0037363633897073787
0.0015709432210590727
0.0014679245283022201
0.006970133600031897
0.0055850896410536135
0.010398438840691818
0.0055165924624920315
0.03949521202211291
0.00928533126761533
0.000233962264154
0.0008971682268453
0.00629073396477018
0.005960859376404278
0.0006667284206840146
0.04400163934426699
0.0037980436218746517
0.009765760521847286
0.0020770741156793935
0.004456483305782502
0.0010488182415057602
0.003208495780517409
0.0060265602815052265
0.022747084044687282
0.0041769778964394315
0.004390446746139619
0.0025234107648890876
0.0072965026435689246
0.012172185705973138
0.0026221723328289327
0.008299602275436996
0.002103423275305093
0.0017821891803313894
0.006495243725869087
0.004848202398728126
0.05457200387921591
0.047707708548886826
0.014411396712164725
0.006559358542198881
0.003248144090982509
0.01057258376705124
0.010655149950539915
0.007158158740833887
0.0013299259543303379
0.009597204494589643
0.0030366337700139232
0.004953513665954393
0.007719919632759985
0.00025026739598557585
0.007281856031468624
0.005113362420769061
0.004785140224763959
0.00552464476502437
0.007589913500302458
0.03892548967820621
0.01927522333892464
0.0026661394024632217
0.005178201239523656
0.012344516525041914
0.0017905660377359
0.005393753857610531
0.013480376078620258
0.0027262998737037163
0.01367735849052394
0.0018712641893261865
0.0057679854641858605
0.0077328331348919975
0.0035821465303795827
0.01361087682812941
0.0026509833475778476
0.008133459846139798
0.0003415094339634199
0.0028091845087803292
0.003944446730307861
0.020731049249546322
0.009899481330450634
0.008846043350863381
0.003416537858001559
0.002551868904165109
0.0022132434883040336
0.0029936881020049566
0.01704678358046852
0.01790622093291313
0.0018056603773585
0.009102980537771685
0.04967710319728428
0.00921710169706049
0.0019402894341144239
0.003801299622028601
0.004648909375338554
0.014951832602350364
0.0023028013487210487
0.004950105319703578
0.01291251416498267
0.023759224296230327
0.011273667355675455
0.015606605990031466
0.014283439651554895
0.02165750010288092
0.01674551293382614
0.016702841741165715
0.02229989694370319
0.008439391755386971
0.006969652557731987
0.0012764062417987333
0.006266674042847797
0.014676183984832844
0.0014433962264159004
0.002245283018866
0.0016278033635819856
0.0022788931242212042
0.01498614402737809
0.0044061118434366615
0.005787079230770315
0.01964735975599673
0.007681472205927202
0.0001842352152621879
0.0017375541715685127
0.0009576234996109444
0.005811902319786016
0.004868532224082725
0.01208634126019103
0.0012490566037776998
0.02466065719651382
0.015768522374660168
0.01077310011574578
0.005577309777123583
0.04157831702355215
0.009165791194122965
0.012095573633524835
0.013847238432115237
0.004267234280663481
0.002159588444471541
0.03469095816962219
0.011850566856617764
0.0017821891803313894
0.0011095359014098374
0.0014875529222917532
0.0007056511416392524
0.007241105759107758
0.008745507340632534
0.006170289970536549
0.04132811275047749
0.010317924542771967
0.05859113225290512
0.013938201693966628
0.02000657373405725
0.009724955489775587
0.004266823366180194
0.010717709039588354
0.0050528301886784005
0.013232771750394317
0.08149838231969077
0.007630678539136742
0.007334165454308281
0.016505976455107593
0.02269449569016303
0.011977093492446172
0.011982536496113172
0.012233963407113614
0.012996974565638461
0.02126704778583211
0.003893005276889602
0.007992830998768567
0.003720780892524611
0.007809169896082074
0.029586277493528296
0.0014515944376650854
0.07354404340615572
0.012506712892666387
0.005143721962637526
0.002462293317041172
0.01171359481158544
0.002919988637895008
0.004303419093659892
0.009331846608229137
0.007490782216207001
0.002846323288886837
0.012854230814514447
0.001120302011262011
0.01700841538911616
0.004464126886018517
0.005530107923022986
0.014953137243818219
0.005031270936678475
0.009424859404141247
0.022368512389757494
0.003695531888855596
0.024592524813178973
0.06563134530589877
0.004422641509428
0.007355692489119894
0.005282113680117592
0.009006958213411105
0.018324528301925
0.0027315978955316754
0.011493192538112934
0.020488690720169674
0.008897733364587646
0.003319524458491353
0.004724686824586315
0.011222261610370515
0.0010943477207772316
0.008459157456018296
0.008883511288343967
0.00011033171523523907
0.0091594975947774
0.016894402217876428
2.7755575615628914e-17
0.014491645790370312
0.0034514053706267184
0.011699395202403894
0.0064387311520363874
0.0034204957252737533
0.0038496173825854634
0.014469553463534115
0.0036063382144747628
0.00560399956577813
0.002295472661553624
0.0066358490566106
0.002989774378304385
0.02199514301082078
0.003744499742776703
0.017851979440498312
0.008736099668531718
0.0027445839758991767
0.007050943396228129
0.014507542885259874
0.018200532610843503
0.0027245283018538045
0.00404716981131742
0.0012358490566128002
0.01798579293983075
0.004888184312769046
0.005840423110159759
0.006082676435438938
0.00824721581848729
0.003447789893096161
0.025043204712428376
0.007346121236674519
0.0015622641509475
0.002761725571671904
0.05571608517749294
0.024159888201836514
0.004656705092804649
0.0004045664763021034
0.0006452830188687997
0.0005169811320757498
0.0010234491249659714
0.00020812954314431068
0.008526847749114913
0.006697460804746602
0.0020879662501077333
0.0122995505916866
0.0013331983679120837
0.00796855515956457
0.011286744084081741
0.004836986262436503
0.003127849812756111
0.005631314211085084
0.004825076390600611
0.0009690707230748486
0.00019053877749119921
0.0007056511416392524
0.00139811320754732
0.014672312658757371
0.000892113747389445
0.002473172142786643
0.00505849056603477
0.028304753616581944
0.0031258788410587135
0.04942632143797825
0.011479733145092093
0.041384514572530486
0.019830237130369605
0.011774578422369997
0.006757532488247658
0.03452657102575887
0.005391349081958094
0.001287726889122267
0.012094748904763787
0.00037719784955419437
0.006903050487387763
0.003314892286832996
0.002977374497246267
0.0008169811320705
0.022036721000360505
0.003628684588985283
0.00669238216876151
0.004000251829854195
0.0025257729876539937
0.004185401260723211
0.00032786885274999067
0.013317106919450712
0.014936493021124373
0.0359078147410445
0.0036615835800495205
0.027972022136962368
0.01338901228390179
0.0020878782720781964
0.006425309174451463
0.005783437033127501
0.008595606571991864
0.006000663238527829
0.006132146587209757
0.010206368420950133
0.0051036783706809655
0.005708060900625613
0.005972901573589392
0.007577953756321983
0.0060743598096213046
0.005909213454129495
0.011925059792857372
0.003748663630369738
0.004427557249839992
0.002185225810664282
0.002611560007179349
0.007666900162994873
0.011171698113233
0.003792562947692125
0.0013174258795371568
0.00044291595593694977
0.000735921584951217
0.0017821891803313894
0.0011095359014098095
0.002208688327589372
0.023917751664989943
0.01316824651839501
0.09158671621663839
0.0092981132075002
0.00044291595593694977
0.00923609826333121
0.002477604163129576
0.013985627915493067
0.003353475953472423
0.004197659301239121
0.012298863088840878
0.004386792452827699
0.008152724983501669
0.0035231694344482634
0.011543920170701598
0.0141425309419183
0.035195142730052524
0.036555273566522106
0.005973260820558706
0.002559251306902093
0.001846482613516392
0.0029467308366791464
0.0063632292723395985
0.0019065579489547465
0.013174731185749652
0.006310477452889186
0.004527291533685741
0.004409083133937733
0.010357545120234981
0.002319869016830287
0.00844273281963192
0.006572766389746798
0.0003336809507434038
0.0015521527882738672
0.0034714566349011754
0.0041147898014159195
0.001563428049616423
0.009918184302340325
0.0011867924528344998
0.007053675485262568
0.006185216548484604
0.002002465698804188
0.008358748705389121
0.0726452830188612
0.021351868078740916
0.017822018842012212
0.0003811320754748002
0.005659029760066228
0.008543076368608231
0.01326382781936761
0.0001754716981095996
0.00781433346917755
0.009091004963574338
0.002213727341112077
0.00308402715948779
0.002671467647419462
0.005358809137952601
0.01642893540511794
0.001528645984402628
0.006398663557794994
0.01746947141662255
0.0038683299576525087
0.00762420628188596
0.013375217312073315
0.037966359201365985
0.0070756886911555825
0.0037200727814777922
0.006505620844179791
0.009669451632217507
0.006038200457186339
0.008810067244843518
0.004955115820603041
0.0004283018867966
0.0031094339622668
0.004318837885276259
0.00846626656649506
0.005931214038335763
0.0027495308202315186
0.004746151557156834
0.00201415002149734
0.011121501262251003
0.003134708788916856
0.006539190032640519
0.005825513029317299
0.010857117613009224
0.01842391597362584
0.005209366265599596
0.006993525715141163
0.006753334726337549
0.04803229754131186
0.0022680292929662554
0.004927297104114061
0.0009962264150972
0.0016946926005303386
0.0036684089159847084
0.001593380735562762
0.009988860491885701
0.00935562854153071
0.013266491066893534
0.0018678824873093716
0.0008476329342607051
0.006393442623170015
0.01771897292651042
0.007081427555904961
0.006716849989752856
0.032085171844418156
0.012797631711952088
0.014376798373999656
0.0014372791782749407
0.0008981132075479995
0.003983008968841386
0.0003417908930851579
0.004220340995883313
0.02326555683674668
0.01006850489382074
0.01659923522766615
0.0018454690469683463
0.010160233638980177
0.0014706114999770916
0.005087573086195077
0.003019571524774569
0.0034759088262075097
0.00669928410806464
0.006255094687997638
0.016061264311777786
0.026729193445886496
0.003582568249512828
0.012687707905357306
0.002857561958203552
0.0025539433920890153
0.008920600157502996
0.01839126645315706
0.0017964119203937475
0.01243090029750797
0.006080288740013571
0.006318932927579455
0.0028998464632488154
0.017290692266131332
0.009024859377987927
0.0007605931981154394
0.002062102236206178
0.0005358490566073192
0.0010903943605808889
0.011678362126796182
0.011739353849093782
0.0007036185286473419
0.028113109483273696
0.0016464714919725407
0.0073246358459515834
0.009145261986951116
0.008333866483728932
0.00146226415094341
0.010206194510589945
0.00019053877749119921
0.00019053877749119921
0.01950434714516281
0.0010039597678454773
0.010041224710272648
0.006113631512175022
0.00823068199901039
0.004716880634303135
0.006676064378272135
0.011716337967202499
0.020614673802587996
0.0012661309855557163
0.019246935118569064
0.009128466370445263
0.029550102320344055
0.004407552492466186
0.005329260010296135
0.016809743574834383
0.002784927142844566
0.004624556669978242
0.0036847581939877657
0.01339783395028622
0.05278316235691579
0.03860591053416916
0.03886734781933496
0.009029723187264362
0.022264321609018756
0.004942096889868064
0.004802976340315671
0.002981754475600817
0.004937586735310588
0.005010345076556005
0.009080879925568806
0.007529433984154346
0.007995055977638537
0.002127852801429883
0.002706605723812609
0.011612368300894845
0.0034735849056632805
0.012290024997119616
0.0038496077226122883
0.01119110961244624
0.006440564724417181
0.018777963887452752
0.000510984711687522
0.0021806730825920124
0.014632962739182428
0.0038558518550607514
0.013310408827852541
0.011431957045029107
0.005064382709598746
0.007580159807016306
0.0038358490565971208
0.010982543112560587
0.0024356586012747243
0.008031645401894277
0.00683772193346675
0.010075695432303584
0.01206557333434656
0.01000157514221904
0.011518709292545268
0.007010028709057554
0.006536428842919449
0.0029941179950143
0.0007264669185814989
0.00447586039055695
0.006950389991382815
0.004562275955653973
0.1263877826437133
0.0022424222856416987
0.0028850856070476477
0.004483566687164493
0.002258471491493491
0.004182361652724473
5.688200336284365e-17
0.0007056511416392524
0.0027758915135476987
0.0003191613207785845
0.0009338004278705144
0.0025877571684263354
0.009801759985443996
0.05338095586894269
0.007635493566214041
0.007237784502029044
0.0065792452830180995
0.03965519768048319
0.0011490566037737
0.012843324688358143
0.009449056603782001
0.004098360655300004
0.004631452020640431
0.002044570981234125
0.0029547169810871885
0.04066562235036355
0.006489728441948561
0.016462375528943595
0.0005014173768817066
0.0009576234996109444
0.00515162234983586
0.049531136842331326
0.00888776686550124
0.0036109112034618954
0.03143200586059335
0.00903341405240695
0.001036350124000857
0.0021377358490629
0.0016433962264110012
0.030713912499508497
0.0003191613207785845
0.0055685025130378235
0.0052241943978770175
0.006102046835305982
0.006250077272832065
0.01031037799596312
0.0042779027807967425
0.0017225097289650711
0.016813848031216404
0.002241834021046604
0.00046415094339614
0.00042339047639064763
0.0015835425044974372
0.0048146178665060746
0.006219525310881845
0.00738814390119602
0.008642217071094905
0.005009984421841671
0.030488084404886744
0.00962190928399362
0.0029652495485772874
0.005321499807486541
0.005976817135052434
0.002653921868649866
0.0029019440864625178
0.011272523283646101
0.01282126591966698
0.019938253542855923
0.006152476590416135
0.006257706868051914
0.006671025858553966
0.002873425059786436
0.002873788691843703
0.0029630218574839494
0.0012490566037711
0.008341755970167366
0.0023992065934480247
0.010285207735511635
0.001791010238391928
0.004289904548119276
0.0003191613207785845
0.001451139800334887
0.0058402443909383785
0.00720241254132546
0.01218077536409959
0.0026187128229630294
0.010558798090187588
0.008143904730113411
0.004731228795689989
0.006072856582063764
0.01462972660017014
0.006163632340592952
0.006787485999041743
0.00307807160013441
0.00608501448984633
0.009853076779981085
0.007865505983917526
0.0009578972730169658
0.00473549142867317
0.0054225356563102935
0.019879564378034273
0.007619732133286427
0.005459171253677643
0.0014867924528312005
0.011191183521186055
0.0059053560018280825
0.003722815393968792
0.010831368869658554
0.0032430810888229556
0.009391508145101089
0.004515599837940303
0.004172557562383926
0.00840121991673205
0.012946599884034094
0.003193320773421853
0.007166056476252014
0.0017002134410100931
0.010318264098356782
0.0099351444859889
0.0021634291200035346
0.002607271388630393
0.0063828364185418845
0.011742339368715701
0.014182692260800017
0.034533013827517355
0.0036663230916772244
0.002854515409951769
0.012130073858228323
0.010157252309171111
0.0016612690995541138
0.0011203020112619717
0.020099396122285926
0.0062170128458734686
0.005986890190486225
0.007709633906951344
0.0019995261719612206
0.003958677683380844
0.0020093041888217186
0.013283209975561665
0.007172057209144966
0.00761224399672729
0.012719931413181628
0.002095743435870968
0.0017849056603789998
0.004573496364109015
0.019837615136429617
0.008073125652204562
0.004624177337096902
0.0021213576860709274
0.010565137181830744
0.0064094339622648
0.006086244489031476
0.006009259750238391
0.019621622335305986
0.0008314986305364506
0.0011632235486160273
0.010262269755909003
0.00837280385201662
0.0022458265820910466
0.006201282691881568
0.007242609547911395
0.06166037735850184
0.004558707346611063
0.019889009648007785
0.02058288618495978
0.03898824318759286
0.008642043639792539
0.00010754716981137998
0.004484780507351084
0.02276206219821583
0.02559625838468606
0.005675585844101542
0.008726234858775607
0.0012053181306474754
0.0034937687948122607
0.002882078069830463
0.009610195013338528
0.006895363868571878
0.0036095470803709207
0.004539543792748786
0.009059675259257395
0.007711032311703878
0.004653952158498476
0.00854693217084559
0.014772797468036059
0.008709269504993665
0.0019274775836497576
0.003568848886783856
0.01227323604087068
0.013964457790527122
0.005616901259545749
0.010046696053944773
0.0051508199470329035
0.01960577050753479
0.008240914245701307
0.0075931724828884745
0.003195758485104844
0.00025947699798569394
0.02456471082411782
0.002744316341758217
0.003228899197180543
0.0048397515162018605
0.004131559865658393
0.00858878057157068
0.008555624680534267
0.002825804372309419
0.002782259400569648
0.005077272651852431
0.01721733246519963
0.004332208840340918
0.001429381598900405
0.009404995022334845
0.00523740804601159
0.0028709957512365273
0.024830459318115075
0.0016556491522272208
0.09236940355874523
0.001499999999999
0.006032512674604597
0.008233244329098985
0.0076171412969772275
0.017271276237236843
0.013298117766811456
0.0030766068763752024
0.009861145603564256
0.005139607069709279
0.015060102058699938
0.005594296465652566
0.009347382290775788
0.003949621413328419
0.0021231524427016042
0.002244933804763159
0.003122228462173203
0.013189426215999254
0.00684954060899376
0.014186864878793412
0.004869329559246995
0.002053883455305653
0.008986823360424914
0.0063140828281674595
0.008833753595917275
0.03835452095826872
0.0012975468578469622
0.0057728886181297005
0.017146461650946077
0.06718254345784938
0.002932075471683799
0.008783828744666574
0.007668301175799499
0.014778568771121992
0.00649149183226072
0.016813134786595036
0.0026779126740783836
0.01484188575961609
0.010549043827029855
0.004198899822149091
0.008737343663336984
0.005849935147712294
0.016297075936731818
0.002089275597439272
0.01000832699736985
0.0016388200007106369
0.003793427978792952
0.007296779876500034
0.0035912446507520572
0.013121416101655013
0.014123519079861943
0.0023552559691700087
0.021419934130747706
0.010358438581357715
0.005434187870887612
0.001536818088623647
0.013043706069388322
0.004947169811324
0.026273343389306137
0.003552820927485093
0.01592770965731797
0.009700673751221116
0.009610125101079458
0.0020198486977636263
0.005185224597776832
0.032053980736937604
0.003626676214823796
0.004651654641001486
0.009615794324285078
0.010610482932746662
0.012490454743000859
0.0029549634642642504
0.002848373800215037
0.007739512525689556
0.009490831564722647
0.013714045029064249
0.00853240034748102
0.005425386176018636
0.00449221371072588
0.00807924528298834
0.0167257116966873
0.009375223601268386
0.007108425931982974
0.017524886533648896
0.025539622641525678
0.0051772412573848035
0.0026686657691383474
0.0080130002167548
0.004436652085977976
0.0028591673283171535
0.028104345282215244
0.0108443275952407
0.0026263554165968923
0.004034772211072359
0.0026859934367830206
0.009594586675402125
5.688200336284365e-17
0.003968818208630753
0.0027345107023617012
0.0067672047951385685
0.027347614407059684
0.004873302769247515
0.0021303631738852882
0.00596071945790076
0.0014264150943365996
0.0058632786601441325
0.004086451259033411
0.007128365327923587
0.0007344132679864619
0.004642051956249657
0.0006301886792434005
0.0029979527171130832
0.007147896279504439
0.002152278078538613
0.0018032315125092006
0.0029496886045658316
0.0020339487665364054
0.007837932826901201
0.009229132495019134
0.011067744712346771
0.0048466926612496936
0.003433421710445305
0.00604442870391398
0.008431192619066255
0.004287783397868069
0.00598697992719486
0.01976865235851017
0.00537375101940983
0.01001399399843048
0.0018927622746243672
0.007479977278995945
0.007350791794575846
0.019708426233425703
0.005050935381213876
0.003233040731587335
0.0037849056603900004
0.025865744599476985
0.0047234867897758895
0.0037112208621588733
0.00651523718328634
0.0030062412357212995
0.019475049338638622
0.01738171316199954
0.0042084213330604355
0.008218194044207604
0.005886043902151377
0.005307979118762142
5.688200336284365e-17
0.0028361337075494455
0.012736556347459798
0.006655205076377811
0.023496499253199576
0.03439187692996042
0.04092966834228172
0.0029257367448574092
0.00985895549680486
0.0028567470283011125
0.011406183972590118
0.019188018258637085
0.0024962264150935
0.0070946637446509956
0.007324543077660365
0.011766675369983787
0.014099450352475366
0.0019234385732081801
0.008395060883765274
0.007643396226365999
0.003948127827962289
0.0020730047599287673
0.005409363372494985
0.004515370874661963
0.005485690775752667
0.012719410780379647
0.022325692456209346
0.006443023830703508
0.0031811320754687503
0.005830386530986941
0.012130747820326316
0.002490309636959666
0.08487784358419699
0.00361184444377945
0.009548791792851495
0.013301886792477501
0.026409433962241203
0.05323853646366899
0.01856476577009279
0.0008018867924522496
0.006068023753191259
0.0014427106714776034
0.0036829447178077404
0.006024857127782873
0.00666063796483228
0.034194346980234554
0.0074735849056818005
0.015109674240350706
0.004704343928498447
0.01895703113287301
0.0024628776012716926
0.0025607205041236303
0.023985485917837578
0.0038181791105895554
0.0
0.01043505836783706
0.002867924528302
0.0027495308202315186
0.012545277691991132
0.010298674746576884
0.006853916900606169
0.004860171207015156
0.030032926061263246
0.0070207095560873845
0.0060864290673243665
0.0036179849601045908
0.011759055464422803
0.0008816049843244486
0.006297259308142176
0.0028080786569698764
0.028095735674356487
0.010147219940634382
0.004090026730413222
0.006499827537728889
0.007264534758914316
0.011821818534750337
0.017150799316618223
0.005158399775657825
0.010092904640941753
0.0025478631481469565
2.8301886790199973e-05
0.0010622641509451993
0.0069918517866446326
0.013708270767700675
0.0011207547169739193
0.0016159706514555195
0.011482780501592986
0.01427683487344177
0.007141589889488365
0.004816739789305676
0.009692285338229712
0.0020245283018837
0.0008443541402818411
0.0003056603773634002
0.009990648160386334
0.002462025330449278
0.009183632684311093
0.026158745697657408
0.008031424048437654
0.0064512166868612
0.0011095359014098281
0.002553346147783435
0.017481953099809492
0.001912106013940592
0.0022062174555099122
0.012344649542439079
0.012059268407486392
0.009627079705315681
0.005213964480118348
0.0021188679245286
0.016668728987544297
0.006893153177371132
0.004580943342504702
0.0021645184081478075
0.0037658440985606926
0.014021561211057236
0.010962187959242592
0.005679245283024901
0.009156905188385939
0.0004905660377359499
0.0039886978745457425
0.0018410872821179869
0.00651901810732231
0.011050732056315632
0.010672997119367167
0.0009905660377327995
0.0036966528604738913
0.005211732545125994
0.00010377358491049996
0.002177038156914186
0.006217030643193124
0.010149376645625404
0.0012173677853539262
0.0027730925118333925
0.006072119323517739
0.04656155181773341
0.003907918416829858
0.0036432256158347907
0.006538129251225797
0.0016451183255067126
0.010936443583733803
0.021165154474675523
0.012253640149266378
0.0001826990698681883
0.0009690707230748534
0.002575034727246628
0.0011332951382283202
0.016383378516469167
0.007022465182557913
0.010152130669752573
0.006511140019431139
0.0398661185709701
0.0029211916903066956
0.009856012735002357
0.023464225209118915
0.04845252486917928
0.002134394142037274
0.0029120667136917117
0.004826877983554005
0.004012524558224087
0.029187001789075667
0.009691695486237061
0.012190963602535031
0.009002250678254633
0.008410739650214476
0.0038186583529131136
0.01890161981632626
0.00912719490421152
0.0026169811320755497
0.02837289071896075
0.02384448809563939
0.014368469229941018
0.0010811320754670001
0.003079061996458204
0.003900561583687683
0.011164585850262835
0.0028540388788464675
0.004472928187389789
0.022553065028772606
0.005784175004577689
0.002180749951301395
0.0008205106989237538
0.009386828753528635
0.006682910310572402
0.005141156119218112
0.00418248836493922
0.0035225360668150137
0.0059094339622599
0.007114372626422686
0.007944759736017293
0.002500074141539606
0.010916473089403148
0.00194396101684886
0.01091532308446018
0.007126750520241591
0.007376114696365223
0.003746151104660528
0.006257125626296912
0.01754970210257948
0.0024330957173945337
0.004191409595170097
0.009615460504537179
0.00616037735849694
0.014070678915381595
0.03920389025438295
0.010074487645847924
0.012089790323984042
0.01813353703713994
0.004698182925213457
0.007402126537487415
0.008688946112882071
0.0035435418136244424
0.010025967416965187
0.035521467502166955
0.013357668534437098
0.007451825874348518
0.011909744159946282
0.0060009422085508584
0.0035079133324098935
0.006292567291555391
0.012501622304941954
0.004947205465118668
0.0010083485844251654
0.004352456139657181
0.005325920816572943
0.009744367481170267
0.014210118151485172
0.006005452127666194
0.0035182915591231317
0.007701475384507678
0.001137962094697721
0.0012888616217762285
0.00303186003447295
0.013961834780851674
0.0013921579027446971
0.009522557575669967
0.007666151163163618
0.01698476572433254
0.005649477877721369
0.008407754240056612
0.0019597261792798446
0.006943528357604855
0.012997570758363908
0.021071261676914053
0.006909877682244152
0.008406731908469096
0.0002720367428373534
0.012870113059877016
0.007749154495378598
0.010840628277581081
0.009035409449366823
0.00044765816883331476
0.0034780475059778214
0.0034640078062078625
0.012206141614841603
0.015216673783121895
0.014123680891743212
0.0008735849056569003
0.011811816503702322
0.01861172860604109
0.00351991874612578
0.010200683516687828
0.004580792385380954
0.011115502683338517
0.008730118985022873
0.006388679245284939
0.008775179511327901
0.005333441957924897
0.018060549034277902
0.0030916746907588494
0.007986537406790376
0.0019145759379930634
0.029721217747403963
0.00719622641509851
0.0044507475906757675
0.019054168659178965
0.003902664710127752
0.003548462943836361
0.010828766690269083
0.0025548323747353312
0.005736607815575766
0.029652400279347634
0.030319961776069135
0.0021799945898196955
0.001920956859163881
0.007023534734238449
0.0063999661599597685
0.00445489771459027
0.04263301608507087
0.0028120854434610263
0.01823343958256641
0.005000674032752549
0.015993657661243783
0.02633263484730004
0.010435893811613266
0.01584920004189562
0.015170195111162115
0.032030289425484415
0.0050018867924491
0.0025652043281582586
0.01664443157845208
0.04224182473984733
0.003573362925969261
0.0023446790525736626
0.0027875255606543813
0.0036791301943466873
0.0060641509433915506
0.0068462974579239465
0.00554087867776919
0.006469357845447654
0.001566244119671163
0.0003858879367390125
0.005731424352560253
0.006048084397166844
0.01170717272339586
0.008411299247027573
0.008609670616445363
0.010688322088155842
0.010461985784394178
0.001984412498339418
0.013487910454427873
0.0045543019102595875
0.007433004975098949
0.013931999593967962
0.010559553432581328
0.04127149466882342
0.0010377358490557499
0.009599203079225595
0.011284585025261636
0.00812835715814333
0.0017517049706816791
0.0010653177906419348
0.0072065305090735395
0.005601019902664086
0.008293849826011569
0.007650981092881792
0.02137968377354743
0.02775248047650581
0.013057605723013675
0.013596924157043989
0.006198189576271854
0.01826738745135721
0.004853029635178975
0.011188338665975479
0.005625093990703644
0.007989145038419566
0.0055338965574197405
0.0019902024010505417
0.007025524960767876
0.04231181174875161
0.013202559320626892
0.01500791887408156
0.009238634754164561
0.012441367364568256
0.002484717520657655
0.000773851523991726
0.011541066324248653
0.0031142235488128634
0.010478226058049041
0.0037692856242827056
0.0024146567111988826
0.006711664755041911
0.01344923327471242
0.009258749937031813
0.0073310175925066995
0.009008052977575811
0.0262572971861774
0.0017549649496180336
0.0010320489559573192
0.0031680023211627184
0.004044064995462334
0.012162089629811709
0.0008274218485080979
0.03436573185062129
0.005959876974778294
0.003267241450212485
0.011150499879271487
0.00061886792453421
0.045543907080423454
0.002511046219780973
0.010339259348935835
0.00663294250229142
0.004284905660376389
0.00676610988223809
0.00385650958415992
0.006078846990601072
0.013010776370752004
0.015242695313130848
0.0008943396226421003
0.007278136989360129
0.003769465780778566
0.005772238268758549
0.001451139800334887
0.011201570950508877
0.010661569762820783
0.004630327952609018
0.004282230158492105
0.003889448624928969
0.016136867349728783
0.00205817887702488
0.015405100138865842
0.002340739847781939
0.009071160638222673
0.006299615366856225
0.004223029797443297
0.014624806106390335
0.024343634917402497
0.008262032625136214
0.00137384711524731
0.044153916681214544
0.045745868829235675
0.00113773584905646
0.009208951915691587
0.011476085734098942
0.00212075471698175
0.006206967703009075
0.013294266868434514
0.001481181508222445
0.009096049690328739
0.004934176025621615
0.018994298016271095
0.00865389127033794
0.013462965152051101
0.003454617210430375
0.008165521629466729
0.005214095433735475
0.015585042849139896
0.010311297513673382
0.0037139479181047866
0.001891313925514468
0.01051160638896056
0.0042622950819
0.0034044890933324083
0.003128131054833137
0.007245286264801347
0.0005483206153466818
0.0030431610191265076
0.00742672471765059
0.005729022628594529
0.0022726278382299973
0.006225200738723606
0.004006529796220711
0.004530606311175339
0.0017415037985771137
0.00799884148467015
0.010017228278120105
0.006189168575542671
0.0044496520069260284
0.01271862728555359
0.009260364452170116
0.02643465762206513
0.005334271947338617
0.005502171382490996
0.0019188679245286
0.004621827377636835
0.005250137565147357
0.00507446416130289
0.00714532702463162
0.015785186291859404
0.013429356828999046
0.0026676583113265325
0.0024501797194236706
0.09297779827229953
0.0045735088940902086
0.010911263098562893
0.0016320754717022796
0.009385696820882826
0.0007678573054786129
0.00041288886123783233
0.0037667277915630587
0.0030516616562340304
0.0051501505428547855
0.0023088023479145505
0.002850391874146954
0.02799572526450616
0.0025671492930080626
0.014734245631158284
0.0033018361702052855
0.0012150943396257996
0.004310104171518481
0.005099121819723593
0.0056561365217324185
0.005344677726858157
0.005018540194370694
0.004065003475610427
0.016216459111133626
0.014980411415555542
0.0017339622641509198
0.005397556934770633
0.0027019668719404327
0.01678565390818468
0.020834058924078292
0.0056324600092766955
0.012927419705935177
0.0028827122875852624
0.0026943396226427998
0.004613828778771012
0.03586867305453944
0.006268847864105988
0.0011012042762697668
0.014663134337969374
0.0033606936576103482
0.006530015196488321
