Model: SOD
Dataset 12: optdigits.mat
Time taken: 8.844092845916748 seg.
Accuracy: 0.03333333333333333
@scores
0.6950505291669362
0.6686874136267686
0.6820081635399501
0.3726354020448713
0.9401114422288049
0.8500341990384174
1.1198426760253508
0.3807886552931954
1.2175795661885922
0.6281113034517127
0.8602325267042626
1.0886359378268775
0.6034453922795456
1.0465972738635125
0.5977039400907442
1.3684845633035105
0.7393097776767334
0.8970035588643919
0.21764287503300342
0.4828486896977739
0.7396127547757861
0.7938790225462721
1.1374735838014673
0.729455456596148
1.3598050475865504
1.6505979777676107
0.8539382450246558
0.9550890649312342
0.7187952884282609
1.5900471691116587
0.697906276466767
0.46696419087073
0.8878091733053495
1.433430229282968
0.8229351263752338
0.5637178175095922
0.6264495385825134
0.43342489875080187
1.2412772578152031
0.5284748946598261
0.5853912596112691
1.287827628217379
0.2654735212336448
0.6585698791428938
0.7832710345171163
0.9448189915688976
1.903788792042301
1.1622438689065264
0.28732932244183457
0.8048837418148275
0.7671375365604267
0.9780933834080807
0.7623584958472466
1.0185459721759726
0.47211729140342373
0.9017179371040803
1.2051717821083614
0.6284902544988268
0.6166391995640761
0.6311365409587163
1.1482065922029792
0.6819090848492928
0.5721163108763214
0.9168181692983379
0.8343957191981609
0.9223611006541852
0.9659052608682557
0.8363454335443736
1.163468322123712
0.39724662119240284
0.9274933436090118
0.35535766456830775
0.7780526034006547
1.1109016896659056
0.48107023544236394
0.7238420880420346
1.8639062051142528
0.9449480563863247
0.9261479363471044
0.44187102190571403
1.1406251097646594
0.9256115582450106
0.21876275473019363
0.8318961966803804
0.5994183226940893
1.590447675820808
0.6478597241858938
1.4632336216677593
0.21240592993079888
0.5088407598835996
0.48810859447463123
0.9499644374567042
0.6354600882899915
0.7084432877033222
0.3777339365602041
0.29664793948382645
0.7793384509009109
0.7180814895546506
1.179809823451303
0.6631316534019392
0.5505048188304582
1.1056007150759584
1.2388502734390463
1.5756832733064658
0.4935953440181173
0.5976449507688384
0.5308012810836086
0.7044261609396802
1.0370175530845203
0.7948270252073717
0.5632914851986468
0.7800875498082593
0.21582156372434394
1.3395239170407989
0.6714589658773967
1.0095595704641651
1.156503350622038
0.28062430400804567
0.5816293346512272
1.0476995841388175
1.6677996149284708
0.5375872022286245
0.7877182237323189
0.8238013405237022
1.0401403231737014
0.6047431568147636
0.7369924658616546
0.5991221648554264
0.8014788961991649
1.03393635696009
1.3462469878818493
0.676202632352167
0.6206957047497081
1.0723805294763609
0.7728501130861646
0.6453127702351561
1.0617072205755325
0.9966610925150702
0.5108577196794599
1.1895916127512858
0.6625891564490793
0.3681032463861193
1.0045947074894381
0.7319764160710444
0.5485912694824635
1.40141124883886
1.539102728638451
0.3768969117030305
0.3821683288538538
0.916515138991168
1.0754843869934452
0.7158910531638177
1.1012188369389928
0.6135959582656977
1.2389511693363866
0.5721611845036603
1.083805400586961
0.7056165650281357
0.27233557730613656
0.7682772936902404
0.49547956567349993
0.5784594926314068
0.703479723183428
0.7605918747922569
0.5640107340362487
0.8293598964489649
0.4456580652373647
0.8644362324659928
0.7822351896277052
1.2134925226650977
0.8340152248903118
0.8921883209278185
0.5387607612797511
1.628106786214305
0.3464101615137754
0.4397966037062805
0.3448026810929534
0.770808887768826
0.787734927364195
0.44773330932494815
0.48451006181502576
1.0002563773917268
0.2299885580677988
0.38956989858349295
0.7302967433402214
0.4628288304716868
0.8551315688243535
0.3804429551263411
0.4750168687962836
0.8265414277017924
0.2846500325410855
0.9224587972143469
0.6172133998483676
0.5925209541282749
0.3456877203488721
0.6249444419750891
1.01912271641403
0.16486202467362585
0.39451365710330694
0.4483030334005085
1.3470766068102378
0.5335111492194549
0.7982122882685139
0.5650537269018887
0.3391164991562634
0.5019474270401185
0.9022494411492056
0.7840515557699399
0.7717778343804813
1.2652074928643129
0.5605448477292334
0.5289252355124537
0.8090117428072351
0.7937253933193771
0.9436389910630788
0.6195986112189005
0.7407322124265393
1.1634001891008958
0.374887370473507
1.014889156509222
0.4555216789572149
1.003618453397505
0.4405707254261954
0.44807279628340607
0.7576278769950323
0.9144345117013444
0.9916758808358601
0.985449699939632
1.025842551845297
0.6715188009281647
0.3334108437013926
0.5880386668274549
0.5347896782848376
0.38525452967042306
1.3834738884417008
0.519861914604648
0.5463515351859094
0.8539382450246561
0.8458041235325207
0.5317806856914029
0.5654587427422002
0.8416775229454443
0.4496611190121062
0.582119950150857
0.6004271983453286
0.28379665350483
0.7990125484819239
0.5185449728701349
0.5265669257299848
0.6733607013676559
0.4534421198979656
0.5332531991080545
1.1823939933691965
0.7641350921299127
0.4757535742531359
0.9145876602247015
1.1891400481247167
0.4875961443653959
0.46352685235824576
0.9941722076071019
0.9318682194271776
0.9945685831890462
0.7086051171994259
0.5691567393428579
0.8580072672117849
0.4984825458176531
0.46984039843334047
0.46475800154489016
0.8696263565463044
0.6446780251393412
0.48074017006186526
0.39169959334746746
1.128737178907304
1.4565010637954265
0.301977608756802
0.6819943394704736
0.8831760866327848
0.4757265910937544
0.9511225716706881
0.7866066361276135
1.0454534771920618
0.6868405928597989
0.5039841267341661
0.6420669746996804
1.0094552986635912
0.4150731432961114
0.4783403848824849
0.6047726845683427
0.8263709148372109
0.4839938016132025
1.5383200484387416
1.3511312133007496
0.5264435935053794
1.0164890555239638
0.4771941803021969
0.8010409893798609
0.4003203845127179
1.6181535936466533
0.43280142464036764
0.700664136771777
0.5585198693372013
0.8809384947764216
0.5848076606885378
0.5151549430847145
0.8519704563754458
0.47717115136217914
1.0256240841091642
0.7148794524805894
0.6868732574462858
0.5322906474223771
0.5256574830378469
0.7447967657168111
0.24671758189758447
0.6540679460490174
0.8793463481473043
1.577116767172709
0.3189158463814093
1.6561249952826629
0.22523700254858917
0.5073741927104406
0.6318142046434135
0.6818099917608019
0.44307537674044156
0.7472170590486632
0.8793496539792849
1.0334644553577084
0.7918333157931662
0.3071226535511901
0.44376015698018334
0.5952805845640982
0.33124344857252996
1.0114212638524922
1.3765409056271682
0.79435508432942
0.6296257391725433
0.8745694911622489
0.6975038551197956
0.6657702306351644
0.28766299727285055
0.9058145505565697
1.549716626232558
0.9237116667246568
0.5122880287399305
0.5316310552886921
1.1385149169932807
1.0400103949584454
0.5797004671198286
0.5818974576012431
0.6742517219966032
0.9680419738616166
0.8893550365025102
1.6657580856775092
0.8427711183320991
0.6814134753028621
1.1650204836279607
0.46037424389777104
0.4779341509366943
0.6982120021884471
0.7374974162831963
0.8490057778430078
0.9888264649460884
0.7515836937962982
0.6478655182441259
1.0772838718464788
0.39145279934833405
0.6887372317211946
0.7178183320971517
1.4155064593937272
0.4522167621838006
0.5090607597751541
0.5277656538330755
0.37452672837899065
0.9799505244159168
0.3498917581542075
1.1479173688529525
1.5410619049447025
0.7965385641703271
1.2273590576560132
3.1754414766184205
1.0376254944182253
0.5786609411810036
0.5964951396389607
0.6901086870921131
0.6212889826803627
0.24328828411822298
1.0794735559034028
0.9142392101268318
0.754813612584981
1.8885143596188214
0.33090784215548585
0.797033975370396
0.29025850547399984
0.41590019592802907
1.2363853156070113
0.659123997776173
0.586325658467867
0.9210745780762697
0.5607534613753574
1.3125908489861207
1.6207496007380917
0.577128168673929
1.1454256850621083
0.6714244639650918
0.5984105932344765
0.6846754616640486
0.5375382483331327
0.8478263523915283
1.222559267598384
0.862554346113913
0.998570406702931
0.6331738236133035
0.7425556469981821
0.5982430416161189
0.7390644195306768
0.7147102985201842
0.22687130324325752
0.2877337270366798
0.6879267717157425
0.41417201926067104
1.067941945987702
1.1236916511344508
0.3470808497728876
0.5419263884757004
0.3552692165333442
0.9856284363968738
0.5179697702828122
0.1300183137283433
1.1813871827964257
0.6302281332977765
0.3468000436422554
0.862554346113913
1.0921632262718393
2.0627305065997215
0.7847913327104447
0.9819095383299902
0.09860132971832694
0.9452032008563508
2.2056438662814233
0.6409628174343136
0.37782270974625126
0.9998571326516033
1.1667543826674422
0.2051956704170309
0.6859492078787421
1.1569189852628137
0.6608706378709831
0.506795920724662
1.2490972349817386
0.47434164902525694
1.341248436502743
0.37757661813743526
2.0717534028359075
0.5320296566504124
0.8196901194304418
1.6854771826795323
1.0042218571916957
0.8018559552519222
0.9363047936792093
1.2698706345811093
0.6146583425357378
1.0642850664660775
1.3228756555322954
0.6919449969382528
1.314986383651629
0.5131601439446886
0.7444237144709098
0.6977514907595274
0.6061092484467065
1.8662294874961118
0.5232112384114086
1.1561430130683086
1.0300878996867602
1.2485547200218694
0.2996121523911624
0.910415917510861
0.7224956747275377
1.7288650493819229
1.162163929916946
1.189869519604654
0.46702045791175795
1.1294581336533354
1.0155731824388081
0.6507687761409577
0.7903937134252917
0.9518119278229003
0.7854328500290537
1.032122947026069
0.6228964600958975
0.6464895342917145
0.7677528537520683
1.094662374563826
2.1245503725998796
0.9872876187339041
0.47399015460942506
0.5716898357437212
1.384327864475622
1.0274795792200864
0.7646713164636307
0.705927286151579
0.7886345442880653
0.8609410619752794
0.8521681032463466
0.8996030870810273
0.4986344990435014
0.461054691518727
1.0777154486390619
1.041404728971311
0.7440995971819335
0.8007618323790926
0.6629281139086849
1.5610114531151773
1.2284031744400368
0.21674119171501877
0.7535879091666116
0.6484800041554664
0.7758865896508329
1.814104630322104
0.6498520541690181
1.5742007839243723
0.6714244639650918
0.5275730597114804
0.48224900473106486
0.5254498653302805
0.7572414635678248
0.5993417441792199
1.6411124275929423
1.1761841228774903
1.4051852029342802
1.1144020333308318
1.6565378495702485
0.7032889766059074
0.9151112344565394
1.2439855304624727
0.30693733288049124
0.5783597496368503
0.8899438184514797
1.6001736016931274
1.997060339599182
0.5313952882562588
0.5860788104794639
0.5922928421066819
0.9086307039152711
1.5078427449803058
1.3051492765758026
1.1774916078199822
0.6871107713616577
0.6956309646819859
0.4775445324656171
0.5013140627128708
0.6909185343096765
0.8007264143873826
0.8891234675457288
0.17320508075688773
0.5704431657977903
0.620231811502764
1.018212530249337
0.2626785107312738
0.6113509630318743
0.5552777082985895
1.9510486690728424
0.5563382021054741
0.8751190395216719
1.30862523283024
1.0924351853297025
0.7445528687467228
0.7835192652541418
0.7895146188218006
0.7218210588682219
1.0841515647660227
1.5793706862880172
0.9530855643767017
0.7506187923497328
0.7652613932506983
1.0734842435045944
1.2556189499081403
1.5100496680573126
1.6247266976649528
0.5981153195529026
0.9400059101469049
0.9984836989003361
1.0692676621563626
0.35738952520642336
0.5586638194459121
0.5822150453005822
0.6028999685627984
1.0880934557385467
0.6831300510639734
0.7654107776459549
1.0064497883504115
0.9836157786453001
0.4161378758384259
0.42170823781121214
1.298717315918544
0.8561114584376807
0.9184225606985056
0.6529482854059991
0.4684489774185066
0.9556376108354271
0.695834783919019
0.5925899009413461
0.5981954846351131
0.829117541387165
0.7421519208923537
0.36980637738789307
0.7511895328648519
1.1322770341445958
1.6539426579508354
0.4885167844083238
0.9453681453447426
1.286835632839698
0.5986827646020713
0.48304589153964794
1.852090196302031
0.8330666239863411
1.2936729662436885
0.43133818701680854
1.0691856222082496
1.2079196030538872
0.3112188022230387
1.5256776552379299
1.2458135021146952
1.2631310304160848
0.39581140290126393
0.4970501217477083
0.5427443491842439
0.3766193107942792
0.3414365934817489
0.9610468828892329
1.3252606496360195
0.3189158463814094
0.9873524521997527
0.8146681597597367
0.4684945885356409
0.529150262212918
0.7626412142165028
0.5205766033928149
0.5577733510227172
0.5154037501231685
0.39694781466531287
0.5253055738767162
0.8
0.7511231899706119
0.6912721192534406
0.3908033683673577
0.5314360191257667
1.556979783591177
0.5844475574150525
0.49914212118679907
1.1975234861997488
0.5603100645366391
0.46852128566581813
0.42295258468165076
0.5056820005836532
0.6313862911472252
1.0458534906044556
0.8491974821184786
0.8028075734570521
0.450832563153994
0.264575131106459
0.7242890269737591
1.33246183639703
0.768114574786861
0.524771012332632
0.8232098265962641
1.4252305256631472
0.5513619500836089
0.7592670719098034
0.7159358229367369
0.7299455546960423
0.9678154093971985
0.6480740698407861
0.5517913411884301
1.3053533500248324
1.0399519219656264
1.1257801527744893
0.7209411193439972
0.3213024962829375
0.640112169657467
0.6006752956554904
1.1540147312751254
1.3214447458052176
0.7410873945195596
0.5442338432975996
1.7975053938794292
0.8703797881440929
0.5168940773306339
0.13093073414159548
0.4958363223248024
0.6547398036825895
0.41563204881240806
1.2869096175086903
0.898314920821032
1.674545479854926
0.6595452979136459
0.5310850045437944
1.0919183642954788
0.7648529270389178
1.0389703843033542
0.248069469178417
0.3640935354604673
1.1085789860993454
0.7819389819088005
0.5092010548749033
0.638410187549954
0.8699176724016802
1.7985288105429231
0.840482157104038
0.3464101615137755
0.5428967140306369
0.5989025050259147
0.9916316520429012
0.6258652547259439
0.7499494932488736
0.8244732242838306
1.8925692013287603
2.510074937223228
0.6725927091345493
0.47169905660283024
0.5130723567326964
0.8041013290428147
0.3479261869692297
0.31105748143511486
0.3669252598847119
1.334856586028311
1.6053963053705143
0.9869143833180262
1.0858497904599238
0.8026518547913534
0.7153087911291645
0.7035623639735145
0.6126275377421423
0.8762292952063278
0.8537498983243798
0.5577733510227171
0.7350170066059696
0.8014867137894129
0.4308245073084411
0.34130116684020656
1.1116606828003817
0.6776656765919087
0.2800162332956625
0.3475186768638928
0.3728270376461451
1.0265522508910707
1.220086517879413
0.3535533905932738
0.43267690292593786
0.464647647037447
0.7439147067433813
1.427885549635244
1.7743049046702324
0.36659274938607156
0.8065437499062406
0.7679285681066214
0.5421151989096864
0.4642197755374065
0.811614408890052
1.6575187543592476
0.371265185329621
0.89857436945191
0.3387476937190864
0.7305620645999614
0.4771237353386744
0.640112169657467
0.5587684871413404
1.361371857110809
0.4421538193886828
0.8277209380096122
0.9436566138580542
0.5028126020899961
0.5111262075065219
0.5325515102890154
0.7518968261731807
0.5965347085766136
0.6294839156007085
0.696327361857765
0.5495452665613634
0.5855400437691197
0.7237057413065063
1.043662191147485
0.11751393027860062
0.9252278160690517
0.9546286133746905
0.7918997810063434
0.9611691598496873
1.843211483099151
0.33459112288313203
0.6605420421696747
1.2675114854918115
0.5810056519239444
0.9399048104098514
0.5494468963347522
0.5515130702591433
1.2200320737052635
0.7203800166724871
0.4413048832723246
0.3149431523135392
0.7348469228349535
0.5252177248880557
0.5858077600265441
0.6093860445984559
0.6505714743540815
0.8826097665446492
0.960635473434389
0.8638957052061806
0.9393006517008887
0.6543237233080587
0.4157168661727749
1.3518992488152985
0.7707139547199077
0.7654107776459549
1.6236735476916795
0.8497058314499198
1.124782261211091
1.4907610207718176
0.3855338683389095
0.525594901040716
0.7332336455369246
0.9547452338390915
0.8042742957829393
0.4054121043567574
0.7148794524805896
0.8731282501307986
0.7287150616157464
0.8115828156551042
1.7667876107609715
0.5446711546122729
0.5045736760816943
0.6585969936159746
0.45545131181707826
0.8849163367668851
1.4448848769685103
0.7416198487095662
0.528505611907936
0.49603075673581687
0.3651483716701107
0.5007686399618398
1.2135981677723944
0.76355959545667
0.5709167592092088
1.2040472290278856
0.8125616347431194
0.6326750965367436
0.568205194324324
0.507718207057594
0.3354101966249684
0.6543560331973857
0.6109298602275445
0.6746427626105961
0.4660252001549779
0.4617740725913994
1.0983240821695954
0.8113523790110122
0.8850103068570689
1.2756835113195717
1.416351874210271
1.1892058384971835
1.0019299558170902
0.6265493616341036
0.790281882966739
1.0075391481898532
0.45262765588482856
0.5903993805649094
0.4835119272404599
0.617507724221879
0.41666666666666663
1.2856495388876803
0.4756219257101339
1.2397004246418337
1.2498420952895988
1.4612494653549064
0.5021575073243078
1.439088464881884
0.8662938971729338
0.9694131754633339
0.9649409884086753
0.7166997534430759
0.45355736761107274
0.42995016322492874
1.111897382618416
0.6478811619425279
0.9906507401142388
0.3612842589838002
0.493825512062344
0.856860855866219
0.34718948794648224
1.8201447275610512
0.483045891539648
0.2505807208753669
0.8265852909671473
0.42493697011607334
0.8907937547566852
0.6073414495682279
0.8782874750836931
0.9588683806594998
0.7787352383375056
0.8004686127513058
1.1095281121174656
0.5711186134142673
1.4530036174060692
0.8382312204561271
1.1531577200334424
0.5530663187549721
0.8333333333333334
0.8186918896974674
0.31490739379485294
1.6015217122698635
0.621966321647047
0.4142353305681554
1.6398010148859687
0.8259674462242579
0.6742517219966032
0.5324747991827462
0.9162279651978137
0.532459870331571
1.1580772241706754
0.440343546591057
0.6934214687571573
0.5030211755287277
0.8600941255245874
0.8259062974219363
0.907029604093881
1.2264626069782107
0.946176516301266
1.2284717567542436
0.726674311886388
0.8596204792936547
0.7300022094531301
0.7805781995299352
0.6168275208485681
0.9738472048418985
0.5779740946219424
0.8196035627057755
0.3869833298231018
0.6782329983125267
2.258982071642004
1.1226114244280656
0.4506785008308151
0.49799598391954936
0.8848133909712858
0.5341003256830469
0.3794039646881048
0.4760952285695233
0.5966120564872502
1.005912752238622
1.364390889737981
0.3890955523225746
0.2819107734914122
0.7120583031093922
0.4395944076569254
0.6826419266350405
0.9830616747744041
0.9351976232832259
1.3750524465522147
1.1914107014205721
1.7527289646518118
0.6565059024867942
0.744796765716811
0.8456566295696707
1.268218584621113
0.683065844094419
1.3063307391315568
0.8038510251210951
0.8267948618549485
1.3546690389642058
0.3754996671103717
1.5229771697105177
1.1423659658795862
0.653000962028584
0.676290189972198
0.5021382848806264
1.0531805112084012
0.658669988572543
1.1380962867414763
1.0035805463656011
0.5597618541248888
0.8070204776101108
0.6145846448734996
0.7777350415609384
1.2572077905308368
0.5026954373203549
0.5056095584945222
0.3885871845545089
0.3945136571033069
0.2943920288775949
0.5873670062235365
0.8286005958050122
1.7045393939286195
0.31079078025403056
1.1488037256206998
1.4438125205838168
0.8903274267533647
0.6853683168411929
1.1346157680803095
0.49656716299854253
0.4946222425151316
2.7931960984586177
0.46876096478403906
0.8102385367819075
0.37240329016580376
0.3049590136395381
1.895181860855123
0.8303613671167512
0.47848444950808244
0.6598525633847349
0.7059809423129572
2.7331769811441795
1.068323822384245
0.28115408417381926
1.654215394508397
0.504714614515236
1.5889845168760441
0.47797650408941494
1.3064616738592671
0.18426472362363075
0.482305968881837
0.3300286637837976
0.9092121131323905
0.650174801670499
0.7617500626155123
0.3513133254398116
0.13066434376564753
1.8926832804249105
0.5184110338331929
1.1173457560046212
1.1591331863033443
0.8866531712873112
0.8036375634160795
0.8392173224414009
1.0270160197201914
0.6123724356957946
0.28017851452243797
1.4805577604576197
1.1843892002959913
0.5644897241302526
0.31744169664559
3.3930269051316655
1.7328103124541268
0.8060581428964847
1.2787270455976354
0.7511895328648517
1.4489404996163824
0.8073982238597579
0.40514977658072904
0.4596194077712559
0.8862709464245064
0.6022316222428612
1.7253280142502634
0.49106298694043027
0.5670793131197973
1.217964490451179
0.6723094525588643
0.8329522938377226
0.887076525393814
0.7698256808832559
0.755629280637071
0.5527707983925666
0.6464037730689989
0.542267511523652
0.4527692569068709
0.9797958971132712
0.7912016177940993
1.2978727534741323
1.0092988707644113
1.3775409422659814
0.9231441501473209
0.692614095809698
0.7001983845866668
0.5275345324496107
1.6037456157383565
0.781800563578795
0.9065290242429482
1.4482527049641225
0.7221242376725395
0.964241621566869
1.151469649161964
1.6681659922734842
0.9296292413192421
1.929378138157474
0.5399073994677235
0.2641352718976871
1.1110687126413588
0.5922415047934416
0.5313834971587202
0.9004628439493398
1.0270753238834203
0.5408919509145081
0.6557438524302
0.28569498004274
1.2745958553967587
0.5350505301066825
0.4753444866119527
0.3554093266554555
0.7031882281512727
0.5535433645255413
0.5069783299382994
1.1597939261866792
0.446933999601731
1.1117339524150467
1.6700441967348107
0.33588764910385266
0.4959358637489136
0.30000000000000004
0.7114053422456215
1.2715148445849935
0.048795003647426526
0.8222857448319568
0.5597618541248889
0.3996526269427266
0.3254188622336387
0.5023628380489858
0.7184818830118239
0.16563785025137656
0.7353984027796163
0.4598515136803906
1.0108620604529372
0.8576644071512574
0.4988081031915218
0.5762389105668604
0.48801423620304574
0.756472074831583
0.6501922792528377
0.08626621856275073
0.5767422118653778
1.1799608859227888
0.16705381391691138
1.0216086386314065
0.6765722430014404
0.6044550054872047
0.6493288126802508
0.6666025610204137
0.3747726583604325
0.7170847413770493
1.3539756275502155
1.0611060012769442
0.5503587346832113
0.8441676655848929
0.6242996075603444
0.8167285072442706
0.7344887229975189
0.6004165220911231
0.6937692624163196
0.24659848095803602
0.8738902737336741
0.48476798574163293
2.388409512625504
0.9599952651398386
0.8414563449685342
1.318548986034053
1.1174884732313253
0.6813299687492026
1.6284669974871342
0.6988085097745542
0.49774491458979264
1.23725077235143
0.7330056597989522
0.9098872110553622
1.4895248270929613
1.3253570947376516
0.5705491352981563
1.4518394669652146
0.9324481001425545
0.926885994639483
0.48014637407830174
0.93526585643988
0.793563853601958
0.9934787365615835
0.6370160701930608
1.0938825107699734
0.5959119994689747
0.45661800227323496
1.037378352460589
0.5882623832771796
1.5766882843307823
0.8046738469715541
0.3872983346207417
0.7975290788296985
1.0485439640017222
1.0319292847770567
0.9037931761543445
1.281990639591413
0.5401804067113799
0.4218307438660538
0.6484695987575829
0.6342914010100947
0.4812265031857879
0.6505653649846778
0.7285994392374612
0.7048097308896613
0.4227504567921231
0.5417688746259918
1.0988031766666093
1.0274439282223753
0.7562353416046437
1.2382783747337809
0.6831300510639732
0.7162213156371242
0.30895719032666236
0.9825303321824403
1.7608202079934367
0.51478150704935
0.6520364369814888
0.7241675252668838
0.4331824775121097
0.7196865414530953
0.40473389258811016
0.5879124302487791
1.1504003879656763
1.060791109397971
0.9306509072209144
0.4973098361894039
0.7256575965070723
0.26349301969610395
1.1679942321414902
0.7700649323271382
0.5204164998665332
0.3623752053792923
0.6745368781616022
0.7802037866595807
0.393863180721688
0.8345657553482531
0.8258966419340223
0.7303524040806202
0.6061092484467065
0.6033241251599342
1.5107117527840974
0.4475077182515815
1.6987390281365427
0.6047726845683427
0.10240998426935125
0.7445295993607804
1.9311163937773894
0.6610801971221245
0.6755814210073101
0.8149517418003441
0.7247413331665306
0.5259077365550169
0.5016190004591349
1.359936973329489
0.5545818024509604
0.8107825978970143
1.27033460159125
0.2807303400231685
0.5622755962638305
0.6751543033509697
0.8767463775381772
0.4984185516527037
0.6211195325251094
0.3530816713830763
0.25869494955077293
1.0672274167085285
0.35716602241474144
0.7953389859450514
0.8254185541128114
1.034287194158373
0.2553769592276246
0.32047262395203535
1.0993855777881794
1.2221906561580316
0.8763268328361958
0.34439963866286377
1.3235905302969995
0.8558226641264138
0.8009141118959924
0.5286392526661821
1.5387307456771988
0.8490891478239379
1.1953858659115277
1.6762202378310214
0.3937003937005905
0.7751198686724596
0.7502631117428773
0.42190046219457983
2.0023735915158287
0.6384603190076642
0.6522310981587779
0.3807886552931955
0.5443725410182206
0.793079037028693
0.6103862945475009
0.4795831523312719
0.6415441897238421
0.9979390527187402
0.5354126134736336
0.2650592580092426
0.4681764509126759
0.5938173520696809
0.5229722745997153
0.4576336650953156
0.5196152422706632
0.5385164807134504
0.7860266139500862
0.729679677963168
0.33416562759605706
0.3304378749314146
0.8045184895327142
0.5550214234494061
0.6836874808189568
0.38117465504288045
0.4477865792013206
1.013462018606467
0.7704616220884147
0.771722460186015
0.8297114273237286
0.9155096366160447
0.594418483337567
0.8153824163228471
0.6551253232696698
0.6414597323568285
1.1003787226829376
0.6716967102705174
0.4060440799615171
0.22912878474779202
0.845216093021447
0.7476278274790557
0.5650051054908877
0.8091490729292237
0.5089204259999789
0.4136941589421551
0.6089082285281016
0.9618929749395696
1.1495004790565992
0.6955456733987956
0.36416898223084243
0.25579009251449014
0.9910122416791302
0.7811849972957751
0.6084869844593311
0.43412157106222954
0.408248290463863
0.7996620907980192
0.6635182064242172
0.5378366784470234
0.7952603500679787
0.7128519444715306
0.483538544285276
0.763930457299448
0.3380617018914066
1.1678285530897783
1.1121340320587074
0.9732919897426965
0.7963733586175454
1.5526652024081786
0.9442345828068475
0.3569046824867284
1.1563952611455997
0.3194546635303389
0.616868151057804
0.8368094167730188
0.7932406754767239
0.7120393247567159
0.38554980047802984
0.45765100725819946
0.5591485123145098
0.7455293109518714
0.9896608365640075
0.15976957091221622
0.3872983346207417
0.8173425111223597
0.5387607612797509
1.2302493704584911
0.7442084075352507
1.0677078252031311
0.20659846763533424
0.4474735278645373
0.5776800894217193
0.5582711408148074
0.5486580365087538
0.4330127018922194
0.4475156648322719
0.3195199888204398
0.5719960552132219
0.8704292382632431
0.49311042854196674
0.3480102169636851
0.556338202105474
1.220070255588353
0.8143974725177155
1.0772710060670994
0.7828759396239645
1.0650876793512742
0.4449719092257398
1.4653659260735172
0.8806563209081938
0.3672395197481677
1.1406369411775805
0.8783339844474277
0.8038967595406763
1.3569384847081503
0.6028503723384199
0.6279800748104786
0.9684775257840101
0.5730037812557028
1.478824897316473
0.7836748952616859
0.5282705437953742
1.33215394994027
1.744204689822843
1.2217621301639294
2.9937633586539616
0.32025630761017426
0.9771247245222726
1.0520218628906912
1.2628341142050288
0.47958315233127197
0.9132071881128907
0.8146681597597366
0.9239701998617479
0.5761944116355174
1.0929197977027072
1.364382080481293
0.27850954663631844
0.6798493376853577
1.3627946662375743
0.532713603903433
1.5493831789761103
2.310947033247666
0.9766594270080213
0.8600907496078396
0.8664694055586907
0.4350066312491906
1.3511203927812925
0.6160143538997499
2.4564078232124635
2.224069802521154
1.1960649767347211
0.5049752469181039
0.19229338050501513
0.6576960563695836
0.5329165037789693
0.8702283018250425
0.7334848328356899
0.5314050285308054
1.8866069315800031
0.4837913331737703
1.96596032513375
0.5817396777181172
0.7826237921249262
0.52358985997001
0.8258966419340223
0.9165151389911679
1.3230799448788197
1.1241813838450554
1.6095866645723775
0.9203407124685005
0.9987830432919692
0.4805992194709617
1.1582156166423185
0.7733661733585444
0.652495210710393
0.5362532681183095
0.9628083921528726
0.8798989841011423
0.33047015949369707
0.7940658288457833
0.47239590889088157
0.8994150145628284
1.3540679451194464
0.21898526309901648
0.5186013579051376
0.6786208925382962
0.38933141071383
0.7141428428542851
0.9755548765052485
2.2833090023034552
1.2287105964098013
1.099393772343043
0.565685424949238
0.1993740203737689
0.7850741770142706
1.7881043239058316
0.6326311897323923
0.961839453929363
1.3055549334327248
0.8961195807649238
0.3791437722025775
0.3999999999999999
0.4167235733497277
0.8569657192107738
0.4101281850898914
0.5266696805218167
0.428368999812078
0.5795288245951061
0.5196152422706631
0.33416562759605706
1.2438268622110935
0.33515008786415207
0.7693836621037614
0.998845487396478
0.415716866172775
0.7886697661252142
1.0161200716450787
0.9436698683929781
2.280800579193911
1.1470614630437201
0.6869076395434528
0.7635807459303539
0.42940685125232814
1.3028814220795384
1.1281165980622434
1.6749705417676675
1.1695901745785096
1.0860357656221669
0.7521398046336104
1.77337668442575
0.7569193016882926
0.6385250862059264
0.9088743761262869
0.30577769702841306
1.6193728480657663
0.6482944657219544
0.5676706791793987
1.3350584078537358
0.7539638840564835
0.4344536799245691
0.7316379689758171
0.7980238751210129
0.643680296672443
1.9948103400280754
0.6045877238163818
1.0255935380369545
1.294827767453425
0.8520872206405559
1.429248054048002
1.1573368444098595
1.0713984958184817
0.6248636214843567
1.0756393447619887
0.9442345828068472
0.6331328003327128
0.8602325267042628
0.9295792849772545
0.5861652869197764
0.8930285549745876
1.2006408545183118
0.7703382715609935
0.7104483388011146
0.8960875922436228
1.393835635137005
0.4984185516527037
0.8446425590932409
0.504848288965898
1.0039396081648067
0.6192160942906536
0.17049858486761835
0.4408223273886253
0.9247280417612046
0.2704771612111495
1.3566550116049476
0.8289886743630592
2.6625176055755952
1.007411558788407
0.4180153610876796
1.7482592074432945
1.4786772759755547
1.1976017702057726
1.569759963008171
0.8618294494852216
0.6716480559869962
0.3834410346155287
0.23395906074624068
2.0391892219523986
0.39536791659628157
0.4798896932077817
0.4097496026137246
1.6493264618558017
0.9105858919765156
0.7387247699341655
1.2026590908852304
1.1090536506409419
1.0354251605779603
0.5617663173854741
0.831542791823816
0.4126136207155552
0.6606592073340795
0.49159604012508756
0.4587894995289766
0.3714835124201343
0.8752699931881647
1.1644941011563377
0.9352736723041355
0.19934101962532239
1.2816005617976296
0.9350998688406935
0.6919806422887316
1.2073731817462237
0.45364024698455774
0.7800640999302557
0.6878647357851992
0.5188127472091126
0.5403251053876685
0.5186520991955975
1.4554650041750845
0.6267539491862119
0.5991660871578097
0.9560334722173695
0.5615911461059686
0.2623684609520084
0.510933098926804
0.3635759893062247
0.9984603532054125
0.6460008306269673
0.8207826816681233
0.7259662712736915
0.9586315032244449
0.6966083245947731
0.4940673679798779
0.6224949798994368
0.9006941767325911
0.9169346927503783
0.5062763963228822
0.6347102826149446
0.7200694410957875
1.94647899752473
1.1425260844543272
0.6686007979557211
1.4799561717396468
1.4573421540071345
0.8874463226639435
0.33204880703958295
0.5419263884757004
0.6726358780129439
0.3593645184806885
1.152016864955916
0.7261006970263989
1.0052493799000692
1.4967486129128065
0.46800041692706046
0.8988882021697693
0.5096368606466075
1.6815997674172585
0.722841614740048
0.4627594855466656
0.9655494364794143
0.6209076548001914
0.41167181614791937
0.7804598945870463
1.132254388377453
0.6283697039549925
0.8889566369846306
0.2910959328215755
0.4301162633521313
0.2694792155603983
1.1863509478348182
0.3335416016031583
0.5051021729592986
0.8125657868103584
1.1466197460820493
0.4206860399229413
1.1587198017412874
1.5222040806534105
1.0627669943174403
0.8799944567452906
0.4431578600102777
0.6401121696574669
0.9239364353597956
0.6936998718430918
0.599144689515278
0.9836157786453
0.8781293248212995
1.387125678177296
0.6365924913160694
1.3130752707543716
0.4779341509366944
0.651112408437324
0.4143267631552018
1.191297271544424
0.5
0.5387544990590893
1.27220281401984
0.700348345381103
1.0860419786947368
0.4427783097430895
0.6535616704970213
0.6890210446713511
0.7271929068751453
1.1
1.0635370755695879
0.7773829971927123
1.0020249767615845
0.28140573766216853
0.49244289008980513
0.41300294014864897
0.8530488307783487
1.1147408034263075
0.7820092464533023
0.7890235354758969
0.5988728150856814
0.45825756949558405
0.5475051641417684
0.32173516051795376
0.29044616430411746
0.5707138387268051
0.5027424788099768
0.8482259012121591
0.7640119669967779
1.0405660852525311
0.6661188225191401
1.1972189997378648
0.43114075768961635
0.6839225102305085
0.2860387767736777
0.7250615737399726
0.6116916434500855
0.4178451801739426
0.6774355459517304
0.519094846304083
0.4941766144970738
0.7274220625901149
0.6675400782706317
0.6198274328485532
0.4229880836606616
0.48034540418023475
0.9243774576494854
1.0918144638762632
1.1491356841177724
0.26360420991930206
0.7183680335169066
0.5422615780669132
0.44142625981826544
0.6881231819329395
0.731143917824274
0.543014608334679
0.5308880345827715
0.5819658155994352
1.0123560958797377
0.8626763740336172
0.50601038687749
0.36152133328284325
0.6804975555260453
1.0638584829735918
0.7761652094962982
0.47906158268013926
0.5762454542375252
0.6569158709747098
0.5375633534518132
1.0674676479815113
1.0238582491173838
1.3979151142564654
0.45347659877994323
1.2422390650502189
1.0932876006695484
1.0165300454651272
0.3561309707013459
0.5307227776030218
0.5659179780628432
0.7800394467342907
0.8453704293330219
0.37661931079427935
0.48449648306800236
0.625148630975715
0.74040875751515
0.9946733132038882
0.42265395258575744
0.4558923533443371
0.6918700821153606
0.6852095994087876
0.950292352676562
1.1384766278927578
0.5506680434868607
0.8101331924280627
1.616709621422474
0.6960603422117942
0.8215096157565583
0.8870868485797075
1.1681675327689023
0.5106755072296012
1.3621770500891115
0.34868172789582913
0.9599679481828868
0.6669871024778476
1.0693593464148081
0.3350373113550191
0.39671268240497737
0.5456118654247795
0.8244656389101911
1.1228079419110841
1.061522146868676
1.763082964145913
0.640523434598821
0.5584282454023595
0.8084018267628503
0.4094806693906944
0.6773333653415267
0.3435921354681383
0.4790192683592795
0.4452527372178638
1.0331008166182511
0.42796950211065504
0.7784938224410951
0.9504384952922169
0.5437000607849524
0.646886032050112
0.41913682214245473
0.41082902502729535
1.1126280494714251
0.41784518017394257
0.5406548735632486
0.6455670040799458
2.2102550243642187
0.8786952049248333
1.045438270043042
0.8474698391123594
0.6118488165870507
1.0209958043167624
0.7803133273813085
0.6839626291317242
0.13093073414159537
0.7416198487095663
0.5903993805649091
1.1430952132988164
0.661488902074379
0.38363978831644563
1.805477776102492
0.9321879418735037
0.972967967955095
0.7315245758880594
0.8583453598387755
0.9218078594423731
1.1866123126311325
1.3558987935910034
1.1649804664368786
0.2983695531449253
1.4199352859254595
1.8143434364152662
1.2433607465035825
1.018635875874715
0.7180016126649533
2.042190133298205
1.0183319694480772
0.4344167914778949
1.9383555458744461
1.0993346102828991
0.49726524840644887
0.47933485661060027
0.6700353486354677
0.9887168328746891
0.6640783086353595
1.137518073887643
0.46463141622276966
2.015346526436985
0.7571327492586752
0.9521443941800113
0.5109066852426587
0.7951414968419144
0.8
0.34771984543464146
2.4440403706431146
0.8626391722286988
0.8800418650328666
0.4577116996538323
1.112861868545031
0.15411035007422444
0.7813449942247022
0.6617241025372946
0.8082388260904075
0.9562949335848226
0.9154233993076647
0.3989271326230608
0.6269584699778152
0.615990620419211
1.6343865859077287
1.5212174611483278
0.7145017988170643
1.862036381808768
0.34562907785581276
0.6521877315691413
0.5584843434732633
1.7207374872420256
1.1616798181943249
0.5
0.9366283826965353
2.292742171869019
0.5948705470452673
1.0667467918623978
0.6377042156569663
1.0066881605698852
0.5464472995292324
0.36649444991456803
0.8348652585896721
0.9859828407037122
0.5839311686800915
0.6388333962060126
2.1469746155928346
0.912449506857285
0.5783117190965824
0.5341964560520189
0.7967119931317717
1.1124009607312904
0.5010799148649654
2.039896191130381
0.8214147686901073
1.4687339742715448
0.5286527066142065
0.9020611319163938
0.9413769044280171
0.316227766016838
0.4493898302278269
0.9598176910226234
0.9599288591526698
1.0541076117469492
0.9383876749890893
0.6826023336804131
0.7094011559054582
0.6776507406590724
0.5143650732421754
0.4872047013860105
1.0356438285119474
0.4333333333333334
0.590006871238046
1.0717975555113006
0.8314337323455498
0.4340257807761866
0.5602197371087115
0.6750375364938423
1.13516723488779
0.5064034403955452
1.1890264016344563
0.6646636576327744
1.8220867158288598
1.298683543966128
0.2785095466363184
1.1857898468850245
0.9826400131018669
1.0110108096073243
0.5989306710446115
0.7463948440054331
0.8615728015134254
0.6542595475463506
2.0412215376714156
0.6544717972023955
0.30000000000000004
0.2948271984113355
0.8701606099907575
0.820753534038303
0.6649527518268965
0.5029910535983716
0.40846310147081577
1.9908574819693934
0.26186146828319096
0.8568234015614971
1.1457013480603786
0.4602117684228335
0.5349334969450372
0.7507261442028934
0.5787918451395112
0.51365956999374
0.25235730725761785
0.974544427979178
0.5536440545426592
0.7364566661064531
0.7754926749421228
0.3976281027645156
1.5911960161792644
0.5496410311811651
0.507444578254611
0.7630530781013861
0.8952254305081886
0.4825147798985155
0.45421997916613516
1.7397576718488
0.5844129204068486
0.3784748911661686
0.40793413244083465
1.0047387720198717
0.6604922406811453
0.8536091896463208
0.4239899077342115
0.6244997998398398
0.6445033866354897
0.5081388867279577
0.5257473313391676
0.7754926749421227
0.47734384133153207
0.9588844870261795
0.5677214918493858
1.1220155609076548
0.4917744455165986
0.6295942255841367
1.3149144458861193
0.6249324287797365
0.3807886552931954
0.7311439178242738
0.9368132405229163
0.8545504141104903
0.3327912258458747
0.6585470450365073
0.18187062180825977
0.7560566259359291
0.9279445463394248
0.9810101693565425
0.9805424083812725
0.5633546139445664
1.0665981337633066
0.7721099961494128
0.33166247903554
0.46395042838648176
0.223001636159311
0.6051064750552965
0.4112698106387791
0.757792847683323
0.5775200531277731
0.3537444489107005
0.6722681343366236
0.4012176588288427
0.38535697735995383
1.0137937550497031
0.20725478391232727
1.4774978849392644
0.6470306396521331
1.1651470154309145
0.49540748019036945
0.3943348830626071
0.35316033500695154
1.44641667997891
0.41231056256176607
0.7251576783959371
0.7961445558729607
0.9691491113342672
0.6882472016116853
0.8322876321937642
0.39036002917941326
0.3071790591153218
0.8015188284952715
0.9937303457175896
0.6269584699778151
1.1796520450405794
1.1462153042991199
0.4915413545428364
0.8094143037724963
0.5789152417607063
1.7774426363687226
1.0127969074585368
1.1320020191804305
1.4554495296413867
1.3533523192428496
1.0987172007297816
0.4907030402231176
0.4667516929344154
0.6732334240389756
0.5736267244886861
0.3726354020448713
0.3820371460373728
1.3004047952768198
0.4028470110174758
1.024167427190945
0.3557793520827496
0.6168796807648478
0.8001644567804401
1.2805193203266125
0.5800862004909271
1.5608183258002342
0.47110980083675225
0.7051306987541964
1.190884179173243
0.9933109617167559
1.0224969437607137
0.5732461173973278
1.3775755099863984
1.3142220083302087
0.7110624136442322
1.1757688686270071
0.3833054616400305
1.2276290851603784
1.8428092538149319
2.2430846108492144
1.634152546567959
0.3366501646120691
0.7278434567686761
0.7993418345245372
2.1047565179849186
1.2513582364364872
0.941307923083943
0.9122969441391955
0.4731238250671317
0.8361618663073952
1.2111325712997558
1.4415644654707984
0.5096438384845471
2.4293917848804143
0.8099382692526634
0.751849571242664
1.1716559980547951
0.773836888117751
1.5648038570731833
0.7307170234920306
0.7756427151863298
1.1668027131561578
0.5356719559996065
0.5343220002957019
0.32365104665364525
0.5950651763484099
0.9248211273792674
0.925877961720658
0.8454288852410946
0.5153882032022076
0.30046260628866583
0.6041522986797286
0.9330199975292457
0.47982554969440183
0.682505643557892
0.5506813960903347
1.379492660364672
0.6610177338350647
1.0588403360010692
1.297593927236098
0.7662070025337195
0.5556868531717111
0.588507827827833
0.6658938610216658
0.8625238364364504
0.520084420914575
0.9263128821060169
0.674536878161602
1.3584100182852665
1.2604011707036418
1.2144957801491119
0.6590828809053069
1.0340454535464096
1.303383874309301
0.3272203702884454
0.6859820905617204
0.5189106789062322
0.781370936585525
0.6578014158564138
1.5425542726953
0.7570719217728538
0.3442382895611701
1.2288205727444508
0.5469395370083033
0.6364919097832369
1.6460478985164817
1.1880082644340637
0.46368092477478523
1.0306248104911895
0.5481570855842242
0.7218594607547103
1.3413680675649493
0.561362810603094
0.21944907094094085
0.5458937625582473
0.46700667885506536
0.658006818333194
0.6324555320336758
0.31750718229799274
0.5736064768148129
0.6270230416315195
0.6366028258614133
0.8690587770080554
0.5005552472560404
0.901665126307988
0.39249720260666077
1.1859928108417948
0.9976287675757635
1.5339491516996253
1.0816653826391966
0.43925069888457585
1.1631400332041304
1.503709698426813
0.733143914930759
0.9101494893825167
0.5268468160362817
0.3285440251634295
0.4427188724235732
1.2246428050660323
0.4858461810366599
0.8303687103461638
0.5236888389110463
0.2863564212655271
0.5142700498867558
0.6786208925382962
0.9571918387743473
0.14960264830861925
0.4301162633521313
0.2675647755047533
1.673241417759333
0.5580578567035602
0.9776776864266594
0.8810505093353047
0.7815172619777703
0.7112196097783956
0.29348997195196236
0.6186296975596165
0.6600310792993203
0.706925448504713
1.234376040972246
0.4410485342043543
0.7713624310270757
1.3566298111291983
0.9082951062292476
0.5735628640126198
1.514100392972672
0.9377196712334566
0.4358898943540674
1.1842216652219095
0.5852349955359812
1.071343911999213
0.6725833933815433
0.7350213672107841
0.6034091183455583
1.455424635481074
0.5129891760425771
0.5593699463164831
1.3004689585665326
1.0277722459152534
0.28484445516169626
0.6053812736503223
0.5772653584943818
2.203244361001683
1.024444815247351
0.40226630708795613
0.6954556323629608
1.5556349186104046
0.7517459352863253
0.38286468347662805
0.65
1.3674794331177345
0.6908328307195598
0.7905694150420949
0.5547449283083812
0.34099716973523675
0.6912343148663704
0.9204235368456672
0.8581541653039804
0.8051306068692501
0.47590596391145024
1.052774113156917
1.1772620549163837
1.2737967418449787
0.5101820403402243
1.2140113382550284
0.9600112611952121
1.7468225121313525
0.1796461167760864
0.683065844094419
0.46794696171078937
0.6723094525588645
0.7187342675623732
0.8496731397687256
0.5341003256830471
0.701585505994973
0.2925429803444909
0.6893933259720003
1.179512611208545
0.7917336075114898
0.914603739331958
0.4198997374060672
0.20963627649109928
0.42083876147272203
0.48368106063919103
1.4584853400632751
0.45291846411372444
0.3859370005856561
1.2493075004854612
0.974178828677724
0.19481926356124402
0.44827712517189733
0.7922703501282297
0.6794605703546504
0.5576737397439475
0.727639649455319
0.5508366841737931
0.7684483200013003
0.7512951779723097
0.5406548735632485
0.7902179727419798
0.7230426665656866
0.8400058071808556
0.9124143795447329
0.8523324399759135
0.4475156648322717
0.8510124688993824
1.9983326383095816
0.5347896782848375
0.9572688422609588
1.13292255406692
0.4298102396468274
0.1717911380774667
0.5579996741608693
0.8068615996722369
0.4488547518243448
0.34318767136623335
0.5162476420352704
0.9400643223910575
1.3723155613779214
0.7136040703574843
0.5022449601539074
0.7815172619777703
1.70220445305492
0.3378555038228838
0.745069261967104
0.19506096607933848
0.8791783354101406
0.6024340870736754
0.6660253325435479
1.5051132361581756
1.4418077277534351
0.8524474568362949
1.396332191759393
0.5461553938996797
0.5336308693862309
0.6053812736503223
0.7137742529753551
1.5790820118030602
0.4818662905321553
0.8956350608155993
0.8268519882822535
0.4599771161355976
1.1064891241300938
0.7065762520775802
0.4172559934890859
0.46726152562920625
1.3266499161421599
1.2797460685620408
0.7336246507616331
0.6647941181389883
0.5873670062235365
0.755550887007052
0.7585548137118409
1.5165750888103102
1.15926221748528
1.1213571511633198
0.560009920547048
0.5366085332425472
0.15249857033260478
0.44814432199162507
0.4302652729749463
1.2985034120521635
0.3234983196103153
0.6397265040624782
0.6346079677464448
0.5301185160184853
0.7905694150420949
1.2421978729476055
0.44158804331639234
0.47505333982162007
1.532652729826265
0.535652011032421
0.412310562561766
0.9260494412111955
0.5699691788727395
0.6534973783646049
1.22508503106247
0.607164432957538
0.33166247903553997
0.6895650803223725
0.905065112101255
0.7893826701923472
0.7190680242712867
0.5975559979882281
0.8612007121842542
0.9056731763936835
0.5719311699478311
0.6127805479941413
0.6387487769068525
0.7248341985479269
0.2444506035193524
1.1064328033762814
0.319454663530339
0.47362888881942616
0.25849213105659874
0.593295878967653
0.3024896692450834
0.7335585239829936
1.012834306949233
0.4007346195353201
0.4177004718820967
0.6033241251599343
1.2630430625191595
0.9749725270854706
1.5114095984738798
0.4512092015792049
0.6720279916950049
1.2560622228585285
0.42577229980595416
2.8297293900747174
0.5816293346512272
1.269227127034401
1.2634278768493277
1.8876057733423988
0.40904409685354426
0.9566200662852061
0.7098212125924062
0.33166247903554
0.9365786070477412
0.7524958471646207
1.5490188699494463
0.6827814263660635
1.4437492042269262
1.2763881332363862
0.8008923594519874
1.6215561798607057
0.753024205816423
0.5520416650942209
0.9451631252505217
0.6435080140158039
0.6300183147521005
0.9173761209931405
0.7092249290598859
0.2558831578595796
1.09294272929729
0.3678012748452318
0.4364230932009325
0.8072839135478735
2.6210684844162313
0.9115786360792455
0.6992670155057787
1.186802426691149
0.7551449545875444
0.5954959148603662
0.623472492350664
0.7094598884597588
2.975147055189037
1.2272545971206816
1.3875337833724988
1.096458946893235
0.5314499265125963
0.8239157780394337
0.8568352622684634
1.6966685623675344
0.8358295945413222
0.4418710219057142
0.42977422253194897
1.0454929725041464
0.7455852975330428
1.3465355155868866
1.0610625139625776
0.5024183937956913
0.504612867792195
0.8738484485945552
0.8624651609463154
0.678443596981882
0.29283100928692646
0.7874007874011811
1.2289222920917338
0.8405825047955858
0.38078865529319555
0.8142953537119827
0.9637167633698193
0.8452951020346737
1.2244138145207237
0.44691927918278845
1.3382202110763883
0.9241212041718337
0.553933303984476
0.7446635545827456
0.9356956320243638
0.45404167887303715
1.3039500428642634
1.502867629271158
0.807736977233458
0.44307537674044145
0.4105320759281224
1.0638584829735918
0.4190954851117173
0.5174986744415685
0.6395501467781103
0.41408141063581494
0.1912730139190015
0.4720774754816659
1.4188358742628542
1.5267785142511494
0.6332456079595026
0.3672395197481677
0.9681023820971737
1.0486833850620803
0.45660141095363305
0.2761986862490738
1.9194400225065642
0.6404983179041887
0.5138093031466052
1.1538754575033527
2.0744054316205505
0.5540256712864888
0.8331782801487494
1.728032858766178
0.6209312003399052
2.437411661938971
0.6201382334378591
0.8575990849319921
0.8842465108169169
1.7296552596032457
0.6262986508048695
0.3882418155184641
1.0093746625026436
1.4261652668681328
1.0887632458002086
0.8640987597877147
1.3240381123959095
0.5826552835829942
0.46170416037471124
0.5103800592480555
1.068972732441152
0.4720774754816658
0.2570944592471992
1.0038085369966567
0.9791060456603506
1.4986480393828119
1.0377861051295687
0.8919871219031279
0.8555414773768687
0.4332919748666838
0.9347640257218844
0.47544992541691206
1.538573788391568
0.513239353660981
0.7178398969457318
0.7035623639735143
0.74179724850847
0.849132287117644
1.3318220601867203
1.266039945205973
0.29558149646524146
1.1948085903472438
0.4925154094761184
0.16543403837370224
0.9525404628325945
1.7688830850062005
1.5999131920895653
1.2485340240867788
2.4546411464600557
0.5469395370083033
1.8794207145347268
0.5828957384133676
1.0088794961926018
1.0436714042264454
0.5137143554782077
0.4602117684228336
1.0832051206181281
0.8632121032139988
1.2491997438360287
0.5883484054145521
0.6110100926607785
0.7837158453902725
1.3686335867341712
1.3927467787590069
1.392838827718412
0.7847225456708954
1.087950533634854
0.6012487006222966
0.8619134160935802
0.8004806248556119
0.4886592665527575
0.3927467377331096
0.5833333333333333
0.6936217348894937
1.4327926356741598
1.2637026724844906
0.3548202867613912
0.6326880097228481
0.3174416966455899
0.7784600182411425
0.5151367329734277
1.150323103846586
1.2214302648501436
0.4133198922545748
0.8419553960210059
1.20522367325078
0.48962202741474947
0.5714708630966421
0.6708203932499369
0.6146136998147699
1.4192133971558565
1.5627499800031992
0.5707517636920413
0.9432688363138982
1.7072557577065663
0.5184819470451837
0.7227505939483077
0.5523903829133298
0.39903730305670576
0.6287961636211017
0.9887461998000535
0.529634610380421
0.33166247903553997
0.7464917949984448
1.5442593182834492
0.7522324498029751
0.8177517647293393
0.6524382543012601
1.029805806936434
0.7127052111137662
0.49257647015196365
0.39096949095440026
0.47169905660283024
0.9706813185707358
0.7334447330716802
0.6740358479519648
0.54235259883531
0.6347102826149447
0.4654746681256314
0.7067531393633849
1.0059544942215053
1.02528996493437
0.7920561477423622
0.5168586432893011
0.8803408430829504
0.2
0.43185645763378366
1.2023625392017483
0.7118684968143743
0.8573214099741122
0.6209312003399052
0.545570397678915
0.7707490214421645
0.7123903424387504
0.6631265656760128
0.6313251369709816
1.0761040841851683
0.9558300639293112
0.5517913411884299
0.8713384929123523
0.7865648164813348
0.6850443155633905
0.6170814157663561
1.0472185381603338
1.0774308065287268
1.0340542987111105
0.1724632997005153
0.7957700672933106
0.5611213263253704
1.3805795884337853
0.6623055553508884
0.5326201371768775
1.1356626830752738
1.0829358245066971
0.5474616751100352
0.7639184698457216
1.4319658919783929
0.5590169943749473
1.1525714956702595
0.9844021632684576
1.5005127328811516
1.0742916569081993
0.46265976057363595
0.7817167524628605
0.6216675866050072
1.2761549390929883
1.020432286475713
1.1813871827964257
1.0223185096314824
0.4722001408015175
0.43326006706628967
0.3188521078284832
0.4288908584022893
1.423464084548676
0.7456178283450214
1.3817418450332137
0.6014687904474787
0.7983090236852501
0.5936601994680396
1.3813238416662312
0.4811844360933357
0.5156378117837913
0.9819623210693982
0.6843817490102863
0.5461989869391314
0.25201887531197636
1.0231151967800853
0.4091348241690337
0.7610588192221345
0.6482883446258908
0.6150203248673981
0.5278362540704373
0.9819198881103625
0.8593142921141128
0.8255779474818965
1.0034555679864838
0.75772444956159
0.4522670168666454
0.5881304582296653
0.4358898943540674
0.8571593913749193
1.201665510863984
0.8444867640980775
0.7687819203295827
0.46502688094345696
2.096973365900792
0.343037051358379
0.6535896932934967
0.6021329608683639
0.47521924764610846
0.752014837479603
0.6879316826546079
0.8994150145628284
0.823309077951797
0.5850213671311502
0.7160940564439972
0.6813589362443264
1.681535303111343
0.7740999736666894
0.6251666444503684
0.58786171447785
0.3812464258315118
0.4560701700396552
0.4693375946776241
1.0340454535464096
1.1208415205932167
1.5297875669516994
0.7966499625247576
0.8198431905815021
0.9327379053088816
0.8237785570838265
0.3647235333974948
1.054064813746739
1.408424132349828
1.0027593508860806
0.8435513898799651
0.8711758539015257
0.5672696640883167
0.7377572190671633
0.7076505004373492
0.934040915823516
0.3689323936863109
0.3983942127063956
0.2915475947422651
1.5013668985636268
0.33125478068962216
0.8157111102495879
1.3485860041266615
0.5026246899500346
1.3861417275621166
0.9198111934407774
0.406509532483557
2.03277203890701
1.2970050972229146
0.649654740651742
0.6209575148865804
0.5186520991955975
0.7576955616225848
1.0094425981572004
0.8886673898201338
1.1584926685818495
0.28147960713126136
0.35133673306387986
1.0692676621563628
0.971207106256561
0.9993748045653342
1.651363073342746
1.3177031013906866
1.0465482109748871
0.6934214687571573
0.7156153038874273
1.3201430898875233
0.3788317746883351
0.6388910847568765
0.4199303078067051
0.7896905160321422
1.0102180658355604
1.3499287730497829
0.35026122655707737
1.2671389133165414
0.4737865386548316
0.7134243891081654
0.5772780958948642
0.6309975394063293
0.9903823215592769
0.34603986727484126
2.204191810723726
0.5263335701121742
0.7102631091437357
1.2817545540555355
0.23426064283290912
0.7756427151863297
0.6935416353759881
0.5784594926314068
0.8360468641017434
0.5239274758971895
0.5841935049981739
0.6985278637753746
0.9132655988561346
1.0794110454911074
0.705654815011361
0.6324555320336759
0.4135214625627066
0.5748806875152866
0.5191456396060274
0.37416573867739417
1.074356749056115
0.4100098878174869
0.7475887164001934
0.47419104046485616
0.558121850495033
1.3505143053255264
1.4023789311975086
1.2346957860989591
0.8555375178473733
0.6950373537277856
1.0813097471264972
0.5169354139756941
0.7923242882669809
1.359281817293062
1.7195245580922516
0.6656241849238619
0.619760085922419
0.2874570906193972
0.8586716911432051
0.6767980168082317
0.7373940601876312
0.7384104549639042
0.43647774343352314
1.2858849093134268
0.5882176467941097
0.5240375793923415
0.5041292904240089
0.7242890269737591
0.4811844360933358
0.5682051943243239
0.8837282442901196
0.9327379053088815
0.3954873656771558
0.47122317647934303
0.17541160386140592
0.3799004136932787
0.7622680837992283
0.5761944116355173
0.2965614910077132
1.3641416176266952
1.8116770995526434
1.6035217651413562
0.4253026603974827
1.6657902457563927
0.7969536593398233
0.5734191519381994
0.8305080311132396
0.29957234475763916
0.6968794914768446
0.5322906474223772
0.08834522085987719
0.6916164640415474
0.5057563382541148
0.7952603500679787
0.3579219301860506
0.4341215710622296
0.5727507994414932
0.41082902502729535
0.5083911274417942
0.4048319267163706
0.24031229681395833
0.7232532323434429
1.0361749546217405
1.27096374346765
0.6419985686605246
0.5778093425721293
0.6928203230275508
0.7942098153317112
0.6646427611882942
0.6496152707564685
0.6586421819239365
1.050087104400996
0.7693341276714558
0.3672489548954427
0.48628241612800904
0.4202272112689861
0.47600309596516394
0.38764709501074596
0.6496152707564686
0.646755504751857
2.1308616634055406
0.1202833534051283
0.9453487242950699
0.62028219384406
0.6130166993518289
0.6622962808565088
0.9233092656309695
0.20641873861685592
1.4745569442439928
1.130090820756409
0.5067959207246618
1.6663047226037104
0.5443213336676364
0.7962411694957753
1.0541584321154005
0.7196865414530954
0.8519704563754458
0.8164467930328703
0.5002563445438851
0.7535629654230248
0.6828002754951232
0.5300943312279428
0.7033846742714828
1.3569778512889918
0.5169354139756941
0.26756477550475344
0.9723682430026188
0.8278150625458429
0.7295170470600529
0.8535872018201253
1.0620995977569878
0.5883484054145521
0.406201920231798
0.805082539083318
0.9446864201587912
0.7194661763747955
0.7919431248792291
0.9521029356114811
1.1470458952083329
0.44845413490245695
1.5439709044687837
0.9726253132630263
0.4436689140148968
1.000624804809475
2.5016661114811733
0.44260302291945086
1.9605635730089255
0.9338368605122
0.6680687011630497
0.37696851746252596
0.3972125095937662
0.48964895339516
0.7601938810869929
0.48726642756152555
1.1309396050381746
1.679520608293989
0.1080123449734643
1.0260033756422384
0.3724916106437835
1.3717221371770676
0.9338094023943003
1.4622441296640045
0.9695359714832659
0.44926841115658017
1.116312611302876
0.5868938953886336
0.7239157782878157
0.9771063617156851
0.4229525846816506
0.7056165650281356
0.6232343480839122
0.5103686809319226
1.2549900398011133
0.6416496596385647
1.1126544836560899
0.9683137812441628
0.9056962593969978
0.7622335600063802
0.35392535638851425
0.619204840215531
0.4568196695921879
1.0224969437607137
0.5877722266968647
1.8334609206002785
0.5226573750625901
0.9244269670402872
0.517885246174409
0.5731156414385655
1.372090222597395
0.8039831396794891
1.4497947309549588
0.7957121934071653
1.1558546621439911
0.7966275068156915
0.3021291963416498
0.6202025175623667
1.0454664030948102
1.405814991196809
1.3092164141377158
0.7410333560526198
2.315675482699696
0.21950357213908422
1.0075391481898532
1.007472083980494
1.3185615841373473
0.38641710859922046
0.5765338709458674
0.4906824133482172
0.6417492541975861
0.9454013876570013
2.1763884457207237
0.9714853492378481
0.6912496560263317
0.4606106405220815
1.1279564327959277
0.5070554833131132
0.5792463342909246
0.6602252917735246
0.4890915316336908
1.3358949751441482
0.5246692079565732
0.905836928227449
0.804673846971554
1.1901680553602503
0.8678997637976404
0.5313263519793576
0.7941752235585582
0.5193551094672408
0.9608554746907796
0.6814134753028623
0.2494438257849294
0.5928871321888775
1.3307025327883126
0.5535240635138537
0.6611150964330699
0.9873485417303975
0.8110350040397628
1.1785970087739528
0.5259005881071331
0.9725170814356993
0.49534417697045413
0.30659419433511786
0.5273033097637497
0.6994771566555458
0.6448671634814299
0.3128813462674073
0.6839626291317242
0.37932688922470137
0.5211323702941711
0.9053892697231009
0.7131960800850273
0.5856620185738528
0.5343220002957019
0.3738044003616459
1.110805513530109
0.6448173956122852
1.333878093841701
0.5759403763178709
0.2173067468400883
0.6805459992850278
0.7165985720844784
0.9461765163012662
0.9513148795220224
0.9536479667279978
0.4043680421515943
0.9786919013856393
0.8239826262859264
0.5318087182629792
0.5602699697684951
0.6114645442614713
0.5594398743144549
0.6262131084086768
1.0637379665775129
0.5452497568062705
1.2470505744095286
0.5948496901286524
0.6267198558987721
0.4332347027793453
0.6866585760041158
0.49354811679282456
0.6736810475634251
0.7315405082095694
0.9087120422650817
0.46140517643618306
0.7776165507497896
0.8516324194027478
1.004987562112089
0.6527270728098747
0.812267060625862
0.9422196016735048
1.328990675744648
0.286356421265527
0.8994578312760984
0.8252945602093299
0.7007322177734097
0.6505058760202264
0.6897749442276158
0.6888205021705773
0.39325712045772
0.7782764841072135
0.7096890421764773
0.2604569788618416
0.43748015828022285
0.4781329429260352
0.45184805705753195
1.11639664251315
0.567156650905785
1.7988558455143582
0.5777110004145671
1.2396572106836632
0.5427656903255719
0.9286379386244304
0.6932447153019758
0.7319028748282235
0.8748745083755758
1.0119288512538813
0.6444204976393735
0.32365104665364525
0.7178183320971517
0.5719311699478309
1.417996574648291
0.4811844360933358
1.1143585023657654
0.48847836299176145
0.607590871118606
0.608085061369267
0.6186679238492974
0.4874746956995495
2.1670768842434325
1.017866706194356
1.0298058069364342
0.9128215834670229
0.7739666596462036
0.527830134761924
0.9449480563863247
1.6438081588670541
0.6443098130054633
1.507927768112967
0.5261578710455236
0.08760375907831336
0.6266976942673398
0.683942817622773
0.37902313463081094
1.1400657875754365
0.6553201083779165
0.9453835200594519
0.5647781502274668
0.42727520705524513
0.8734568273637184
0.9902084732584449
0.3955837287939009
0.7795072667700849
0.661537284623753
0.9978925160979065
0.6893004679638157
0.40572821520740304
0.9499644374567042
0.3385182337697552
0.6403124237432849
0.7881941385217224
2.2847944577763912
0.7728629070997856
0.46800882263533894
1.1674445722467055
0.8475972231145987
0.8281002354787734
0.8520563361656316
0.5684697834861956
0.7174608003229166
1.5761378513048248
0.7309986144713095
0.4291690185831543
0.40342285507888614
0.6737502459661102
0.7430015356991411
0.8910971069721044
1.2676186898500443
0.8724168218868268
0.4552166761249222
0.5406714172169164
0.5428021244813468
1.2845232578665131
0.7422773132435732
0.7603980064447357
0.9800874596542026
0.5661164234307715
0.5649683081281542
0.9019423484901903
0.8726849072651716
0.9929236808020221
0.6572670690061994
0.9275000863915918
0.9239503290363157
0.9055385138137417
0.61113695035812
2.2110964177125005
1.876814437399828
0.6052614835049676
1.9174853324080474
0.16278820596099694
0.720936890441875
0.7886093848698239
0.5775722842984622
1.9169286331565358
1.1006311320732705
1.6294544949827572
1.0632333310609998
0.660302960768767
0.8068162002292599
1.0682930309610748
1.666641025443784
0.7078507127770285
1.1135528725660044
2.2800219297190982
0.7
0.7606388292556651
0.58309518948453
1.3428824718989125
1.5293257368207487
0.7715097359899437
1.1874342087037917
1.2922847983320085
0.9563820714895623
1.4722836165695274
0.46961744062645333
1.2857876963169308
0.7775701798650618
0.5811626278418116
0.6206851053473089
0.29094872880062167
0.4270461579883744
0.7488202102755195
0.5538449115470067
0.6015745106733595
0.567622340954987
0.699623959145573
0.35734060459498246
0.6670832032063166
0.6604062110825152
1.0700467279516348
1.0336641323280684
0.8950846164403874
0.38819798353237833
1.0620457506485244
0.596417878432803
0.46982093111852
0.8955445270895246
0.4433794828966024
0.9033008252804715
0.4009856277776182
1.1198455491959836
0.5340880077290633
1.0727135152100424
0.3460398672748412
1.1423659658795864
1.1505580314715915
0.6150550243082559
0.38405728739343037
0.44376015698018334
0.40605178091037575
0.6651078266361263
0.7361330667018646
0.3365263734092768
1.1067392623702275
1.05805183436849
1.256538454998051
0.8310922245541018
0.9106210898231871
0.5134307266916455
0.556776436283002
0.9073344553986078
1.036822067666386
0.6268755641855671
0.9571918387743473
0.8255301327026168
0.9638464608017192
0.2972092416687835
0.6008327554319921
0.5147815070493499
0.5265902556042006
0.9888083411277793
0.6258993529314438
1.2861191873627282
0.3982601048449507
1.4633485192833895
0.6164414002968976
1.1357816691600546
0.5617172916952743
0.5895430226961862
0.6220485868840508
1.3962493312879154
0.6331905183735298
1.494639544646485
1.1692488431223087
1.4889113952338275
0.30759613881741854
1.3087760453347643
1.1030261405182864
0.749034466215639
0.8516951422807432
1.319090595827292
0.455360232317745
1.9252477625927582
1.9476229856205864
1.0986005083391674
0.5012180286014479
0.48989794855663565
1.2873882169154072
0.43907937514123624
0.6549809157525125
1.262834114205029
0.9049996631181155
0.8717797887081347
1.3896832416760023
0.9143007962076519
0.5952190473142759
1.0898047616911257
0.41358509593425546
1.2399338278456224
0.874642784226795
0.11126972805283734
1.3395894893585871
0.08164965809277257
2.477614059649208
0.884904263497219
0.7047458170621992
0.7362413205269601
1.0738141939259898
0.6388723618508177
0.7401384181683724
1.0907594132350982
0.693361377637953
0.41386235789456777
0.8787463353842334
0.9595571895410924
0.5533985905294665
0.560611910581388
1.225538430423316
0.5621387729022079
0.9023958010862981
0.17392527130926083
0.7148794524805895
0.8193832368854569
0.5784594926314068
1.0912149192528482
0.39800639556304984
0.460589684147243
0.6708203932499368
0.5171420476386517
0.4431819676050194
0.8275609602060399
0.6557438524302001
1.0922453936730518
1.2916240486019255
0.8971464734767645
0.8939857528595125
0.8592355406323195
0.39179076048319467
0.3889087296526012
0.7374592557193609
0.6284902544988268
0.38234863173611094
0.45527214638359687
1.1626671371441062
0.38263593193825435
1.085282377005099
0.594492264568328
0.892717449389472
0.8438970092150831
1.466287829861518
2.400396792595916
0.8625238364364505
1.6425306623452076
0.8219040794335272
0.8130190649671138
0.24352068819998712
0.22928460168844433
0.9975579939128913
0.7118052168020874
0.7031674369909663
0.8218880702382777
0.8411703558540132
0.8162413858657254
1.0553595518986807
0.66332495807108
0.6590992070287162
0.5240554802131769
0.8921308401223645
0.80638477804111
1.1105148550304238
0.8361325535217627
0.4816131430019277
0.8396427811873333
0.4723295863009622
0.4440077219405729
0.2087377028028923
0.6778548365890587
1.0121484300459316
0.7503702789660285
0.561362810603094
0.8190441583537076
1.4465476141489433
0.6469157595854348
0.8386497083606083
0.20412414523193148
1.8525941981874754
0.8192330908495195
0.2716317061459942
0.17049858486761832
0.3758324094593227
0.39868203925064477
0.3779644730092272
0.8532925102847839
0.7127411872482183
0.6898531988020611
0.8125657868103584
1.49159550242589
0.6461423991660041
0.5864702621796374
0.8803408430829504
1.1084273143111871
0.48045117684665234
0.5370861555295746
0.7602244250684059
1.2506840233711267
0.435069780938316
0.74445317268166
0.5454914991177737
0.8907418552148422
0.6535329090090987
0.9578974723672505
1.4500221041639687
1.1494097864307824
0.6203685540524624
0.22898129275648793
1.4739402972983675
0.27289867022491404
0.880469915855887
0.4733947233573313
0.5139091010116128
1.1535112636182265
0.4978331425667016
0.1835325870964494
0.3990119375605064
0.683536555146996
1.6322864253429834
1.0362353901425023
0.727056470372908
0.6412304348580434
1.0425244087584438
0.4449142815742353
0.7257754473664703
0.49425268262874833
0.9359487165438073
1.09052739534594
1.1813871827964257
0.6618156843109719
0.7914724072439743
0.30413812651491096
0.5510755034714533
0.45189658807717215
1.0466613587975817
0.4914900812834375
0.45317309458807975
0.526782687642637
0.4892972151012944
1.5802231687827815
0.13764944032233703
0.7750468853034664
0.4225274094833445
0.3280961121737492
1.4000939818079132
0.2888159174047398
0.6583472128228225
0.8455009135842461
0.8503392987960294
0.6123724356957945
1.1781341180018512
0.4347693529262411
0.4443375939934607
0.42337926260033093
0.6842206476984175
0.6119640512317698
1.6422627764846363
0.9650849127868951
0.804863266678745
0.540318835914911
0.5626534878310282
0.40235791515998776
0.3210559500724493
1.0609475746225923
0.4561310727801336
0.6462345144133418
1.0178408519999578
1.3388427838995884
0.8549575316659775
0.48462858444881773
0.29909774231755654
1.8431339769921384
0.6792023185131836
0.7357658264362047
1.2862520921049825
0.9026350314495888
0.7090983802128679
0.5387743291748205
0.8206184461406785
0.4301162633521313
1.1185046408392536
0.8840695376317529
0.7515795332975712
0.8070413802734554
1.0017058620904349
0.8308128549799888
0.7185053931599957
0.4958158260214505
0.8456454807244981
0.26039369817409275
0.5753482780243988
0.654217089351845
2.234540384890664
0.5512734702707814
0.7432233529572065
2.8982332717641923
0.7504470212528778
0.3950349751337815
1.1352574702725036
1.2681316551276693
0.9099450532861861
0.5
0.4941116690217046
0.972825209834166
0.8120881599230341
1.6245709492757678
1.1067971810589328
1.3322912594474225
0.41633319989322654
0.8567072828107932
0.6955905073002031
0.6347398969988457
1.0317576311924277
0.6286995768208667
1.6212010001621728
0.7296841949708407
0.5964711038916953
0.8297590011563598
0.3830884450838432
0.764525996941896
0.6159004248523727
0.4380546676978707
0.2818855431898902
0.4259443290250164
1.0691377626646417
0.5318784981949405
0.5538562600140553
0.8566810602694507
0.6766674130463117
0.43127717305695634
1.0925468120796316
0.3876292174958052
1.1336321939762968
1.0160254388093304
0.4183300132670379
0.772172260574025
0.4938078106370473
0.5678908345800273
0.5134769094958076
0.4428925898610702
1.0528100925186321
0.9261629326299871
2.1588649041611205
1.1892682516400472
0.6162096118321151
0.43560303029249
0.2798082967440909
0.7430761482931356
0.7736739808029146
1.6014351671530742
1.246022242406382
0.6277372492166241
0.6711929677819932
0.7400623674341965
0.29957234475763905
0.6647120468768095
0.8652653988958046
0.76630426217151
0.6168185440460345
1.0465362369445674
0.6872304666454436
0.4050279237875075
0.22839037230619463
1.1506037062728804
0.4851859493074849
0.7791193920234735
0.5439645538979869
1.3570053112033669
0.6371812928829597
1.2248444400980167
0.7365459931328117
0.8519096196193584
0.34714956504771904
0.2849394254757951
0.5943426984856828
0.9068453126375146
1.5400216448695345
1.64980062591307
0.8618916073713346
0.4394051923645454
0.6145173544720837
0.8525978400882077
0.3572380825430677
2.1182202772273575
1.7681597464281582
1.0101919643701631
0.7231146083727706
0.7370503668293255
0.6116916434500855
0.4904348231819124
1.6274980798759795
2.3115651263447745
2.050060974702948
0.6584174310523024
0.6928203230275509
1.111237366564176
0.444626031280567
0.4163331998932265
1.0177689612758807
0.7558320258377859
1.900657780874821
0.9242564579163078
1.9924215391687548
0.8362001968612356
0.36253078686998635
1.3594513996859572
0.49411166902170484
0.633741198737106
0.40536936776762533
0.7819136070493268
0.7307530362578043
0.844537295353641
0.3170588522490323
0.5682051943243239
0.6326582096649109
0.8271940522029883
1.022509812074913
0.6569791637652002
0.5439056290693572
0.37134180594447663
0.42395382072256776
1.0275687013029522
0.6734341196535215
0.6146583425357379
0.7546603177072126
1.1689681289438505
1.324481030441735
0.9613253047035715
0.7844185744868615
0.69602043392737
0.826585290967147
0.5845225972250061
0.6664215235560925
1.3596632710073167
1.0479912758633605
1.2312595177297105
1.6954272866184874
0.7414553914841915
1.9425729699524144
1.0418279154473669
0.45639093212598913
0.7907131418708511
0.5583137878597354
0.7571230376349983
1.6947454564512519
0.48640041720136135
0.6407232755171876
0.48100274049493347
0.8840695376317529
0.7128170228804218
0.5474757800393819
0.9817249022938066
0.7290153733866978
1.0231925903382397
1.0379925680989106
0.6300352723811932
0.7381443916044765
0.6982120021884471
1.2611364384074666
0.6586699885725429
0.5018387243559009
0.5751615519232931
0.9784258138309372
0.30887765442874865
0.6760956020844202
1.573009527739414
0.27185003039247624
1.2824729401064427
0.5696490147450447
0.6223321438727855
0.8189932844657518
0.6066300355241241
0.5086100770986708
0.3403728228525089
0.7764836310369284
1.302224816874648
0.5808923286082348
0.6288750837549076
0.5874575584488836
0.6657010550816651
1.8477159018783311
0.9245030461566587
0.4693080012102927
0.7307212111141246
0.7158381398222943
0.47703351623314283
1.3121718148912025
1.5099668870541498
1.1227379661080943
0.6691412406958638
2.790971839614977
0.8980599244521362
1.942326331734029
0.8358733220568269
1.0794803276474185
0.4557327151876499
0.6198274328485534
0.8932797534640073
1.242619235366395
0.8498365855987975
0.8410096891815796
0.8986832472831395
0.8281002354787734
0.76493264489072
1.4918582458266687
0.787753486539765
0.4992099020610364
0.4477722635447623
1.1935875178597912
0.6432802840205223
0.5924319452528684
0.45411035686957874
0.6853917892431342
0.8675636383958624
0.3098386676965933
0.8452654519205943
0.5526161555588249
0.6000000000000001
1.0200762498732903
1.1420376526192122
0.43387786299833275
0.24799193535274489
0.41382363393117116
1.1228312428855904
1.2609520212918492
0.4616739727804212
0.3221024681681281
0.5439645538979868
1.1682132605916704
0.5951019588805054
0.787400787401181
0.49673936828079157
0.6387027293433059
0.8620469824783336
2.809982206349357
0.16832508230603466
1.5629642167551832
1.45
1.1861468899105392
0.510960938899522
1.2652966489152249
0.9022494411492056
0.4579847159021794
0.6597682302498801
0.808349288011421
0.6600573275675953
0.8554029960868068
0.5979640253474753
0.425066839663856
0.6801816366409266
0.4737865386548316
0.9922317317662288
1.2014947954900776
0.44144993915560554
0.644980619863884
0.6214127824190986
1.1921894939453561
1.1039555918233073
0.4186287137786896
0.9218153772548979
1.556416535646044
1.259833118781804
1.6720077021645448
0.8622186802845198
1.0670572201672743
0.5914018072013102
0.11411948043149119
0.8917926427410457
0.2874570906193974
0.4338778629983327
0.8649885133371011
0.5235480532888687
0.9956883793824296
0.4013136324359632
0.8676950713482849
0.6543377527980806
0.972875370479943
2.0223748416156684
1.2589169134108076
0.3942443042436649
1.161679818194325
0.720264179176556
1.3265507310710976
1.2192210628101863
0.9498395243151444
0.8640480006159501
0.08834522085987719
0.5737304826019501
1.7531484283324974
0.40601537513804187
1.4124446891825535
0.7932144660740809
1.2088955998880018
1.1960461177519341
0.46615158188865696
1.1035009223894132
1.1076290467765633
0.27585786371899884
0.9205177571217573
1.2917886625597659
0.773549208763333
1.1368817000902072
0.9167948628307319
0.6182412330330469
1.0597169433391163
0.5656854249492379
1.0249587994356362
0.5940177967511939
0.864420165325996
0.32264928963592043
0.4440825399918144
1.3095255411243965
0.5170768038237953
1.174734012447073
0.6614950926316517
0.4461214971775093
0.6851711169185836
0.951577637400123
0.9816611108653363
1.3224669821658759
0.7911715243563693
1.3141421905447284
0.6614839193886395
1.0794674612974677
0.9767536122521477
0.8944271909999159
1.1737877907772674
0.9015002510829948
0.5786750943879172
0.32879797461071447
1.571800100380311
0.5956089321022645
0.877338145883457
1.5773100445835582
0.5318784981949405
1.1420990517036773
0.9716244408484453
0.37651654131306495
0.8227041419995147
1.2891857895586654
0.8122418618276597
0.41975049278169546
0.4785126528884675
0.46160255965161534
0.6016643582596529
0.9438164406727668
0.5208798224866117
0.25927248643506745
0.6907817941864762
0.2614805786731699
0.43140597018482624
0.8588901604351443
0.7995425521402391
0.8668052557243474
0.9146427874156275
1.192596207559673
0.6702157780813498
0.814610178913659
0.4921889880929885
0.2760008525136024
0.692820323027551
1.0698007684660384
0.8768802192539862
0.7259662712736915
1.0765441785737604
0.32507795322918426
0.32906794782493526
0.323443016025056
0.35688712648767745
0.8899438184514794
1.1825114516711175
1.404609137542645
0.862981368341903
0.807179324275877
0.9723196004428818
0.688438354844537
0.7682814655166492
1.5356448574475574
0.4402796314232057
0.5215361924162119
0.7773581634521594
1.1579338542467832
0.643126046052491
0.74040875751515
0.7691416952476449
0.3507927529974864
0.3214550253664319
0.4230536124114283
1.4590912817301913
0.47609522856952335
1.1607910653670184
0.40778145407278427
0.4871317042620993
1.1840402102598524
1.5376930773076922
0.7584445235072207
0.6431629160526637
0.4938255120623441
0.3372154885444702
0.4994591669590813
0.8866290718846924
0.7830984888526111
0.8933968293747421
0.49527176140686524
0.7985563898011884
0.5081830378908765
1.133634952322927
1.499922478616967
0.4978000382169335
0.9711697749144159
0.9244428563164921
0.8767656178922328
0.8081317485886339
1.0039112699027928
0.5931229820154263
1.2227543519154636
0.8152267136168899
0.7776482766040591
0.9742743588516478
0.6893837828089663
0.7619321101912824
0.6487544627524164
0.5846322534678289
0.87900344642301
0.9349085805863877
0.5474822756083189
0.428368999812078
0.5479909831804342
0.573786344583739
0.7781557143589409
0.1819209666180292
0.6704173770566061
0.32634337744161435
0.6024948132556828
0.5227332015474051
0.3389171947022825
0.43677137127933513
0.5909403745859556
1.1833190197233479
1.1820234715010896
0.5048337774526808
0.895358401237553
1.0358942624983127
0.7582875444051552
0.4107529046981271
1.3461245418055796
0.3771604433129222
0.805082539083318
0.39892713262306084
0.5928434992762814
0.5146630439233887
0.15221935391834074
0.7657862439536057
0.35984327072654765
0.6712125712391519
1.4660382985048266
0.42456614355882194
0.6258327785172862
0.6172322170432273
0.8079294523657372
0.7198190987211447
1.0535653752852738
0.8395623055288183
1.541593859583962
0.45799137280190727
0.6582061182620891
0.3783790846589132
1.311194405582471
0.4113520709997574
1.1208549368556504
1.156673997651069
1.2286171087853204
0.935486576672875
0.461046746614812
0.8827716093564146
0.11019463300386799
0.6904708538381616
1.0222524150130436
0.6101415633053753
0.5350233639758173
0.7489830503797116
0.7940752833047731
0.7037493572961446
1.3811448061697789
0.25495097567963926
0.8213497334359978
1.3412771489307878
0.8165566152339669
0.4792934614849468
1.1653564070942226
0.7168698898854592
0.19272482233188623
0.8227663364798321
0.4540224263583944
0.35754417606477357
0.9749811461223841
0.6594428442745169
1.2085016303159009
0.5317424188458167
0.51241724070471
0.8547347123941021
1.495628550778823
0.8516238359127444
0.6994358629036613
0.3385182337697552
0.21325147238926748
0.45110974274559834
0.597001052268969
0.23529949778640968
1.1087068003898817
0.7797106629697441
0.8640987597877146
0.9729261872586525
0.6551416078343594
0.03779644730092271
0.6259729269410602
0.6051580092969242
1.0242993650243024
1.7466451359017467
0.8486831905338628
1.1243015850091354
0.6131443108648615
0.42535894554850906
1.3723155613779214
0.5883795341363227
0.7935596021126977
0.9597618752288805
0.7544313531837518
0.4777260953959102
1.3234005020736879
0.5837717650625204
0.6488856845230502
0.9249466556453262
0.5872578606300599
0.795256205529031
1.1382485475929942
1.205360832631501
0.15926661187623903
0.510834984072529
0.40681691213615995
0.3106444913401814
0.641339059681916
0.3438097267459549
0.5775200531277731
0.6058052492344385
0.5289079218007513
0.30162163343516585
0.654587540734506
0.42882267767562027
1.2438028198012154
0.6935601207001748
0.6085045421176227
1.3740264618808176
0.8207381501496753
0.777899868317385
0.6572248051043451
0.9405880513556087
1.000142846940233
0.5539333039844762
0.8575713214821095
0.8052155568686287
0.5198900982762744
1.8006171781426008
0.30000000000000004
0.7327503510221451
0.6164414002968976
0.46143995196373355
0.3579219301860506
1.282853961179637
0.9865268846400725
0.7532386215885585
0.9146504063595328
0.738568799075443
0.6511528238439883
0.49749371855331
0.9012004006668896
0.27633971188310297
0.8043038989739898
1.318729547347605
1.1243711692834308
0.8635050814216588
1.0052718182518738
0.5010515258722873
1.0705857490896498
1.0206207261596576
0.4886517039823743
0.48962202741474947
0.7744311394459742
0.13669019908653207
0.9139353247236797
0.565207448163468
0.7906504949269337
0.8748745083755758
0.5207075605715397
0.7384104549639042
0.5565400633424904
1.2728929296120748
0.9903481578133068
0.5872519602903553
0.7981887390573076
0.43805466769787077
0.7485027790572392
0.6970921746799342
0.9413574486632833
0.6158171556807827
1.0786981707547962
0.6355225321645873
0.752556618079088
0.7559519922813527
0.5672696640883168
0.44691927918278845
0.7046275611981128
1.1382003338604325
2.2535936214247494
0.25544079548889603
1.3521731002439206
0.4776587639066638
0.9389710680668849
0.11677484162422844
1.0377593384038732
1.1746189721478748
1.598519051464429
0.8648699324175861
0.7623493100857606
0.671006706374832
0.8066794328090144
1.8797379163453456
0.38096605509564124
0.8249242389456137
1.086399170606613
1.2562663444529303
0.8804175913367107
0.7597697019492157
0.9815872419268261
0.48088460154178364
1.2525529485370623
1.1047568985428642
1.34740491315714
0.869819156982449
1.030201819777894
0.9028410442705361
1.3868149890859591
0.7384193645177088
0.5763351127271028
1.0117601181037756
1.6773456328655174
0.8866214304739141
0.39034397786136216
0.6762522260005742
0.4149640007894895
0.5692099788303083
1.668098675585279
0.9521029356114811
0.3847076812334269
1.082881147193619
0.7465070175642874
0.7772685131043292
1.2437723654148685
0.07833494518006409
0.7652514332541697
1.015475492658723
0.7842193570679061
2.308782404315355
0.8871558231480277
1.076336378647493
0.8617607434476048
0.6719661163618754
0.636295367633456
1.1327655956714267
0.5241395064505463
0.4904493251504589
0.8477314720173179
0.6616931598844271
0.15772776794365603
0.6749887081259663
0.5639148871948675
0.7995064266882347
0.9993587687702294
0.591819229157012
1.1305564535824126
0.7227209567982299
0.5637710863797804
1.1406494119934842
0.44347115652166913
0.9242003794975496
0.8696641820114729
0.3312757005027532
0.10465362369445672
0.6124771057992332
0.8651800884011686
1.1634387579884655
0.9760284724060914
0.47677780272442605
0.37556974262971105
0.305357566212536
1.028441689009303
1.1473883387938018
0.9836157786453
0.3800584750330461
1.0736619579737376
1.3811923499977503
1.3050198937475714
2.6316344730984205
0.538258508731838
0.46841409533219897
0.8903650936554061
0.11355499479153375
0.8666025617317318
0.31497702506022485
1.0002499687578101
0.3541589635016619
0.7442462220424034
1.6341664541900254
0.39351892312459746
0.3989271326230608
1.317404856357967
0.7218397547786818
1.3989378210010006
1.2885093753079215
0.5086432430672294
0.7701757797459728
0.6104355649430727
0.5974947698515862
1.2073731817462239
0.8358733220568267
1.3632540256538905
1.9844534652028392
0.5529823448214333
1.9452645203298327
0.8200964208767673
0.5727959829601096
1.1105554165971787
0.678772205763519
0.6990595185864477
0.9387842081509915
0.5993746741396402
1.6538204108123447
0.40892813821284335
0.36537651812890226
1.0714980672442243
0.9619919809585584
1.0012154775234112
1.334701678813873
0.9068842397959311
1.1986103064243467
0.9028445077244504
0.6897518218588304
0.7355821375489491
1.1836853936376468
1.7474305461200779
0.37696851746252596
1.1922828781536963
1.720307954832349
1.6206389444399065
0.4171330722922841
1.0751321271867431
0.1949358868961793
0.9379464748820104
1.1823488139921814
0.9229030284921595
1.863852829066998
0.9886535780726723
2.4060733964676118
1.0064497883504115
0.8410427701231792
0.46956128979937095
0.542744349184244
1.1557635890112694
0.5667892024377318
0.5054700782440045
1.4832396974191324
0.4281744192888376
0.47019259998545393
1.37300223420617
1.3340623007274517
0.5727128425310541
0.5434757157946771
0.510153320342434
0.5074445782546111
0.34517076519145873
0.9808159868191383
0.3772369180073608
0.6810167279764748
0.3539460096932549
0.832719071855316
0.3506750247351142
0.6543377527980806
1.5172690147623442
1.1337572074326168
0.9677700901393994
0.4298102396468274
0.657947366315958
0.4951112351130149
0.3301514803843835
0.2767290143234371
0.5634144987803361
0.32686710642577355
0.3288736759560456
0.8569474746791511
0.6953764355345772
0.4829526304341277
0.7155775863253977
0.1439245834257848
0.9591663046625439
0.6892909046400598
0.8451097717550008
0.6087204124559489
0.5975559979882283
1.3967399016786113
0.5060164340996717
1.0723805294763606
0.9538200707013494
0.879393730551528
0.3943682489621515
0.7060712325012637
1.0460145034670478
0.4025559365495459
0.8181186844328774
0.48586068585614745
0.44218357702369915
1.424362848367481
0.5346796732074042
0.7934180456240904
2.3998737340522602
0.8976982059498154
0.1663563001651912
0.7619055059520177
0.6566298734429271
2.0719211237055197
0.963409515593884
0.40196883880273737
1.808677912032345
1.110476426916322
1.2699518801032494
0.47932243844827466
1.720307954832349
0.22814750064658176
1.0861536400204759
0.8678000478663983
0.3432751634444849
0.7309986144713096
0.9576757578339639
0.9229529268945182
0.8542421961772491
0.6559344479443049
0.5407110328563968
0.5877317172218727
0.9547887837745169
0.7532386215885584
1.7425782471293567
0.6286995768208667
0.7661229956374136
0.8511278427188025
0.5735145324391693
0.7677890335241836
0.8968900516261078
1.5581520586380002
0.7052913564165504
0.6466878135585425
0.8070866675202168
0.8619588000438148
0.8635251447848381
0.9223715253460673
0.6788470618138767
1.9762880067728705
1.4320730893824287
1.0023050357128733
0.6172946067956105
0.5710613899670606
1.241672259495234
0.8914941978285135
0.5732404828366457
0.3082207001484488
0.9238079089462152
0.7705736718729649
0.5083911274417942
0.20449494325821804
0.7622680837992285
1.3310709973551373
0.8783299007970449
0.6515715268068845
0.6787998458818555
0.8269121983522699
0.8285529554590945
0.7794992287482057
0.44926841115658006
0.5231026320296657
0.6102778255763875
0.620099838351704
0.9341113972991137
0.5079850199442941
0.562503561242288
0.500270197263709
0.9581521567869873
1.008959860450355
0.6413127562134183
1.0382677881933928
0.8588548066741948
0.5725188012439223
0.563092506371473
0.7046275611981127
0.5002630886790838
0.4215356541175464
0.4872047013860104
0.9872261061253316
0.8167006795638168
0.8455009135842462
0.5811865258054231
1.709228894745858
0.7673004626611403
0.6831300510639732
0.33405225503042046
0.7157883354571174
0.6829423521866662
0.7513796833634965
0.4356166947695011
0.44992491866136103
1.120044641967453
0.5470541953800617
0.7315405082095694
0.6043821454822915
0.2808716591058786
0.7423483556128356
0.7069299823886379
0.5338539126015656
0.724289026973759
0.8021929403288921
0.9196681323630879
0.48314446227662733
0.47539457296018856
0.5228906521887167
0.4790482016323403
1.0122328707443682
3.2962857885808385
0.6833176983827339
0.9544907708191563
0.4533501028890076
1.0138780587174763
0.6409628174343137
2.544984173711979
1.1523888232710346
0.7566372975210778
0.6015852075182383
2.0326390780513943
0.40155946010522536
0.49877899695644573
0.8600795556838119
0.6042705165262139
1.386380641112419
0.6060964784392585
2.140794245134268
1.7257477012023306
0.8600754209543077
1.7290009960796566
0.9006004003336225
0.6465291950097846
1.488696146369774
0.7719341636054052
0.5122880287399306
0.8363369293887837
0.7643858412383855
0.7516648189186453
0.3590924232298041
1.6278820596099706
1.1673862675543252
0.6034453922795455
0.35768865857137294
1.0473409554309796
0.6885620139528635
0.519080383413248
1.095966631400271
0.35488863879525073
1.4356846715732796
0.448608961123159
0.4844964830680023
0.7076505004373492
0.3244653722321964
0.9535253149842375
0.5616096557266491
0.4371625682868001
0.4382365594644998
0.6220688844249461
0.8410519728605548
0.912081077477157
0.6187545093630775
0.7031441990842863
0.4717670002915662
0.7985183648153424
0.47267436214753483
0.7207353602116796
0.673830556629498
0.4391978333759232
0.48127084019460553
0.8450838222724812
0.4444097208657794
0.3682947537517004
0.7785588263926152
0.7010445168704669
1.678893746050153
0.4423960733486292
0.9478923989567593
0.9022194854911968
1.354427437779716
0.78405155576994
0.5158595846847387
1.0443042796864468
0.9310870404656468
0.7881474929150224
0.7226843898083917
1.6884980429439773
0.8757853618324525
2.171708035043773
0.6551717332119876
0.9689782860925825
1.6659998666133067
1.4186724706384375
0.644980619863884
0.7848952835000387
1.0911003620199198
0.7483314773547883
0.9329931352781705
0.37318667270271966
0.49292288745094087
0.804629462192736
0.6237181977815803
0.6230231895658798
0.5581563056514383
1.4591814576384219
0.6140628393997696
0.27097706808615996
0.9413036872226451
0.9598386961258882
1.2731492806851405
1.7057907908715602
0.6414826575987851
0.7842193570679061
0.7044501401802686
0.8309967241545272
1.1044229262379517
0.45488798282992365
0.4855815829335072
0.5360012101640231
0.20777567640923966
0.7898393215370794
1.729574679344194
0.5698684058622657
0.6490884296254896
0.5109330989268039
0.22713632270270886
0.22813472893326556
1.1937873366425886
1.3833835332256925
0.6930053464847225
0.9917609306631026
0.7059894139656621
0.6256425268702339
1.9076025184563612
0.5581563056514381
0.5455562106212049
1.2229640328484832
0.6759608545789296
0.48120941387300387
0.8382404540604858
0.34399612400917157
1.0072357268900909
1.0228810851148409
0.3109126351029606
0.4866642633922877
1.3580009818356784
0.4713408131725515
0.3144660377352201
0.6042583926833
0.7119284411112945
1.2781196123953906
0.7465711091735546
1.1979683656625517
0.5038738819276991
0.2706473720544873
0.7885397084452196
1.4075579960325337
0.5466782809451487
0.45648480629521326
0.3745367509040705
1.2105892432156637
0.7734567176756867
0.3990373030567057
0.3029766852331575
0.3579658292123997
0.3578485092263981
0.5700877125495689
0.3869184440588755
0.7804912982645397
0.4120217285070107
1.0077477638553982
0.5819352615614978
0.4767570631855363
0.33403435058152486
0.12995725793078625
0.8155539253343124
1.958517161958049
0.7121653510102042
0.7471514532661012
0.40229604181890477
1.325296290046213
1.0392304845413263
0.6276522671201409
0.5182051576025211
0.8413968849174082
0.512159830822071
0.6670832032063166
0.6640976140791661
0.8827513806276375
0.8347630012720275
1.174734012447073
0.3210559500724493
0.5363695626080097
0.7242890269737589
2.0453413046803655
0.6426297324065958
1.0979897063947535
0.7692528842974851
0.61430319961126
1.1905580924207653
0.6409286026416753
0.7617500626155123
1.741867550677308
0.9059525373881349
0.6168468205316455
1.1173629669896885
0.919627253681776
0.5000000000000001
2.3837355394320108
0.9661780374237452
0.8065282418353673
0.6265493616341035
0.5569954240736852
0.5269482124503804
0.3047863790298137
0.4947088457924147
1.4606235150207527
0.18985918894777515
1.1022090840057819
0.57779421409889
0.6668859288553501
1.083166653844181
0.8031987332710411
0.8244732242838305
1.1116268644263172
1.1094095157714352
1.2458351669293553
0.8857200460642176
0.6039223643997813
0.6867040847410185
0.4682208551856369
0.6166666666666667
0.3437410285910632
1.56465903465798
1.2117666352802334
1.1319096749277842
0.6681531047810609
0.6692068722284895
0.5713392787377491
0.5143398239932959
0.9765675657763346
0.5918363542992863
0.3727926487665212
0.887906739685187
0.34599752269963685
0.640117176773128
1.1654755824698058
0.5479398646184591
0.45801504099513785
0.5558303414001908
0.5032327922972065
0.7292119033586876
0.24494897427831788
0.89116029235299
1.0669980545834412
0.4720070949407631
0.5776318348094795
0.4439653850897554
0.5202861466718143
1.3685374444428275
0.7615773105863908
1.43901675833509
1.4369637660236476
0.778155714358941
0.9023580220732788
1.320879336738304
0.7567242423415339
0.23693113690767548
0.21884866196096628
1.6465693050067696
1.0480354852667815
0.4123105625617661
0.435579762764215
0.5298584716695584
0.8565386953228477
0.5716898357437211
1.0310881907687903
1.0328391727450874
0.5950651763484099
0.548658036508754
0.48107023544236394
1.5292885287790918
0.6627135046075258
0.728964257620968
0.40183403070831886
0.6385078759829887
0.8542610284695801
0.19940387348771535
0.4373966043234495
0.3142936330963102
0.8639609779547751
1.0080445655594032
0.5805170109479998
0.693032551650396
0.4614899489403566
0.5897941529526576
1.1043097391583576
1.0528871870107588
0.918331820930394
0.496655480858378
0.8635251447848382
0.6362899220205086
1.1091824531093677
0.5057173123396114
0.7857279561353482
0.7148993503151901
2.2008656305666467
0.9753631802222869
0.5615105677073751
1.3238202294873727
1.471176051449647
0.40369911192987895
0.610866511389225
0.584632253467829
0.45729383011235075
0.7668820692310573
1.246849688752202
0.4161224516135151
1.2587132216509742
0.9984603532054125
1.1873233940697299
1.4030042953004735
1.658237015628345
0.5800608487351083
1.2923840026309557
0.5757285945948372
0.5101820403402243
0.7647595327010595
0.35809955894645695
1.8970287158390482
0.7864709691818595
0.44553338819890925
0.7422937423958254
0.8615231988880057
0.651737604225738
0.6767980168082318
0.43246621489664017
1.396125591294231
0.36704525909242075
0.5607795326244764
0.8751306522666118
0.6490624402028292
0.8933689652702897
0.3900067475799549
0.37740221572273847
0.6058275555197428
1.2474589556990827
0.4080441152620633
0.909494083092071
0.5637710863797804
0.8450133839458515
0.2755829202725488
0.6531243591931236
1.1829140773047357
1.1648934475676505
0.7542472332656508
0.8715066319448233
1.51744244666721
0.34156502553198664
1.3427869984018028
1.0249518602302616
0.6317963807008289
0.5916079783099616
0.4143758162262498
0.9890652152411387
0.7458657985681367
0.5167204273105526
0.980332918746967
0.7090927301841418
0.8512965889470844
0.8934683622186711
0.4049041472015971
1.0028746560550703
0.6190718859712496
0.5049752469181039
0.38933141071383026
0.38196522864972393
0.6024074508520834
0.589812502307969
0.6332263495434295
0.9282819168082349
0.9511765567470968
0.6581473199344064
0.9625897087380589
1.5744991645115658
0.43735803557503233
0.9986896176395108
0.6113785928406259
0.8078143985867686
1.3325592991361719
0.7464445640363974
0.40262297892432164
1.0306285082177862
1.2257650672131264
0.5112620550059324
0.46424811877860495
0.7144842929540501
0.4807731867969106
1.231601439290795
0.8989760256741233
1.1814859672924987
0.5561025085359714
0.7889033027264061
0.4060440799615171
1.2092842598217475
0.450713719718911
0.2012461179749811
0.7870750786851146
0.46368092477478523
0.7445528687467228
0.7822033656685184
0.6746427626105961
0.9402127418834527
0.7785313809417777
0.5729310604252488
0.7074516272354235
0.6472162612982533
0.5768038684879834
0.3538746568027622
0.4574385204593071
0.6415126355251793
1.4304383405634251
1.57670542588018
0.3491301933260598
0.6998168258505861
0.7789378576282653
1.003103292894713
0.41889878309227696
0.7348469228349536
0.9028445077244504
0.4795831523312719
0.6620674688680402
1.1406369411775803
0.6403124237432851
0.538295369441262
0.22645540682891918
1.5329709716755893
0.1584990574719995
1.0704659900704159
0.8011619468723407
0.7385975330242267
0.4062019202317979
0.6661709868973459
0.5359570878344646
0.4565315461516093
1.1683870099963476
1.8481651132175083
2.5844245007351248
0.7505553499465135
0.7483314773547882
0.2631539473388153
0.5321258260382052
0.8527267189099078
0.9690808258648107
1.00511512288713
0.7310770713204774
1.379412113103904
0.6328231319089637
0.8611745593209438
1.2291335284537765
0.9648966996656384
0.8701606099907576
0.4657133119086128
0.48070893592805314
0.8696789427223326
1.3454656360449262
0.5104784376387681
0.9975684724082136
0.5833208018704088
0.6139580152131288
0.5506752611505652
0.4069169391274308
0.7977101374651284
0.5354904294196116
0.6370664475049564
1.04993734148883
0.30693733288049124
0.7249137879775774
0.9516068282413465
0.6810167279764747
0.6932712311931024
0.6803636798375595
0.41361948827525163
0.7249699272030786
1.8004901293487707
0.742197509331002
1.1167178800079327
0.4949747468305833
0.7890798811422893
0.992923680802022
0.47866235182936995
1.004463721804353
1.0832051206181281
0.5057173123396114
0.5252177248880557
1.629255561356329
1.0491663357161247
0.5807322963293845
1.1154755552165696
0.9198662110077998
1.104884261255101
1.2794041581923985
0.43429380735984596
0.8738484485945552
0.624078267696069
0.5111905608221696
0.38535697735995394
0.6828731869634976
0.6076094051191021
0.5040743090962969
1.3439680055715613
0.5121383741585025
1.3831026617619435
1.1341699446796472
0.8060625547097838
0.5645212223878885
0.7421382827810669
1.336944035791592
0.2267786838055363
0.4147997390662291
0.646403773068999
0.6365831408685712
1.6144088049418226
0.9220776934332989
1.2030366982338059
0.9803329187469669
0.9603570764490228
0.3976676186009127
0.8899438184514796
0.5301439725008174
0.8933617621631442
0.4008918628686365
0.9905265554960437
0.8058608842138216
0.7416198487095664
0.9238079089462155
0.7464917949984448
1.3177361539506196
1.0006576784663594
2.2580016449443585
0.9508175713847815
0.7130065766725987
0.8523496934944014
0.9960214975237288
0.7587583842794
0.8516841278658048
0.47447676985096454
0.6105902986622969
0.9215760009795151
0.8902246907382427
0.8945705172072296
0.3352326839390104
0.5717142143214062
0.9472181492255214
1.0736619579737376
0.8990272520897239
1.8518283648013731
0.45858808347255414
1.1070597975488212
0.5794393842327255
0.8480747427147971
1.3786838762998683
0.9137093984768159
0.5291502622129179
0.47618983268939785
0.9965324495855231
0.7063620660971628
0.8888194417315589
0.5414524279263294
0.2962262648719725
1.0605361107031024
0.7182018890871648
2.3097618924902195
2.4900356980930574
0.6874383089204649
0.6642435639094457
0.22870874995874635
0.717009458865477
1.2141526537740908
1.362028616152947
1.2067271755415456
0.31659525918676495
0.7378280584949579
0.7532386215885585
0.6495725089968357
1.5497311594811103
1.5349629021937667
0.6461423991660042
1.126388032606881
0.4690415759823429
0.40891234063742976
0.45347659877994334
1.087010077731991
0.8426149773176358
0.5538449115470065
0.3047863790298137
0.25148209328547283
1.2328828005937953
0.8224416431639733
0.9333333333333333
1.5680844648452104
0.8610826990679503
0.9098872110553622
0.41296554401128993
0.8295417619889434
1.1136504798653608
0.6561249880929699
0.6561450417319892
0.5972157622389638
0.5867915509994365
1.2284992984596244
1.5101411575708656
0.9029761091294368
1.380217374184226
0.44102154142399885
0.9613459556848555
0.8608965426477546
0.8201411945191928
0.7802037866595809
1.320935954114277
0.9813741580535112
1.6298497649815016
0.4496244679309192
0.46594555814804667
1.051896613972346
1.2626916662045564
0.7041998550819476
0.7790103612001209
1.1518101695447331
0.44655544415658216
1.2652230924561132
0.5179285665031423
0.443471156521669
0.6076436202502
0.5282275932246464
0.7962411694957754
1.1925363127145676
0.4341215710622296
0.9006004003336224
0.7035623639735143
0.4588806256222076
1.13459124679212
0.5043401375648923
0.7512152316908414
0.6702316959945938
0.584672647951961
0.8899726299450348
0.8530826454687729
1.159153296003753
0.5263335701121742
1.1660744957890683
0.6433087546786176
0.6874383089204649
1.1281165980622434
0.6149454404553644
0.32710854467592243
0.7706798092729904
0.6380228606654369
1.0587849833774756
0.8098656388199071
0.6297451447755839
0.6164414002968976
0.7274220625901149
0.6162385901580654
1.398949185470799
0.6090011107881301
0.6583472128228226
0.7932406754767239
0.6745368781616021
1.1638298844762494
0.5128894184476372
1.1973350037107873
1.8397570172044297
0.5116294615074009
0.4716274296862222
0.7932406754767239
1.133280337923642
0.8093207028119322
1.3541264847071586
1.4559238598615951
1.3606983501129115
0.4535048695071164
0.7675040716504375
0.46031716445500037
1.268977159094296
1.8899606396727406
0.9827681991870378
0.39667737668850067
0.9898009306688598
0.6400954789890507
1.032109490315829
0.5278718108107769
0.1984790653795493
0.8117197107923946
1.1302654555457314
0.7273863547599098
0.4594356114637623
1.0789133672608073
1.453468757342733
1.020598658445925
1.6263871418377405
0.9218117172748799
0.5309190145398825
0.6349572676230402
1.097170808845999
0.6973418919624106
0.7209228320213821
0.48511167099270375
0.2756809750418044
0.9998684123949826
0.9143303560529968
0.6448894114041387
0.9218117172748799
0.7220726340811491
0.8760707733967615
0.6355685395148604
0.4423960733486292
0.41092230756816167
0.5532274451440439
0.7007322177734095
0.47644516998286374
0.9761870601839527
0.6297451447755839
0.626941429126801
0.8167172258664727
1.2985680843788832
0.9476945710512432
0.6599120175960899
1.4709940616507482
1.283858513593624
1.5592020751368667
0.6365151334819269
0.6990340826087443
1.0162777734559154
0.887906739685187
0.8039189724628435
1.0082988974836116
0.5278718108107769
1.0587849833774756
0.958059908293207
1.4454301410593757
0.1984790653795493
0.3901121633581808
1.3638181696985856
1.0402702351611153
1.6321424229793455
0.769848469938511
0.5524052092001985
1.1603491958933123
0.3901121633581808
1.4120720124770736
0.8783100656536799
0.6207074816512025
1.0470366346435611
0.7274824872330393
0.7436001455557875
0.8219949365267865
0.7418124522315019
0.9614803401237305
0.6189148209209047
0.8263036837493692
0.4028470110174759
0.5501842443243016
1.0817937778420514
1.1918643129738136
0.7745966692414834
1.2964448429336402
0.8874119674649424
0.48045117684665245
1.08496214548843
0.7815582725128903
1.4586183762614426
1.2457105890995999
0.5394441583704471
0.7408489338975544
0.6370352843354693
1.869069568697639
1.7938620840161008
1.3694889557787606
0.6568020165079343
1.3827508813954883
0.8341208400211421
0.9828766512782299
0.6727342926976657
0.625148630975715
1.5412166743223685
0.7815582725128903
0.7916907183669561
1.6545176249978635
1.0386471387280083
0.6172946067956105
0.8920065446372442
0.5532274451440439
0.7948045581866562
0.8549018322925404
1.0587849833774756
0.7559289460184544
0.6073622386096199
0.44817088577588676
0.7948362761489646
1.0940027903360932
1.1756912860100648
1.8235953498514959
1.499349452425219
1.3286437135842923
0.4116363011742823
0.46031716445500037
0.6583472128228226
