Model: SOD
Dataset 17: speech.mat
Time taken: 12.9371497631073 seg.
Accuracy: 0.03278688524590164
@scores
0.9151944444959498
0.7996929044094361
0.7595181047884103
0.6847240691317942
0.6620453944324329
0.8923222473276196
0.7024924536653067
0.922261959375922
0.596520725143261
0.5874064771263431
0.7703917447929253
0.8883105571418192
0.8382981343517384
0.8117413287298354
0.9669394947498912
0.6410562034924316
0.8673424540669894
0.7377870118949581
0.9206763866905238
0.9783388782098117
0.8005728465616084
0.7222753142332945
0.6526853581870733
0.5342907388257587
1.0357869867914067
0.9300124578503293
0.7540299481534009
0.670004910789584
0.5960617279653634
0.7696208674350654
0.8024138159543635
0.6116361812551397
0.9817756483897184
0.959353895271203
1.0786892094231328
0.7121511167279209
0.6922160930954613
0.7583529256474174
1.000267837033808
0.9144444013763761
0.8066009682911905
0.8822142203794694
0.971009915939932
0.8523167307025505
1.0718176695914448
0.6636908503140809
0.8573986529161037
1.203754980550512
0.9418599631578947
1.0612486414307107
1.15716561554056
0.8286267237561286
0.9933543146553733
0.8870228259515451
0.8496362905544832
0.8607996367432132
0.689850627162829
0.8835108838673313
0.7595096833169487
0.8798541805464053
0.936294409661053
0.6163965310399591
0.7329890742416018
0.8391546952261597
0.6750319427244648
0.7086450917271077
0.8372185125847972
0.6569497997183742
0.6172026886712436
0.9292728802235393
0.6122023727878705
0.6908583352864378
0.6780109411747458
0.6810926022228809
0.7382641312801979
0.7451753716732089
0.6732631620152285
0.8165629246405791
0.818162580578918
1.0066199540518248
0.7455052500899805
0.9478146576873736
0.7706431716147746
0.6415918549838755
0.8570947817894976
0.9910011384174896
0.8320985088441374
0.6755646640364479
1.044850965085815
0.5982128894462233
0.599704825508844
0.5977953454135915
0.6390983321136703
0.589027829834182
0.7073300169464583
0.5397957115925184
0.649367879478658
0.7770019636590327
0.6163736561091874
0.6442959695068154
0.5451030887140563
1.0209327519391322
0.6849582277137107
0.9374556881887838
0.683233191941577
0.7198785385833986
0.9080207393369456
0.5366516625511553
0.8251901573136096
0.5438547583869194
0.5617879361052662
0.7115553465126777
0.7734782471513991
0.8740001922540153
0.8776196645951749
0.6312533242680534
0.8634808387112988
0.6132854886278121
0.9200401345146523
0.798523950983966
0.8562783629133497
0.5583937897218696
0.6296057660695139
0.8053290990219106
0.7577401022732512
0.6029439285360821
0.6546044282657857
0.9636555879573983
0.8303125940218331
0.6242270352525676
0.9619095403697373
1.0497329499801398
0.8540770995627822
0.6016305733526492
0.8437290985913988
0.80958987168555
0.7817783367123681
0.810658569502468
0.7711608230031576
0.9561595064953093
0.9144962786999045
0.7131190654825522
0.859982003081633
0.8985788824610168
0.8491076340010341
0.7750118956839009
0.6579242257987493
0.689381435664383
0.5646164990367611
0.557424000488443
0.7301454050233589
0.5741837672551983
0.554282792672706
0.6886651049171967
0.9120046748000089
0.5834345015333726
0.7668526267750319
0.7924059528424783
0.6876200847526408
0.7777569642670321
0.6622594786116458
0.5495602408345586
1.0472728991919957
0.6276688174446008
0.7006849353505218
0.8035803260378679
0.7327680828793223
0.5876289051359448
0.6655117552343119
0.7035428687178517
0.7130678862061647
0.8025092067014602
0.5866833845671146
0.8063963920183228
0.7114418756851055
0.6586014758463251
0.731959505218019
1.0691654123896035
0.8452553537726633
0.6604754808334249
0.6990591952866213
0.7889084654160066
0.5940135810451316
0.7831957205194346
0.6371803242015041
0.8294507089033678
0.8894704331320011
0.9231736348704248
0.6900518024358024
0.724039981442287
0.9656967169475452
0.8463724231586744
0.8765396380432161
0.8605447538361302
0.5953655883435315
0.8508002579875944
0.845303375719521
0.8904628764371723
0.7516857804876075
0.8204794187170559
0.7249191934122171
0.9490326694251262
0.7176871186577716
0.6892747835714073
0.8807989595817681
0.8064292279932153
0.8070360461275164
0.7596923741766776
0.5791898269245846
1.1598052094087756
0.8689041052150088
0.9052276777684533
0.9591824427257677
0.946520653661699
0.7727690780867641
0.7809381949182017
0.7668544570401975
0.6414692880208154
0.5512917740095653
0.6952490395908573
0.8831964207480333
0.587619839627474
0.9886428265496123
0.8292665583135878
0.6131977851494671
0.7353595718507802
0.6042615586955905
0.8948665509030057
0.8375590415584171
0.8285328036593153
0.9441518884559187
0.5539662856643547
0.6026854924759586
0.6670912163362748
0.9503351001477005
0.8882598873784153
0.7862571524538571
0.9944512541207396
0.7583013324196679
0.9084691894445409
0.9589296054083989
0.9772273342198207
0.666197935399949
0.5737233346033223
0.7115744803328359
0.6911211737647741
0.8849953709590742
0.6782914349600005
0.8783329087591718
0.9604899765022711
0.7307063305964466
0.8259385447638141
0.9771056443435403
0.8558272889934222
0.9165268265645325
0.758573076812392
0.6913543024376793
0.5674755808029867
0.6418043730206193
0.5840788627602878
0.6535405427386133
0.8393760831005291
1.0929753337807608
0.8050169087126589
0.598991725996486
0.7459025742265635
0.7546400594544546
0.6698340597005497
0.711545061253446
0.8803922108742744
0.8675005824055043
0.8814505612038416
0.8427353844550546
0.7127499238865898
0.7003034191691268
0.9636819210922953
0.6789701568066266
0.5925316488225161
0.7666829226489348
0.6372143087894785
0.6300509700711526
0.7007941209629515
0.8972406185632281
0.7620480518822778
0.63958656433385
0.5544808289859053
0.6274210073909366
0.893711657156252
0.8102079484646852
1.076270927911386
0.5802295772793006
0.6691801277340068
0.6824014512568811
0.600052168083323
1.0125776137842786
0.6842634702547616
0.9158486083409951
0.8358434455974146
0.901555631336278
0.6173575492694658
0.8330014440164374
0.8782200331399045
0.8876089351939855
0.6216900085734086
0.6757125347864338
0.8026295482743968
1.03082912585878
0.5917028333285747
0.5822714698943602
0.578914375255724
0.8532860561765393
0.8476120206569603
0.7345596136693371
1.0530880048292541
0.8902403314789609
0.7913890938244232
0.9116846497909732
0.7801947421814073
0.9194930940490069
0.8416013057579562
0.9571468283160415
0.5973104759041621
0.7850230041194023
0.9593747568676664
0.5837532655211743
0.7018299796948642
1.0941265747981754
0.7169114194066232
0.5500263478615258
0.8380088833315804
0.6897731489072506
0.5494718546846187
0.8580590307354865
1.0234096610898171
0.6307296237460226
0.9035895573228343
0.7154274716998099
0.7957991736084913
0.6270544558758027
0.6394362689503637
0.7883793127731278
0.7163576027026979
0.7364663128998225
0.5755633418467322
0.8135492660892335
0.5848232611369206
0.9119098220773844
0.6601342838557858
0.7589479194809685
0.7794310194941899
0.7296462238828533
0.7726105996573603
0.8890554717407066
0.8567944437232036
0.9546472070331615
0.6986526019015171
0.7719732421938338
0.9291538303284418
0.9184913263233836
0.9507223855438586
0.5638993305406138
0.9206277497052692
0.7331476275705576
0.6799609949800821
0.8809584015996945
0.8413242444563347
0.6285079210953396
0.5877738712855647
0.8717187054666273
0.9432865199684612
0.7407329536621126
0.8994367518535628
0.9706921209829522
0.906394396221989
0.631029465447113
0.6820269419793171
0.7281445786663753
0.8734556695650657
0.7654059227527916
0.6999961757369807
0.7087151188717632
0.7914852647661345
0.9187213518166155
0.8467713001630022
0.8043479968685137
0.9449497274356595
0.7449430486666131
0.6407909712690313
0.5791818737345266
0.7353703188517379
0.5382439522458979
0.5905598206388988
0.5883368914516269
0.5943553362540986
0.6784665182702782
1.0322727011640036
0.7653096771061166
0.7096657453601183
0.6359004338676013
0.7610277575664239
1.0339821665567235
0.7568829616449815
0.7184496685242268
0.6477993503703755
0.697666627306979
0.7376155274665604
0.6976405905734092
0.7321672062896696
0.6694420674441142
0.9004308151815773
0.584669463160546
0.8364470460635065
1.0398519804736857
0.9091623537552731
0.5279726166667935
0.8095568003843847
1.1187347016387386
0.7251066204822937
0.9742928276766003
0.6782535498878658
0.7668463603233415
0.6259252294253246
0.8179541843040268
0.5929257272355001
0.7548860967467749
0.7052113379058826
1.1161705977340324
0.5724041558527949
0.665860146424439
0.8707564836930128
0.6853221659071981
0.830151799522818
0.61577904890897
0.915757394506344
0.7194108208514763
0.6384097657381165
0.9690332218191139
0.7155540072917916
0.8392655364982426
0.6265476969061763
0.7408523539951768
0.9642535568347302
0.640863612866426
0.7623116719504927
0.8195151544591045
0.5945672829113076
0.8911142354525168
1.1044253793440597
0.6187410573831844
0.8114424795681487
0.9909244177965947
0.7562131975536528
0.8752127758214934
0.5474337441457277
0.6740774690048305
0.6531415664431837
0.8733666362140243
0.9278213735216636
0.8422915993365727
0.6030166186346824
0.851253412455335
0.48892197317746977
0.859422785712117
0.7741100269965288
0.6653161604344741
1.045714978151768
0.6840734982107325
0.7117695255498105
0.6342870858550438
0.7827574080309446
0.856916137570545
0.8191676131028326
0.519038809912878
0.8489836792522623
0.8117339969955536
0.5677928609319813
0.665031481964457
0.770191344499776
0.6008615613796158
0.7147770299236179
0.6871400727535967
0.963182299357508
0.619151634619745
0.781042970265788
0.6394512855607664
0.6196676238652041
0.7586924236876765
0.9537023724272771
0.5411179054254385
0.8211628565035948
0.7274346285252167
0.5196561190267254
0.6307444709998462
0.6078554648487817
0.5810618008302739
0.8269040263291029
0.7746148471185613
0.6039837984522257
0.8253054771532582
0.6104857924276064
0.7406539871845907
0.5276348528901668
0.7317257741307767
0.9374728866795449
0.6516916976375634
1.0564174299195592
0.6212802290910515
0.6199555343094629
0.898416755918688
0.7486749410574476
0.8529013017655005
0.8120671149946552
0.943460579237757
0.7516821515318248
0.7492272771863631
0.8288186844355522
1.0739199656600362
0.6796872509552034
0.7348847409472968
0.6160988323604719
0.7215293350579866
0.6048631260856837
0.636027337769458
0.7861602020186662
0.7072878885056681
0.8317912481933684
0.8242214727294052
0.7514321609379478
0.6798259447924465
0.7143604038557142
0.844006356331583
0.8072506763471607
0.5805188965448081
1.0736554014485018
0.8107461463286076
0.6243571547513052
0.6336292167453228
0.8484072139797263
0.6895118270838587
0.7338110755818704
0.8283018735408987
0.912831012926315
0.5397298158100328
0.8008988123513758
0.6898072847002743
0.8105363285646902
1.0067200547343607
0.8600520297739506
0.5445459247392027
0.9449321523382048
0.7631319317726649
0.8617077314375047
0.9776715050310689
0.6165486054646728
0.5725804672257809
0.7134994050304756
0.8236065981405432
0.8606381269701145
0.671954910048196
0.7689957432274445
0.8026496938202627
1.0482840059315859
0.64030360883234
0.8792709215689635
0.6820630845862494
0.7919650802585642
0.7790291390358599
0.6324839087911697
0.7016633406919578
0.6076352229230805
0.6212048561217917
0.9024565940934358
0.6618483039116753
0.751835903624725
0.8046620988716545
0.5445553326814451
0.5647014659594223
0.7480922885800978
0.6398767077197189
0.6521378992089029
0.715453882320506
0.7077543836646647
0.7004171687164503
0.8001404545767035
0.9079034378886657
0.7176203608261844
0.5861376689412897
0.8792434227196473
0.6464263842454605
0.9125756815790287
0.991616283527363
0.7408496962211328
0.9507366889280474
0.702461481003426
0.9473742305086704
0.8280298490011871
0.7351506599757531
0.8119772620166161
0.6227521252482794
0.9523602403730863
0.7688219788669372
0.6835732061444739
0.8398413775123543
0.7244481282861533
1.023086804855168
0.8865897702265605
0.6036837891600989
0.6136282279940164
0.660063221221688
0.743686524521781
0.7746282507114415
0.874250856839048
0.7329431862581554
0.687467871665915
0.923700962381696
0.9939714458316312
0.6965862707062931
0.7406999247139354
0.5956429152093076
0.9047735344575899
0.6226650875726577
0.8906870378888034
0.7856236149902911
0.7827428791145975
0.824202380421992
0.5360447133066516
1.2197721037710714
0.6893268688310658
0.837916555824665
0.8827054652337829
0.59308068447312
0.8723752480162784
0.6545260107989211
0.8317009929246895
0.7433121922577116
1.0234478516267418
0.8838906378487722
0.9391235109159676
0.7499130165734995
0.7039526968418747
0.7966249335929338
0.5825536809192464
0.7674972296081435
0.9978895754191298
0.6799765187280288
0.8062277795907979
0.9462166047361166
0.6193814259482996
0.8631189583093916
0.6693448746813527
0.9865592630718717
0.7107872440860333
0.8752045671943767
0.6606279665263248
0.7825978604043291
0.6836755850504833
1.0652037806536696
0.926229416942137
0.888475652127494
0.8566795335395675
0.7842457161646584
0.770340504221962
0.6324989236426277
0.69024195813784
0.7357894501265797
0.7090279401300698
0.6137580006808318
0.8433266756722652
0.8226876864956013
0.7645731343904076
0.6509346443995927
0.9372014484975915
1.0487687875331557
0.6703286366315787
0.6268481149471989
0.579223681552699
0.6326855784852872
1.0034418416430937
0.9844184515952182
0.7131212963448263
1.1757047529691824
0.68311437062403
0.8928407241226843
0.8089521671713834
0.8649913480580805
0.681956851575088
0.7061256529341049
0.8616875176098407
0.9364317446756631
0.7598016090272925
0.8647756686945974
0.7614428385532495
0.5962627489766057
0.7453146197390735
0.6693629904615458
0.8087296403328954
0.8821985502297411
0.6657893527647328
0.8506511115063528
0.8081695810468074
0.9724705998683517
0.5869198453515383
0.9770083216296516
0.850721654932443
0.7226014785390174
0.6381389067350612
0.8022127738407728
0.6859092132500304
1.043642147335232
0.6824216309663848
0.8234767965498695
0.6144421705597072
0.691671323980403
1.007145745641183
0.7028335900830097
0.9391165715964341
0.729859303730941
0.5234374352952426
0.8441641982960705
0.56884440325259
0.7764329082505854
0.7373226560725055
0.6719432235519222
0.8141812087132505
0.8415640937756295
0.695853400410925
0.77907903757937
0.8857919589670263
0.6252381698850589
0.643860722872033
0.6442770410174902
0.6410811532194148
0.921742035231759
0.7576036669290617
0.7143761676495157
1.0113754590696666
0.8755205749422008
0.5575067649256479
0.7859304290369861
1.0162423166246928
0.605160285094518
0.7588858663549776
0.7365208728479843
0.724520261476885
0.9464594400191911
0.7584525600630465
0.8764206158859672
1.027192511999761
0.6671760329570474
0.6052702219790634
0.9859830164304221
0.7336653816961259
0.6816056315605259
0.8761877512582406
0.5772787087721575
0.8416869927191533
0.5176074567548027
0.5728281094607708
0.74914508689855
1.0500275587644186
0.7736612843626629
0.6276342285297581
0.5517231583187722
0.6807670208126267
0.8960583357724343
0.7584979966246579
0.7975548865231024
0.8899526436127185
0.953490451832569
0.7986241828813219
0.536733418923354
0.8439436577743971
0.6889739694485456
0.9573994693817329
0.9836546885308582
0.6713018029478787
0.8819516545147791
0.8209561919588457
0.6967274343387215
0.7423080947633898
0.7514611021027249
0.7852255157377361
0.7079441287175702
0.5453530254150657
0.960555670353618
0.5333924052655472
0.7821483532690703
0.8129360409088294
0.6991177418606292
0.6128856262499078
1.140251480576901
0.8277036067436612
0.9656188486747952
0.9529682083958142
0.5648030627732203
0.9824133033320048
0.5794193816309151
0.6802918647557163
0.7739901450562319
0.7021723595402491
0.6170042922726557
1.0213164744195053
0.6819637260783957
0.5823246581993753
0.8097224852428887
0.755925701579347
0.6425924808450431
0.8247938896570604
0.6863421842389441
0.7686715297690165
0.9849512719950819
1.016257897518046
0.8325496148403979
0.7837821163355865
0.7879569861770735
0.6586235780443462
0.8614162154823443
0.6245184936164049
0.9596800353024352
0.8467812210370537
0.5416616058686978
0.7074008708316314
0.8022949625019015
0.7352560682528763
0.9257561137066258
0.7638971296611993
0.8184917460228261
0.840499586897839
0.5687524530832482
0.6287428630004044
0.6030741660880304
0.9251196122813776
0.9690586051370371
0.8775152777098223
0.6801742891541628
0.8515648464731351
0.5286792186952892
0.7348290784094844
0.641201041811064
0.9437372267499484
0.8396424377277353
0.7822961029378103
0.7756051951072869
0.8875113997739188
0.6993806571566961
0.6558917051093931
0.6669057579541701
0.871667836511584
0.9727732353120773
1.0391563408532525
0.9610817032865329
1.0387965305145297
0.6770803346887851
0.8007909513439393
0.856674882511773
0.8438630462121661
0.5794069417630834
0.9059995367064033
0.8574482265363773
0.6085759272953831
1.1245295872500132
0.8617953653649251
0.650662761529765
0.7778461128622047
0.6304979725683341
0.8002166996944179
0.8147831029427915
0.5536373272879537
0.8236902955524669
0.6735109411358983
0.8003820934367507
0.7499526328404391
0.6530085453704458
0.7814223611792077
0.7636388741107254
0.918094384222822
1.080236699677624
0.8215798049353078
0.6640303157517841
0.6726407198494851
0.6116212932330979
0.6682604328241503
0.894334566092937
0.647844548842408
0.8502804368774778
0.794354490683643
0.6247476857485365
0.8453439386971864
0.922672472038535
0.9112563911522805
0.7520261933132752
0.9318422140286573
0.7755220085168131
0.9259405279241012
0.761457059062176
0.6074545076093469
0.8121316991216796
0.540569095144984
0.8367614710254576
0.6747085621516066
1.00049221511969
0.8499736834510889
0.975903291722685
0.5938994158666856
0.9594606335948795
0.9194668002885896
0.9185597226941533
0.9336449718471087
0.7651225453197276
0.7872292764351458
0.6896237767973616
0.8193523644382404
0.7363555536717343
0.531036051777716
0.7836497194057982
0.6744255017372136
0.9080895704946906
0.5790061204800114
0.6503871311514113
0.8131788280042751
0.9399322846391095
0.6556821808371565
0.8708493653699535
0.6489538137364779
0.8720804878552075
0.9419518932346674
0.5631942610856713
0.5630255375742245
1.0893354067803869
0.639505688840341
0.6737610363790145
0.7127310359958244
0.9485180860756776
0.760161037491995
0.6305396057200445
0.7018092104187831
0.7869208333933224
0.6211098764513759
0.8299272994473845
0.7248730850773563
1.1611005931861562
0.8832097487081723
0.7844247810881001
0.642474541597829
0.5892987225671736
0.5753238813361353
0.9163558464136078
0.6532511981642418
0.7442450811907839
0.7152279146501049
0.7475629801997374
0.632258555682035
0.903167548610437
0.8191194889621275
0.6091778161442389
0.6890060879025116
0.5362406100881547
0.6997440560898684
0.8214085871442965
0.6586494103404937
0.747110580374009
0.8116261387902114
0.8975102846905084
0.7619525606458267
0.8797131132408315
0.7066407775273451
0.7715450929668388
0.6656412339780138
0.9014042687575661
0.6744431347823501
0.7397775476731573
0.7208802605808677
0.6315962547407401
0.7874618044672803
0.6747704319437314
0.9375344973478241
0.7814669455838077
0.9154377219690552
0.7609126003967448
0.6815760700120286
0.6061943362391451
1.0088500954566828
0.80343608106466
0.7888429402470525
0.6680907385443579
0.7464906820841163
0.8757587664581716
0.9245447718754948
0.6837117867106431
0.6840060573496513
0.7293097009168414
0.704362557393637
0.7103592578879678
0.9898650943663706
0.670622761845151
0.6229121559020554
0.5881864572156605
0.6279764907728232
0.6255903595947503
0.5007481072211615
0.7407011683152526
0.6455904164573077
0.6471871082259183
0.6303543747416389
0.6684753135963588
0.6803822018438401
0.6461083450344218
0.6057780841485945
0.7826145700141198
0.8016547447257927
0.5650574746430802
1.004352038381559
0.573110035990189
0.7182185023709544
0.7206013730923014
0.643264550011777
1.0259282271835581
0.847631118885786
0.5991217686902804
0.8653768185520929
1.0298574763795438
0.6390419241782492
0.928823271842551
0.7907799536363043
0.7147237925861172
0.6715659293724939
0.8807732143074175
0.6421438242712367
0.6208979186136565
0.9668851715261435
0.9141091823299979
0.757758761609803
0.6169385237312371
0.631993788013872
0.6541318980658289
0.7438437906005156
0.8211706634337952
0.7558164407901247
0.6908883679857799
1.009916916828849
0.6069649469383465
0.7132916813832054
0.5529778542879454
0.756630828715839
0.9047630160015665
0.7892344464843153
0.6072723189667597
0.6159460903644484
0.8631213125213992
0.9731851277506542
0.9162561077286258
0.6189830478028856
0.8989584837033365
0.8494364605742744
0.5476058713850211
0.7760119922795632
0.9716089742872203
0.6685605651457613
0.7287445304223718
0.7595653452878144
0.7256189946644067
0.6708592712523774
0.8956408709418702
0.6589985575998724
0.7541684564327623
1.0703771004235647
0.8906259083133355
0.9442385712044118
0.6541913936237609
0.5679350306588016
0.744232767294525
0.7854769920694813
0.7257394287100238
0.6044846209999102
0.5721078331844787
0.7648627127627612
0.8833836182599636
0.8334223317554649
0.688737042584709
0.805555924301508
0.6088263989433295
0.6360362674389504
0.7269097028886586
0.8304119672149778
0.5971670520902622
0.6538388413626721
0.5972141027960134
0.5945516151840412
0.6190094780169746
1.1268976319645352
0.8758226659213638
0.6615214614309427
0.6735649044091292
0.7750251891247276
0.7629054377818429
1.0048833867067373
1.0928362077413731
0.5684147320662445
0.912313202838974
0.5788954069491691
0.7832568548248491
0.7400269952205195
0.6793623903013966
0.8912021836147355
0.8265402939217713
1.1323158790710937
0.9066297351781013
0.8817844855762126
0.9426897697158767
0.6714171461323495
0.70215707225992
0.6329885283081231
0.6691764336979129
0.8315538032744808
0.6436108237940553
0.8801746092122765
0.5690194207140066
0.6864664372058731
0.5317125689467987
0.5654026386113847
0.5147130412588363
0.6319552153810909
0.6347658489487764
0.9415490282664096
0.9529963942356303
0.6741535853662681
0.7022134977115041
0.8428068568257286
0.8052004295831909
0.6074131412746443
0.8789371875523219
0.731261930496105
0.8443093171046044
0.7272330612261755
0.7470367634910887
0.5961808890665435
0.8886331031557754
0.9327279131007107
0.8495654425297354
0.7342655107086141
0.5895354416327487
0.8778762537267969
0.6658942980689165
0.7814419924967255
0.7183668059234847
0.7851042257482863
0.829237177848147
0.6499988672754816
0.6828539359918533
0.7218999607995606
0.6869924335579674
0.8217368581591178
0.6890279988206415
0.8855187121888987
0.7642147631623305
0.7397307302063935
0.9789337256599465
0.975901735893947
0.72158220693037
0.7185940200372587
0.9539493906960694
0.7315789172608559
0.7366967203978049
0.7202355073623189
0.8157810481713641
0.8491611508407265
0.6340752386475951
0.7658372708385187
0.5851477049290156
0.7093280035714856
0.6927671756802969
0.5677306618383422
0.6955707153592284
0.6389815780504732
0.5103873206541368
0.6003557077591373
0.6812193044540933
0.6628986826278548
0.7735300419118648
0.6327804537822576
0.6617746123817169
0.8370244481685106
0.6309865624727622
0.6418052941711763
0.6766823689147521
0.8573847249607361
0.6459472261459823
0.906096486908897
0.6350279917750561
0.4853625767219276
0.7701394553201708
0.7123646179888483
0.6056341259441987
0.9245177085678996
0.9413320802343548
0.8259223636984289
0.885918016011389
0.6087802178503501
0.7429587186099085
0.883734354257858
1.0643119661827705
0.8688795018101355
1.0894039456340077
1.0393394606580597
0.7825647191277154
0.551384384386925
0.5504401622324313
0.8212525307881353
0.7122424457309356
0.9263708870240289
0.6433496956240511
0.9173124631853217
0.6526914808195275
0.8307202693555507
0.8579927379103663
0.8454959617756606
0.7058600482025204
0.7956524487179756
0.7257001696510564
0.6637598446079923
0.5629943593040209
0.6393467541526363
0.6423899209257982
0.9067164405361764
0.5663293081735957
0.6771561831345768
0.5978572492872146
1.0172206212303798
0.9090602601375299
0.9896657729049191
0.5151033808335551
0.6149418139873204
0.5746731145389331
0.8182598429269092
0.8181895953588236
0.8584397110196925
0.7359584689575294
1.0642330920848466
0.7003819641944304
0.5076221576031327
0.7577456154997547
0.7413767265258502
0.6661575439319095
0.9227377460145003
0.5989955185487812
0.5844873115060796
0.6837622294819773
0.7099371340322037
0.7012160136915159
0.868525318363539
0.8745881754247808
0.68395952949789
0.6543665759421251
0.7260531529927509
0.7127517817679998
0.895621855616728
0.7903826429987632
0.7571578502797476
0.6059840440828657
0.9718374125860724
0.6203172213654256
0.5164183360969873
0.9452998417978588
0.7065608937780289
0.844476337417532
0.8807498473681008
0.860985506664448
0.7026765738378093
0.5754571842185228
0.5890786145846401
0.9214584976875594
0.8296017770371329
0.6787642693354582
0.7170015544539251
0.7281527543021301
0.9901601122505875
0.8131201865547613
0.6593136267416029
0.834386753397283
0.9649758542976655
0.6215156360097747
0.6358883702882667
0.7161291732124432
0.9053673575587585
0.9310809949250262
1.1169187372903908
0.7778162382422129
0.820258489128889
0.9576351450114664
0.8162216475053278
0.974614305727852
0.8624141027774755
0.564775094159815
0.7238810485307685
0.7433586859153076
0.8767911696219064
0.7939099268037516
0.6762087470304886
0.6012537258147208
0.583659469448323
0.599449153289074
0.8012126653142562
0.8534243354368373
0.7123039716913762
0.8954777286651723
0.7516571354156122
0.9462343510145024
0.6013800694242523
0.5358543105429222
0.7872968258010326
0.904154490049178
0.9149318927920839
0.7130818876429925
0.7127638065477968
0.9374897015301926
0.7924001206083913
0.9017996908028268
0.8763268764746324
0.7027511143189266
0.7163680273464769
0.8638283482157494
1.0008773365890262
0.7541616268692031
0.895112482376796
0.7905124499218394
0.7313127415761493
0.7893006930319081
0.699058359553258
0.6518463998717683
0.6705874404128718
0.6369698066935229
0.9825747221408524
0.8411195023021201
0.8802839896076071
0.9316811210530216
0.7316161270245229
0.8839750702807905
0.71206025548599
0.7063043206822984
0.6505629131324897
0.99362746098192
0.63303054325969
0.7779186292167033
0.7706489057154456
0.7095574562874246
0.5535918736221114
1.068137712519883
0.7158096488839358
0.8993972455479994
1.0803724436850615
0.7715335520289125
0.6196003077777573
0.9280009952038505
0.5717302948927474
0.6135685145598345
0.6093064016407809
0.6349743226360681
0.8245658523626305
0.6899542579544218
0.665271305005088
0.8585308236088366
1.0376430370609948
0.6327109953744706
0.5461290143454678
0.745405958579253
1.0509156227559233
0.8638630750126598
0.7742428881541754
0.5327594709651323
0.8552252043418751
0.6222431684400841
0.5719845851718784
0.6710043465570071
1.0260417046412542
0.6835076741428059
0.677621846335372
0.6492327902432969
0.6253769970111039
0.886496577264475
0.6542696202645114
0.9852138588957028
0.6208271835209029
0.7836262983593764
0.6546463547821813
0.6702448801049122
0.6254155776295943
0.6067111900360762
0.7769766651891878
0.848116400571785
0.9647013813707321
0.9381641779981457
0.6230428897247335
0.5827129526497126
0.5718919632087026
1.038761703104659
0.7740375228073323
0.9353782531673155
0.8102342527087402
0.8672768343957152
0.8769554802175132
0.6958308134546746
0.8424413868508487
0.6349416010132274
0.7413670857896462
0.9091216610918138
0.6569707861564078
0.863430648352294
0.8577063678798837
0.6323082740534014
0.7764090890304064
0.6429035031495844
0.7614094612390896
0.8035129652922237
0.7408494047866718
0.8396060033159491
0.8043801136343756
1.16731628927675
0.6624104242783224
0.6901293118679355
0.8475912912223468
0.853848708578386
0.8659290554551888
0.6766816219653148
0.81220486188756
0.7071259555199559
0.6176647968901637
0.8053162912107121
0.7765291236132339
0.5641484777642392
0.7137641068205709
0.7264168946123236
0.7296787385154888
0.8238935930620281
1.0804143533760804
0.6990819255382977
0.7826869895364327
0.7707678953673461
0.8909242612201905
0.8062845443741351
0.8459916149948916
0.6118805619263625
0.6181464262762257
0.8703745542258394
0.5625237446452819
0.6627055942040411
0.8038327319465086
0.8180750255224558
0.7282941988131804
0.7576282381424048
0.7424442235221804
0.7761572650709655
0.5471029781419069
0.7791809770219269
0.7956318432429857
0.6355538196471451
0.6218890428466871
0.6132282949111538
0.5349583401975463
0.566048059175745
0.7558032824589246
0.8670134004359934
0.9599203216237331
0.7297764206204036
0.9122079622902979
0.7701305869717987
0.5858519334306713
0.731097088232383
0.7470597961651809
0.6420793840307767
0.5784844758188089
0.6498967673949757
0.7376844521084172
0.6750801497645782
0.655399371297764
0.6901925910337016
0.7442375412137239
0.6719196937850758
0.6354123892443462
0.6831820491440662
0.6993271015672057
0.5499319011865326
0.6243177922444674
0.6271491587133463
0.6439391030776754
0.7892079649360293
0.7832052242134613
0.5556291444098458
0.6260922306266972
0.6831745548389403
0.6754203409997477
0.6359511489105979
0.5626118067274726
0.6450903273321105
0.5201134432864093
0.6081344623037402
0.6020564990383022
0.692625220199222
0.5943529944206616
0.5458583256183586
0.6732902265763192
0.5470296768825669
0.8378593376679749
0.6269458771955119
0.7058889757156661
0.59264725385469
0.6525219407900331
0.7395155562761699
0.7367392164402908
0.7564795264618626
0.5048666901796506
0.8376554768849183
0.7246747127165519
0.5221722666940867
0.5090841335060011
0.6292975036847366
0.6569614890726041
0.7457535463392442
0.712525372864697
0.5649381977059639
0.6560896944241582
0.6213546470416154
0.7474166694708775
0.6915655878598171
0.810960743936453
0.4907444881643808
0.5013823262136572
0.4133009842491448
0.5615834525854543
0.6252641776802155
0.651022602052944
0.6068765986313164
0.6365937152209717
0.6803624363537273
0.7760167440805362
0.6147464453766491
0.6360938640970674
0.7606910956747764
0.6557533018050331
0.6155340117362058
0.775892316132061
0.8016597214591155
0.6344340643338822
0.7450774522182424
0.7761345706330439
0.78601589060085
0.6997496887450964
0.6368353223162231
0.6249918624003165
0.8213612973018011
0.7403534339167545
0.6726908696165448
0.5799359719147318
0.7903017717199489
0.6984104305192973
0.791338358677265
0.7306006266268188
0.6414984916199393
0.8971928960236424
0.661842277248574
0.7314575356601641
0.7610384838717981
0.6379623790947567
0.731188871807053
0.6413345096195925
0.76941371299162
0.9208958570598277
0.6886698464170191
0.6689501769874316
0.6575282308772045
0.5608383025022644
0.7739109504311483
0.686584680553831
0.698121762496595
0.7983458751620786
0.7343533197883665
0.7762199714284453
0.7944314833081575
0.6346728973743395
0.7741524444180541
0.6962764099965398
0.7700144812513693
0.7223378107832837
0.7831598109606853
0.7982510381664284
0.7449308550750507
0.7601627632329435
0.776812166232403
0.4963035226147556
0.7041510906043319
0.7100372954910774
0.7629212890213642
0.6867873704302361
0.7426944342195421
0.6828720242433732
0.626476127776591
0.5992725836735582
0.5909367969487052
0.7142304267660521
0.6473986263571779
0.6695268909057346
0.6227116197480319
0.6764913729616534
0.7514605202930917
0.7172254649715395
0.7050933131066871
0.6478785909432249
0.7222588296127848
0.6349896844718826
0.7257903506727534
0.7467176641718503
0.7234536834094096
0.6468828190764634
0.718364698635026
0.5916866137463542
0.5869572011285955
0.7075884660908447
0.7013950788030081
0.5040441587814757
0.6632804661096208
0.7213618167616741
0.6637526027703168
0.7028578087956405
0.5936238879301878
0.6342164000260322
0.7092081455871424
0.6214565171501378
0.6342543138595946
0.6668513968074596
0.8132313455017538
0.6082449936860824
0.6859267081004129
0.7115055091029622
0.7535523096201363
0.6778131356486158
0.6958866961379279
0.6832160793578389
0.6954713796421877
0.8917029821867931
0.9362361301427062
0.5369116591301466
0.6464043014450417
0.5153270185574393
0.5470997598135494
0.7570654119258733
0.67295046372836
0.7358936297564185
0.7166982861182497
0.8057544224611684
0.7833307414350069
0.8678641682511075
0.7649251911764118
0.6061577161915117
0.7435854003625142
0.8172351482457023
0.612566172933471
0.7315300139702615
0.7974057915561859
0.88826833040565
0.7197072584684252
0.5921298171835491
0.7997831815915495
0.8156293660139401
0.7228381112367084
0.6779502171412223
0.7475811706275759
0.7614956724739692
0.5301147369391067
0.8330891991140854
0.6869261574134421
0.5939980295780934
0.5614823154472359
0.7438093186349207
0.6255576405767332
0.6937724336261195
0.8631080591126635
0.8226220869941854
0.5800120053189938
0.648892226268176
0.6212344663188567
0.6087642660592505
0.6914713058034977
0.6257907081698714
0.6324862477853401
0.8831858191340243
0.5709047927011077
0.9402177564323508
0.8336936555569412
0.6090332535230404
0.6507862007775351
0.7776831330306171
0.5966506310623454
0.7265116337815792
0.6562987616965236
0.621313535640298
0.7710715963329169
0.59161077938668
0.6920698452583631
0.770814314821416
0.7833669103340641
0.6206054945089784
0.8048164078577253
0.5965228122430528
0.8348471241240946
0.6511191487689953
0.6023037275775059
0.6051364196991884
0.7443462336383365
0.7786792793644639
0.7947817064426194
0.7710189551791108
0.7385996610991085
0.7069620599798435
0.7299321808070139
0.7539051747895419
0.7336065109494709
0.6689155388754681
0.725673452292298
0.6342567695606789
0.6298537737155203
0.6614988034399731
0.7223025559387057
0.7631084627256239
0.7208362616551413
0.43193322610655877
0.7224759851631296
0.863559054647339
0.7704601744269757
0.678852305038159
0.6722943746417527
0.5633557139560914
0.7918832847968464
0.7509667425455115
0.6527333204229161
0.6301327387110253
0.7412804213783502
0.7793776005020937
0.536954522671372
0.6361229062652619
0.8154590623701119
0.7402318620158308
0.6147225149451432
0.5835765068518378
0.5770971709294083
0.7994006685969559
0.6329742201675187
0.648787683200717
0.784024047079846
0.7752399724239591
0.7305879549591302
0.5019322362620229
0.6935870298850545
0.6535073193102877
0.7022723424497652
0.5023923965174645
0.5566150529957042
0.8579420003848018
0.5612599401026718
0.5987523436204993
0.8112342219479948
0.6756828188756673
0.7856564276250295
0.6385753265371878
0.8735625914996477
0.6866800350180644
0.6907002958857633
0.7125141218013453
0.5136117884877234
0.6359020907285233
0.7456227758674104
0.6985031869445198
0.7727411656032238
0.585150820672137
0.7992994156353047
0.6264933085984511
0.6651040404258916
0.5952217342030901
0.6052026330710258
0.6258735745375333
0.6047645554490282
0.8550648218658997
0.6540106092829977
0.7588741154690115
0.7548452190087397
0.6998079395253654
0.6381768478218678
0.8129288298977382
0.6763973872691385
0.7216150529263214
0.7400946035850279
0.7381177009712094
0.7607745937755124
0.7169150112493908
0.7125521123861212
0.7859084759079972
0.5881181095593364
0.635893671657158
0.8128292456438487
0.7138209459562763
0.6745067475867109
0.5077329441448603
0.6294048821277253
0.7298867972280333
0.5627373092456464
0.8179127872729388
0.7318091108657764
0.8122688490609424
0.6938988535567515
0.6141554392158878
0.7107489452652975
0.684353803429728
0.5534342472193511
0.7890408711863024
0.86018045058969
0.7219961895358982
0.7473772504023173
0.6150625325232874
0.5473659425727869
0.58931177388598
0.8331839636162807
0.7669680299457474
0.5644860024187046
0.6714551342155678
0.6708391634650267
0.7070569695579046
0.7244399173734613
0.8983560635453793
0.6199349760051717
0.6073168692760145
0.6103051435526993
0.6121820623773354
0.6505398681644272
0.6853589751735198
0.7065712845030783
0.9088621849015425
0.6553141245332407
0.6783685273425661
0.8181712569473233
0.6658954415329177
0.6089416067212702
0.6443889264316275
0.6030510000473586
0.6894467428088175
0.6730033619376338
0.5711134323042847
0.5839068333591679
0.7156938394724769
0.7108524204159093
0.6502046297567144
0.693366169936495
0.8277682620799406
0.5792414376700289
0.6778574017450055
0.8279270850787057
0.8335425063035413
0.6025896838887043
0.6809320779925415
0.5850720498599821
0.7305505853490767
0.6812460342080972
0.6076668595788779
0.654555240746108
0.6083295756053029
0.6454440139195011
0.6032346967232036
0.6944193550334856
0.7750461578212804
0.6297258991244298
0.5952685477784883
0.4830347531879486
0.83689563056424
0.6054376400712346
0.7480034221471841
0.6801734276274946
0.7856221331142126
0.6169535244814766
0.5790052921211997
0.6056014703093098
0.7671693369937165
0.6979522999811577
0.6308428674998032
0.6964132420043762
0.861662991467244
0.725603743271721
0.6643293600420592
0.6069253217451462
0.6587062716373326
0.6199372443728544
0.9042737205429247
0.6200572220018138
0.6963832583094073
0.8648407455885901
0.63063700613014
0.5951935215445858
0.7843167974376851
0.6243902743251528
0.6750903129416678
0.628866917864212
0.7113517217068351
0.6159974752299199
0.6129762819530515
0.75855430700584
0.703997815934185
0.8697726601829878
0.8110819788592946
0.69907860039322
0.7386636297585657
0.8839650195371659
0.7405483594256045
0.6948838262423019
0.747000950481543
0.8387900942167209
0.736314944694023
0.6465223583816422
0.7405527037435775
0.6657080788774784
0.729214654972068
0.62814192915666
0.6337104927734487
0.6543019937157513
0.6371286347001744
0.6268934748062459
0.6301730804398447
0.7306152441097138
0.8105663836134596
0.7946857743475718
0.6495081401267128
0.7600058295617659
0.7385621619031699
0.6703975145383227
0.8813647205575369
0.6819162125609721
0.5649825422772821
0.798597924075567
0.6491521628598774
0.616878477509396
0.6352771437256178
0.6188112810136327
0.6238774166138242
0.7107706091319547
0.5702352019166788
0.7186998485050508
0.6067441841210697
0.7286585986798647
0.737205061062821
0.8992319397327627
0.7133952318134243
0.6354404052558923
0.7519540817645562
0.6618685131161399
0.6965177997587134
0.7078335520423263
0.6103266448732246
0.5482284117743406
0.6845397654506357
0.6787739651427525
0.5630917094651214
0.5572248733173457
0.6200495385610059
0.7553023830905468
0.8065040998195535
0.6209266093658793
0.6696656954721724
0.7226168853513859
0.7430579077916458
0.6354072994770742
0.8127369750775038
0.6885666553374936
0.7123084917811274
0.6479303244128098
0.7817821431076716
0.6338760380866582
0.5247465341431594
0.8700960948609056
0.6186359685057963
0.5785413293814718
0.7832511947307578
0.5974599831666411
0.727105527753905
0.5643136495499237
0.8040016922078969
0.6800949457606658
0.6689440255536921
0.6701058722809089
0.8787790392540213
0.6729144428163994
0.6959204081550667
0.7006252479740648
0.719857241679519
0.726810466643514
0.7167125890790863
0.6051389962684469
0.7383687057428696
0.6399998400632333
0.7347625722793234
0.7420369501926384
0.8385325983162166
0.7773081703105602
0.7268009348358146
0.6515192363925488
0.655400958116269
0.7305001612989613
0.6945431318946493
0.7662757209063711
0.7174015414429585
0.6816778415958183
0.6477754783990773
0.6925061998298825
0.6280799272889164
0.7436946509109517
0.7089866251924031
0.5729222929146054
0.6516284518067778
0.6676211489423375
0.7149554427665714
0.7096026413031938
0.7601749661028021
0.7252828551074652
0.7499457794931542
0.7964327608242102
0.7330968137821687
0.6829588406436308
0.7299886806233352
0.6929569422064286
0.5641562237473694
0.664618364425044
0.5588432124938523
0.736133461294278
0.8657229728034186
0.5608785503335956
0.5852263469978035
0.6092497451843675
0.8739670947634222
0.8257710222657398
0.6877012296114325
0.6035256935265192
0.6067475960607617
0.6263721626459258
0.7056280054947223
0.5743211121152162
0.5798943420075043
0.5664185025698457
0.7933390923513897
0.5780275197250325
0.6384828147258909
0.665125855652953
0.6960085820419333
0.6524835450223424
0.7604565530179143
0.6507882986993636
0.731614107548961
0.6126787476910027
0.6557875003993586
0.7971291869572227
0.7504606835880676
0.7345335152067499
0.6545768559026397
0.5669681776427504
0.712478357320094
0.765967418396287
0.6586047510674725
0.6989516577236786
0.7974029950401015
0.6170893070523619
0.8380313167547461
0.5552761871233559
0.89104318141973
0.6339851120831294
0.665520792067953
0.668271728581735
0.724868671462649
0.9526173568801134
0.7440511057472393
0.8150714065772064
0.8464586514814709
0.8210049485752092
0.9137737024161177
0.736963529787697
0.8269020291536334
0.6925973309695361
0.798347183013604
0.7422408680501656
0.9336214184550884
0.8626385288431485
0.8223131126636302
0.8444377278920785
0.6617571179367348
0.7615823569386246
0.8873329913087057
0.8925656287063768
0.8674889498584187
0.7585767659240489
0.8919204748262489
1.0717155565050902
0.6454847913323615
0.8510370473644222
0.7845732566986482
0.7559541514973683
0.8326359224974395
0.9290300956952562
0.8002166780332868
0.793793751315032
0.8819660020549047
0.7483021854763312
0.745551772646621
0.7791085886461299
0.9035406967999441
0.887716206980052
0.7074802845044914
0.6875416292627288
0.7204029863254549
0.7540147786415303
0.759774445215838
0.6942058862179973
0.9666527080773305
0.7798570042478823
0.7870036896870962
0.8581879419532763
0.908888872046596
0.8295482400652251
0.8499544605909352
0.8639048721563932
0.9216725568843663
0.8890361019853591
0.7486950981295581
0.8236355979956376
0.8437381428268291
0.5476847437178287
0.6128646428046226
0.8525149904597839
0.8967089311713151
0.8572898431100793
0.758606766380298
0.9566839976904842
0.751553278746614
0.9487027331342389
1.1430309333567499
0.9689916310279415
0.7233108015991798
0.8725180323420562
0.9444432088930292
0.8590803157960578
0.816481745002202
0.9525965797566286
0.8287611849584673
0.7928870842430854
0.7353965608859037
1.0742159899176273
0.7426549877904433
0.9112328803195331
0.873127505816086
0.8283628546332894
0.7979221908624796
0.8769549237494488
0.6204226474137007
0.8571306384930001
0.8490092320481993
0.7681586304588827
0.6462023708807586
0.8469528312957316
1.079564860690064
0.7527324698962272
0.9375503680621885
0.9338489502125715
0.7732555898696086
0.7588682604567071
0.7569321095310949
0.788413927733853
0.7735306549261824
0.7592859272809411
0.7936971600555001
1.0447125114079678
0.9590285112714355
0.799870585814856
0.9026640912875777
0.8923108294848572
0.8243367898018663
0.7723663119443062
0.9874536803706333
0.8419723452044814
0.8188666133269517
0.8287241257519383
0.7322848690954052
0.7969728065748043
0.8814586898862928
0.968107000254312
0.9204834227512396
0.8231789252651397
0.697908942585827
0.9626718251585649
0.8434109844731958
0.930619944961305
0.8217787622054187
0.7266219545063223
0.8757726344673156
0.8229356852958014
0.6498309876335823
0.9084939024987249
0.7641857121880032
0.8319165764652429
0.8757581634563266
0.8617804804063178
0.8622958863492065
0.7581609015278413
0.9048848244735366
0.9080383803009462
0.8585776191662639
1.0186593991003752
0.8245172156331738
0.6824676771940722
1.0798214398668777
0.8137396939949932
0.6823453877827752
1.0497431654808171
0.71551879162311
0.7973442952381468
0.7658140882958245
1.023344146900599
0.8380714538315376
0.73231224596265
0.7000108597245689
0.9019398175216595
0.6529399659656338
0.7420765329603266
0.5853565131208488
0.9122464716921737
0.7831746249808522
0.8179151066671996
0.8825303115880818
0.8684692376487947
0.7724104214102379
0.8340393207849032
0.9570430464038613
1.0236827281035066
0.8407412422525055
0.8658524145122682
0.888642117125794
0.9004240993040662
1.1593816725492523
0.6927453591707118
0.8631991248827252
0.6727978988889102
0.9551226734125539
1.0493297715544454
0.787953840426337
0.7230524623568352
0.8381072827661574
0.9250336845781694
0.9316023185201839
0.9044204634482321
0.8580840168159533
0.9408169567927334
0.8316026658136592
1.0525269641768906
0.9357171477053046
0.8371766332588413
0.7672712143767869
0.7551642161121227
0.8564969471194781
0.7629969766612607
0.7463918492936802
0.8691845674146279
0.987910840911025
0.9440015491499422
0.8659576369844156
0.7189082486714248
0.9705061474668292
0.7854946982610956
0.8467219515549805
0.9751034863643375
0.8351474488013214
0.8190840752085374
0.8728379301557341
0.8150879211917393
0.9166283705226539
0.7195757246726158
0.9497609885827677
0.7471588319125134
0.7971318929804756
0.7622039115568332
0.8480916474092512
0.8674257302201394
0.8784133690003172
0.7875507666717378
0.8026941259348559
0.8665602963026124
0.8012093430961845
0.7287899842090373
0.74413575819083
0.7436627525906037
0.8036812391535164
0.7387760701187048
0.867138419923451
0.7695160736946807
0.7427706695374453
0.8262431769845018
0.715627725783893
0.7499954373530571
0.7734938242371877
0.8613689020070533
1.0442521286644688
0.7136407666431513
0.8191026663849335
0.7654246892016933
0.78636164803438
1.0513185144619186
0.8012271354171723
0.9673525107037445
0.9353484183550789
0.9277786795840717
0.8194866452231554
0.8996015840497696
0.5432873446511669
0.755116371834796
0.7360319069486561
0.7896207511882044
0.8092328524834772
0.6775345129078332
0.7670134581999369
0.9209322891367895
0.9014932157225116
0.7561953914486621
0.9146321226464073
0.9361520727097795
0.9477607601889584
0.8526809071628486
0.8716185715023269
0.7550778869473855
0.7893893388271309
0.8103583668866482
0.749521160294743
0.7878036649676533
0.9614016665844739
0.8278739548245081
0.6661918505944873
0.7995771587411952
0.8095033074932919
0.8280098566975689
0.8036879252833747
0.7900440769851037
0.7549078480668546
0.6421999704975464
0.7784730030446916
0.9377456866041842
0.8843080004272293
0.9528463071076259
0.7828683227298562
0.9144908400067825
0.7445645183559314
0.7934112395433476
0.8721561173116629
0.8447661197176567
0.8250882906042406
0.6583023040052904
0.8099012583370158
0.759668309114045
0.8382414990245914
0.7184088260665611
0.7525265371839153
0.6832534838779967
0.9018958409105617
0.6900964089389635
0.776454518116407
0.8186102135015284
0.9623891187478838
0.7396950518003281
0.8638136380292111
0.8674616988096607
0.9174652025989994
0.8423596224927026
0.7338874510037503
0.8939952160463086
0.9232875663532273
0.8859499321485023
0.9184983482395052
0.671717396951016
1.0122061184658704
0.9894918715156871
0.7828549079071602
0.6896097431103889
1.0295349962125202
0.8888324647484003
0.719999652904825
0.7091303113455272
0.5473152583644341
0.7902109314075235
0.7728165006309099
0.8700750210598092
0.9364720491945623
1.0568487491506908
0.6502041640118924
0.7166734845811861
0.690260221982007
0.829690136628936
0.914666575199032
0.909075746754717
0.8233814082631428
0.8616794150358146
0.8690875439776612
0.6900549838908073
0.7003390064147561
0.9018717786402648
0.809842451191382
0.8024633875447936
0.7513264528628611
0.9290201735956217
0.9829461027203598
0.5959437530765036
0.8473454909386511
0.8185760439363164
0.9671860821254707
0.8562689009365788
0.6299157654813718
0.8966137142208949
0.7025583465332419
0.8523509440401918
0.5994685882216307
0.8429763951552177
1.0800489310618397
0.9391683501054445
0.8441420677341618
0.7306922383396165
0.805120831344878
0.783760785302223
0.7248368655501114
0.6967122750626203
0.9108862144568354
0.7938393927195802
0.9538530319038109
0.8193290535750613
0.6312008473276509
0.9167551285518615
0.8832342979721047
0.8340820753909572
0.6993425811683995
0.9553477283828301
0.9133844190358152
0.8518091563858938
0.7294530705749808
0.7189464590906545
0.5475083966423292
0.9185689140798489
0.9261186137362398
0.7488056305677196
0.9155804154372059
0.7729472983491281
0.688506969372004
0.5947633939120164
0.9854581197436423
0.8297612031936847
0.7705584487792119
0.7681615683656361
1.047005915515257
0.89544466471167
1.052487720730674
0.9632426512139493
0.9426762079307813
0.8532014750686142
0.8489950063983829
0.9233359714286491
0.74861164471468
0.9818620109350652
0.73248819914604
0.9357039261673914
0.7757606740906589
0.7456181762933386
0.8255795067593826
0.623874590563171
0.9575148452665962
0.8855149564690193
1.0887431364905118
0.9611779535104726
0.747912563362892
0.8210105869211378
0.7931324143827538
0.8202233198651708
0.8293988151696247
0.9298659874964241
0.8801924718491433
0.8355178694675822
0.9197302475083867
0.7872803208413469
1.0308099970569065
0.9579296825875904
0.7681882129178614
0.867409732337101
1.0224400850872688
0.8197644032464579
0.8220634426275756
0.9527660570218381
1.0597585496764925
1.0720593700544334
0.7818671660593346
0.6952493022969976
0.8791445409549384
0.8481559281749999
0.7480140133919866
0.8114671335453139
0.6878706335799523
0.8933462259642724
0.7258113139552314
0.9798216482878221
0.7053583330105431
0.8994204119643082
0.7454089830999051
0.8379933435753283
0.8384607973745646
0.943563907516958
1.1229015231367285
0.8254055892908484
0.7683845480417003
0.858247014031872
0.7647138300712271
0.88922020443615
0.7071748075229332
0.8025236628528467
0.6847741208649208
0.8982736677535393
0.7022750902167525
0.7904636783276408
0.8689084902468864
0.7970317929045841
0.7738100573580211
0.95240351493371
0.7450772926637507
0.7907166730243608
0.958808307060853
0.823373836725879
0.8118082493402781
0.9612860471565822
0.9881547248676968
0.8339824646911942
0.7701103448429579
0.6760541805107889
0.8451285417534437
0.8491737710964233
0.8194552069966963
0.8485604923434161
0.7911030121314043
0.8154141641561252
0.9906480632289193
0.8184694102283241
0.7565029059417118
0.9590897472961201
0.8410151517788065
0.8991356151011041
0.7199446906405098
0.7999644794237457
0.8378228687632038
0.8774025792798105
0.7152374908173342
0.8329554316820027
0.7872767598877272
0.7512074920701899
0.9173906721194688
1.0059504181088477
0.7827679954200232
0.7403989726356898
0.9389736982443613
0.9424640722531572
0.9336402000421734
0.8938358162998798
0.90574265313952
1.0460746039997524
0.7599889127095157
0.7540447487239831
0.8048729040714186
0.7403424014435765
0.7897059520380186
0.7530347740279941
0.8720310683944799
0.8574557485876545
0.7231977476390586
1.0109399875798004
0.9502942588544806
0.7947524696450777
0.9943203067045973
0.8507126460974855
0.9974385238594998
0.7826117780481971
0.8473173564784622
0.9756420619548829
0.9677885621217412
0.7675464185345484
1.0200012792015554
0.8049271541993329
0.8300802657335407
0.8726816138887545
0.7017116884325153
1.0305686105018688
0.8019519356937054
1.0052758809009654
0.7209264799561458
0.7914108963755617
0.7426011336325166
0.9617279041786169
0.9237725772994637
0.8777831505394452
0.6917910883192692
0.8445006178056985
0.865554841911715
0.7471331993622571
0.7833939592080962
0.9578828768598059
0.9005521431462666
0.890836901381861
0.9650146389784086
0.8219937075434646
0.9041076065987149
0.8341075211130115
0.8126126702130541
0.7701335058296263
0.9702679800959985
0.8389352088925719
0.846191665988732
0.7169602721606104
0.8453496200906404
0.7738260723127222
0.8465490640776171
1.071743129019343
0.7958321286307071
0.7080386697515054
0.7032395363873729
0.8316328187874867
0.6983158728042997
0.90638402428191
0.9166791792659359
0.7783472611645144
0.9070571194353393
0.5464465458052671
0.8710721630780113
0.9650750792685152
0.8258708473166569
0.9991490772695498
0.8461890528361136
0.5933229536722288
0.7234864170246618
0.7924341264269775
0.8744818403846237
0.9200385245924392
0.799993054748734
0.7340863536387915
0.8655487768635303
0.7854769733819639
0.7949505579832303
0.8860181246206543
0.8298820739481044
0.7488889859943286
0.8352978993906193
0.790724877844215
1.02162197581085
0.7915030904822161
0.898160399129303
1.0015183782102393
0.743787974914146
0.933061294979456
0.9066693155989283
0.8998037758913148
0.752499519244908
0.8261208097570752
0.8707364169441133
0.8159003589497034
0.7855925511953692
0.871913025975115
0.9316236783902097
0.7101698611173083
0.808079959586647
0.7244606779744047
0.7694841025336427
0.8911490626572827
0.8645182768473746
0.8199303905597414
0.8273992505889436
1.0510064366307106
0.9633785558189615
1.0034336553503562
1.0363778107062531
0.8458251874711556
1.0517029271610712
0.8723216376588974
0.9615951983414706
0.6203904589887924
0.8066838318254396
0.771589712059127
0.9668770910575262
0.8975269399914959
0.7699524302671401
0.9042763924047346
0.7048236585697254
0.8635192140312836
1.0024374604631434
0.8149792401032081
0.9054262373829817
0.8327716791774619
0.966233474641401
0.9255853101527874
0.8701161548832104
0.725561962673594
0.7062058862648738
0.7391314595623288
0.8880548060980831
0.8721136330736862
0.80602918200079
0.8236920066378488
0.5698056867391736
0.7108573348653836
0.7285740036347932
0.8221828208265509
0.8447411042041469
0.7285525179235
0.7629713517945754
1.0421304405453105
0.7136413185308395
0.6387853237730019
0.8199614373511259
0.70361348897825
0.9060684998794346
0.788339284883158
0.7429489119559587
0.8445982074606257
0.9033498156345434
0.8565776473385149
0.9558836597075431
0.9434733254183102
0.9253478923688927
0.7385108740757983
0.7928417000141694
0.7263914254039563
0.7831466797690877
0.8578143306287433
0.9257294052732009
0.8105658154794918
0.6569846363728954
0.9292754550773262
0.9637440362317494
1.0519749655537542
0.6904410508329102
0.8683521682736431
0.8224122839900107
0.8761081024365887
0.862778714452903
0.7781174082715017
0.9405514026888617
0.9879297549133622
0.8413853699969118
0.8709031525264939
0.8811421591629247
0.7597720052634069
0.6349717330966465
0.8711076598675735
0.7807871186733868
0.8072039823048033
0.943254967180455
0.8724390454610184
0.8764189233994646
0.8320758992576781
0.8460630909706577
0.9031488201917404
0.6685159073105221
0.8064225529162411
0.9139166659452583
0.9765107975939448
1.1333315576770524
0.6766785599220582
0.9585847301749509
0.9191681349022649
0.8895705085265957
1.0927740092874674
0.9194309049735713
0.8136588715607208
0.8382030139851805
0.6986042944254751
0.800462469647494
0.7656528240229008
0.8965448368809948
0.822769848346557
0.8543711208816049
0.8197718611055456
0.8056292741113121
0.6873353040360606
0.7956235410491149
0.7893072723443013
0.787902469919598
0.7889062235484574
1.005096151900082
0.9635407438107269
0.8453413726437375
0.9337842687395398
0.8953926081502296
0.8202226007299697
0.9095442113132148
0.8509722527469744
0.9814054348495799
0.9939517043622782
0.9236424053609205
0.854981678854973
0.999442937191219
0.8467248555870349
0.9256116009343656
0.6748995315303683
0.8820737457257314
0.6615420082925133
1.0271991333321118
0.7677202534562065
0.8908141087425235
0.8174780282879313
0.8503463969706486
0.7954159307676247
0.7614145388720509
0.8573288527756021
0.8229219693683546
0.9500511058556586
0.8069405323396401
0.7206723704910293
0.8067672666802694
0.9420179683363975
0.7544901677745295
0.7463628431809836
0.8213467075870194
0.7112316447205317
0.6315201009760675
0.7737080248233681
0.7831511859881375
1.0658369816207205
0.9658089197683472
0.8528939068191462
1.05477269591512
0.9506129598586565
0.549977425793266
0.8690155960419114
0.8522484767051405
0.8059794727118959
0.8292365053052515
0.8373299860159706
0.8423998981607993
0.7629841578409386
0.8600671486878921
0.4895551678581529
0.7551292901248301
0.7672044690162317
0.7708300842128833
0.7906393796691371
0.7825577824926866
0.9569030636337448
0.8708770998283534
0.8555881892285881
0.712572081956027
1.053975602494586
0.7980889460193598
0.998609622517971
0.7573275332607224
0.8523014714728518
0.7870316433625579
0.8436411196274807
0.9025487989027938
0.8282671094018017
1.0372847360871607
0.8945002013433583
0.7375230868751393
0.9095073029596474
0.9524364879990334
0.9572898655191031
0.802164596723019
0.8173179623898907
0.8716325662792416
0.846198571486686
0.7973603786902294
1.0497685481021763
0.8785440362818223
0.7248545141821171
0.9158684283203502
0.8238561666408424
0.8392146687578542
0.9031612246649279
0.8330367390991845
0.8098728309305843
0.7622414972531325
0.8036544858435924
0.741385122474449
0.9208189692735969
0.8546025496000591
0.8404682173010654
0.9950007004814163
0.7255990878170064
0.9075689785175608
0.7261223354599365
0.8585592493942886
0.9775453937448174
1.0395613615667696
1.0628452058803406
0.8435543743937091
1.064061822497216
0.835027619593622
0.9056636773213838
0.8142579476803448
0.9171312727301432
0.9458631333488964
0.8661606009890704
0.9473028661619939
0.9110381855012948
0.9370046418018907
0.9487959955336265
0.9280361245826821
0.8344338133834377
0.9531173035180506
0.8314118967637611
0.8956064139122668
0.954983610013822
0.7601364630221629
0.9928156263587488
0.9416909134792665
0.9077049120753536
0.935088473694099
1.0365960547094142
1.0715244005894557
0.8858476581446361
0.7949745216404407
0.8540915623111277
1.0935562476043208
0.9813325339929876
0.841145071667389
0.8526700268594863
0.8401943002619753
0.8971389877705499
0.7182503529695999
0.8254874107789614
1.1680613882617066
0.9183864529741632
0.9137928112978996
1.0853421389153288
0.7289853921359611
0.8345625636480198
1.0263551547299006
0.8795163723625079
0.9665549798507868
0.8651867818923408
0.8812764108885452
0.8554909722618189
0.8922293862325424
0.8577261046014827
0.8693799410088183
0.9174658352006821
0.7667020322864669
0.8914879676341202
0.7492067819764694
0.9423918181933263
1.1528313078198538
1.1473092780347243
0.8139885423194
0.9967229712409486
0.8411853697595897
1.0466285731617866
0.9555564629212038
1.0809270782730473
0.9370796394844981
0.8578994860572642
0.9282165629797342
0.9130442948705655
0.9550259077111541
0.7911246038584339
0.75058155269896
1.0508006726630417
0.885459840944201
0.8750371808486137
0.84268708814716
0.915735525624673
0.9041748562018685
0.9727330316483656
0.990714379028202
1.095785299850775
0.7376896502220179
0.9156978130523146
0.9201975914564852
0.8378253694259937
0.8606137133859738
0.9997838063534487
0.8477587916514422
0.8478617839339249
1.0313360420287712
0.8481862283384998
0.8223402293611268
1.1565037067347512
0.8082164818936134
0.8725453478022944
0.7778162049468271
0.8416227204556204
0.9920555641396765
0.8995575156724427
0.9653738305302167
0.8012442433156994
0.7344591275620248
0.8076320282882341
1.0199354662486617
0.8903515138508552
0.920503551146238
0.9895450563279622
0.9975291843229803
0.7101887069941374
0.9094452533958454
0.972191722849876
0.998656924112487
0.7792353880002949
0.7715875414977204
0.9128420905934971
0.9907085091043283
1.1234481582459148
0.8376009569019027
0.8931675165183324
0.7410844442510577
0.8374486523466818
0.9441623789369235
0.8811764771973161
0.8254976065132537
0.9564338646312193
0.9589316539860246
1.1261512024756
0.9930193844270832
0.896372592600468
0.9591422499322259
1.0254647304743105
1.023566302793582
1.0024477928511253
0.8671142699698646
1.022895116050143
0.9745833052571171
1.0061646683132432
0.9147759423907544
0.8612182123109036
0.9980386763805611
0.775897300801855
0.9602915158449247
0.901187655937815
0.94313563718356
0.9195828233314061
1.0066373955901318
0.9889454628698627
0.9902758377262197
1.0376125026963035
1.0625709605542624
0.8588600145589654
0.8883226619958455
0.8391775863897777
1.0376442891279423
0.9563228442005981
0.9267380995985409
0.817021946002136
0.9798209862089683
0.7510914985032033
1.1741452304190003
1.055445136338392
0.8220788368943635
0.9672350087514572
1.1629048683353793
0.9787531243135716
0.9009908900680348
0.9725389676803444
0.8993851053824489
0.9958269366063799
0.937718066698838
0.9324226741402336
0.9397564021078821
1.029092868370415
0.8379452768393877
0.9448663599429067
0.777539660225234
0.8632247338869473
0.9262934738550125
0.8864994793171809
0.9997008115127014
0.8078940665714608
1.0519015807250287
0.8104245052271488
0.8630060894692022
0.8490701227668521
1.0113301136780446
0.9613976536282554
0.997151849201293
0.8148555650873809
0.8785778271843114
0.8143253779899459
1.043477972230436
0.8541088643069307
0.8572682209927733
0.9452822918482298
0.8352899002050499
0.906173710613437
0.6941645203993078
0.9198162191741311
1.1367343000815486
1.0175559206343388
0.906384297799347
0.9909851104840539
0.8727289240900714
0.8087999411996869
1.0053714305129349
0.9919366466682262
0.8682014040709541
0.9130989415416817
0.9075897444289297
0.8833045446013524
0.8714555077040512
0.9057193263506602
0.8943816936330989
0.978080473220051
0.7663847397359038
0.8317886833233706
0.7674291275945417
0.9395338491031204
0.9677505271171772
0.6153681976720389
1.0008031295741058
0.7622208477347868
0.87123642649162
0.769804953506697
1.0464793671459138
1.0359964409256017
0.8566750696820209
0.8708205639364858
0.759554305127766
0.9238045334928784
0.9673121562976185
0.9622243423619642
0.7977611767351248
0.9133870271370079
1.100046181443311
0.8689195752569809
1.0207655229207373
0.932459397429327
0.878181196416702
0.8712439285383582
0.9644137192515095
0.9292309258817499
0.9096807246281112
0.8782393820148258
0.6630276401862053
0.5882832553077184
0.9323224545089005
0.8162320378370524
0.9765079522971349
0.9539744487763833
1.1059327612751904
1.0756534953857895
0.838493998891724
0.9670224530622078
0.9321560543407036
0.77348868352949
0.9101271290774173
0.715725172036708
1.003519080598696
0.8631389593914978
0.8065907330391257
0.8748490905106275
0.7534247281745396
1.060823201443576
1.1038489549035366
1.2247741321086942
0.8373135379344021
0.9226723565144669
0.9329019064069051
1.1636765765704016
1.0410557610276976
0.9017396148404961
0.8892779452797936
0.777520942431653
0.8008423644631026
0.9333569564334402
1.012562631289937
0.9443295450061976
0.8331722501997426
0.9828526341960155
0.8074179604609268
0.9592189187937442
0.9949503506390948
0.8125064661444873
0.9299440147773409
0.7720456351538636
0.8780735013425739
0.9130892144566756
0.9637963119065336
0.8678136533551132
0.8520562908509596
1.0486555379626397
1.004227395809922
0.8134701757806759
0.9838951623422018
1.009512268846455
0.9794487132670612
0.9750336456603227
1.0690926295945145
0.9356929502163814
0.7704688294413634
0.7564047470399037
0.9391180302334177
0.8801106553807606
0.8972530987973042
1.1017577331256931
0.9521499229806112
1.0584404091904567
0.7396732803160497
0.805866810237413
0.8579227008658596
0.9875850732094695
0.8407973363680081
0.9980380747643282
0.8925022309578783
0.8986332868813405
1.0606015721663034
1.0134248444593221
0.8491234165475635
0.8674352155864513
0.7397062932013644
1.0484972003561208
1.3057620725962167
0.9669424645402137
1.0229169361884636
0.9078493572909353
0.9270765125335471
0.8230582634851098
1.0252262918496686
0.7687439855680295
0.899141675840123
0.9841956379369506
0.8901443361852622
1.0860719584193388
0.8278635109155374
0.8850597115298748
0.8788427068371283
0.8687279257745112
0.8960174934257253
0.7635034474730021
0.8195076974123009
0.6939575288226726
0.8156621202819732
0.7058164705450803
1.0083538794513083
0.7743471073554831
1.0489811963595446
0.9839963123367763
0.9391375515563037
1.0320437142481766
0.9300707507038117
0.7665118198762563
0.9992198726985453
0.8689679581683238
1.0262819042642513
1.0040230530658032
0.9283194714737665
1.0298091043983784
0.9261265482160425
0.8532996545287683
0.9074845934844697
1.025148255976107
1.0320449063247186
0.8067945943951237
0.7295546301401605
0.9462485201717996
0.8090295930114095
0.9726046899363262
0.9560214839016034
0.9520107111790606
1.09258678614921
0.897189758897562
1.0357609640207497
0.8793401732663871
0.7485942470942106
0.7438372817661785
1.0459808083133968
0.9875657380509555
0.9634783467233955
0.9673291795874469
0.9267964219054523
1.0338172899363351
0.7266067811914924
0.7984218481556787
0.9507200681053983
1.0064742282518535
0.8853210293877194
1.0673081979804797
0.8259650516573388
1.0022490192862534
0.9269546095677655
0.8914348102182593
1.1213882132687156
0.9177265337372421
0.795608573383053
1.0262263454735783
1.0004858901443843
0.8411592037237797
1.0758805388917068
0.9024043372705857
0.9643306175141708
0.8771955940538073
1.1158682865123344
0.7965154979717093
1.0041314973559232
1.020773554483332
0.8890557284342069
0.9933339551910115
0.9679266160738396
1.0091266548076436
0.9165499517282693
0.9934334093867468
0.8324199723934183
0.9692099791150158
1.0689187954537147
0.9804486086935331
0.9200768289597411
1.1408485339631782
1.0420277161283666
0.9386086132777595
0.9984240303071518
1.0561129765262143
0.9944894865555132
1.0868181910572392
0.7843815261082159
0.9756439661543658
0.866742853308474
0.9117778064295463
0.7426665506347555
1.0424493020202183
1.0156162853124138
0.7063600662338265
1.088311537092994
0.9071219455952425
0.6691129256945261
1.0688819574148085
0.8573946782848315
1.0237461823616218
0.9447463963115071
0.8542896061538049
0.9856662200514165
0.9545757562050661
0.8451762844085963
0.9300746415719204
0.8732058656319972
1.1550363234669938
0.8924935708322529
0.9116728801023212
0.9460099861117381
0.8434391700125453
1.0727744386597349
0.9993589146200684
0.9696758276940182
0.9677340111129819
0.9296487773233104
0.7693405709373005
0.9005829925513498
0.9179838137419559
0.9628211579870255
0.9878247429842404
0.9422641178256311
1.0127329331003239
0.9028178944754569
0.9439612412681828
0.8476256330008672
0.8791053922632078
1.0176580432018527
0.9154942479195979
0.8866949406409165
0.9117070370085477
0.9218409876254814
0.9132450920868712
1.0526277577582972
0.8137675073766326
1.1031343228150925
0.9892733899408078
1.0063269751166681
1.0978786906072733
0.8598991239546093
0.8429889262806103
0.9572071666883187
0.8532610580282503
1.0053510848664418
0.9334404416757369
1.0439116489992901
1.012697410591727
0.926760033293118
1.0865001742181801
0.938563259560645
0.8741321856237659
1.073463508052785
0.9998983386373268
0.9223020218150969
0.7925456950516796
1.0142826291267848
0.8342821352866682
1.0130968558694264
1.0333614753966647
0.9763855867249284
0.7490753936721394
0.9169821308861097
0.9657004288755716
0.953753433162451
0.9703942254754615
0.9474942119726723
1.0521210925256705
0.8844235211212954
0.8469297927469304
0.964023407722358
0.8281111764920887
0.7852543023648855
1.0237597306342925
1.151879489176018
1.0968935323874425
0.9029186112524328
1.1033042224298095
0.8756636034208233
0.8876960066046827
0.9611476549713794
0.851718589924111
0.9514757407039733
1.0589344970833474
0.8834877966640502
0.9588179973760709
1.0272343296647637
0.7202134527738732
0.9971548978143918
1.0634467066506668
0.875282769473131
1.011511750484599
0.846865099075426
0.8845488949167581
0.839955797266887
0.83172991870329
0.9210976901255886
0.9266604814440352
0.9067116357529164
0.9219275329011456
0.6702217422391831
1.0144420424589253
0.9740248942436505
0.8636361692139845
0.9935382735225732
0.8009038709342652
0.8999756423255763
0.7796480662195773
0.9542066305247048
0.8886914322169625
0.8373978769627617
0.8470394754711434
0.7914725780475306
1.1131937721799698
0.9267884580467468
0.9891028836476404
0.7870224481091843
0.9231826051565838
1.0739899679139855
0.9514397722984558
0.9142343008111928
1.1688220675305911
0.9374509482634581
0.9572572328673586
0.8643895518212622
1.0639217100593992
0.9883224398630963
0.9122448857220633
0.8480902122654183
0.9942917025772358
1.1271973922842482
1.029347090477913
1.0809551672375015
0.7819096512459017
0.8867684908532897
1.1040889562360998
0.9299513143245534
0.9129550580868456
0.9816723496703104
0.9194216947452662
1.0561825934483422
0.8263360104986988
0.9813681293620098
1.0067494189986548
0.9633969328153996
0.9878704344511354
0.8737809137741991
0.9308113640825003
1.1475062134405165
0.8012311458539999
1.015146125019682
0.9130223747634004
1.0047529161215385
0.9413703927167134
0.7778150430311169
0.8762114108638684
0.9413037967173598
0.8022419701278695
0.942449410347847
1.0638607091045362
0.7698066542728269
1.0974706503886795
0.9038466049619842
0.8480406611257527
0.9682775552066083
0.9312967002100255
0.9221207783430379
0.8909753837685882
1.0548100418672712
0.926063983443631
1.1011686976567634
0.8568459634105751
1.1005414024375277
0.941030848402292
1.0100804597005903
1.0209818864445843
0.812939737650651
0.8172653576677509
0.9220637619444171
0.9837343300455221
1.176097894807646
0.974219677815078
0.94039115003044
0.762585435975705
0.9661631399873676
1.0314491734816367
1.0165307115878695
1.075990089462326
1.0270012674761146
1.0608647079837126
0.8760623013557591
0.8745630862199877
0.718244631078839
1.0233787165658326
1.0406507225482664
0.920671015883561
0.986088543577035
0.9053593558688975
1.0904844952139172
0.8042166223105675
1.0079015163966214
1.0507029734814624
0.9680872783972666
0.8360815370219354
0.8324983599912338
1.0356292996140057
1.1137187372485648
0.8864458892107132
0.834389319636746
0.8705905842230661
0.9939644310888813
0.8479886718159637
1.0544046398977949
0.8757814122835151
0.9547644931072801
1.0429081375609528
1.0237174449692235
0.9387946036619415
1.1447937994248238
0.9860187074344317
0.5812758007180724
0.9137927241564192
0.942054666310173
0.953381887116898
0.8765049715547351
0.9747550246978235
0.9678636041019495
1.0528198414607475
0.9793712599837318
0.9945403645893178
1.0768613891613077
0.8799483160366923
0.9601435396857608
0.9592823076952226
0.8243267640264627
0.8810525950801584
0.9600818465559077
0.8183433233263553
0.8181609614418616
1.1188262103684117
0.8670967600073947
0.9558683393665106
1.0412215184785376
0.8197616563987151
1.0707662741973225
0.9112999949246002
1.0371156004953328
0.9949921622767213
0.9510892392226992
0.998496013443433
0.9551398897420169
0.8367484197843328
0.7732765267761782
1.0861850284530818
1.012023907386677
0.9375892844279099
0.9743448179668674
0.9248712701201074
0.7869228701248893
0.9637451024110839
0.9020797293417986
1.0039679268594786
0.9419775952945897
0.8990032017486909
0.840612619904622
0.8773109816402762
0.9603440916000799
1.0002380208175135
0.791867865866708
0.9537138082528153
0.8810987630323687
0.9577061270459183
1.0193437542429145
0.9548577834182043
0.8517563144161832
0.7992381146358633
0.7910846379371583
0.8845598698318675
0.7253908677721411
0.9472225514892706
0.8590342238949896
0.9139463988193972
0.9845685817494326
1.0721649577830201
0.9577454233355813
0.8586639797072411
0.9364607597712825
0.9146673200841725
0.9375537701955909
1.0532451765568782
0.931511703042168
1.0197831905493502
0.981981573327846
0.8654648005841346
0.8915425142619712
0.9723611179259418
0.9673255592500273
0.8717488835650781
1.01830000685158
1.019178985824692
1.0808352455253019
0.9238020410779115
0.9100216585455171
0.8592140775210773
0.9919860682101952
1.0221139519560574
0.9377707556730508
0.8656082772136758
0.9114981779183462
1.0057470119048233
0.8426134724724161
1.0614034661675038
0.9995730004093042
0.9801543100797327
0.7513304940323807
1.0310952096452133
0.792677635709709
0.857191037566081
0.9202855852486901
1.0019886332697114
1.1029627143048453
0.9145822757988316
0.7361250485180277
0.9306693745072012
1.0680139299596867
0.8076317448176903
1.0183818369759805
0.9219456383909557
0.971066917452014
0.9572849713474588
0.8153754206447309
0.8255985717063704
0.9800440593965392
0.9772838842606149
0.9738284685523497
0.9333556639272111
1.0238746941046413
0.8864555235997784
0.9424026153678875
0.8184994811505324
0.9534317277714828
0.8939061469269004
0.9202167835423015
0.9977676663853562
0.8633025532234958
1.0069280473006097
0.9413502666246155
0.8911681043287087
1.0786767761402327
0.8257890916591641
0.9847286632785627
1.1116416620448175
0.8193077559130181
0.925436220836357
1.0217163947064358
0.9204718499155831
0.939008821179125
0.8606349719964592
0.9126077457280792
