Model: SOD
Dataset 20: vowels.mat
Time taken: 0.6824989318847656 seg.
Accuracy: 0.44
@scores
0.135417941726516
0.13131675216127478
0.14034661901911083
0.24938011076123048
0.16573869161346302
0.18205469236241234
0.10338945437846106
0.12697630416303402
0.2027805967125507
0.11652847292117359
0.12467898593427187
0.1538964387194355
0.17451382842044422
0.1554953435376138
0.24725126473314507
0.22229968806172368
0.1709840013896127
0.34457805662417995
0.2393952537972808
0.12292334313274365
0.26769802221601074
0.12206482329875215
0.13881790052675563
0.2734691765663174
0.20997644012486172
0.31581720047425027
0.3187479607001698
0.2868664918222226
0.3015037970287108
0.31575794310949573
0.12350423147281966
0.22686739070434586
0.38265320527512553
0.23462488778556406
0.19902305455515118
0.3694624104656892
0.20725487916008914
0.27399669181981257
0.34485321791519497
0.12850835944102273
0.09966861901982574
0.20799601758536465
0.1254738070214077
0.23101108109356233
0.16344486178609954
0.3609339991021547
0.10708899598673771
0.11196025284844967
0.2211757640167733
0.4181741242096177
0.34642908803489086
0.3471254447846249
0.2697512454544125
0.19277929019447723
0.24438340790692642
0.26410935856182877
0.14897655732329382
0.1596569771568658
0.3051563818685708
0.27356136958439364
0.47503146425603116
0.4480887320352143
0.40633870916361464
0.47890368161540287
0.43651986139421645
0.22243022980692084
0.20758155699340444
0.10772681765529739
0.1635655217695473
0.2654615297470558
0.34620246389905984
0.33952177380142284
0.41899047315470916
0.19205426033383838
0.23878455645151356
0.23480852703780983
0.19182687800783563
0.20991098604023584
0.3185786187546662
0.30253635387157557
0.22798277930607266
0.21951178297253973
0.20146578307673157
0.21160496432697776
0.25606628936469894
0.1124304683916656
0.16085099652661636
0.23289879641473576
0.6489812105461583
0.11413585642177693
0.234275544406524
0.3354813384815098
0.40076108344111244
0.2923420545518971
0.23871354597653247
0.33130998370544623
0.18278802934093918
0.20717406661939164
0.13939040038433467
0.24363450701045394
0.20723785702091352
0.2362343556093098
0.12093527885884017
0.15694494905753711
0.102251033068982
0.0859393871160186
0.20840785986719887
0.13021843757126403
0.19082882362800407
0.14474763854011086
0.05924585483038123
0.15234069593926017
0.3475332223457319
0.215596575266594
0.1758448415472629
0.16597647491528023
0.1260751577400325
0.3298837618575118
0.22879104135445494
0.16732177534596018
0.2301755246959172
0.14052012276252068
0.21805612396836951
0.24554267821972509
0.142273391294496
0.2021989898592851
0.22302393171726673
0.19042037054569905
0.1066507221433032
0.1910670206426673
0.2263176471148635
0.23981571062614734
0.11278109466541718
0.1037890160439449
0.20647490600480062
0.13476421793236873
0.18614558479219345
0.1640233029431506
0.1689834579673868
0.16049363047931173
0.2036639767112948
0.07273433872756098
0.1139081784845485
0.0563484726020575
0.090645533334549
0.10686992888493078
0.2663164433618698
0.1541303115327812
0.1345319800447107
0.15616041619422183
0.0969427134932252
0.1290136996327872
0.12438321192055193
0.11034217522162774
0.08057961037379313
0.48793506102230455
0.3421191855267902
0.2753714780207148
0.1802734882392414
0.12549303295467434
0.20288149916801512
0.21548612171129608
0.20973918775111594
0.18414049593471998
0.19606655791496222
0.23906501531956303
0.3882689096930334
0.44692631165114555
0.32061649159335437
0.3083131800560711
0.18686654073193346
0.15238567871602515
0.11582764629764958
0.1718818977102919
0.08230762833038086
0.1611378658523383
0.1994747779371741
0.280450330323006
0.28555111696746593
0.399753196179631
0.24310227706795307
0.23724668080259734
0.29255390404957454
0.2692175467464175
0.04574973683168003
0.10709036814261891
0.14048134126967973
0.17100506236177218
0.22179066811609377
0.12423409679153409
0.10248025278165959
0.13917825892192687
0.16997159023877653
0.07978241753442523
0.0836469394887595
0.13933595543205507
0.19398088438172725
0.25751396643588864
0.17194653769190987
0.16876060433538165
0.22017849515294932
0.16992090457595085
0.21431599355818104
0.21049934256574276
0.15591520997940023
0.18504527898471798
0.1868780088093784
0.2912216175704263
0.2381988149257426
0.2291897162289759
0.25834189164781995
0.1311175778396396
0.24671439361755398
0.2872065625909697
0.31480843929514496
0.29355561421857235
0.2425619590153498
0.3620469998300509
0.18246068100055873
0.1478301103731036
0.29976375631386937
0.26340592687961284
0.18369474305683564
0.18897048983450085
0.1682414380036884
0.125447569096057
0.13064785592369055
0.07937672584716263
0.14392615659448793
0.3002883971542396
0.18073606940577464
0.18213741602155956
0.2771063257229323
0.15530117114635678
0.14764431634061698
0.1784115414305598
0.16079572709019838
0.14353005264732174
0.16317538106705318
0.11460895756055291
0.20070248036767283
0.13252278900672593
0.17815328827000326
0.10786350652295681
0.08249671155691096
0.084902649386981
0.23648152374881803
0.14637207980104522
0.1349487657277529
0.21190271879119846
0.17562912252707558
0.12168355939346052
0.09650136429107381
0.10364138717270154
0.14123709080818111
0.07101682797196582
0.1308295470455588
0.2639459774836714
0.20830971654507818
0.20517821058895397
0.24359435954338315
0.20188306631047812
0.16608561193794724
0.1666943484489294
0.1734382528015337
0.08136320378314123
0.17956096382532563
0.27453853793670424
0.25325956379190584
0.17435226265616965
0.18692924312658696
0.15473400632923243
0.2365407562110687
0.20361074586234587
0.12622295264452976
0.19246806265655175
0.23298371867900308
0.2605912962368583
0.43048449461988264
0.20000842024135881
0.2630206789764763
0.3644620563657523
0.36113464840451975
0.3064801735109172
0.20835835247328774
0.18766417492833246
0.28413941051343
0.2685910136763508
0.12410783755845818
0.20876835214078918
0.2538322017750436
0.17336598454505994
0.11977919176038669
0.13078932837812066
0.134471772738673
0.042546275991065544
0.12278876689388711
0.18206917092347946
0.38062423136111423
0.3162424326608599
0.2766015465448774
0.2787746161090775
0.24873451386235654
0.4262129484101674
0.5386485361755962
0.40817330346835523
0.2540406825355345
0.3283877273345141
0.3495215136669312
0.3094593105343938
0.15224924718992444
0.27685918082925
0.16825448458737338
0.1948561420024351
0.32013101920898
0.2520438291370232
0.340039341649916
0.2524328803778385
0.0638046297298593
0.12427697745834348
0.11518659538150469
0.24873769788971992
0.17482098798177284
0.17276134304748647
0.10231546945084219
0.1417661159638148
0.20355268715456787
0.1331607237317
0.15154525312076866
0.13216689487287628
0.09689339821703476
0.2245218100838761
0.07348276490345636
0.07591128711663966
0.11807469583927087
0.15458354263431798
0.14317597134150614
0.17801103562250736
0.10165762451458144
0.13523868631383598
0.1571125164264604
0.17627308754443494
0.158987500280843
0.0852577326212723
0.09824275093897747
0.07921962549080283
0.06770349409890469
0.18435670512849422
0.1668306184243002
0.16951405842216385
0.08810269613453434
0.20075658677293456
0.19494189369619047
0.1356915028125027
0.15088284218144143
0.14994068747839787
0.19231682570529943
0.11517795945446045
0.1628030359647714
0.06612666873050524
0.06512802431298487
0.0759900724075854
0.10967577058938661
0.11489142232953473
0.11787246091180086
0.0954582620287393
0.12963946094971007
0.1874754619407185
0.14037106061685176
0.2411512294785736
0.15058756885902552
0.23512541635490702
0.24906881825255658
0.13827899143939595
0.11651782813841856
0.09160790246004376
0.12299815770450435
0.14329416780411292
0.12571014990490906
0.1561932422756042
0.23218072359024433
0.16948350520945346
0.14029166154886422
0.25549266618877264
0.17591152116339495
0.21901532644159408
0.24175397566885262
0.17833323377133012
0.21469295744452713
0.19751677641025764
0.26110413787618
0.20024046026905495
0.19517479175533045
0.19981948584616302
0.13516239738895494
0.09454130161101365
0.21648170478361686
0.2974177336673413
0.256386598664938
0.24878364625125185
0.16041736729444606
0.12186962877038555
0.13915954525351557
0.27565336958791126
0.2305021975519121
0.28519897249690923
0.4289570693449006
0.3979094895173367
0.21936754529442432
0.2912624612399697
0.2144837823742796
0.14801003669785542
0.29575260464926273
0.15713830667667278
0.10581588287224065
0.28338918758855847
0.30121908727311875
0.2605632535613032
0.3639306244403665
0.2867015680415868
0.19322496892234411
0.14754555343538986
0.2616360973147271
0.2199996151381628
0.1414546080081579
0.1460608040840428
0.13781848928879195
0.1721289386344059
0.13852526416313654
0.11697202742466242
0.16507053170945507
0.0894025935688465
0.1143022610557826
0.13629266028163167
0.14356829605181115
0.303321801421807
0.22232771699213255
0.23235152073171644
0.32677984081080713
0.084750941997344
0.14295131532841024
0.2450399111299502
0.08389139245230613
0.18472786640775932
0.10961201564609806
0.07859249316000655
0.1820774637056613
0.11976534669735311
0.1967164369865345
0.2636894560107258
0.23106522673450397
0.21760866704002835
0.12003452838007574
0.1840489772759651
0.10883626814108638
0.11818962760648667
0.2933555883190915
0.22736306965901912
0.08723121735855274
0.16341941457567008
0.08962944117277273
0.133618834949205
0.07318869203930753
0.12921216393673382
0.10514639707016249
0.2143692841773451
0.08553006811411615
0.18872063401916356
0.2341589599654075
0.1607190238229457
0.15887447526509263
0.16353018585561754
0.18976754707604362
0.2969221212814695
0.21185702762943073
0.19533691282596835
0.15168236507501437
0.1726399779519949
0.2687276623967801
0.22677376531289442
0.2548619471047572
0.259776061620749
0.07771663488481971
0.2777477590267809
0.14630685854381645
0.1275064823426081
0.15273620731932883
0.09862972340867894
0.07552981375890566
0.1897185299448457
0.30976051946248584
0.28099163233774094
0.201159580258115
0.2882615619516161
0.11715738599691965
0.12232922433752436
0.1459463872731765
0.21416776631407156
0.16528362510756617
0.13939885311871647
0.21841679738725214
0.15316382180634516
0.2051710057318013
0.17840464232712416
0.27098885397220723
0.12948985566135254
0.19342249779259985
0.35616349241449
0.1981186709997116
0.16610753130331135
0.13990551835786222
0.05445998664614899
0.12314805974570471
0.07186155663440422
0.24924870459090176
0.12265706514024596
0.17562897166619637
0.10680421452915066
0.20982753915343771
0.21303453022642355
0.21807047219199752
0.1537796498737665
0.15118746282768622
0.49300506858708576
0.44810394609318493
0.2919187932310246
0.16228181722812055
0.23004360232220356
0.21654393386397758
0.19754400514845033
0.11402397786305617
0.12867804720822382
0.07630911033670125
0.0989397209926659
0.09750484869181984
0.24100278908264175
0.2540280853414361
0.24439121829041707
0.22791657341110594
0.22957922563390196
0.2671835720253379
0.31779088043834147
0.28437964136144916
0.3272923747773685
0.4174817080883075
0.4630025712176441
0.42802309331671984
0.3513826050980928
0.2230481587724056
0.3961777344604948
0.24176196229986086
0.28903863510003125
0.16287266287554264
0.3845976890265023
0.22550883365252977
0.27028119480394547
0.2846926338517169
0.2630812236203587
0.3160902952399827
0.16798593537956855
0.26177802629078556
0.2792868103889721
0.24368800836522744
0.24873017636113043
0.4184691957201556
0.15907580166137708
0.3047930340828735
0.2627700760223914
0.24246854201339862
0.6207722043558381
0.2786729526282043
0.34565433033687143
0.2380370673306069
0.20865298474296642
0.24183165300278564
0.29167513601949535
0.32702444610264814
0.3474811905587347
0.280919959379278
0.35057985033663036
0.23378008268572115
0.2999928284606694
0.2878388677932789
0.24466039963746603
0.18003165496414383
0.38604108516888885
0.5837762286794077
0.41906739926743436
0.33756091746548705
0.4865381342593886
0.28977862389394654
0.1782561075449749
0.3208904486233636
0.19318453413738915
0.1887708469117493
0.10814175108201418
0.23776902954790166
0.18733187820753597
0.1315364089818274
0.18995914944223322
0.2605645785140765
0.4183632461244685
0.3450551559394343
0.09543796734212628
0.14289584386991092
0.5116783223763576
0.3136999684487487
0.4546247497733687
0.2586126487247674
0.4649574009613201
0.16949988369412733
0.2439476591953812
0.6771884157537218
0.33821369742881385
0.17343776522523577
0.16481949761178658
0.2952722969766677
0.33205371223481156
0.12097359153353365
0.32004012592698006
0.1559724539762974
0.18585850461933037
0.11935898769669029
0.2458722867062515
0.2508370880414691
0.21550763530805217
0.23489026133016805
0.2117870158280072
0.32896312495749125
0.48256751401529574
0.2511450234846751
0.1998549471742058
0.1998278183911482
0.2003167196061431
0.24512616261146983
0.32305204455762104
0.26504371165899027
0.406725380532894
0.2206922043295865
0.21771879089239282
0.4736142693384703
0.4876088337331334
0.3633265128664548
0.28039811985021185
0.24821031856310383
0.22394703234209917
0.17918975801235107
0.40451419581869574
0.07453577811173134
0.1819256167091767
0.22511945587403628
0.28597433610277845
0.22987969378540707
0.21938623446233507
0.2239619630977651
0.22274657892351568
0.14413327822199065
0.14518895788739672
0.35901948286730656
0.3632999009255472
0.18812101538321319
0.19587968792926477
0.2562253172901861
0.20257339779998468
0.2142514823253343
0.4910021373856152
0.49950186727819196
0.38556327557167286
0.38474646728302236
0.24238752102467415
0.1915211213127352
0.29166530045104455
0.21844921978450016
0.2434036043556556
0.5608923100288822
0.36821684149963546
0.3436874791317932
0.3067811354898064
0.37468096441234044
0.1793183520533344
0.15114766624025425
0.280971649500149
0.2902746460209553
0.1421188590737207
0.22962639069131005
0.2849146050124155
0.2549756304887656
0.2728070745846581
0.31664908815273557
0.3110393937021894
0.20343134757972614
0.2880960410729463
0.26562157987034285
0.13184799230963132
0.1870033058025109
0.16789528243990434
0.19594612362706387
0.2935659627794973
0.14797792170190022
0.18918571328192987
0.2577476031083362
0.1716694233393916
0.2172616296982136
0.3493649038463964
0.3881424463166323
0.5183128270832363
0.35446042369935166
0.4030388285850864
0.3627817392469802
0.3089827015057429
0.12020784807194643
0.19841247687937533
0.2925275798913407
0.16211125083075487
0.12033612097995688
0.0936596715332672
0.33781013204074933
0.27055234350110435
0.3518519348260922
0.2668242132003725
0.167472251508704
0.41202968878951185
0.44098924376590154
0.20921104308838123
0.26189328489338426
0.20148318669890386
0.23919166927307361
0.2235638578215834
0.21886266678352823
0.17307016691027985
0.10400145870912628
0.1770959393470445
0.35321550205222113
0.25918811956038984
0.3777620614336159
0.311808487507184
0.26510503555101356
0.18963947415927387
0.3010449786586261
0.24965869270610427
0.2770176355655918
0.15684340783798148
0.2451068902884609
0.2650358679700361
0.16201256313023038
0.12578848739237683
0.1578894767545893
0.15701268474625127
0.20780138229775993
0.3823650007009027
0.18969471017450135
0.16830217744631779
0.32326679296370026
0.19330455148007092
0.31286629174982217
0.23884224945159388
0.20318662093020512
0.39112142792928123
0.20048461863883596
0.20091223362630478
0.1685438198259308
0.1833751331682829
0.2834798121590928
0.3579431979756133
0.31486516595690156
0.2352265467491474
0.1981797434908118
0.3968476895077975
0.2220303050459579
0.18092156881447916
0.08092143352709939
0.2031869654023917
0.24089377773657294
0.22918167575550186
0.30649607707308
0.26838181433249964
0.1465308680989504
0.1272816097932731
0.35192801311264815
0.32224248454681176
0.1812353674220509
0.30803658092584435
0.1923175058215408
0.2505672642362199
0.24930241804556638
0.23577125432388932
0.3181392682143705
0.25077274860192184
0.2773331853155232
0.19585956064117646
0.31824128008876207
0.38796751288574516
0.2632179421408041
0.3138531978175273
0.22501121682012837
0.29643083130024456
0.19287950193944864
0.3256503741983986
0.46306761992962014
0.1422997118867991
0.4425477271564252
0.28478119739774616
0.387229343422658
0.23007114874428422
0.353862152114086
0.38296111561657903
0.6196531126564466
0.23698050656158268
0.23826873834701837
0.3434212921099863
0.2902803511853217
0.22180762149629352
0.25485166036031215
0.2196729448406783
0.1808881866304842
0.30678323606864644
0.21925953970841083
0.29681773843017206
0.42632669467512896
0.28948332096515544
0.2711333140647256
0.37227571684362154
0.3591781393759482
0.23327060450900367
0.28862604509280226
0.2122264400780683
0.1782714738597655
0.18691935400488774
0.25885888187282063
0.2204406801786065
0.2556908945100951
0.2067944907269171
0.10805204728824719
0.33623623864158236
0.16572796363287462
0.2691361028822012
0.41681779913320244
0.23254688103317267
0.09662078610365059
0.20395661457639883
0.3542877224063086
0.3328738384368174
0.19974074394566668
0.2154814663346941
0.3211581044374576
0.25097906224545596
0.4280127219986222
0.35765921085413627
0.3028496067035238
0.37993684510010506
0.29906468908421474
0.46222310166558245
0.39464369848254593
0.289993240090916
0.17714431343366058
0.2503442535366175
0.4666096016119434
0.340218026836479
0.26770020024836144
0.04904069882370915
0.3682899409294895
0.5638103899604928
0.29131290277721106
0.22552948436723638
0.1128034593752677
0.42646589594604745
0.0934280109623996
0.20499196182499835
0.35119143639979794
0.220688059962215
0.30380125672725017
0.17007150054655037
0.2911472406887988
0.18388546368762115
0.3146485144286389
0.13908108858506213
0.11393601266690281
0.12751468225732399
0.25583282093480947
0.2243018604066768
0.25411585777921997
0.22025165000229135
0.21266691764271142
0.31173009514701233
0.2120223417159282
0.23814438166913807
0.2981802331106181
0.3325783798578092
0.37343243157712447
0.18550779002111378
0.36341290081796873
0.27805696582803774
0.5160820453625815
0.3740721511507618
0.38615736890873387
0.26324141466484796
0.26070041723235166
0.42143059780527664
0.15535126662523613
0.29869376146047516
0.2737527169287701
0.13025351891964046
0.16005565388101725
0.19717888827261512
0.23894494128022373
0.2482276500648807
0.32868768413857424
0.18128305073967393
0.20865146600155066
0.16499093106161128
0.22752158943067477
0.2685456111994832
0.1350765885634693
0.23991597027705652
0.26049564178078055
0.12971268187390853
0.2943940805219949
0.34451206784994753
0.3379032815224441
0.3335545884602563
0.17526476690742768
0.3205606732446406
0.4495782552982882
0.2572933735663926
0.17730953170829722
0.4366956635501413
0.26632763828153494
0.3064353242906289
0.2457649750433732
0.21436766351172376
0.24561696957362256
0.18818694166406402
0.2448720109932167
0.23292918611525495
0.3636987143414856
0.33626801937845885
0.32518153233935826
0.38133492206314035
0.34022050527909836
0.2682515573292324
0.29667020516475984
0.24633858996038804
0.2543532223818121
0.2573234262756432
0.27803567806941604
0.18004540224986046
0.21324511049264602
0.14683673495852587
0.14049228058614566
0.17968022006466106
0.23478560876151439
0.4131149789934445
0.1862987283057899
0.18319953761329014
0.3858165236120629
0.1959980005832393
0.2414863951039813
0.19861466478973835
0.3442736694926248
0.30544927207467887
0.15814272340015212
0.13804187122781347
0.15770296566281147
0.1828762022957156
0.1257656698716601
0.24391404598396693
0.1622205742417229
0.5183306500803011
0.28794292988561554
0.4283616569392431
0.283846686954816
0.15577430919652993
0.22213122326609613
0.120247506185215
0.15311343358472965
0.219537416501967
0.16258336047967759
0.20077210028145911
0.2246768219954781
0.16738081482175982
0.2022913385092778
0.21830739934099672
0.2980835767381371
0.2840619228065494
0.36442715930481784
0.2757193617590563
0.1479146457340444
0.3218409168401834
0.287900943097879
0.13082416060598265
0.20204877792217468
0.19379398629463324
0.19168047633954216
0.362898886129168
0.23003952743565623
0.19641611564858283
0.04651841760338678
0.19934966473420232
0.15775939157643312
0.2212237484495996
0.10657331152236302
0.22432582087774666
0.12147117944457353
0.22516959268820522
0.22805516077828394
0.15515921974732033
0.16119689726601483
0.2534114323468044
0.22223762717355905
0.3335714384153811
0.3930949267314606
0.18897027363596827
0.3088752778451072
0.044705100297854454
0.10827568991755976
0.5454949133516418
0.32323018403133535
0.4049781178484767
0.2586683346689607
0.18967263817189517
0.2709201099730436
0.21264845631879115
0.2654283254260476
0.0859095586908586
0.20006048603474955
0.25729166799505826
0.33079727007932347
0.19846860812485054
0.37156559201435685
0.5637974028918493
0.3983207777117785
0.31220222121744556
0.45956369531746466
0.2951778446888232
0.14877906171313665
0.31768949038557837
0.1603527537079328
0.2591767401899439
0.42568347530400663
0.27663872671732376
0.2247943972970479
0.3134460877291646
0.6599876160764736
0.5580281703904687
0.43125176759342665
0.3081410433229516
0.4255737163368605
0.5707982303904237
0.3191750355409471
0.4770099496523695
0.571857279220642
0.3422741310954272
0.34759985892403567
0.32276058483534414
0.4259036312673946
0.3088282486482358
0.3138329440360063
0.3233158113788595
0.1754154904717074
0.3405934137216054
0.3041141634203504
0.30398432171018425
0.3671498996919185
0.1388329153683773
0.1555892931036785
0.2758500519978707
0.2478674298294624
0.23907551090841753
0.2018521414271463
0.31707925793481057
0.16653738093487777
0.24283165182918715
0.25835515036648327
0.42328180050320435
0.2461989651169888
0.42719200517391254
0.10967824993367085
0.15967286288854454
0.32424686593035196
0.21115662473521876
0.1802881792517656
0.26246754238396697
0.16022686168255224
0.31755283897766895
0.15784086700107863
0.6210047707541702
0.30244462976323844
0.19343434483602698
0.06209679435307841
0.41509727842550226
0.1780845932686936
0.14449820922224024
0.28617812726926223
0.258829696695018
0.40098556950544834
0.2129891004421997
0.28070883173731465
0.22972164769471523
0.542003781086288
0.4535860799307595
0.20404545129767557
0.14208837378174025
0.06283150260856847
0.2412041066164384
0.149431491465142
0.3628282905707536
0.2678143057611969
0.19192539680810894
0.1334106450868619
0.15467761981650344
0.20472586720381686
0.4021693971049241
0.09662856761559703
0.1499286451474599
0.21588276692007938
0.18339079884833795
0.35307919264326176
0.195133686701255
0.2066866680150552
0.24874346699233316
0.20386428618950453
0.19132106652726316
0.28066649826022494
0.13412217579224095
0.22917676357521816
0.13292123474050418
0.32120996823745446
0.16989049093898614
0.14160078466230833
0.12234806422745377
0.19917206916255947
0.2406546133521485
0.10307700793504568
0.14367944684077022
0.20994007108616056
0.19166463060476108
0.11262203064779298
0.2302233696516694
0.19367940333217093
0.19284259438774642
0.1626241606175163
0.1764918931697026
0.09981405063598245
0.14862008888096753
0.22829173587835797
0.13685633790430402
0.07066800232495692
0.15098796401843298
0.24254912776545137
0.10713093645894686
0.10660955704587143
0.14624903021491156
0.20683277102023087
0.1157689940542064
0.18688487540625254
0.18190339072332576
0.5684896695111231
0.39190371570180993
0.4700005340370172
0.1926262606409832
0.37212304501589466
0.21933374334210035
0.3078615452605369
0.2858015225343229
0.24197727675407604
0.23535820386837789
0.2298084551166314
0.2413109765061423
0.1134952632414749
0.28672946298987534
0.3832912936920053
0.21613136121246107
0.1521284371255202
0.19288898321203352
0.180813656810617
0.16966766272651718
0.22534051909555475
0.07016342209176855
0.3118269261445332
0.19898394153982238
0.2053157227755618
0.1961032561054001
0.3231658868256343
0.31730030833530015
0.17432518177807318
0.22733287058216517
0.3408608885897308
0.24460014905042532
0.1256816958770282
0.3877550068660665
0.2265813492381749
0.3306619139380947
0.1502785721706093
0.25604528356154277
0.14213680586620034
0.08254500832660522
0.09285131823513856
0.1759441342658105
0.12318102888880507
0.2291042701487777
0.21986966129440236
0.21603169870962574
0.2722671802985285
0.43633556490548897
0.39007639005431094
0.21667620369973267
0.14093550511075423
0.33952929544659377
0.31908315549869753
0.3260348426917265
0.3505958984126397
0.3579632678221987
0.1935715101085039
0.31683155037701716
0.31642807058880096
0.3646707223781256
0.24498395700886821
0.14830157068164562
0.2316436638185794
0.16837013801657755
0.2038219423661097
0.1995394299620223
0.34602922092890337
0.43554367951407036
0.2387657529645134
0.32348936876513146
0.28935332438948314
0.2908521987313485
0.3957894526472517
0.3392585484904913
0.10461785349452846
0.2807003822389733
0.22254390104631513
0.1464982105917135
0.23397107439852982
0.288213375617265
0.15017629361390664
0.09920979140522392
0.11726679724405537
0.17607575150822768
0.21940866648791724
0.2804806757679646
0.21255356180561052
0.16183898707356262
0.24106135414107757
0.2569333535995716
0.2385770517036692
0.21018654197547817
0.1650566541993319
0.2242581633063988
0.21162428751259
0.17832475025875621
0.14437384521801092
0.23801905938706897
0.14865084230431
0.10292189669380077
0.27857959376365676
0.13774885015212301
0.09129987742754615
0.2633778837429322
0.14085659080620894
0.11853951270794291
0.19944765989355007
0.203284684297897
0.08070059509200787
0.15468040409411413
0.18122119855720478
0.24874115274054356
0.40243446177757863
0.3627765904791788
0.2714109233303849
0.27454220600976564
0.3104202358178081
0.2484459938202621
0.3235501514267127
0.3675932666125188
0.14144756973572947
0.19537526058914198
0.2555965709974543
0.13300042544882576
0.12911903145316508
0.1235537110809225
0.44779228799652815
0.33105310578332303
0.19595224168454903
0.2446637484433204
0.3135445561094049
0.1861081215809079
0.10711428933907727
0.2837929509351475
0.23864865858206047
0.265964384477247
0.27354991524277344
0.2256338479713059
0.21507911786045394
0.29344832601380927
0.37479769638934013
0.30742033037376015
0.2745770583060744
0.41794180038076134
0.33016481528113417
0.3405458627630796
0.14391160162600908
0.17267166707760834
0.14901347554094796
0.32244879832460405
0.4117720524687874
0.46056596030597247
0.29006275718747637
0.18683236629427932
0.2240700267713748
0.642482515193401
0.42358752325048465
0.31813023784143024
0.18107219650805234
0.14386595150344408
0.17011043540333481
0.4127274461621095
0.3400854930404575
0.3079976825118451
0.3049101291686514
0.3475212422469061
0.6282835896659151
0.4297226999658006
0.2821980066994131
0.5327309495857329
0.3896309752095015
0.22068227493596915
0.31790228404510323
0.2230623109606773
0.24315331154628148
0.1667286572169257
0.2186882501014581
0.3217950265136852
0.29117336993345616
0.4531207621974807
0.20400601449148537
0.3157361147965972
0.15600012431760243
0.3820256212771972
0.32061958653495976
0.19237217538138934
0.17678039024027778
0.16016389440101836
0.20598153597990995
0.21554179709159646
0.27803765983143286
0.2626684734408233
0.20971071878981956
0.3489440617215895
0.2106222694143644
0.16247698667018848
0.19502655045725786
0.3210709680942629
0.25836631448891667
0.10642162983408071
0.15830118445387803
0.16463100827966265
0.10798235315366442
0.23110335978522287
0.07952036047610755
0.11548678201659263
0.20776004016351987
0.25935578063220566
0.26565498838426826
0.336115065167765
0.25174253072744995
0.20975102962864814
0.2572120767855564
0.3330796738574869
0.17156527979986202
0.2779984765444709
0.060899614122179625
0.14358359682649485
0.15244708466913082
0.16975367498286337
0.14835649902977682
0.47523289781357236
0.293674795331072
0.370437740708507
0.37555190108139597
0.3064283112175575
0.13831886411045896
0.1553940160894557
0.09383184662417728
0.19638287583625996
0.21602356879318554
0.19336717941207723
0.2038395809554147
0.3346384080249955
0.7106737255232373
0.47905225714577865
0.22350216799486075
0.19230379912007395
0.2229063033113179
0.2732924466939779
0.22614237645398336
0.18758754600396313
0.2776605588492912
0.22948881740075683
0.29697499756042467
0.3774812355375775
0.26070420683785067
0.2630426194924892
0.21239819686050235
0.1615749629187072
0.5604275309992868
0.3374963360129982
0.2812456972752093
0.7931053920848241
0.3935265084992516
0.3223709266885553
0.3250652233680436
0.45764582334999143
0.5345435981133658
0.2018928065302275
0.4181969335665603
0.5276216610127962
0.6114672011721162
0.371683789548905
0.4771273723533893
0.18702869332114072
0.3882925170270676
0.7988080095648474
0.6654651130608656
0.6860551715777427
0.44036151899507764
0.1648151480692219
0.4370802516044575
0.7647846620624265
0.46363031304829977
0.6061294167038698
0.2785310383473992
0.6778025701923456
0.3250652233680436
0.47530753414633986
0.5652155854815774
0.629504671878401
0.6774896370663259
0.36576543194239836
0.610378495803255
0.5603811061955895
0.5606743391541008
0.5245045202846904
0.6150696693592158
0.7569404259111718
0.41118631036343306
0.41473265608670573
0.4771273723533893
0.867786562930875
0.2785310383473992
0.43608453277617726
0.3848087209851913
0.3900466256678525
1.124532198672917
0.47530753414633986
