Model: SOD
Dataset 8: lympho.mat
Time taken: 0.02886033058166504 seg.
Accuracy: 0.5
@scores
0.08451542547285165
0.45825756949558405
1.0894952959971878
0.9539392014169457
0.565685424949238
0.9185586535436918
0.28982753492378877
0.07453559924999306
0.2792848008753789
0.2886751345948128
0.07071067811865482
0.2872281323269015
0.05773502691896263
0.29232609437842777
0.30731814857642953
0.29325756597230357
0.07559289460184551
0.334165627596057
0.41231056256176607
0.11180339887498954
0.10606601717798222
0.13784048752090222
0.037796447300922756
0.05773502691896263
0.21213203435596428
0.28480012484391776
0.6129553700835696
0.362859017617954
0.4568916720624266
0.5267826876426369
0.3835920452027872
0.3316624790355399
0.07071067811865482
0.47696960070847283
0.6154266812545586
0.40743097574926723
0.18708286933869703
0.2867441755680875
0.5196152422706631
0.44609416046390926
0.08164965809277262
0.37749172176353746
0.0
0.3535533905932738
0.3144660377352201
0.37416573867739417
0.5138093031466051
0.5140872632984738
0.06324555320336764
0.061237243569579415
0.11547005383792512
0.47609522856952335
0.4855041562276123
0.6324555320336759
0.10606601717798211
0.37193189340702326
0.38172540616821105
0.05345224838248481
0.3184785258515421
0.4344536799245692
0.1
0.3687817782917156
0.31622776601683794
0.1322875655532295
0.34434202266268443
0.07905694150420955
0.044721359549995836
0.0935414346693485
0.2958039891549808
0.39210967853395307
0.0935414346693485
0.5088112507491249
0.5099019513592784
0.07745966692414841
0.3464101615137754
0.08451542547285174
0.11952286093343936
0.39874804074753767
0.05773502691896263
0.4533823502911814
0.42852813634155185
0.05773502691896263
0.12247448713915889
0.08451542547285174
0.304138126514911
0.26666666666666666
0.13693063937629157
0.11055415967851333
0.5686240703077327
0.3696845502136472
0.2949576240750525
0.3588175023601831
0.34434202266268443
0.4020779360604939
0.1643167672515498
0.4612236688714845
0.36742346141747667
0.1183215956619924
0.33166247903553997
0.1247219128924647
0.3179797338056487
0.3420526275297414
0.3655630775069655
0.06546536707079778
0.35531676008879737
0.050000000000000044
0.40676104220358356
0.06666666666666665
0.0935414346693485
0.304138126514911
0.1247219128924647
0.4387482193696061
0.3068658773253662
0.3563705936241092
0.47871355387816905
0.459619407771256
0.3415650255319866
0.4480727962834061
0.05773502691896263
0.27888667551135854
0.31622776601683794
0.3020761493398643
0.0935414346693485
0.15165750888103105
0.41633319989322665
0.061237243569579505
0.05773502691896263
0.6164414002968976
0.3391164991562634
0.07071067811865482
0.09258200997725516
0.27456258919345766
0.3415650255319866
0.41733280085163044
0.3570714214271425
0.31622776601683794
0.3299831645537222
0.41899350299921784
0.33541019662496846
0.10540925533894602
0.05773502691896263
0.324037034920393
0.43500663124919053
0.2614064523559687
0.12747548783981966
0.044721359549995836
0.13693063937629157
0.07071067811865471
