Model: SOD
Dataset 19: vertebral.mat
Time taken: 0.04737257957458496 seg.
Accuracy: 0.03333333333333333
@scores
1.4771345571748016
4.479053657489121
2.879158470803579
5.3100588508979705
3.2936478763421753
4.306249702467332
3.8279695009234374
1.886216495174038
3.2497204495156224
7.696827235945994
1.3262270733173855
5.206912616896891
2.1735331835516116
5.186362549995901
3.0763213421227635
2.828999999999997
2.4039828757016286
4.240909886647752
2.2822039055848338
0.21599999999999397
2.1414762042416764
1.2920719794190976
9.870826358517304
2.050067803756738
6.684249671179755
1.932050982764169
9.266341349205737
5.367852689856536
5.53737076598632
2.617764504305151
3.8009611942244326
1.6162970797474099
1.4657619179116406
1.1723875212573707
2.4986276900197306
5.336128309301917
4.564893317482886
2.4780000000000086
2.9142531347385248
0.15099999999999625
7.138225129540264
1.5107309489118201
1.4669127445080028
3.221650275867948
8.987091298078598
6.097895087651148
5.025012271958479
1.7042345789239248
0.0
2.7881051809427806
2.4616041517677005
11.707372143226678
9.040000000000003
8.992156471058541
1.4130000000000003
3.0922489388792735
1.8595322888654946
5.298000000000002
2.6539999999999964
1.0417583692968335
4.682019008931934
6.835144207208313
5.843252690069119
2.4267748831182003
1.9760390937428352
11.906000000000006
2.553520641519606
7.217868983755987
1.6651011981258084
6.545503685737258
2.201337888648631
8.407868710321303
6.054790830408594
8.425800407082997
7.343756004252866
12.1955294678009
9.766233012272437
3.898679840664013
1.320765876300566
1.5046171439937808
6.17818096206318
4.662463753210318
4.959000000000003
3.4114616124666215
6.17814296532543
3.9110314070161447
6.067721867939123
7.4109134164869745
2.643116437087099
4.8130675249782255
2.6604195157907067
3.30636406545518
5.380799692734654
9.407276372574584
10.480655784189588
18.788564117568967
7.941274813697524
2.5724729995343654
5.483973422619785
1.1878638389983909
6.597164517174536
5.829999999999991
3.488888791578203
6.806582439080569
1.9779941017775269
5.339090137841841
1.4451475126551443
1.6690723471437658
3.4585674298279434
1.863999999999999
1.7163878738016454
3.2543155962506143
9.791616856610904
7.79887075158962
4.2091475383977714
53.74276642721326
4.301243308626007
0.794696482941757
9.73763492846184
2.211999999999996
5.187345033829927
2.101469247931071
7.341474681560921
1.352247635112246
3.5157751634596837
2.259777201407252
6.480999999999987
4.500032814695174
3.7881193882981092
5.827459080365419
8.436476278636714
2.4172749119618078
5.6515828313844985
5.795124718243774
14.838720497401386
2.685799880854863
7.322002355913308
0.9447174180674334
12.944000000000003
4.316996119988992
7.50768023426677
9.55495878588704
10.701423908371574
14.43219097192107
0.5788285583832229
9.39955045024318
3.6434172146489168
6.497538764793943
3.3083806461772207
5.984344805406856
6.892902460744195
2.8876028120224553
2.8113623032259647
7.234976053865006
7.012070485954912
7.366613174768083
2.4271830723426464
5.266000000000002
4.616088604002315
1.500224816485845
4.668000000000003
5.20538762565607
20.303724288908185
13.088771587382313
4.352473836796727
2.350284025389273
1.0820000000000078
2.7167010018280124
1.6774519367183087
6.9690766007173925
1.3222187791738496
6.601070367750973
6.128914789748672
0.47691770778615716
1.99277737508901
5.795388741634737
0.6294447288417506
4.891098513285812
2.168210898413708
17.505570284912174
4.708679397311594
5.124405233780794
8.162749659275361
6.358153400686929
2.3304064559642828
5.561650354586008
3.0295483711823046
1.3928183657605937
7.18399999999999
1.0231251145387958
5.2200705933924
7.785441841454252
7.023476792159278
4.156130772725995
2.4504258813520505
9.020224775469847
6.3064463844545635
11.705223417346637
3.394097523643075
2.3902645599737786
9.372138163194132
7.472577098966601
4.671553810029372
7.664792647771585
2.648999999999994
7.726132311836242
9.627849759941212
7.769795685859447
5.294711606877189
6.387532778780867
4.110932457079127
1.9673280526304369
4.449000000000001
3.8668614749776986
6.2899553257555
7.1048041493062986
2.8949201197960543
6.852667436845305
3.815078024540684
2.8631346458034455
1.7080000000000002
0.23799999999999955
2.362279548797449
1.3759999999999977
3.880642794692652
5.2293766836975895
3.062047789742455
1.224373853581225
3.798345824171361
3.355870751384803
4.3682029104274305
2.921000000000003
5.299480288984312
5.079706389152819
4.199095696297793
1.8901693045862364
1.5400811666921959
10.384693447569845
2.9140000000000015
4.973147226187197
