Model: SOS
Dataset 20: vowels.mat
Time taken: 1.3831267356872559 seg.
Accuracy: 0.28
@scores
0.5791823323844307
0.11580024801958766
0.1514036842942747
0.4936305644714972
0.5941466363050439
0.21000176109797142
0.07125064058308532
0.09076120454602285
0.2184055081366609
0.1366505870563415
0.32629460262820037
0.4805220195484959
0.6776102204795895
0.36891380026800796
0.3096393961737183
0.12427196578082324
0.308097930314996
0.5639986069250581
0.14084784466113515
0.1882345651227372
0.6059186900427408
0.2656893885166081
0.05637868177423367
0.2925986522546451
0.16660599837527473
0.18483198771874995
0.37120878668146284
0.6076408663939992
0.3778802678029372
0.32481206806479707
0.01713377855745837
0.23537415648790688
0.7952259493163587
0.3459933826174766
0.0709439693767827
0.8302665805872925
0.10091385334198945
0.16334480179833494
0.643751773432091
0.2507269428976227
0.09424031460319507
0.1124177487935704
0.12215934664228126
0.6286722115598818
0.07781087914245881
0.8802407014998147
0.388321788949627
0.0799577813142511
0.7453950176278215
0.8222415637998227
0.1802492799504536
0.3139861354812608
0.12234889149552232
0.10822173632107061
0.6352647480574173
0.3222140576576227
0.31611220680077007
0.1828273622932558
0.10299385607089509
0.6166278549176922
0.4702502680017799
0.29437602980976013
0.38183038024660165
0.8058760738669145
0.20769418426593836
0.2259340410540942
0.38681367817631707
0.15955986726801064
0.14055543473975424
0.4746410672042632
0.27081099078902343
0.21100331931258637
0.2253683582312229
0.2447966617313967
0.722927566388357
0.23067167673981276
0.29924504784106665
0.6580545597743315
0.2311851695181035
0.4999706953642373
0.115069898102546
0.6465151838926515
0.304899583059133
0.16011358419387153
0.7103722033702884
0.1422893085188861
0.11571262885511549
0.5061238855960967
0.9700220908767752
0.2525469203550734
0.11924228385694209
0.11614109749799337
0.8152599385253064
0.835571840164952
0.2549059683046306
0.2611150856450152
0.15559390157069522
0.24729914475310935
0.22978975144331223
0.16509157429295226
0.25662300143849165
0.6604594443008971
0.06951598141041848
0.11014899810963551
0.2392074032449231
0.49823692352389465
0.16567835057088384
0.21164676726858328
0.15261177091078934
0.18248130865487647
0.09716221108879594
0.6003345397726911
0.8162091304014101
0.48953315323378366
0.19970422087091325
0.06260330529173952
0.3289234372065907
0.4658993604003799
0.37988935044341776
0.2883175054665759
0.5626693730477619
0.21460122082170083
0.7512404408390269
0.5268009758182008
0.11872259410526513
0.2674153823075352
0.5007429316773779
0.25665685557600854
0.11397842388420339
0.14842426141130732
0.31908030838976614
0.14670260768050822
0.08160818920367131
0.27316637383850784
0.6093037843894414
0.18658283347840107
0.26319001144448806
0.07252343931725579
0.21766890376043307
0.5094525388279055
0.4254477480695733
0.11663168986893634
0.20639661610935903
0.4438729055101093
0.164058340803725
0.1077395402961858
0.7646881537373695
0.7479735392473186
0.21715495960585132
0.1453403791475441
0.2403593713676262
0.37514783971040666
0.2531230362677664
0.16684148074146468
0.5224560433263435
0.6546247028476533
0.26404330917606
0.16560907070759315
0.24429926994357062
0.22017301406160716
0.25623783416388757
0.357738171900006
0.14726125952406433
0.355884649352815
0.36210402459430713
0.12762397880960766
0.3384083298896391
0.9236137683492509
0.6529207059273906
0.1356401477298744
0.39200271602269887
0.3181565486342281
0.204366230535882
0.17619445544157208
0.3727142400049216
0.5400594897881041
0.09356792086605337
0.3809897616456426
0.3320965362466492
0.12854777244202523
0.2566731363450806
0.4620500648620635
0.3425934077014731
0.10164448454493821
0.5762536877961401
0.2722820578331331
0.2564595914260683
0.5482520399683326
0.23520474817956857
0.08989629789977052
0.3433189666887779
0.4357066255789678
0.14256753653564366
0.1829279425142589
0.2144205681376444
0.22683276499308172
0.4176036344310532
0.4211083059146611
0.17107531883242827
0.16522628402677406
0.5476790471173557
0.20743037550616655
0.15273499457425455
0.7355964508542325
0.12590557757012136
0.3575458369617147
0.27856628106125136
0.5974272886420953
0.13586530587825177
0.18680018308870966
0.12458684000052363
0.19403736953526607
0.7542451179540226
0.8537542647082155
0.29704965039606096
0.08576644981399845
0.6195806898706644
0.41814206548978444
0.20660149478250475
0.2823930988890788
0.22193134207493717
0.31885009491301414
0.360144604666172
0.15925980093626063
0.6040837735865946
0.31320113124916804
0.28489000651930435
0.14279878614368116
0.19410830126741294
0.4249875345570183
0.3574611346780258
0.18324720603104377
0.206398884293227
0.7689610495984207
0.39062751094864934
0.09492638768197373
0.39177399699458515
0.5718409175010019
0.2049787457173947
0.09908630556512317
0.3764254756807318
0.3635267820599542
0.18347126793461957
0.33772635848839944
0.07774365425604704
0.15079825795180263
0.6062653789760625
0.11556784381700431
0.28487160128263045
0.26790434794843737
0.14399382004604386
0.09565074930886736
0.24040044273613353
0.3192368547456837
0.0898466165497386
0.3116456179247055
0.5765024146014643
0.3510999089436593
0.2064199769292963
0.11980391748078953
0.1767702435484325
0.3932980087469582
0.3881237420890593
0.4913426731269419
0.579080092834499
0.09377656915648766
0.2857666919630734
0.4095432076935963
0.1841663490693681
0.1981004991260401
0.12824160534173337
0.6514783129127713
0.7390396803319398
0.7095004639837218
0.24887856969892408
0.11036858611666917
0.338751777827038
0.735404536012632
0.16850021019787695
0.3315029939767613
0.2574191325313142
0.35003060741396347
0.20881922733594785
0.6058504302021929
0.2524088667092255
0.5907783494020942
0.7231920389120624
0.6309698281353499
0.1219344693185862
0.2123490561593673
0.8112782559509051
0.25060008699251096
0.18963004220442511
0.4661668314869042
0.33718899270868796
0.14093976801818311
0.12818973068905787
0.45597424188627633
0.4411866143252081
0.13055102231983637
0.44792582473564335
0.2503696872958387
0.1201005857911749
0.5929581149150368
0.5485036720501301
0.15223809399397908
0.5822531123443779
0.1440111497572578
0.3654126148598592
0.24856719234621769
0.10948456057255851
0.34375589344283053
0.4139795703625132
0.4304258885849864
0.15133908850525765
0.3568990820299111
0.4221890658451123
0.7711547194041679
0.0855225207341619
0.0890964895878257
0.4667519582543161
0.30139886191519755
0.18266272746736542
0.6306109775602767
0.59850485809849
0.0742594303625431
0.38003353877119705
0.24937431123938278
0.21997066973067098
0.22068869585554152
0.26774059391762206
0.20794243548221075
0.23368789153340383
0.19425758078316227
0.06340725194590213
0.18536436123682734
0.29079321575663336
0.1344500299039436
0.06462191123805809
0.3272356623098499
0.2159960975206564
0.40987050819443627
0.28480941996528464
0.16129104514137713
0.2805664098573821
0.13366963100341217
0.1741229213684979
0.18393581097003636
0.7270124716134383
0.22486330108727634
0.0793642223707502
0.15551488968193566
0.24134642604017395
0.20478788423678013
0.1466691292363128
0.4260393136627356
0.3498135120506604
0.5995632836806726
0.23580005891185682
0.1413393263261582
0.12425969332760164
0.27486880286160986
0.2860402960684249
0.353415376759992
0.16867992221036626
0.09486079809673945
0.6112626874372794
0.25161505364510234
0.2071129493255695
0.2457971126087019
0.1636321806282723
0.7091016247347384
0.4306215359564093
0.15781189125572836
0.22587468167905483
0.3907610161023168
0.2542142663423421
0.29352238584299645
0.10796411517092837
0.12026558478825107
0.47037360987048404
0.21880169983242187
0.06440611959340274
0.24138052133025933
0.1397371997304744
0.6453566447078688
0.611234119428743
0.22325104061627754
0.0673208644445779
0.29957768694993997
0.29612595635559485
0.18288460063804074
0.2419893606133507
0.1697872484784468
0.09224083566872218
0.19956283165770744
0.767205672414579
0.5596114958788024
0.6837573807619994
0.46317820375382657
0.11735735048160569
0.34241170338587523
0.41510683350303956
0.1738250975918252
0.18567404008742602
0.747587314388083
0.2442657752744764
0.26435689580969335
0.2039149924471975
0.2156567658406694
0.4102916483432063
0.2369991621432793
0.44740150417062335
0.13817135964810137
0.09682166584985231
0.4611980851801824
0.25202294788186236
0.22892720648590492
0.32235485717229245
0.2152138001889957
0.7757781490130164
0.2017351355726035
0.35014540231862273
0.19436132141650755
0.20685781721818142
0.5389331017315652
0.17962988617623582
0.3142899912233522
0.3991002877056162
0.18001253719449262
0.36369535467445707
0.27475501770464417
0.14195352270370398
0.22097315585323787
0.27071369564301856
0.8720952157809418
0.3718546175261448
0.11856950669881755
0.467517142192856
0.2556962338239539
0.20505405106638439
0.3839174503071715
0.5896598842402515
0.22097293954522107
0.14570225434357054
0.07682207222639266
0.37855029338395907
0.42728685175397557
0.1809224768044684
0.21236596569503163
0.25609293141704703
0.39614342162317784
0.38162383025077773
0.2469374761807693
0.10817999533200247
0.36879902073118564
0.48769040651495116
0.16398088968194796
0.3050480420886784
0.2615691804198946
0.23496820501134316
0.2793965164111957
0.22095037931592357
0.2580509448462205
0.12627219382477722
0.20193149195765314
0.20824318067823092
0.3638235433516558
0.4553307619090076
0.1842729670965872
0.1810477769095784
0.16141733164161262
0.16042101994684171
0.857327811215222
0.6733005073034579
0.23929906134305223
0.15434095451630717
0.18712407134208275
0.4260274550671426
0.7624873522871681
0.38574766643344777
0.3445989994789049
0.11843977608102335
0.6206757235803312
0.08798587650536724
0.31779502440679996
0.28082351489570256
0.20055926234502608
0.07170698690114902
0.296217331271999
0.29876510617392676
0.5006035354825601
0.1033162604884993
0.3508481729452459
0.5395518153907046
0.055430432937898746
0.051460142760029755
0.5392971273815339
0.5390731526654517
0.680656174508468
0.20345267392752397
0.6474428127479113
0.16583160516574771
0.310280578650846
0.5299196554033725
0.42859568008039034
0.11412425930367018
0.4637806771927837
0.14330255833869263
0.09480089956891584
0.26145796261323456
0.23368808251907713
0.1699339193009652
0.17079806223954863
0.34629495465144755
0.24555649317602313
0.19697549769080544
0.2834114860851028
0.11293949338179463
0.14577228641370196
0.5450650609471839
0.12661659376637246
0.20283522381794214
0.6269873804985061
0.1744753259597267
0.2566512643242306
0.28118967442260756
0.21542884400971982
0.3073439972972069
0.46211776005824323
0.2968676972079305
0.22812356242307763
0.282645819862488
0.25090078419770495
0.33979555512052007
0.3013405754952252
0.17777202246130006
0.2181937002902415
0.6411686750381822
0.25772542686383954
0.24960404335646466
0.3524668833763281
0.4062339403337678
0.1945364880938646
0.07255016653248403
0.7920871522904315
0.504693480789584
0.7861454240681917
0.7538141528509232
0.2056489241340239
0.03764448006239127
0.5962208972811756
0.7481729029189805
0.9670330693469816
0.4292773158034514
0.12815586807560692
0.14402789392363444
0.1318003396737254
0.4999397729126756
0.3210977275008585
0.08083681689811258
0.2800532969857826
0.35699478809498103
0.312467217989134
0.35575723867929343
0.15564335594138587
0.1667571486319921
0.394372026646174
0.3995630791719548
0.9737908177109168
0.17447282541334735
0.18637557440064137
0.2611782871447231
0.32664609844069914
0.3750659806863874
0.27710298463410493
0.7598788193793602
0.6589405817977262
0.6981452934478466
0.38235758512148804
0.19685852502136506
0.2427171536530709
0.22397336517669436
0.1433968612178047
0.07957123613643118
0.6445307202877292
0.7652123115563206
0.7953964638909543
0.6206339778692727
0.1327731882006362
0.5364517723822518
0.07145120745037552
0.43708510351546803
0.8927711293285584
0.3503776804807465
0.01918494898679568
0.5305669178284097
0.22704567543572943
0.02207635670698618
0.35918437145326243
0.4419339485543173
0.3384313203766242
0.2793926435449282
0.30982572822344345
0.05210341786192423
0.3346895909808675
0.415635769671502
0.6544674497296781
0.7446793624026148
0.28857448567394045
0.10623216732776906
0.274783829420539
0.9668764204059556
0.83699526659833
0.4371416630425403
0.3187124787717239
0.4161390181114286
0.22409470670202683
0.05065430736314755
0.468437776988404
0.4138826345792651
0.20715471682315745
0.07751676947095446
0.29493951424814135
0.4024769027196114
0.25039313371251604
0.14780346209117712
0.4853760282832005
0.6112008934051045
0.4128699644515243
0.23771134673274316
0.3235074719130945
0.1945753947877498
0.31303691947216855
0.3258721429844289
0.26032636595563036
0.4362207782032505
0.20032327634895566
0.11991472095144895
0.7835226212094598
0.9583091727346312
0.5303948485617983
0.0769275811350262
0.45921070705387834
0.19292754056194064
0.09730496898219416
0.7478967056494994
0.8752961487098304
0.3868846490879019
0.12703769825321617
0.4277791557610902
0.1481559828433975
0.11980157708488956
0.1420072704517376
0.08991020443215388
0.6647235328473514
0.6081242912466971
0.18920801905210796
0.27705791574480204
0.4347463584691017
0.188361084712346
0.13932826487513447
0.42758101133360327
0.24100526745943512
0.22904386716731986
0.8661286068102098
0.8643639661058463
0.11346686982782131
0.09866559798587858
0.3935408004139955
0.2473886234987699
0.3792597822594302
0.3999377944188521
0.20315545095509485
0.31414940751360326
0.18766514657757224
0.4174351054178141
0.20337855650189685
0.3052274588834842
0.1893517726513993
0.03995855655482318
0.12481330354446012
0.21931762556834383
0.480935602944743
0.27380429300474174
0.11419494162461055
0.22259958686260703
0.38847338857418773
0.7203967237907417
0.6733030906655498
0.22859251528295096
0.29570024065041367
0.37001798619552106
0.19975107100027553
0.2696589440086238
0.43874561870234385
0.4674479857698813
0.17422187090144717
0.18349271187533153
0.374786083844264
0.20598222284997314
0.19238342080160417
0.0362168461796174
0.871266760494944
0.24743227790434383
0.30704897384979657
0.5775151425333566
0.10719917795402178
0.8934786460440385
0.7800272218194516
0.029361727518015815
0.18812239222545343
0.36990524024879107
0.5332496952155155
0.4625276159397346
0.24014509118675514
0.12294589761763985
0.27390287024022014
0.6572132115123163
0.23669079754492828
0.6907742354674999
0.28376684861516716
0.27779772078052545
0.453092199886834
0.40796078161009847
0.25801186753414174
0.264002444516984
0.12134959427488487
0.14708321012813055
0.06116404685035325
0.3431887882343757
0.536101855306343
0.3435208019934377
0.12886593411036285
0.2793538330541832
0.2997494721079248
0.10673285288365839
0.48795445331336984
0.6123997371456441
0.14602458399962415
0.16807672121985032
0.20892347766530125
0.6066522913569172
0.43373069788473223
0.1641209853672942
0.3267111608061691
0.24350713680252517
0.1289667236015306
0.4803161463642286
0.8037253783772329
0.0319682347254832
0.16946985844715864
0.3829161405853538
0.18185576419349986
0.46959097180092263
0.1838949160712644
0.06548523556797704
0.4516270499752586
0.4666079660079033
0.32664244169238266
0.20505082075182776
0.22846564014525478
0.3308621102328558
0.46217084976021067
0.09562893064952169
0.2236460641165261
0.17499209198429577
0.14999783382945925
0.2930183596444404
0.23356465139284457
0.11211745189483917
0.26326581193065535
0.27673382625614196
0.04443830647874538
0.37496127790722905
0.5817139714379939
0.04897389261835575
0.07698376296257717
0.6760829341774391
0.19281965235979945
0.3508053076746159
0.2712831221181478
0.29239176820232526
0.4917103616075236
0.6922758079192477
0.12409314764428121
0.1255868717549916
0.5458088260501329
0.7371208389033966
0.20877455487558855
0.14347683293971755
0.7448426206983477
0.15245483224923825
0.2969372053370462
0.5319978267102858
0.28859753809617467
0.10497802193786257
0.5110788892501074
0.7556039801392918
0.0970720955020943
0.3374663471309826
0.07959350559473401
0.47140195067894836
0.1195194501314603
0.33528397819988237
0.559248211079391
0.9099103606606651
0.08386108154344199
0.26056498051547516
0.4223179980453834
0.6085277141151447
0.13254497749883382
0.21970563108680863
0.23397966199135775
0.15169968675277076
0.6083638464353162
0.2932092026824618
0.8041024654171933
0.7684609422764465
0.10399417048353223
0.10452405422628996
0.6834224364223186
0.1148949708726572
0.2680699964699826
0.21304287010362605
0.5246899131320181
0.08733110658836042
0.13349517007298042
0.5763531664366399
0.48419907789316685
0.18051263139733964
0.17393373581821203
0.1798256896548446
0.19648401683343017
0.2639814911967518
0.2575981065034862
0.08608263046047945
0.4120248806081937
0.231683898735752
0.17704808654159593
0.06487778182031145
0.10556262007385478
0.5111050488912863
0.33255855022198366
0.1592976532080103
0.17305546888498916
0.2594675147739848
0.5756376281530751
0.24179848763742665
0.43231346797737685
0.09768872125934827
0.35813033692445245
0.5758180132731366
0.06294874227527972
0.08413654563242659
0.6437017023230687
0.8730860312815379
0.5796660015975439
0.16987471662652748
0.07089982868607296
0.23956582985829694
0.9317186956774662
0.7535659112681702
0.6324118722273465
0.06936655761838327
0.31551779931292734
0.20141696115704394
0.19994486844915893
0.6922453954564344
0.2587042965467918
0.29133100140136703
0.06410746693402816
0.41601907242644526
0.3041454183463657
0.32149513177561706
0.4050215030153812
0.05199042133786991
0.11181458462135425
0.25287374348806135
0.14599864137299098
0.6608916835138094
0.8572919418900972
0.11531123389460475
0.17768538877862822
0.24022738301836574
0.15553380662973013
0.2028146613214372
0.32359292310887544
0.23424040448399372
0.060595867253671463
0.8997559694210672
0.20868205008443036
0.20665089097266753
0.6933852233020357
0.2709973697682264
0.26385373376014315
0.37724528285187225
0.1558995177043338
0.23203110644790387
0.194538420337632
0.1942035055070924
0.1548187002641767
0.06710184193703185
0.1739553802288378
0.1561137408964355
0.18812669673342036
0.3850884685752287
0.09979199854972995
0.4924862671969233
0.20181432095865648
0.21953607046654633
0.4508839726873124
0.1256855088728928
0.12928910122260315
0.5878407272792409
0.21101584654341413
0.4903453353026386
0.09409819140858032
0.41406386138630824
0.5620591715734604
0.20153156554031026
0.0793097104442991
0.45654860729752994
0.47102745127157886
0.09858794104266028
0.28094154529081494
0.07448667634307225
0.29026921997015015
0.29941559885534397
0.0670317005965741
0.6407142064296849
0.3088857081137251
0.15657174971634324
0.178596592871628
0.10700855858942991
0.8500959449304795
0.2470937308698601
0.2146414853814776
0.7882902574416044
0.7465156955678458
0.5155751698668313
0.08451728813934889
0.11895465383323499
0.4796342672242552
0.2725927124491607
0.36848937880890276
0.46613837596986013
0.03712551145254259
0.2949307640520257
0.09465851859504527
0.549891421505159
0.5482672800655664
0.0705597037649946
0.06492716081604487
0.5336206143142596
0.5600310287736181
0.23454422012254006
0.22897779823191414
0.5302931631009804
0.16067983715272305
0.20723897220936974
0.07154991803410633
0.20294210009763788
0.6573888361268058
0.4026376309590754
0.21723521601134377
0.23626764726301783
0.9718764266659911
0.3903491496481794
0.8055610923203247
0.2451547535476428
0.06143099705203554
0.06437851612949863
0.2707287410286757
0.17160700435933515
0.2637968256653197
0.24546173485029069
0.5110530848609385
0.16595154046349453
0.24859549107837614
0.1041205646273705
0.030719595333327233
0.5548042971686638
0.21818020619483172
0.2157434289425858
0.15739433341311806
0.44006058852352303
0.15404660442252963
0.33947566860362716
0.17369985616935255
0.3697536753858259
0.12395490719177744
0.5175978264986394
0.2700697361544145
0.23467517186060452
0.1926472048566226
0.21088055511139966
0.6710167893009006
0.5748449673885037
0.09478124370065046
0.062398467816176174
0.48883919624298927
0.09412370159097597
0.2689925550379977
0.5136589228529446
0.5818106810484872
0.23051919105018098
0.224661283154933
0.07348645968444115
0.1631191054508436
0.3498917251756877
0.29855887443721635
0.27277302469515446
0.2717498876128648
0.0535425309100397
0.8859596979253173
0.4086847052572075
0.6735424934518511
0.14628074243503375
0.06789656730015196
0.26770494433804287
0.3081891403922699
0.2558946263658898
0.1999885713770039
0.22540364802634955
0.1280042092255094
0.7920240653617078
0.14912615197279783
0.7345039103364582
0.28224076159980943
0.09666795670984743
0.337667207959672
0.5403077163589687
0.1808740342490038
0.14003210612853195
0.23375538341119817
0.4691416890048458
0.3586523569581262
0.31924970367449546
0.5187366271203346
0.06139087489569508
0.30240908790129395
0.7260039223089114
0.2285478486309161
0.27584864096676615
0.2980563616031508
0.24351721896001002
0.4246595958749307
0.18376501955132518
0.14826146125503115
0.6276011306847388
0.21842425703341398
0.17484636830633235
0.3058846804195693
0.3022294022438027
0.4327004876791444
0.08227945863485771
0.5243331544813434
0.5797509071356777
0.23004245873024282
0.4574153685852495
0.9235590164739078
0.5172959511439977
0.12149329845854764
0.20614792169858945
0.3310022185363428
0.3501534497909682
0.11587587508164666
0.12827471945946178
0.33735602155120187
0.41451712769388804
0.5804910267387241
0.2652858992144692
0.6894696121964556
0.19245148051203198
0.22992814176617737
0.25690301086752165
0.1773653947467474
0.5683232572089714
0.188534240947034
0.22400986977101148
0.3394967247713704
0.2940155937658152
0.8701456527813014
0.702239162715092
0.766643131464766
0.2018274329747315
0.12631940390007504
0.16476861852827626
0.6252200938123565
0.20516625318468
0.0889153245205524
0.2959997778983657
0.4696102381258207
0.6035613460960711
0.17498024755101632
0.19061680040148943
0.0859108981708459
0.18436349781163025
0.8563903107100262
0.7303790593529915
0.3341305772113091
0.12823098391689006
0.14201693654385625
0.6306018124137217
0.8072349756225717
0.4124945675654007
0.123347146406026
0.5408849883717977
0.3957807039036904
0.80597399360932
0.8260826032173123
0.15522520887283447
0.1329896916505894
0.5934151093701465
0.141587011523685
0.23227324340396815
0.22370404390215332
0.34568524499804937
0.11427520638926114
0.2063396888461386
0.33252313340066847
0.1445876723342112
0.46056781466731483
0.12752127505810215
0.31474991011536824
0.28077699850361454
0.08504456847344047
0.20786817380154607
0.5346094501978519
0.4406520496238581
0.27295533469353206
0.15249288868968366
0.051161142699582385
0.21233298566477862
0.23223354789738285
0.12160774550388034
0.22304270264019602
0.06751440139375103
0.2543024221357214
0.08642734596272926
0.38438936795041173
0.07761695351297346
0.08129492684168378
0.15044002060829217
0.07215475286017883
0.2695123554986298
0.4126767234554754
0.40569658571190326
0.1750649915352567
0.20182335786585498
0.03123109868900507
0.3407765051995302
0.33227490346532484
0.24312358571412152
0.5142364714412437
0.6945415888615762
0.15296101658404454
0.24436987749281244
0.34125836828317113
0.19122285289078403
0.09856717867582111
0.7311073342422697
0.23231027394404413
0.07842248904117272
0.23562803947788777
0.5054234865227027
0.901597781652343
0.4494795776947413
0.29066862740834976
0.2949232492442894
0.4678002480436362
0.07636043940506995
0.06497294913100556
0.19862207424431785
0.14152664275619667
0.18723932603503418
0.2957571061909173
0.16636762105762878
0.2787198301686557
0.18164736138129783
0.07085425115802753
0.4737374630927619
0.4385120541282531
0.17174136747015875
0.4339103405656911
0.3658267347432171
0.22819704211996691
0.15682626388291637
0.31203422831136823
0.5332491957476594
0.424808221639173
0.284718997369962
0.3921826075702798
0.19464476353908094
0.06277030393196027
0.0928564115499651
0.08773095986486618
0.5073842394732165
0.751678680409429
0.09614553756281889
0.17797174433960974
0.23904105463870887
0.13385494803094417
0.6969001202747889
0.08363204734976601
0.2212518616439246
0.5420290973637013
0.2220192162291716
0.2602208279170044
0.2231220453105633
0.18600632549016766
0.16768402916759215
0.15269193231385464
0.6696052164791463
0.7461677515842982
0.12724699722636462
0.11123413672271071
0.3692498395417637
0.3966521220445548
0.10806181748839744
0.1521952941193453
0.18917899111254774
0.19542042164009907
0.5263473757695109
0.12771729518971295
0.1429954748891921
0.5964729508121702
0.5241087811530861
0.5939814660404444
0.10908496092617959
0.3723374553951907
0.15861911333827822
0.41616829638124064
0.16369661830156376
0.15899571626552322
0.43172860566300403
0.31536891332361433
0.11596904317792356
0.16901308510107477
0.2618209521130167
0.4560516899135569
0.14673925442890276
0.08787491349710924
0.12402359728454405
0.2912309921344507
0.09834955979375298
0.2148333361532074
0.38956949468787155
0.5174728855820181
0.5420594249067557
0.16193240075263962
0.10707397415572446
0.43128312642122896
0.2870338760347393
0.4907548354336598
0.6030268740131615
0.11655929581144636
0.421479571862973
0.5114513344716408
0.17607005475590332
0.20364362748459988
0.19601930242061108
0.5143113254691187
0.0397772913777303
0.11509410489886744
0.12338664065556151
0.1260155118425303
0.2712144725174227
0.2347118993822335
0.20086772767834998
0.03761426118785325
0.5709201420594597
0.17555257096902593
0.7099503608690764
0.3719871160530661
0.03544305696733007
0.47016144424507506
0.2882867651085564
0.3510234922031401
0.06693381688357236
0.4404429693493686
0.3176766012845406
0.15877688508974902
0.31170013334305735
0.4009456185549554
0.3208005491072872
0.100185236170948
0.3734400376042667
0.5426316105573105
0.4965815846404795
0.2653210171691883
0.2643477243905111
0.19388736660415282
0.48269628539688797
0.23460195331326822
0.29631153362025303
0.1484242178416982
0.30623281377785033
0.2784680466432634
0.19707868940699264
0.30814411927473473
0.1668555620606983
0.2592000527759303
0.20959459495894062
0.25957759170826494
0.36056735856413363
0.3817004634373044
0.2900145035260074
0.0900077341735096
0.38557664471336744
0.2530437693813968
0.18668608911306755
0.40678037387207033
0.08991097896823831
0.15611023177929265
0.24125737254492835
0.2917641655914082
0.4618508541015184
0.5997276587865599
0.19196827768867505
0.13088131844992684
0.8946382899284792
0.7963603330124396
0.2288200281325337
0.2968097890500589
0.6566449332132861
0.12541910705073356
0.20607115768729484
0.2179238793151338
0.12717152590619907
0.20485868464466314
0.20749712622668837
0.3418765442380273
0.6513119505976959
0.2195839064230944
0.24202577584175614
0.6200398360857196
0.16255483507065285
0.45754627529915753
0.14312485022083724
0.1346713454768971
0.382729241871978
0.3258064108894337
0.10534778160860735
0.16939705314322287
0.7888858388985965
0.6222095091591716
0.32865891483648996
0.3023369505723454
0.1959501328582029
0.25171833690714374
0.056117229906558784
0.22004346691294854
0.5626585773140769
0.26189471790516133
0.12453151062646961
0.1899815053094318
0.1691509318859683
0.2764919313013189
0.08994549371328145
0.2133838316041361
0.4517769785264809
0.10503131802940924
0.24960196726169237
0.49405103476168494
0.5428862663084082
0.23436608911801965
0.25418418400915394
0.39549547014108827
0.6177312845114411
0.320379357067278
0.30137774517891497
0.2664694969772407
0.4292509903911574
0.12799370114721412
0.3476248974315734
0.4786917403257941
0.09905606549783445
0.45727978286983023
0.34400565165282315
0.11210257815473812
0.6202145478406045
0.6032452296335625
0.2139327283044524
0.8138523380982566
0.27495230576016677
0.1596866090281705
0.4575140260146031
0.7088401754439981
0.19865953366573993
0.1597151103471283
0.3405781594483027
0.14436786405495322
0.18788666514689842
0.14307691069639156
0.29734271270704615
0.3553065744808672
0.6782008398201976
0.08776000504619179
0.2709344512481156
0.8760845660477774
0.7109830350840168
0.29672835461624225
0.24903784532638698
0.4296208433114169
0.5337963824285824
0.4724362539583353
0.46073681512282805
0.9263174921749142
0.5715095138176
0.4213383612020357
0.05872095658956542
0.31985504562013656
0.11729631761623358
0.9015855361784127
0.8197625580568922
0.32197828359809083
0.20667249749612404
0.11360856593933776
0.17203537422916151
0.7271490165033422
0.9054997483208784
0.18657016478013538
0.9232832588895464
0.985707584228749
0.5015371863815181
0.01699863609119306
0.27254428623717614
0.8145619240223089
0.8928279029688186
0.9571211409037635
0.16932498178059316
0.9388536837559315
0.058720956589565415
0.1488117835425406
0.4468368257579284
0.309287929910579
0.9080134585072261
0.14752289701236704
0.8646348124682769
0.08001152682803618
0.6106969650064437
0.1771132592198629
0.4214896292646148
0.21481349657260648
0.8984408479287829
0.323051831033767
0.17203537422916174
0.9786328458886405
0.16932498178059305
0.35472918351626814
0.10805427647443828
0.16235443909763037
0.9886556056829141
0.14881178354254065
