Model: SOS
Dataset 17: speech.mat
Time taken: 7.190828800201416 seg.
Accuracy: 0.09836065573770492
@scores
0.981651153433007
0.837112425938424
0.15011749104116598
0.13343451452588895
0.06654785085982524
0.9816179766443982
0.016502654833565854
0.967593979730078
0.030763870873861506
0.03418427099934799
0.9825377575453658
0.982850142054041
0.9232074458993381
0.8477306806693681
0.9906658304392422
0.005333001840340099
0.9709413502308883
0.012995778190046091
0.9854698493237404
0.9383414321831626
0.15012123619370135
0.6459055105127938
0.02361194484738576
1.0891756059763393e-10
0.9977884673762784
0.9868506695693484
0.8907450990183974
0.044457140954274624
0.010953102480644948
0.8970312005690391
0.20326485815640633
0.06990377728684612
0.9859490908526862
0.9985739711580945
0.9968018261317935
0.14937861213031045
0.030135275282032286
0.1476101434009153
0.9936653594246309
0.9777648685753004
0.9386114221172392
0.9358798547097276
0.9949409863392992
0.9945396384168599
0.9969022183097016
0.25858797489236673
0.15188294692436619
0.24082473631371792
0.9780327500039029
0.998383479619119
0.998757386336026
0.14707527462157274
0.1561439928365145
0.9895941407131633
0.9534187569765291
0.9770402671830798
0.6181318280836454
0.9679625538757922
0.147631693868504
0.15426980126457246
0.994632322774078
0.11066443370735732
0.03314970642853404
0.08073596657335748
0.18961736139794308
0.047554503833369566
0.9162081212911102
0.08146535354526713
0.05852230129518144
0.9729214390033819
0.03188884994335789
0.14279451151343422
0.1500992958500326
0.20651099435614764
0.8071899794216159
0.10732547253598276
0.15873580376495694
0.04745793010092336
0.03508649434751501
0.9914804296240394
0.2081143534955955
0.9956472858472268
0.166141720396474
0.18274795769717583
0.05715824051673045
0.9654241921861652
0.16141122276471712
0.061683868359417436
0.879700998166618
0.19499766766363327
0.05705554165692766
0.047645066384215194
0.048838250641261585
0.13436282913875547
0.1609017988982119
0.10688229862876672
0.20614867190180852
0.8081956250046619
0.026047931458565644
0.03430471444006631
0.07949109076565349
0.9888034093753166
0.5805528615737668
0.7844021270682485
0.05754162136229611
0.6786180134322969
0.9799446089645881
0.0048095827523682595
0.7611275085692762
0.005405299470436012
0.08968398274411787
0.22658667139262637
0.9356856658373842
0.03123665158889496
0.9276276791370469
0.044998683166953574
0.908854964061007
0.11245498527904278
0.9727844795119559
0.09001470364524747
0.7835978448310819
0.09661933659126996
0.08445046714416185
0.9424843553078663
0.853602003529622
0.09573888778574956
0.0355313325742831
0.9448683577381333
0.4720365078331708
0.05429180003565044
0.9691696514840719
0.7023738685027707
0.8220845502310363
0.10637119527324944
0.20427614613502657
0.12535808469734253
0.030715737524668305
0.9451912891260807
0.9306262921967523
0.9703727388410114
0.22686059460784608
0.9602350113333206
0.035846945310970775
0.9628973534146785
0.17556855671074117
0.03411012194238975
0.023257356586904972
0.02243718409281322
0.15791951729094053
0.10892134395331113
0.13773561608846818
0.05280969168196379
0.10736786765953282
0.02815020456067367
0.9899162744590573
0.048021419443444145
0.7398521562465212
0.1004849617176663
0.13099513740452395
0.5663187990913426
0.030268191091007993
0.11479130169793272
0.9926858788433455
0.11095059588089917
0.12438752155765467
0.030248764803497665
0.06482646279561824
6.9616241086460636e-06
0.11536161063187729
0.39539388274332055
0.027990302160666922
0.17388876859137772
0.02885958735537449
0.031069035105804298
0.030597693220552884
0.05509536319913909
0.8270889992039131
0.9939952134195361
0.03240914771201642
0.15928476435598346
0.051039405573778146
0.7138970954777114
0.1183131723276138
0.03116009668416991
0.26981414185167946
0.03841157998059242
0.035863773110656326
0.6750840079173566
0.10328025542777164
0.12992895327753912
0.9854745334645589
0.932731403933558
0.6108457386864887
0.03193980947284341
0.06139163438488476
0.035394715999864004
0.8304419803550604
0.8984599416394822
0.0991545181026295
0.9760218723080752
0.03683922370824953
0.9753491997561887
0.136037606864987
0.05038016507018396
0.9366599134084581
0.9912666666733713
0.14811002771711265
0.16600776183556104
0.0327058320988703
0.993751066442016
0.04858900280104946
0.9297151862190721
0.9460473616392688
0.9813509421591694
0.09094772033131716
0.17331385284232656
0.8204530381707302
0.08958535767659162
0.07213853739228297
0.1543875909113206
0.02818949605327913
0.11826473664665693
0.721942310963018
0.1816224301966254
0.10173714163093527
0.037853036621726885
0.012461003989956695
0.9877559097283761
0.04431904823097107
0.20333552846628658
0.8617167663055668
6.137796596364038e-20
0.09308138851948056
0.0248250678594474
0.9803215675187752
0.9512765084018987
0.025352572763481185
0.9737589913782184
0.15204642328040763
0.9654004776055847
0.9943431907370521
0.028714010791479918
0.5115213315111542
0.05828529982242518
0.11953085085555779
0.032181467668757825
0.08535109402527971
0.03489931376995548
0.04669839478241413
0.2467790295226137
0.03408824926055276
0.9650609245342684
0.897940782261131
0.17077149113179682
0.23136594651355694
0.045588488651413656
0.14430167914247327
0.07500503350121794
0.15421698122981484
0.037556864049244285
0.024680355441289534
0.8763395344609134
0.3700072971029772
0.9512510733768714
0.1013388867195325
0.0693421971597633
0.04709145084902673
0.025915095925841063
0.03954797373015336
0.9337853124274901
0.035355764774713944
0.03137085942538896
0.03403943817246562
0.06949210296621884
0.6676637497261414
0.9867843957428055
0.03184007635352748
0.10384390299621112
0.19409027847170138
0.27565146473489494
0.07001428606145514
0.5954708264747186
0.8974510390705761
0.16214473439650118
0.14220325344424492
0.001527443279689474
0.02765370848153821
0.2207262782222909
0.07546388586969004
0.9953880662743085
0.04377263676095719
0.2674603471459727
0.033649360026101235
0.02555046118012337
0.9896703404677674
0.12886299642379861
0.8849096093344887
0.03612279450236862
0.9092946087292302
0.1028385062463089
0.1951713045638205
0.9598975031035313
0.9893374386263437
0.03462694330290523
0.09561463559089087
0.44090604300589903
0.9816130253242604
0.0632022519551984
0.07241939142536397
0.06050824705956224
0.9799360492043561
0.4048733743481553
0.06861259279336987
0.04965721211712145
0.9864694994024608
0.14402038113886184
0.9814888810324668
0.1611466050465885
0.9893223180896025
0.02860217211921819
0.9825028221247071
0.07970832025100888
0.055155534965588324
0.9845135718570516
0.12455196058085641
0.03393793007405499
0.9984712179338466
0.15364352988808702
0.01283526828106448
0.9267655762406257
0.10566313695935853
0.01414412963503226
0.17503080804568508
0.9943490221593587
0.046276265585337165
0.9206714317332855
0.14899926916101608
0.0568832190736391
0.17584909008755087
0.06596147537038059
0.9444279173586797
0.12408405201901127
0.04424053765939919
0.07801752072502786
0.166792888939799
0.05991731134760803
0.968244596913996
0.11208968354016967
0.9463811042455264
0.056249634705263195
0.3764934474823362
0.14196032199124248
0.9779835508191415
0.8269434144822057
0.5502982782097599
0.1456861174779047
0.2865377770669576
0.7322473259974712
0.9785365751568371
0.0388998775796825
0.028385331446490306
0.9675267683181026
0.15315315810870941
0.14159830740715093
0.0998272277622884
0.5726104427065534
0.05728224204299634
0.12681023907082287
0.949831390554349
0.11139414684259374
0.0401881827170063
0.9803857222368578
0.9906587937258315
0.9626621822488665
0.1625319417484902
0.03733518778751865
0.28608942078508354
0.03181283350101598
0.4646523814413402
0.033202629135807966
0.29484129257569236
0.9584014865693449
0.9393128501585396
0.029772723683888128
0.6379583409548638
0.17796156234547952
0.03102527601330814
0.038631036593618696
0.008088235431973408
0.18233565161572912
0.05093975369410923
0.21978326298743123
0.007883285198599939
0.08351011616257163
0.11717532406945018
0.904983120444902
0.026953415788169052
0.15749252389097715
0.1745227139874969
0.11877498055397089
0.06572218357156763
0.15117309544974097
0.1449073544927995
0.15841294924803345
0.08763189072103873
0.8970674165767462
0.4483271609650956
0.11792757290023023
0.17656021262333318
0.9887374003057052
0.13393580825710114
0.03971233290071819
0.9938379835435216
0.9408492959147798
0.08888334308686763
0.04201818559834056
0.9986955746844195
0.515779112875104
0.029423398938505225
0.10424200260533421
0.0755031042109239
0.12554233470171888
0.027691817309287374
0.08902370744615616
0.15577158295063304
0.14752081465904598
0.9944269018429325
0.0819514681949512
0.04380485879007458
0.045547103808948004
0.09913499730090772
0.03317185246021621
0.03160447604928807
0.9682931715174989
0.3439832953196809
0.11027793782105214
0.9555494518085147
0.09486592057383254
0.13919262429970278
0.09934359307183596
0.449526478550405
0.9893701548701156
0.05283927104978315
0.038127234455207416
0.1737953161096737
0.12424900573045518
0.9643353309106247
0.9927729711335982
0.10439204404861822
0.19440766091271433
0.9924506971360464
0.0375281917332467
0.9918330519068419
0.055170282867906054
0.1844440559971457
0.12595842012406452
0.88278121469321
0.18039868271099704
0.28601489958044957
0.03383219806963469
0.5068372136867138
0.04135965882686784
0.7336410636601578
0.034931479157766794
0.043699678940762446
0.20617266244736532
0.12661163460504962
0.9098317413545604
0.18781994603210406
0.16385965494460453
0.9547269267720458
0.4787314352376529
0.005051441211675007
0.05466631771835162
0.02944442004105906
0.12559605138177157
0.04381141045807455
0.7994568224246303
0.03473758445045473
0.5938368495418688
0.035754122368406076
0.9859885472552867
0.1288771216058251
0.7773205848590271
0.0285548313104357
0.5013293294136281
0.786670487373996
0.21217586779949227
0.08954661681938363
0.8364020645427017
0.11625372377990563
0.032931473150715276
0.15178396680168144
0.12837015085453118
0.07695761269790338
0.9516552165711268
0.029505344549875433
0.11212896727691633
0.1557742782561102
0.055911236512850675
0.31949914168318644
0.029551838586669498
0.15758124888510044
0.9732453619039005
0.09766999941815681
0.9845827099032737
0.03482818367789827
0.12341200138039413
0.9949247101719361
0.026787696916421216
0.03886602016871472
0.1570197762086049
0.9620885285111332
0.06666526915726967
0.0320425112002747
0.9725761245511001
0.9866128215178283
0.44824649142791334
0.9168665313784653
0.13818890574566822
0.08357012747101684
0.15214016197553284
0.13237632418734338
0.9053745797995925
0.03089964440389539
0.976789718182036
0.032030069843268595
0.031082512861492023
0.034015940569439046
0.8326119491214813
0.03387031445065521
0.16207138381271263
0.06060289381820517
0.9814164380800054
0.0867172808980018
0.15485732983326408
0.12434459133719337
0.031395158722945196
0.40956102550439777
0.9333449053153848
0.20384016764453008
0.9376084472612054
0.10082743085593375
0.11793549977410092
0.19310770322202594
0.9253322023727396
0.9093976974833827
0.9135528511178757
0.05426712993265652
0.9542380855495264
0.12662465174127635
0.9090035890470799
0.9739979616132395
0.10030674423220276
0.05378918785504037
0.16411850744443884
0.9095306257991894
0.045017140064045266
0.04061759252193646
0.3427096153322737
0.04444946084817175
0.9762991941708289
0.14982280459078814
0.5756954341308009
0.06102169027643263
0.028073472107417948
0.06524357286363544
0.0494552939227084
0.02983564142474391
0.025859265599629838
0.103323788955484
0.9928676937399536
0.1054204092572032
0.14322281704016462
0.04291483208783035
3.212734920543746e-08
0.0614482010261544
0.03358235669919692
0.21368633172015672
0.27171520694544515
0.1478092218643553
0.04992053338246392
0.08193772672015523
0.05868560020587812
0.5858448735531809
0.940040251719943
0.06751512356295253
0.5795616829354244
0.1315500900079498
0.8165278528107313
0.9941400505537482
0.6344136704140882
0.9006879480798051
0.03920401032598211
0.042224641215584266
0.1667940137647537
0.02074855703469406
0.5227897626822766
0.147467855377413
0.9967582566958874
0.06724793243864288
0.11788623551396979
0.9712413496051006
0.09805071104260238
0.9967574136041559
0.1407119703552018
0.0881504250148921
0.06519824582450313
0.1214437869867042
0.05884765456206852
0.03627333056185044
0.14898909465766913
0.03809547939204137
0.1781317433493188
0.9566849369992476
0.9909539731488753
0.7707752937671318
0.021274430199669268
0.0774173167265487
0.9352318148517853
0.26686622579886915
0.3517061307421546
0.9276402038582341
0.7527310257734414
0.056355442769738306
0.06275547853348651
0.9988304697628603
0.1190361662819072
0.25472284195390693
0.9616111006744309
0.09648640692287323
0.9816905268366284
0.1256013772005747
0.08548577657123754
0.16646038248971096
0.99330978964662
0.950443652764884
0.9845644346747735
0.12423262056898265
0.12655876723705425
0.9523115190898924
0.0679628494388396
0.03385158599359299
0.3698358077153723
0.043200109820748234
0.09052388673961177
0.9943840151852203
0.0796402442263838
0.030748090654041885
0.11647089364450727
0.9895595205548274
0.03407861143794366
0.9770835217295061
0.10036621422305053
0.029454488706808585
0.04552349427633662
0.9900854206558068
0.9899341514137967
0.16490025932088848
0.04956341192727806
0.02869141654621459
0.8275791145481555
0.027247365006964546
0.05176735694539145
0.18290389808678956
0.15323298817633452
0.09599606355560526
0.14134364477566466
0.13094578531363735
0.946453803237055
0.1448763506935652
0.29282649553894075
0.9905398700300261
0.1333356774701677
0.030784614245543393
0.06729496460269015
0.005659477511514419
0.9892598282142127
0.967567683670919
0.15538118509265267
0.8862151271650294
0.021575965923982855
0.9801543217722799
0.06172092485472803
0.9898595781147526
0.6002122047006425
0.14774394424993098
0.9842706202809037
0.9791879887404032
0.05020546054123137
0.20006380957355044
0.9436963041797635
0.0934487172983372
0.15088946128142874
0.18173660708081787
0.1881332913368243
0.2194630709994819
0.2682980985433001
0.04254064413262917
0.9197918359923043
0.9577524977103424
0.08646013080887889
0.20052312112594908
0.9566138017001202
0.060109600003553705
0.08858883726927728
0.02644822955575011
0.17687407911725084
0.9875662553044149
0.2271007456737149
0.9450261822968647
0.11957195862662268
0.03287637622855106
0.9518151693279199
0.037811247232023185
0.9715443933434988
0.0760053291395284
0.07442292501339161
0.9550782934648686
0.017199547975857807
0.18259846444830144
0.13521463877446302
0.046453803850183904
0.19185182783437174
0.14976974224513642
0.029321400030035492
0.12499988373100906
0.9757226106255218
0.07901045927370698
0.028484939047665074
0.128677873605262
0.13180287876718577
0.6505318543084961
0.1494367023398532
0.03330851984937244
0.9896484062337956
0.18016256859162952
0.09181422686648812
0.027992114222995912
0.9865944240713617
0.10211141871360055
0.12343745755757445
0.033742373339089915
0.1892550406985673
0.0327860471456683
0.5530205981827313
0.9880230111146844
0.9355933565441774
0.47347852894360615
0.3371629903331853
0.9881943905610222
0.07953850808239354
0.07673545394636641
0.9789287614366827
0.058672760691780006
0.17868137566659484
0.014520078968623265
0.10306064099670988
0.6906439115127577
0.988780623914761
0.7658214809438563
0.08536605688592777
0.07273567056636278
0.3015819721118109
0.03669825631840992
0.04485878545750369
0.39408905566654334
0.2302631643707284
0.9545594151385189
0.04609835167599851
0.061420606143093796
0.9333196603607755
0.40528301722332954
0.9917151021297929
0.9836579133291165
0.02598788839691238
0.09687812520114951
0.1557584079312805
0.11711296942564463
0.03776765507416719
0.14813129294884822
0.05542971494793432
0.09083370568327748
0.014298431351017557
0.981840998799733
0.05281403523833032
0.9543093871492302
0.924081214088541
0.18991098613013052
0.101879584620969
0.9934472942309389
0.976434323527838
0.16228953946400826
0.9656553758826106
0.20756734952925152
0.9965975769227966
0.09552967448193847
0.13457760936345778
0.8113041811403201
0.6107098502723639
0.08467586584498836
0.9942578697365646
0.3351705843615988
0.03686402032156629
0.037750751831157614
0.4566252356403566
0.028872468567601058
0.06992826602138211
0.03971309391353616
0.14844509691409452
0.9895108209402022
0.9842585775984913
0.38757321957153845
0.11620771601631784
0.25235435028808273
0.10455775335347185
0.9433534489904104
0.03474211949345915
0.029994357676720484
0.042032895200014596
0.08855379786645019
0.05091696595472198
0.15191014470234893
0.035554557430000744
0.7569523817586512
0.21731928272719722
0.16842904181272755
0.8962028318898044
0.2702218564859251
0.12355637833786315
0.08980446245075589
0.9922110071005786
0.9920561254275564
0.9772203187048519
0.04857771790461614
0.03612630110903283
0.032821697671860155
0.9551186682037943
0.03828572318480091
0.9638598546204137
0.04757684048581962
0.03346227775848224
0.11956952473621595
0.23041752185124326
0.09791074989122314
0.10529038532519587
0.029638603614632116
0.972012753747743
0.9955761798925568
0.9133714949978025
0.9505696231352214
0.9842860545259244
0.14324902847637294
0.40164282198826373
0.8998840285819291
0.16903228688585853
0.1295363484826583
0.9064817235094478
0.08510984047857795
0.033359802878007404
0.9985259207443029
0.16246658284862575
0.17323820238670706
0.033178919731710756
0.12329754927030365
0.07669193452302739
0.159464807792426
0.08038766385230707
0.3054112387531071
0.036256136194460914
0.053127173831739774
0.7203526373117827
0.5835381178289349
0.1409602843037212
0.9066868110871118
0.981532041824715
0.9918924749663698
0.0742489723082
0.1006623574098569
0.04074135390025922
0.08695982236755961
0.120156202642882
0.8834626884996102
0.07513064066770164
0.8999223696842724
0.13282389302620698
0.10490230818057722
0.030451273296875917
0.1298237520779496
0.9353085047287114
0.028940519166541855
0.986661723981746
0.8810713433756342
0.1643951872120237
0.03516242762563257
0.06352907234262323
0.8908118086552893
0.20779469993823488
0.2610433536693546
0.15164233867578816
0.9961226444775617
0.8940933715357628
0.9794432602017977
0.1417424558054209
0.990099877089428
0.9930765941197562
0.032295234231352186
0.9918255389822758
0.9369542022309288
0.971043853219946
0.02230475138427052
0.12125154485115121
0.11609326496833228
0.07083240888825858
0.04320314311409375
0.12765609089463428
0.9595088140617206
0.08417320390642016
0.12429444417560594
0.9393239247134023
0.9094007042469903
0.12123933721208227
0.9768355929861554
0.03467027273721442
0.18654197377171322
0.934679865556721
0.04950255965880771
0.030248456987913598
0.9987805081510401
0.13083321060397116
0.1352084151793839
0.6660926477159962
0.9899068869904869
0.12539924383805381
0.10836575154460204
0.518719307770116
0.9708942307009533
0.1415015682236627
0.036428878374079154
0.8063066584002356
0.9813288327940911
0.9861747789433677
0.04639924045234114
0.0612683216121107
0.028197319736561817
0.023161757655521746
0.09122098395952881
0.029670152305312614
0.8519807823062495
0.05132963268507992
0.04124815676496355
0.15109596337901712
0.9827806199683079
0.2440801949031193
0.13156930273031708
0.03235027185220789
0.011599659717656526
0.14896133078336693
0.4396383359208441
0.1943614466983746
0.061784914796360814
0.6424966731967676
0.14631567852357885
0.6473066177442734
0.033545452324471495
0.043238955988923855
0.03274923343353532
0.026065174764752834
0.836272365638232
0.11144439566471528
0.03164782537756723
0.18951617302784254
0.13470254588516598
0.037645614547440566
0.0901870468448749
0.9889623507462078
0.809263919717576
0.9697306214354361
0.029037114687092122
0.031255857287507474
0.12985723373514285
0.9969242841554988
0.7931704379719426
0.9191882006150385
0.03233195256507775
0.19392949791296807
0.8921467784463956
0.9698374345602387
0.11908115638652901
0.0696725523296085
0.12385252918083105
0.04790922307812932
0.13365564183419826
0.9914820908986149
0.025578521767633873
0.190096661333728
0.06646147247674757
0.13731648148519535
0.1135174265411488
0.0009445021800755909
0.11070617089080585
0.0892187315879744
0.09809167547627527
0.03532326634011451
0.02692317629378383
0.8057249926823143
0.25150331778782004
0.02681761745695571
0.03389827369041027
0.04128202405292814
0.08867973379754288
0.9915289990173123
0.12337898096166
0.05119067091502792
0.02514507170250842
0.1252911240788424
0.9948893281780344
0.0589250453792596
0.05640977955248968
0.11858059695294824
0.9943446046023243
0.02398920378948766
0.02952487169222149
0.02729545042677411
0.06135363660212988
0.12300381446480556
0.9784659021053267
0.11482680516487913
0.029943977239771477
0.978411831341868
0.9630739888103947
0.20256361109233698
0.18959173353424896
0.09632240037615203
0.10824965433754681
0.13390912223955148
0.1589701973573191
0.15420699865524595
0.12530249431178997
0.9790659827360005
0.12421624034463355
0.1466579966231034
0.06367957049252644
0.19782773822811325
0.9347351503695986
0.9770183956291325
0.14890000278998308
0.08301970416259559
0.6900991288413313
0.9801233729139462
0.9881773756677381
0.035307755157413884
0.0338855935476718
0.14823247100996598
0.04512018994237893
0.05902961074924735
0.04795131158503305
0.10434164295069086
0.03450396060904046
0.10129314172937134
0.03205431276792909
0.9051497818985763
0.901271334410071
0.05488157470229333
0.9475767512408548
0.9835783222343514
0.9881523756528614
0.9820294886863795
0.11647152570734974
0.17394697762805078
0.8437493974867036
0.11434704912613733
0.055697578114516706
0.113852141279813
0.013204498927746488
0.042185419298384014
0.986764166083363
0.15640042384201217
0.14592466889793787
0.9559284763605034
0.023765493417969595
0.03068003390520683
0.6942873470455536
0.8027250125412096
0.08323437755867874
0.09648220549940607
0.11156941122464552
0.10035832636481438
0.08688962101284728
0.997421057241053
0.9679870152396601
0.1062483369844694
0.15539311325061342
0.17793056767291457
0.8236953082246271
0.9971089030936432
0.9778950320960169
0.11482354853811232
0.6680626107896092
0.07126488328482145
0.22086129084479225
0.24335130513728973
0.20986281879615773
0.8540364615491575
0.15188124297531
0.994652354211623
0.9927308626105784
0.03927010132274059
0.9868145261749899
0.037803633499698265
0.11769347784665647
0.07881848631149084
0.18619184227941168
0.08360425765275808
0.08648553169203023
0.6469598489790023
0.01851078531744639
0.09267769100569184
0.06917818247364534
0.1012315395648202
0.01570065293102876
0.13346447094478014
0.49784958872913393
0.9866350550742748
0.9485419481878253
0.13306143039058912
0.06754776720948892
0.07212406860680749
0.9313368431884559
0.03308308729077784
0.9527190572281965
0.023747977852363687
0.12474361953839685
0.04065369107592449
0.947854358116312
0.1808501854794895
0.9772684509174371
0.3579616717588652
0.8473890765154877
0.8548175557261889
0.114426636407238
0.9373097665087304
0.053952584420208415
0.9656455517651769
0.03338897654261213
0.03725234648439761
0.6149989833235456
0.03294866620595311
0.041422531547215834
0.039048942735809625
0.17139097470376535
0.9672631670050279
0.11543409028858885
0.055252479631440234
0.7619922269297571
0.114580205391653
0.9915249112344854
0.975649694404406
0.188808008432045
0.16374476799098106
0.9962347125318027
0.26427699930098136
0.032228287273084334
0.031213275495663533
0.9632451108479103
0.48117986371806754
0.330237103108064
0.14833037823391282
0.08283857076438053
0.11959129241448566
0.11170021605232705
0.12975700037750898
0.017734803187560332
0.10403580737432233
0.05583683165066311
0.05366917868188672
0.07263417454493301
0.2884616657632609
0.29725400760922827
0.12678803256034818
0.033594303450019236
0.9656522411686029
0.08383062438915181
0.1457578324380976
0.0846321786040866
0.47983722256518685
0.1299541556315548
0.9861743793716832
0.09615430459964174
5.29895765657615e-05
0.9098057428915163
0.10723223230992654
0.23473152783852286
0.9743508619481267
0.10069085102894448
0.9705820551367332
0.15490311397732645
0.09147779545933489
0.0680901388102545
0.5164367964823591
0.996321874026826
0.22153803694508983
0.9948644543219849
0.9884767246808038
0.09933173164535014
0.0687135724279713
0.08368434330270753
0.9879876544368876
0.9437525196501818
0.9442668246135514
0.07687905229422388
0.20600390063100177
0.2597917767880299
0.03493407820443667
0.7677127977704941
0.08172974296480749
0.030303397844214076
0.9767720591706166
0.0910298116011577
0.12459360538284867
0.026251988823335362
0.10904925746182455
0.11460860313578664
0.2952539764360862
0.030243303009697013
0.06414300673338513
0.11290744416612693
0.9973309303732779
0.18753450125300528
0.9875023021508209
0.07788079567675837
0.06445028432728188
0.10754061543115997
0.3346185232036166
0.9166188130144812
0.03792609554546186
0.028315051152915726
0.9835641592494382
0.03936861947212641
0.0006858965876782928
0.201213114514511
0.17369867355268506
0.028898524758883326
0.9889018007628595
0.0994485481745799
8.055671248412064e-20
0.11561375038509168
0.05809367683478992
0.14096126036265633
0.9282212222447651
0.9662787881021151
0.040887326862403636
0.06213106126064071
0.03635092619457688
0.14110182675897412
0.9852251144174674
0.9193183135247174
0.01671261170663292
0.41049366665555936
0.061699100705434065
0.10312554289923774
0.009399844182614994
0.9904177160769168
0.3308870149505883
0.034362437285564595
0.7642711413780894
0.900080604749835
0.14295190137047492
9.180486753522434e-06
0.15092213286916595
0.5973455012647794
0.17345929540052385
0.08651039449119674
0.27085483448815195
0.9432043728632018
0.9779392026007008
0.18588393565506375
0.023406703052008298
0.9922202525889643
0.9957376335621733
0.30023337751784884
0.1311963519913939
0.16970059136097093
0.9280189571589559
0.9770667485540083
0.9967365780059366
0.37044695792130333
0.9583899306545687
0.10393270767367933
0.031184624663200853
0.9944854658402731
0.926699226444637
0.06215678788177002
0.25485811876815845
0.15308432902068966
0.9454517546042048
0.06833219720146357
0.08621511241951894
0.13169855458196258
0.023737224130775534
0.09082230043936591
0.2028085381832889
0.601278568292309
0.042840997457444595
0.9940674197622279
0.9123312581997952
0.03666660336499816
0.09032311722342505
0.0008563620618312696
0.924192060914423
0.9460795183851045
0.9947983523771049
0.256859095571982
0.043083871182501385
0.7443259906103163
0.773538078496645
0.8975219369867373
0.968587618114827
0.5584300814902506
0.15612245980305237
0.9688785418240482
0.9937582505057776
0.027994136590511892
0.9162698951924888
0.1628523366133719
0.16966775875823395
0.14568952875516494
0.12718336638364694
0.15613522079456899
0.032139536530535265
0.1320655480522361
0.9895896403975697
0.9608595302539464
0.8523550887166321
0.9540340801486971
0.03764641053761569
0.11164798999108379
0.13530202807949052
0.34555429221112227
0.1351467093854059
0.984359781734483
0.02804713124369239
0.15501879676864194
0.9334156689581868
0.03309926455767585
0.07468391450866789
0.9989575225531546
0.14900768622889346
0.9856444099474284
0.9449639921970516
0.12429519382255459
0.01946935909507305
0.029768818326344385
0.11411124848484505
0.13080408647793754
0.06321777221896865
0.12899340758257513
0.18410461807331027
0.13569214286400264
0.14287998448794828
0.7686848042449826
0.10269074663063474
0.11422903605268236
0.008590200501971287
0.045666131433297084
0.990313115297413
0.9802709205827318
0.03278650636898512
0.03726557324120526
0.07866503932810819
0.09284626975712404
0.04310989108236711
0.03051457535251805
0.992270221114162
0.04931386696282673
0.1587880285777469
0.13325125985819491
0.07586766949470893
0.9620413819800342
0.1385105030847628
0.9789032800457883
0.1486660890404945
0.04726057577211264
0.7624766218601553
0.07624212646422379
0.12702546737407222
0.34542679101536733
0.02627481693661404
0.2315937481296488
0.9924951566509108
0.7324489277922082
0.05171866797549424
0.049618731372010755
0.016327958120390337
0.9981735412290912
0.8611422530143809
0.9932805456014719
0.10300985400862926
0.9878987173102507
0.9533364489933518
0.03110835289345263
0.1648912860135264
0.1233928903590549
0.0424816566256912
0.9859938180079127
0.07138271054254246
0.9814288709792256
0.9641592590954365
0.03173253762360618
0.1200681231188818
0.09481147680709347
0.030383806524038538
0.0346548507812434
0.027870073960541704
0.2195314257480978
0.8461138952388415
0.9789264034640436
0.28924895310155646
0.038107216278541765
0.9369203870954265
0.6288276306221082
0.05644752096045413
0.1577348614222441
0.48189538867819853
0.8733717587570208
0.06124595721430638
0.15656187268988556
0.04191859810892536
0.05339486843732637
0.0683124094161437
0.06996286332536951
0.07580271605624876
0.9242952090610003
0.9527418440130005
0.19738365870482424
0.029088558104044267
0.03448108354961248
0.93643052556549
0.8004606900761237
0.9823702394818845
0.1046671489456707
0.04713253602782264
0.16206755857519983
0.12559987913318565
0.21417999930267329
0.20833520930024443
0.8807333756987603
0.033661991233565086
0.0437200917896897
0.030491358926525318
0.04608871915833828
0.04013238508500487
0.0824729471934694
0.0599796418905035
0.08761807043437911
0.10651178070064793
0.0918354230107336
0.03904852872377796
0.07229351369162863
0.902493713114368
0.9715294170870228
0.9611493713373928
0.09042939883629916
0.03203010772404981
0.43115194303728704
0.019542398184627895
0.11413183842375836
0.17912379650329327
0.32293067362437644
0.007136488747990869
0.1029329125191267
0.16751534531199597
0.16443491300323912
0.09103216265659396
0.12196098114316022
0.1419519012620624
0.14041803244849677
0.1279762992137193
0.06072754868580317
0.038156191723577926
0.10091123717432568
0.11384753215644036
0.14987646086402706
0.15017437765042085
0.030191710482877946
0.047300756506908244
0.01261689338201437
0.15308596632511626
0.03739682939798513
0.10999418060706755
0.04665421024482901
0.016137750510246823
0.10238570593441475
0.019583245974083608
0.0667821606317151
0.032270667945794876
0.11576826757296635
0.04093230590049176
0.019372554142009404
0.08370519217798653
0.016607364903967414
0.148238009312405
0.005935340088145591
0.2130781406953286
0.04965701048003881
0.05537877729530875
0.3279831631013873
0.11029686952833252
0.8376673645373908
0.00019816677406264135
0.10673902398400473
0.14664171980906804
0.04910329701459669
0.09172240979948403
0.020848077279129972
0.536813610400439
0.0964959744322961
0.1106633021101947
0.018236619141328868
0.07542333975195857
0.12054971737590157
0.15291837428524435
0.6391188814342803
0.17208854307876495
0.036919526469949566
0.0019016497209566744
4.156705330681248e-05
0.05775030197358901
0.0006467127820923193
0.12326789849232346
0.6792120516786676
0.15983539312616765
0.09889372021196469
0.11966159220661346
0.015606372195384265
0.13075908190322239
0.1018890970847007
0.1013677606971312
0.06148475512690546
0.13358810339113067
0.19578316276930244
0.1389980485563341
0.15104551567371954
0.6546793481374311
0.926834003167131
0.08699981943112141
0.12682255202930087
0.12294977383824468
0.048599974329034026
0.23308834194342798
0.12064465186945363
0.03400296727982696
0.09847275932116352
0.2682712661806046
0.10578819483019503
0.15365180318156865
0.030333855513008556
0.16160974116673785
0.04298422616763368
0.3458810990686366
0.7875525771113524
0.049550758732597545
0.08055741614423151
0.11248555477489741
0.19316550079633513
0.9500467629450643
0.1567749320276414
0.053151542688341144
0.013568827227394043
0.13988424082084328
0.19192552013768702
0.14798240418099537
0.06040273632769546
0.3363603349026859
0.500780648749769
0.12566750330527318
0.09959913603341154
0.07474278170349088
0.11994274854394828
0.07803243300552584
0.1394870715600276
0.11412964359346506
0.11629523242364771
0.12359694733306784
0.1395654738105338
0.22064877795289292
0.1312662620032819
0.00038773828673679093
0.12909212852778196
0.19528488030785693
0.08666881960802687
0.08731444823481432
0.11197128490547255
0.1661993841803906
0.04302385069601673
0.688475068306287
0.02119685420223254
0.3516862626624038
0.12260723553306299
0.10651816368777514
0.1045662463826186
0.1283585289196831
0.35217397320728816
0.14852993949747906
0.17325525781067203
0.10463346567411849
0.08623161758126052
0.01860151458233288
0.10509188406164002
0.08914667640636117
0.14007319158054202
0.0955622783156577
0.10896001918207655
0.019245028848953932
0.06911692600000108
0.0875884913938114
0.14104904467438606
3.7523699598396483e-10
0.14228237493841608
0.09696123163539687
0.07300808118275605
0.033406212098119094
0.0035429056843266924
0.040817200151923194
0.14203867949524462
0.09977860844399869
0.11611276577279848
0.08240385181350111
0.988244875393762
0.1587563366207655
0.19791041240577617
0.11836612328818791
0.398033796868985
0.08685007363689151
0.14278594983408208
0.12575186851724016
0.04399393550984125
0.9270569997985801
0.14548715934960005
0.02379250035295521
0.16369090104180967
0.09527447615560201
0.06461004346652362
0.17757903085647045
0.10272809668848563
0.059998426736143744
0.24123911271507636
0.16382081715363236
0.12017381231950026
0.995393392167767
0.18775599455036715
0.02785994526757222
0.172497678631408
0.1505862181998288
0.0040924461631431765
0.7663745981127628
0.14538296421041738
0.9522219007334273
0.13722525023674204
0.013531135730812688
0.1320998339175849
0.18093054067512074
0.01387240872027326
0.1073200218245477
0.17803114232516032
0.30659760559803584
0.10826037740102372
0.41288156202078186
0.30503897439092753
0.05362836604623903
0.03925375120292522
0.09869591546186138
0.10457501923720837
0.15103300007693188
0.955303678176378
0.016448591545160096
0.11459716226056499
0.12013147597140963
0.02911802593898356
0.07407558599130608
0.10142637103064708
0.022915213167636922
0.09373998552693256
0.032732730903663514
0.0005474059668436658
0.9831774275733459
0.7863485055798115
0.056748940461199875
0.14012819997032191
0.9475613751097716
0.033091786212282676
0.13013268374928683
0.1265305002076588
0.039667816003780255
0.026399943058862067
0.1192590156722848
0.1469906752129142
0.13819971727246277
0.210073114204798
0.0841045346988565
0.061400363768429014
0.019395675880230147
0.12783176074929217
0.12862236517462441
0.07249645856943017
0.4140840260472548
0.19363218217279327
0.08221565472854903
0.13480617210150936
0.15828981955634988
0.7453669734688168
0.13866530494007287
0.1407883541187856
0.1225217666693828
0.10104277165146179
0.13712178387334295
0.29684684029575065
0.08116011705469899
0.3896800437543258
0.1297706442946453
0.15329123316322085
0.13465797280972128
0.13982122741583353
9.940952858176637e-18
0.12011207511266572
0.9092600566316068
0.14565254490810242
0.12851574529030527
0.09362292716286265
0.09276349195667404
0.11836392381550766
0.14359644530773533
0.1297477710708705
0.03609849084831422
0.11649615878450943
0.120180863229524
0.05611651122325339
0.19223233667440498
0.11046027962649967
0.1151019884311362
0.07194757636189895
0.0010447373974802885
0.08756504700452898
0.1433009041050044
0.07383897020982134
0.07859235250560341
0.12822055617275166
0.12895917067919496
0.26381206294409343
0.09162217473866621
0.021995624234415263
0.11860091459946398
0.1482855970023529
4.2733906378163633e-23
0.02504561344011917
0.9469032588924575
0.059727079553040324
0.10331054147073815
0.12960730871407325
0.08618760940864337
0.13750735013850227
0.11430145228459909
0.12647503305694544
0.11799113925433272
0.19044895858832953
0.1457547345247919
0.09824433260404296
0.020781358465012563
0.03025316992815307
0.17604227343696682
0.04289856300139772
0.0575393185711493
0.13574555357661572
0.0036173667943977033
0.053389769400854735
0.010941496519682741
0.11270616116912212
0.3602522259557418
0.10053730833902234
0.03757971336591989
0.12524719010021615
0.5813489731348845
0.1445744224141458
0.0774821331467744
0.043730558324110706
0.8652439291935102
0.06914057780820827
0.23351378298021966
0.12809238972748319
0.17829595048209898
0.10411927650943105
0.16141785427483707
0.1507604412617708
0.11943703722570902
0.1174257763169409
0.044660307581610596
0.1481620255607935
0.1442678849404969
0.15783399231902587
0.0005218892558337422
0.0586592780660701
0.13660305995606645
0.0439762954505438
0.16544854171839582
0.26534576633931206
0.14096860091574023
0.08211557790551959
0.0035717523291442753
0.09770218190134497
0.05462528760090999
0.11468645018362295
0.6038581038574293
0.12955222659050036
0.13079437593437154
0.00835876312973462
0.10220537615959249
0.006682405678516065
0.11011067646708309
0.14691228473790333
0.9274998828136967
0.009259121176837188
0.11780282389295507
0.10986178608729595
0.02708047217457572
0.6358749114597252
0.2633502951953502
0.13854687552448813
0.11535162822929543
0.005639971477337657
0.0339262636922418
0.03984395443935881
0.4185222107214253
0.18164569442101858
0.8578792530140743
0.05430505582303982
0.028421728035781864
0.1721381557405925
0.13881432908766897
0.010100747914118031
0.1331270841593777
0.10613228551745661
0.12667810727842663
0.1311313824506607
0.06105374259648386
0.09445786478297673
0.015160285231604948
0.2108233539887825
0.07271994470618512
0.05221032269730985
0.3147801403437679
0.021176957756318563
0.0675646054446966
0.1607738121109228
0.47331137988440247
0.11765631211480243
0.13952460751685236
0.11992152713543129
0.11931461758610287
0.11024894327681099
0.134286891313784
0.05428626169553473
0.018635381737091842
0.1311462067063222
0.1304837165724119
0.14396669217668703
0.1750323965795598
0.12290435643673692
0.11127296143638782
0.01380175159025508
0.8769416362252257
0.017722607820038483
0.1437691201871937
0.17373451497748885
0.12435017676812705
0.09950540910938066
0.05636356714116719
0.08596229204182224
0.6034380616971237
0.7935445726665299
0.09885883804363912
0.04834603215892097
0.14035472278080222
0.02210963533739402
0.021949123544511617
0.06314909801660458
0.15224181856097968
0.08551183508080976
0.15071199911084987
0.08895779751028483
0.12597415400770487
0.14577828312888783
0.11647531663490245
0.09716707639804144
0.7888648697182634
0.1382741374955593
0.13997971591813957
0.06133426826052136
0.1291315941582078
0.08185001319027625
0.10662376056527517
0.14935634143120413
0.11947804340544838
0.08721072596246303
0.1438599734715677
0.6524785887536866
0.03139650349190652
0.13789474163959484
0.10390899833736926
0.0594873531331795
0.24122136625208002
0.2985459617159079
0.09364398569722458
0.12736107527900697
0.3235559227579309
0.25428716151200015
0.15071420571756078
0.05095639528643151
0.042334417878565726
0.07328525388198781
0.12032476870058126
0.0844640087609507
0.10353047658979929
0.724872599847596
0.16788289733723996
0.3271867022538355
0.07319791332087379
0.20175340249657794
0.15580558237529551
0.1115034823263645
0.4891720589122643
0.13330229966481136
0.07918070185889031
0.9335902096661477
0.12401995013477776
0.10488165546348925
0.13371846740311447
0.16213556801800366
0.09578685746640256
0.16196082420394228
0.110747882702233
0.05467090596066978
0.09082513250635818
0.1058008883522655
0.06881049483903813
0.8853231686276477
0.04336009374528943
0.14592827593317106
0.7597203816769648
0.12509109076541938
0.07557291698996024
0.055015972754038446
0.08249642147957575
0.06690771270966318
0.12838617076809564
0.1328505417363146
0.010546531271636952
0.013139015833906526
0.10480865201298986
0.1115868973749273
0.14347760616343194
0.11528745908249277
0.03144381024078252
0.15465574006946267
0.11877352629075279
0.11966341357489127
0.10718932316988115
0.0824000717563924
0.2171240010488815
0.0991071688616745
0.12896490462963112
0.09044662839926047
0.0004760730091383418
0.12253407789797746
0.09048042944364332
0.10592542426628686
0.10410024863831537
0.07395055580269598
0.07920365342871548
0.09448425745412849
0.2892045509180137
0.217404691224225
0.08591730015045013
0.07626902932662295
0.14663614148146606
0.11900154273853429
0.0602885992796973
0.15173954129286069
0.1887533314243249
0.44830737349936645
0.043879497775573865
0.311623460693856
0.08009171067148271
0.08743202356170701
0.10686330137053034
0.1318423452474529
0.12701073493968332
0.32971029037332467
0.1535318643360062
0.1264515570153097
0.1011378020898696
0.08966910034488698
0.037075708476921036
0.09300237304888177
0.20919447951727313
0.06411363010126599
0.14023490032858962
0.13028867441525416
0.021903944266387153
0.6183659194017573
0.16985704881916378
0.05595742257332
0.05590389193350901
0.1725004051876947
0.15954903198805978
0.06364175621669367
0.14105945034772557
0.7091025156243314
0.09640055451485412
0.02188230388256927
0.04857079844385002
0.05316788735471525
0.04884079420410016
0.04544761107545259
0.045926409637137
0.2631086892549644
0.004773894049519705
0.0904485282851526
0.12193764028470265
0.07540252609183991
0.03345943279742654
0.023912140486862393
0.13723429682940355
0.6612495951877333
0.13692555033611978
0.1448224895411775
0.09136598937302634
0.05915501058697385
0.02883608156275565
0.06749708099752402
0.03573105029562819
0.13135684670803774
0.8205824867919876
0.1447905496213844
0.12792581661591357
0.09318286358988201
0.13088056355138825
0.017923092322217306
0.11138669148451141
0.11385463750849104
0.16246295764518515
0.13595387621489502
0.08524371766344088
0.14896983399186856
0.17900527214302084
0.4431388210480871
0.11848406806818673
0.0028130183573484083
0.30552444300331477
0.14573959210627782
0.14414348890729947
0.054607481192869484
0.1311564078192841
0.010310547088957723
0.6320335566676951
0.08970655570831888
0.10781155812181531
0.1351661699890717
0.028061945148101803
0.11280005245706094
0.14862952524722184
0.6877122496159951
0.16509950382817737
0.18148798554717352
0.03263506690853342
0.16101251432842603
0.04767012728077659
0.047178100513437314
0.15732332121586343
0.032976242774172625
0.04406409566810209
0.033977128939182026
0.9885428394961119
0.03984104222012056
0.03988840432327578
0.04499022146102367
0.08965683969166983
0.03513570396641425
0.820707821952272
0.21890422287871494
0.08126100760543685
0.026204272549059302
0.028996649477239126
0.15912005936186963
0.12421715971069694
0.0593502881102316
0.043578793213872764
0.04221663168180308
0.14482741917580552
0.9136834941481153
0.148314628755414
0.0611198677275167
0.1557337681216418
0.15798753709117036
0.029202449397455713
0.028065088088414188
0.15719134919440098
0.1685172187075676
0.04913040988962631
0.15310087867065533
0.1599327855970439
0.06241299941785517
0.026786636921393967
0.15504620443151465
0.09132636376043704
0.048408064501830494
0.1749599955103074
0.2028403169097617
0.169367918826097
0.1328383107646548
0.16592282096985708
0.2324607149280203
0.07725019382672339
0.03846899982803322
0.03345076289310066
0.14174044158738927
0.3019476540422051
0.02716714701736649
0.02097235125605009
0.15217041735228176
0.2204220309385047
0.06297821291835241
0.027690311455992225
0.18361520040108534
0.15006634007389474
0.16741555952977397
0.17921653592994477
0.16371043127779003
0.039843422984042566
0.07204185590759381
0.15027519736001493
0.04031591920818603
0.9673962444660027
0.13011805126614823
0.05919195082927284
0.18800856468670255
0.042316719918602745
0.9975396867154875
0.032370713108614745
0.05983075689296117
0.0641211654749111
0.20723178747441232
0.112573948229129
0.16073102782994791
0.13571539466384835
0.9386972939026781
0.08954406077206015
0.07416184965152851
0.1373764792782346
0.03828190371844224
0.9965694600320938
0.06193975231378863
0.1949054118465962
0.15459356385209508
0.04040902484866013
0.1518568495748821
0.08235033480261783
0.14655734573064577
0.03287404195588486
0.07426146421437697
0.10617130028208348
0.17913807797283496
0.05158679284529718
0.05063022641924993
0.2790141942549373
0.19552675937391806
0.10505063229828335
0.14539237441047476
0.04271704381673598
0.15540311036297974
0.1458745834660394
0.041046245178374755
0.3473243570040136
0.29162322063838236
0.033691455762120126
0.5151479170936084
0.1548694336427422
0.200043845684263
0.04352417658426787
0.15714871046985554
0.17050227823851427
0.04713831856801598
0.07516903294841114
0.032089871994844324
0.20407120953493935
0.16985760060072216
0.03373023813876871
0.05980301450339933
0.045563649239760716
0.32605527025551745
0.05457270549343509
0.03918254209425011
0.18295869466573061
0.027117838601116457
0.043740507718571714
0.15349201630413783
0.031091851117081765
0.0808622084211539
0.11792425033028435
0.059539236145177955
0.22089411806743237
0.13478274163406398
0.03327935319058315
0.03155520692164846
0.03966514795664998
0.14264100645722422
0.03406349361282787
0.16238116107062678
0.03457473749778701
0.14406953128846092
0.365455291439252
0.18301690553493138
0.04926208291708113
0.0535200767265908
0.0428201479813536
0.15294254806402766
0.044897732237331026
0.18485559687445624
0.22635362328946818
0.16041757941329313
0.04363273410411921
0.032283590276516436
0.16742261600756544
0.20649580786224972
0.1738031789237326
0.17132106581279358
0.03859541010061228
0.2605260880684848
0.16293253282781028
0.05254089577925473
0.033813454661593446
0.05407620162914376
0.04595667975056385
0.16598574009183975
0.13739718118520095
0.02665301344945875
0.07980548910384556
0.20312048328636576
0.1642624865121079
0.029640969269289504
0.1641904349219993
0.1756625114143935
0.1579068306182327
0.5521526476249851
0.17502434206859455
0.1473524329498702
0.0372589748417026
0.046108263523282574
0.1776612100835559
0.12778504963058285
0.1542912727422334
0.34365769392050044
0.17582291607226294
0.1628966199290453
0.04485499940829064
0.029397517870592492
0.14528593406807275
0.14553579579446008
0.034714621293006585
0.049841222417740465
0.05089777075900795
0.13503572364532407
0.086190796274793
0.03338048955644108
0.1041652063811051
0.08315807766460136
0.24407764806414214
0.03884941159327362
0.08805692417926972
0.16337024282978005
0.153320092362737
0.16410717899230318
0.07644888871331307
0.029004465284961044
0.02707721638268028
0.039297072591357625
0.21470530943104732
0.0476545739157344
0.07112609184149792
0.02908626061201043
0.13187495484336156
0.04012014237813952
0.048285461358536313
0.07096717525774839
0.03653599927752445
0.035802966313387204
0.03376309847077137
0.02781467066166137
0.03800901183060432
0.04242200172377216
0.16158892894987706
0.12591676480169176
0.034243277623476696
0.0330803101256092
0.031084556423682113
0.04157998852414093
0.03371686602482882
0.17139805902550234
0.04633401390094788
0.16719727860187736
0.17126819850791644
0.167078179421235
0.046422655808191285
0.14939917209814108
0.093624224221813
0.03005673564904513
0.034259841936827996
0.1515130981334352
0.029895076888558882
0.15138928104579502
0.16503498212616327
0.028597251428949793
0.06632737497066964
0.15033135472825773
0.03614445957571305
0.03580762634208393
0.48418235602385407
0.030691474154723723
0.038245911439706216
0.14995179316346974
0.03475862506120749
0.026428701862760435
0.1691884881396651
0.6875343122237304
0.055738480273673105
0.14585047243945612
0.15539127073045705
0.08422043182848593
0.1978145272144989
0.03600655240630356
0.028994199893158448
0.17695192694894613
0.1484691704547914
0.16059307662801803
0.1409983312306234
0.17024043260094174
0.03884147024211416
0.22091510418451865
0.03515088880835778
0.20082956489502402
0.15713153471701563
0.05736713584271123
0.0479072792381749
0.02888990637855923
0.028976115140491556
0.03995483502195626
0.1556781707095776
0.09282283104691341
0.04081014289645172
0.03285097085013065
0.19092785810941576
0.057904785229834
0.1828998139330418
0.08938072185626629
0.13939342085963677
0.1635013103070125
0.0380155988558234
0.24357420239634253
0.15471495468658644
0.1682527832655274
0.8295787060759516
0.20844008316067095
0.19492533908095155
0.15887135917737533
0.14299536096916318
0.02898922843981496
0.9975602067366591
0.06818711592090196
0.075818420105077
0.14132721597585277
0.30829983803003985
0.18433494015573643
0.042102723801788526
0.14751442220171687
0.05777873093691116
0.07675916446907392
0.037716004649925965
0.15541342778751893
0.2368068203578392
0.9975017911122888
0.14118773397383436
0.029937220680379323
0.06766355679814352
0.0665219743325608
0.1597682343817695
0.18478949751191984
0.042963407048226536
0.06928393427009104
0.03958852714226421
0.03275630246831367
0.13131003402443658
0.5663309398408691
0.03085735722139024
0.02811583167779597
0.43970975804354356
0.9832237340148613
0.15636595451618554
0.030661937252346838
0.03337957325898619
0.028956232141733314
0.07647498751768071
0.04061494750075658
0.05119232183118189
0.031599069147853764
0.04280134320562965
0.18396640616598933
0.04179953186124564
0.050782617426259766
0.16996830970908589
0.03261906292916738
0.16277728661299024
0.15019557337543482
0.06756197884118674
0.05384867549128857
0.12593363910003638
0.13688885755153596
0.06749766360943063
0.08151216028852984
0.07823719780586649
0.046004448265656576
0.058762357910205676
0.1127569490236321
0.15640619582233323
0.1725498993748223
0.043991479961837755
0.15498839124815408
0.17631460735841378
0.14947719822940633
0.1462793640541386
0.031599155057176406
0.13856292091606076
0.08370234565560626
0.18844370772236796
0.14168643050000734
0.04001178306233569
0.1262751032930699
0.044168667115254225
0.0822901636087447
0.05973851186492018
0.15079400482166175
0.041617878358668925
0.02931345755535948
0.994908769142036
0.15858238475816008
0.15703805515716596
0.17955577811962442
0.13867952501076178
0.15517860155804303
0.1626368292263237
0.19696310496841607
0.058400897318693405
0.7230814186265594
0.033401600345049985
0.07906111334753872
0.1608480787939373
0.046878195582629456
0.12443558133828916
0.03826128135219091
0.16898452020958574
0.1916883822008026
0.02656292578402937
0.15424039897955372
0.058840729900756436
0.035140061040998295
0.026768407178160192
0.15688379293165608
0.036226308042075904
0.9643875427826876
0.4669037521426798
0.024865083586357275
0.03503982940748519
0.11912345268888438
0.483305250128275
0.04979724282997222
0.0715835476892445
0.03885417838382737
0.18658173689108445
0.04443231587782417
0.05445607390405271
0.1720344261805606
0.35155266830178933
0.1784591654434553
0.026025304059702853
0.15550608454349918
0.028677244788804228
0.0396193735462341
0.15039282387616332
0.22922519705278643
0.030515682169509076
0.047852989172462335
0.0366713692449916
0.21465738599689466
0.04059976047714068
0.9810925678541128
0.04607764025638787
0.03777481338728693
0.16227227503772934
0.16438838473837408
0.22779608004630578
0.0460218445066331
0.03323221782404119
0.1333205998011386
0.4058419741828189
0.030287362608769325
0.0387597248878367
0.14655845270036721
0.054967594280949925
0.16708179826050887
0.07146002620873568
0.040648081027173724
0.24486463079219578
0.12475926301734895
0.032044930668142575
0.33482499437153357
0.1660490224683327
0.0340597999181372
0.1611980784615541
0.14751235377270885
0.037219910912389714
0.16050709671331986
0.10280219721911517
0.02874084794357686
0.06884816475422174
0.12613756879261187
0.15139330554543817
0.05897002565171171
0.19347701855897884
0.054216872006584496
0.6111607778443254
0.1973611200824216
0.19213556994948708
0.09495811556461849
0.0333356145818468
0.1728127843546752
0.08139190967401133
0.155676280813348
0.0898904654492785
0.10963515118169537
0.05524267717127059
0.03910890247104315
0.033861060264817416
0.1569118082416586
0.05651421051760188
0.02496923311772534
0.045635639482009785
0.14385684442407556
0.03194918258239362
0.02881168770905682
0.16299976169495736
0.14249804853866752
0.24480236279616666
0.05573343002011239
0.03069361410094969
0.2266368640342563
0.03051572709483028
0.03155936179916866
0.17552944362177744
0.17685257178214467
0.029256338484159775
0.03775322189750661
0.031008307721674996
0.17063527622323488
0.07345486074146902
0.6455504324426702
0.9957401824058977
0.0307464413992636
0.19754160605539398
0.07227559364065064
0.1776478137297962
0.17358356046925247
0.03703849932720664
0.4063559555887433
0.030429083568502213
0.036917023892258906
0.9963920943542025
0.044119222118718326
0.07631263642545702
0.17538901914368413
0.03036416194878499
0.15807648658065368
0.037576759134952224
0.155729337350323
0.1370602339606055
0.0693150861833061
0.031348763204225936
0.18874638758587198
0.042639416138681524
0.03842482859204324
0.030962126664466114
0.0337726315760196
0.15604924169585088
0.026935906450946366
0.03589014485182319
0.18218576482095306
0.17296696973200176
0.055374088882774564
0.17478238693557674
0.09672902480854838
0.16980755960152216
0.05000400840827174
0.0434844211519438
0.03774012605496098
0.9902962625306474
0.02483792445264756
0.16359769316215172
0.033876257082878995
0.15611918317915024
0.14880332878543578
0.17290960677751868
0.21277034537980155
0.025462544461465425
0.03110304416238861
0.03251603509766174
0.03683450476016321
0.11443066858407021
0.0800750348522701
0.05341776897674113
0.15146215528193782
0.049424749080594625
0.026429617491660538
0.034411407156054855
0.16529876772108132
0.2098891672445009
0.9954348481796789
0.15545910150851644
0.03706715824849287
0.03978015688527982
0.04283289730143588
0.15960189207502348
0.27021608863376334
0.061527768226545834
0.050552310447956994
0.03609399186414268
0.04349385201480919
0.1904246085122308
0.03180788956735174
0.042314122834181865
0.031869919219951866
0.03796921243265312
0.14979480093575973
0.15437283733494164
0.052214485600814126
0.05386986736044735
0.15106538350401422
0.04434204511070198
0.1417576832223812
0.161905488381702
0.4701386787846805
0.28326874725671364
0.08746979316097092
0.988062421908006
0.04352926974654246
0.030688210373113832
0.24754656466226618
0.8046747138025636
0.0325250881477333
0.049391987060452176
0.14963205809085675
0.03663770466946234
0.1688365595398058
0.1499177573634534
0.16296304843162632
0.038938302622300254
0.16115380261017212
0.07570659610233821
0.9459179764935444
0.4389089324751343
0.034602478294886226
0.20718185351601406
0.1469095195649094
0.22326599368704897
0.027772601079248994
0.1584363055644609
0.02873631213225173
0.9948152542520582
0.026945145470454582
0.7813206846629
0.14851916092591463
0.027467143477577456
0.029195602660872004
0.033190167880710546
0.1519215198346217
0.028474324490065973
0.17461333204521864
0.971507276344531
0.03390839693567491
0.19850154182898663
0.027406026367426874
0.05338853803261332
0.07143336308479081
0.1671284938113684
0.15554279343495162
0.14020400072680378
0.03704841388582024
0.09903095396000221
0.03158575375213281
0.06513146599479797
0.036787889639823594
0.2711384467511651
0.029054766334914606
0.028935911212966847
0.3040813913918087
0.07329981886790238
0.06444893277244085
0.15276584992916284
0.15593990649244555
0.18430298327188638
0.028880322373845347
0.030984665025264726
0.1650101474639778
0.08485759424679007
0.19201618962003114
0.038887544342251355
0.20007224041929536
0.15184552675639476
0.059167189967432664
0.027771265151091042
0.08708168852975566
0.1397267041202439
0.03775879395367353
0.21684043444002116
0.15586148003135805
0.028119372592967533
0.046872606219108916
0.1843182402260793
0.03869007122069798
0.13903880235777138
0.03888195084333482
0.04834742390966411
0.177769868153232
0.15492240790551326
0.02980256684756509
0.1888663117680989
0.05323419781107335
0.2022057478002803
0.04076425371298936
0.15707567650894178
0.14794458128239152
0.029256319551456755
0.04430307537577645
0.08881203012031356
0.17171871326223695
0.15926241314855918
0.035784601874721544
0.09328934321051618
0.04396396034390912
0.03679785572705853
0.19345415907554916
0.029266376295897
0.1684563100134566
0.1680145443068177
0.4359459360165213
0.9988109231045246
0.03097292493430848
0.09473708833702128
0.06345587730285937
0.16048102793592411
0.1902303318798033
0.2984832443245466
0.1602834447761183
0.1530337750765049
0.054750760607472346
0.05954683736512701
0.02848631398759258
0.03364077743790831
0.03705418686108992
0.05434203477497266
0.11415146147562022
0.13894801465251583
0.06696973091152585
0.06301379378233596
0.05855071018603067
0.05417440940100115
0.08858525968061143
0.039816768515740744
0.18657606086990694
0.05197540428071486
0.3147774218059429
0.03815989399973316
0.09065161130161936
0.09638436069701042
0.03185336131572783
0.27795672884931305
0.9816608654846525
0.16618767285223826
0.06725046106565485
0.18750295614385284
0.04046093060516975
0.467386523675079
0.025064072171861913
0.0625195662508123
0.029858062006571248
0.19720993670842502
0.02948254796169369
0.04199448029687865
0.03732887147065449
0.18418918779857385
0.1819250478167524
0.09483871272444519
0.18475975857406268
0.1627369589028719
0.325548124117693
0.0392183000567218
0.11038808906501878
0.0881806762802736
0.21547873198535047
0.03407554424542276
0.12008729157084821
0.1499428891691683
0.027543268543527625
0.037660745178672114
0.13821674987376908
0.03700601751042138
0.09273822276690889
0.1786672802582911
0.16021940636785512
0.1944919693332855
0.041073372661594006
0.027131138187505364
0.15831282498391155
0.26686870418848274
0.05428997770191699
0.9554051744810697
0.14714466837819765
0.05333317656025268
0.14418023198237523
0.19649764018061258
0.00444530051923157
0.025559398053061292
0.0390165273276705
0.04129870999490674
0.030349152266934038
0.15498206232756387
0.04091595719344233
0.3933780300209188
0.13136247338728818
0.15261686528884424
0.1491390111142592
0.030496145058277666
0.16940473667380201
0.12236555271184679
0.036191424695705306
0.19839413946367984
0.03318386981514494
0.2837785035029018
0.019068620976209635
0.24876329975832714
0.03926311341848601
0.15329973314350814
0.0340391744596183
0.05120234703812193
0.05155890148076725
0.03900268488757617
0.04250211417811928
0.175195575892538
0.17224746855507175
0.030705844291347647
0.03556924982815494
0.09060802146652432
0.044424910210969996
0.08253088172707505
0.13898060182117314
0.13152533901388963
0.15999307030613863
0.03318510787849179
0.1404394056935028
0.03884084216665571
0.02734077278770008
0.1838859010462988
0.0782264444215355
0.04429247698826374
0.03515386063596911
0.17643303970280655
0.06748388678429852
0.10865100204017028
0.06525885132735228
0.3687794029146834
0.9903815037948045
0.25859730603462894
0.9918290088421978
0.9832555023383568
0.9906110396973231
0.24352781970436033
0.2729809703075148
0.9761183026657166
0.17460043455199212
0.172256936799291
0.924241447480468
0.1625333615768367
0.955119111304108
0.989825178983145
0.9693643078899227
0.9482437464111736
0.9542737859917942
0.9666723570979026
0.31248153745452284
0.9843121673200843
0.963683208322495
0.9459179936601064
0.9820389383852144
0.8711432491238298
0.9548119262075174
0.9568454460472209
0.20357945005359598
0.9857154444855678
0.9653426579138672
0.14274488711329122
0.9701446191906509
0.985638644369517
0.9733217908358742
0.9661232035772167
0.14381305699396768
0.17231371761740702
0.9553734680177149
0.6014822193060353
0.9464729197660424
0.6259865170415979
0.9809004183271599
0.20147811056924209
0.9893693762932636
0.7414232652417664
0.9489858669283485
0.9956196334386779
0.9823003193066211
0.9266623487792217
0.9366360844269378
0.8422151134442956
0.9524221695281606
0.9493037467356117
0.16006962019182056
0.9650595494476308
0.8901725476499321
0.17169174640884718
0.9311637817446335
0.9438939655826778
0.25920666641464335
0.16110997214459616
0.6136005892145675
0.15094675996531456
0.7972311921840286
0.8808113150032099
0.9805472159722973
0.18849320071665307
0.9862335941655133
0.9894024311146563
0.8325779157716392
0.8823128591566434
0.9811254214930217
0.9326364651857177
0.8386031770052964
0.6557086572913747
0.9667532013632357
0.9679402760360138
0.9254149988928035
0.9280219510722202
0.9712986518410173
0.9740557973428778
0.18515845962612038
0.9930268977575597
0.994365891576692
0.9395896909064637
0.35071808233754265
0.959716871242184
0.9554847550248217
0.9752547163430411
0.2672673116348027
0.15945790229681103
0.9696166832213191
0.2397820519820709
0.9877220551821523
0.9674493847252232
0.9992148154734128
0.14912420877324825
0.9756039126779895
0.7927375154525473
0.9676479555898657
0.9327167721013537
0.9470520116204902
0.19429648525425156
0.9606175320444429
0.22817380607977897
0.266296394087287
0.9416481371598419
0.1947662379210239
0.7892128819222943
0.8624299984308282
0.7574091054419243
0.14174005836888287
0.7276212260385556
0.9917982728853745
0.9361963321701663
0.8901238513697636
0.8549543282266205
0.9780967029108787
0.17824913172899884
0.9949324453637771
0.7531481544457804
0.9153427930504008
0.454213114563931
0.7644255962955453
0.9389951408104763
0.9401925427575619
0.8283194121766408
0.5369526519858641
0.19802951335137167
0.7235277017812318
0.9800131696830903
0.9545382523276105
0.9871245961104889
0.9983765381108759
0.8368237797575161
0.2514234319821148
0.1818983919530633
0.7609463729868625
0.9844265244643187
0.9920300612407791
0.947552794292095
0.16772496141273938
0.9858125866874397
0.9351814881420522
0.9940731361820895
0.979778456124148
0.9876080677003138
0.9339366474203187
0.9903466860103703
0.9940687267160634
0.9939805315109693
0.9982703525060392
0.16355300124459385
0.15536689420273136
0.9853434526059422
0.9334121409854197
0.22449654039628816
0.76520211837488
0.973502425234028
0.3138317090277682
0.8220834724942299
0.8808542176291297
0.1782567828731183
0.18943433003368826
0.14302193771812363
0.9893800522223947
0.9911883460605649
0.7991603440551494
0.9729489831183997
0.18020015768420714
0.9647592490455142
0.24693828564826756
0.9892127690256762
0.9932483560581877
0.9909462574092555
0.976180721471899
0.9746752697889007
0.17867526537856063
0.8377578594330906
0.9755872015082934
0.9835238538464027
0.29156807314120087
0.9532221042834674
0.1611328403679271
0.9930034119142296
0.8861931592102436
0.9609385715450177
0.1866862546456599
0.9671395129982185
0.9747614232009089
0.17148319840533705
0.6073859620685108
0.18571012082213217
0.16818998621887676
0.9907005010017251
0.7127492273418669
0.1559180486614607
0.9934895463655038
0.15066798031989756
0.9901911713483202
0.9320052185803457
0.1613440012544574
0.1708550199082589
0.18854673434274435
0.17744199333501065
0.9798913046715888
0.9392472460398082
0.8689308851289852
0.9673082939833433
0.9802842172630096
0.41966168945595694
0.9663329691765297
0.9860604671196712
0.18087328392782928
0.6579376857991162
0.9800057906247953
0.23427635017789902
0.9852300025779194
0.947969183385086
0.979031702012831
0.9229095360644788
0.9701237017091012
0.9899429840299996
0.1354056056078608
0.9810947573410357
0.9123769633211047
0.9702927655910285
0.6335570422016079
0.23097885193580445
0.16062092402915037
0.9123177248719652
0.9567712059750366
0.39273619951551664
0.9231290421025501
0.9882329021373668
0.9912807392225065
0.8627956380745807
0.17380023943725414
0.1569347466139289
0.9793798438477527
0.9182612127877157
0.9520497595475347
0.984394067277317
0.1887019904570839
0.9550348614710276
0.9737218444425798
0.17366763792668397
0.1574105967810265
0.1373537371154707
0.0516008256087434
0.16941173237165713
0.3373104616476972
0.1589137905847186
0.6694154742276385
0.6054116858556445
0.9961266171963506
0.1679299004078912
0.9898921693714936
0.9177533277472291
0.18726653427815454
0.19780706267975928
0.17330343145196028
0.17322339226359196
0.5128906080682821
0.9107019618680903
0.8772190589195248
0.8335833279902998
0.17349481979565268
0.8634624248070246
0.9975578985247326
0.956815812313379
0.17761222575102859
0.32175064465584563
0.9964409140655361
0.2261336963940567
0.8505638694393871
0.18052556034369727
0.1695847048050887
0.9248866446268089
0.9322914808624436
0.5983133116426683
0.9855389156318947
0.9874748357746405
0.9965923822846531
0.9189982532206821
0.17185604458623793
0.2815048554341594
0.8614710654021352
0.9267147541590312
0.16191603080210043
0.961881177439687
0.9896411588852474
0.18013047738974014
0.3702365387042829
0.9159004512862303
0.8851398071209072
0.16185439954640127
0.8643612064639374
0.9971969891964065
0.9963824731481059
0.9908987278124998
0.8887365103199211
0.9928058190889227
0.9054345955885976
0.8456989254350441
0.14612327414482779
0.9757177648541215
0.1658523998598873
0.9767575571865066
0.9735822008072038
0.9907483907379039
0.8747343112908356
0.14119310354816128
0.3370953750233385
0.898744296515778
0.9248307860810547
0.9847194283593663
0.9873269476731217
0.1575264985783237
0.176902020548378
0.2743736442029929
0.9927758272576581
0.1838015362272119
0.9908607754372635
0.1410247129675278
0.9228508438263957
0.983007263127718
0.9951927186018946
0.9962430663672163
0.9781399009449163
0.986693416066201
0.9300129368987406
0.9547766070648597
0.9525073084907859
0.2196039210667455
0.17545088261577715
0.9705728447942104
0.9962140662178791
0.39550017050843916
0.5067236711862709
0.9877678097120762
0.9554546854969128
0.9794291559248013
0.9530925493240228
0.9532819341588613
0.729528607470741
0.8924860483559381
0.5701139459449696
0.18571907833363896
0.9369641125813346
0.5363351080988196
0.21000293857348887
0.9755427084691676
0.17150354301429543
0.9755027517117237
0.8278738157682091
0.9952970282556395
0.3014603831786936
0.9483808628622009
0.9816554582850706
0.9897058338187549
0.9926615890904151
0.16269419654264375
0.9930600673744076
0.16011251953753192
0.9973908235939839
0.973946819531998
0.9418273679172198
0.22322401693882535
0.9886642872022189
0.8262260409245309
0.20860845071241763
0.9900685286145482
0.9818866563100126
0.9945542047079643
0.9697283181313309
0.9925495679916125
0.16597316283247218
0.8261145001866442
0.8724153734221711
0.996998907377444
0.9953539935976495
0.8439034852401772
0.9787406500853794
0.7692146806899829
0.9923731952244511
0.14300242894337417
0.6561688269649697
0.9899034683551013
0.9088403817628904
0.9806673159052265
0.996898131358872
0.2711630455344971
0.9971350267514391
0.5857018769256046
0.9706946019267473
0.9905651133778359
0.9279391225944896
0.9223373672725806
0.9911658624952152
0.1670229410456243
0.15629785862861173
0.9962068084089455
0.15610835866634495
0.9946072950286886
0.24848930795499022
0.9985689087284542
0.973625653109502
0.25058160543985153
0.9954169908378103
0.3235844550358628
0.9891949978616392
0.22722773612011182
0.9966295923220434
0.2792391561436099
0.9876732999323998
0.46744354007482475
0.9786264000776717
0.2359067994362146
0.995047465309325
0.8786664823079072
0.15540215899020834
0.9893762707889817
0.9857054382833328
0.9941283914577621
0.976453060704366
0.9835418727531748
0.16685169536923652
0.9313342871724118
0.16649701836657782
0.9842466776769786
0.964062118703232
0.9003792939315644
0.19100566050513582
0.5483026134767011
0.942224099487685
0.9978979171397192
0.17561084012897224
0.12747161094850326
0.9931059549646939
0.9819107946723075
0.16116210132105815
0.9910190382931179
0.16579897760475154
0.9836303898317453
0.9833667324798193
0.9577813744513858
0.9931896173999858
0.21219346562842856
0.19635792366795143
0.24369659144953035
0.21546899279534656
0.9903070216560357
0.9611422482651426
0.9919785232174706
0.23903890390252117
0.22555821951090593
0.9912834148179179
0.9913323873061491
0.7744824611491344
0.16681138020997527
0.9722608232864516
0.9857007185210863
0.423271390203139
0.9886878339782315
0.9931037113667491
0.9771500155746651
0.9869579378543856
0.16624918123903787
0.9008446790589465
0.9798943710095983
0.969040715330651
0.9937284841103475
0.9881931002441626
0.27976685541588775
0.17404053291420513
0.9985558529775909
0.9722221316507469
0.9770445701342528
0.9938507113271883
0.9925929625568446
0.9931656327739105
0.7626113040569541
0.9141728866666755
0.9644212340390633
0.972450154365623
0.9555820399118338
0.635814414342036
0.9912568199409653
0.9953362858877247
0.9906968959777508
0.216659273700803
0.9903303794933355
0.2218611570748549
0.22752727510871487
0.9696650075953199
0.9227295350909753
0.5974105355381
0.9516062818238505
0.9649163186039768
0.17066463279650587
0.18066868119808357
0.9898869109653522
0.7813562406386754
0.5438707575821148
0.9852237242531363
0.1566766825657611
0.9459337723553979
0.9938492822545049
0.8995938900214656
0.9860099483038691
0.9024672493035095
0.9428352465035533
0.14335474092553513
0.9535149324667783
0.1648578018466381
0.797245365287273
0.19289718283997598
0.9915188389355134
0.9979702780891823
0.737153250221857
0.9839636385277677
0.9808541181094609
0.15614779814285137
0.961273517530404
0.8892303989881587
0.961244071609225
0.16404218475780916
0.9982152953424859
0.7048209480067696
0.9884249836103615
0.992438098079202
0.8489831505693036
0.9845550598501795
0.9614226664020054
0.16735461379245128
0.949742119228381
0.9654398883516279
0.5472539002076665
0.9576361716263535
0.9797723686328602
0.9901279990733088
0.1520651938366584
0.9867999625905176
0.9493127838811
0.9341673907268809
0.9874724594002451
0.8809182865585005
0.1512883467817749
0.2721659952798178
0.23162183709553993
0.9537423517462178
0.15552884051779464
0.9632648235569276
0.9424976235208533
0.22181519425768106
0.987887091604216
0.9947648450656191
0.9520939790874253
0.6908692255042908
0.9502191488287084
0.9853724920325468
0.1931918435720744
0.4330608259742554
0.9904320694540257
0.944339044223753
0.17433731217441456
0.9409909747803781
0.19625773860703608
0.9811534826598701
0.19582982016269948
0.9926932472367417
0.5537794298813277
0.9901616673038147
0.9825805663311266
0.9520928550306358
0.7590116229796946
0.17537429823083886
0.9772442104784139
0.1936912732785591
0.6293786485560979
0.8482556611431137
0.9971225483957951
0.9396930606857857
0.16095994217674772
0.9432897896752462
0.2277959640578612
0.9967082361118889
0.9796221261144474
0.16706695957418827
0.18040788372201558
0.1538725667748605
0.2598576279100382
0.9777476408597245
0.9938249183124506
0.9847630008348847
0.15281561697332768
0.9704353249457965
0.9918950454919722
0.9035596778738254
0.5438111800065512
0.2121731319218515
0.9053395191887713
0.9898212007078655
0.9867705215724469
0.9322424249886981
0.16517278956253392
0.9747216871409788
0.20181427931649784
0.9672695058517395
0.16408260102500724
0.9902833988920057
0.985154243563895
0.2556475786816049
0.9911795204952459
0.9860805211328176
0.9817628212657846
0.9962190701146586
0.24350657770398704
0.9436638317505259
0.9821382584583083
0.9939426187895409
0.99978306192479
0.3813781309271812
0.9894265240851026
0.18000634084324896
0.9792809665975145
0.9792309661397459
0.9924477993736682
0.9954395767549046
0.9970070257101731
0.9879637353810087
0.9849417379622222
0.9006371987091696
0.6833337663691488
0.9921028842618165
0.9528218084303662
0.9899081340093526
0.9938115303629997
0.9854340702932813
0.9975346533280552
0.14988231228304477
0.9778981651988171
0.9986277240575425
0.20636236201376723
0.9587345616338412
0.9808532273722964
0.640056799488745
0.19686673779077976
0.9891130029629985
0.9656957160936301
0.9440635533734627
0.9866938878327856
0.9622404918511217
0.9985351862575391
0.6803570417481636
0.9771246859725975
0.16503485419896474
0.9897785373729743
0.9907216568423072
0.5490161764110136
0.19108757856390074
0.11403053975062753
0.1775749531755243
0.9664651042043103
0.9849557185158527
0.7674923678650181
0.2330455705976961
0.9833647945439213
0.16351276777615592
0.9959713263989675
0.992740254767356
0.7524014014935917
0.9669936522605032
0.9935195734809215
0.9965454974409518
0.16873954429272547
0.9789846683255278
0.9834580938810903
0.9287984633135488
0.9018634133454052
0.9604643097604122
0.9575958648026814
0.9791781209997202
0.1785969282441924
0.9538636302789375
0.9970354343764646
0.9933825674482122
0.9943585978224367
0.9856825365869457
0.9811097452250206
0.9920507147406986
0.9859042913881072
0.9573896872729424
0.18075534223137218
0.9954261892475962
0.9776398233098484
0.1562743531745508
0.19368515620605217
0.9839156915534384
0.919229022710777
0.175591045213109
0.9743701383786678
0.9775500414866074
0.9827499310928656
0.2058805205493128
0.9582139554375636
0.9917494576394281
0.988595546153682
0.9865030908312866
0.9302755091215882
0.9722811861641414
0.7698164753802658
0.996105200086192
0.15895029488361412
0.9739927128327431
0.8318299288134435
0.8048190627398473
0.9567573437250385
0.9792370533897494
0.8498707622380957
0.18697299220061384
0.9831475439727324
0.22364951465292376
0.9737990899208976
0.9826101913615168
0.9646707263096236
0.7227686514333435
0.9822590277316158
0.1569003364565285
0.9789937470244071
0.1850762238966679
0.20691192399143288
0.8519772713216189
0.16702360253373
0.6042656947112721
0.2665883825059955
0.987725831751753
0.961138405804527
0.8415058012503663
0.9867099866960388
0.15517286516125395
0.9239873883340526
0.24994122122258167
0.1674642513003089
0.947338148483766
0.16486877311402434
0.15915352524197096
0.9782761387547866
0.1733928972699979
0.9696691307753456
0.9880015113770136
0.9591934232846886
0.9488976828282457
0.9240591268461179
0.9961797036063169
0.12074497232079753
0.9957921827585271
0.9694633634689284
0.9216965453915779
0.26584478434571207
0.9968131820247956
0.236250077444233
0.8842274320516181
0.16602272996089998
0.9918436284985904
0.8435233655299589
0.6759368636380113
0.9832322400339552
0.9912817437618915
0.9901861854720733
0.8233536880919631
0.909961686166953
0.9535587553700398
0.16162114969368435
0.9847786460460285
0.9929971478502332
0.16751101745467445
0.2424804984612794
0.9564259414958756
0.9484673201261867
0.8454345113840404
0.21305912696373475
0.8438401101176151
0.99137420710683
0.9820758155283709
0.6461483888786618
0.9942689203538051
0.272394307067729
0.14466279661484588
0.8796305279800714
0.46765718852213284
0.18057609177214148
0.9874458056798802
0.14586536806908731
0.20687237537399483
0.9976927181641878
0.9773877655682465
0.9630196046751226
0.9893615349681196
0.16723998202476054
