Model: SOS
Dataset 8: lympho.mat
Time taken: 0.05265450477600098 seg.
Accuracy: 0.16666666666666666
@scores
0.5716060694113231
0.4978370565258912
0.9966844022829442
0.6966031891487169
0.36616222862864256
0.8549014151489095
0.07283782175813339
0.229768734933249
0.6599934421136471
0.18080930589004338
0.8596160290113979
0.3199866128435283
0.0949313904386622
0.1925171768164593
0.17429037603799366
0.07361139666985239
0.37224199845037353
0.4401681477007079
0.12152738349012604
0.1255609141019424
0.12764225472596313
0.016045774525305968
0.35415247467858907
0.28101890369701954
0.07277896281105828
0.211535640577692
0.535818882892799
0.23795374146352838
0.5429141798412813
0.9459054244526613
0.1340680872039004
0.11314868845739136
0.09446086103482129
0.4169952747454595
0.9517915403839613
0.3460376691761032
0.27532947320227663
0.08032237474124426
0.554584342185536
0.3324820478183635
0.355658696477609
0.41407837335265957
0.11713616961994518
0.6303291308600547
0.7265650549444502
0.11496891572190185
0.5078560422599524
0.9253163333070493
0.8480723257795186
0.02759043179476362
0.10028176965483475
0.7205347359403078
0.33133562400654987
0.8892385681345072
0.07928840784401504
0.3674683349085656
0.6028956701581477
0.08149084544038267
0.13969865832091097
0.5255235496580019
0.4874142984401992
0.8084526799576371
0.787381892773602
0.30650810158036523
0.9079628419787591
0.08229344176356894
0.7648099206419258
0.07939926042429894
0.5027619771411016
0.24510894872097683
0.07531291815904939
0.32726606766287114
0.26739855650334937
0.531228920558668
0.27102179862578885
0.036735353721409805
0.11123649757849743
0.3972704346802967
0.4351299796907305
0.8871143346623181
0.2468631977403463
0.0638191095992126
0.049643008751034966
0.03047997000244241
0.3930242357705248
0.9293294369538153
0.10027690485059525
0.8920049839956088
0.10213299865955588
0.4213044765602192
0.23178420014054843
0.5928864400891698
0.5696149260362766
0.5857015017159143
0.3896378501237659
0.9210957627725042
0.15470196157895566
0.1557966334465343
0.8773814994271149
0.052226331880606096
0.33374763716867906
0.13832416003909154
0.3264585301346252
0.6608652708174693
0.7903765668279836
0.5183920749092955
0.6940042103244529
0.07490150612677593
0.25885389705402645
0.1594805307904521
0.09626878855043292
0.282461179223367
0.3397358173130188
0.9501430305641594
0.38336634102736544
0.13072178250726732
0.25987738746171973
0.36169613345657764
0.5596445120807626
0.19092152970777937
0.2727659028648678
0.19901319355586036
0.595053196523592
0.09517997433760464
0.36719076739583417
0.7263414988106796
0.21454597729810831
0.9786509684828457
0.1522406512193238
0.19509054028850809
0.10781792954169792
0.16590831569689188
0.701043655991222
0.09856218883164217
0.21509935143699047
0.5949332378121965
0.06475677957936377
0.5678569534685943
0.314942757392032
0.17164238406647792
0.375586929434227
0.6400355398271673
0.39137987236053456
0.7740098517621523
0.06113473180464834
0.3633777984140663
0.2223124772107762
0.48570846528356504
