Model: SOS
Dataset 6: ionosphere.mat
Time taken: 0.21505093574523926 seg.
Accuracy: 0.6111111111111112
@scores
0.430462804235546
0.29186997956422106
0.8964097103893369
0.978473613939474
0.268000297497317
0.23629480153676555
0.35283636420766085
0.7001770411408443
0.27383981321278494
0.1920026113797295
0.12933357905127296
0.9998449032840389
0.15828128848096287
0.19754591886335274
0.8389955222527202
0.9936709324479038
0.08911091696652813
0.9999948244554923
0.5508148951965757
0.9999940505752599
0.23902530967340307
0.9999339653451941
0.42023084611295
0.9999621713968757
0.8008497008763378
0.9991454161534858
0.9759204326329413
0.9996543797514447
0.846270650285963
0.9999950394869562
0.3508066404717252
0.9989458035731023
0.22785448999454497
0.8902964709003283
0.09158589655823347
0.23613518755953766
0.045911653852283366
0.9999880032387536
0.16374017590445566
0.9740771346435535
0.06954392923117136
0.999433982366728
0.8332279670250735
0.9999960330686644
0.11530856526091353
0.999826561952271
0.028692553354661428
0.19422703234256405
0.07058499072154567
0.4304436370306421
0.13194786031900727
0.9999855081550258
0.9898404554541209
0.9999971854719022
0.12104560018977022
0.9973642363685266
0.30325319701580866
0.9999967661111634
0.14135413413686726
0.996570817836143
0.17552648082456268
0.8840326362679355
0.20185854771216127
0.9996549642483941
0.10240896576621387
0.9873714554063525
0.3159040055499266
0.22737431753621598
0.42096032422693436
0.9999978988798288
0.16973982216265243
0.9999903927148999
0.16963651746545771
0.19636184832678252
0.08497732172578631
0.8568563142918001
0.014320556147712283
0.7121331927701011
0.9960441143029543
0.801250555581843
0.9967508093693479
0.9950876566042546
0.12336465313881607
0.27495794729891854
0.3512439755174515
0.9837132011226133
0.8745623830549444
0.26239645167174686
0.050641996100511406
0.8616413627859767
0.6376048272275214
0.2222290600318151
0.8630933790771543
0.1496479287852392
0.6089174220841217
0.9953221016759332
0.3176794861056109
0.27832119489839063
0.9901401666408793
0.1194591606011614
0.9814678359497372
0.2131728695976134
0.0019552028424537505
0.34956901422375775
0.02478550270094748
0.4972549712943358
0.06094736758216054
0.6093263760155707
0.19217721367948626
0.4222917521158129
0.9400621070859626
0.15176193644268607
0.24376700508411303
0.1799700847178761
0.15152262211772755
0.0711179257016588
0.4682750086552505
0.0748725913194533
0.6118204133654712
0.10083286326677726
0.12328786634759811
0.9259769944795149
0.9133649472563939
0.41689977439708154
0.9917988342084472
0.943077260984739
0.31465569905616686
0.10891847601677111
0.4919717613661746
0.04152112313006571
0.11765893343286349
0.07122756794630007
0.6040394853553432
0.15728101979448156
0.2091769521904771
0.3296549727282184
0.9995332760774053
0.3169519989521914
0.17382984369204274
0.8357409294921777
0.047520493419152474
0.14203085263184836
0.9939198819008783
0.11859831567634947
0.05368534918133692
0.06777007593750801
0.08560607713842618
0.7845182933798454
0.14808488207199783
0.6729889306189617
0.06945527047775372
0.05730955888891698
0.014031350206397203
0.16420500314546696
0.03716048288393979
0.05686557562437967
0.0021539710393697923
0.5562315297836689
0.14145906623894333
0.36620935979008756
0.007120988634104927
0.11750421679975434
0.9998364853127387
0.1759514317219355
0.999985679699844
0.7251075411209076
0.9998822945671516
0.9897354830626446
0.06748603890881531
0.7450210988846276
0.9999591664751387
0.9577794166179388
0.997554581662639
0.9806294855224258
0.9485922425654375
0.6494095406278527
0.9956740274256498
0.7875614231683999
0.03198437941995505
0.09147509657920555
0.9856774521718102
0.2977975073773558
0.9999694930073673
0.15743128452864366
0.9999079649963285
0.06611013592135286
0.999993301930552
0.996571954504184
0.9999910822412794
0.9775333426411266
0.9969607216618549
0.0462468038645622
0.99501394123254
0.571148983790123
0.9955922174984373
0.05453750640032296
0.9999403617979521
0.5639957595600024
0.9100109265461137
0.06209755497113319
0.9998167488454197
0.19737280282538866
0.9998814095859483
0.23778380093334217
0.9999795114311703
0.8338836448516418
0.9999601530406297
0.8238405720933968
0.2853286203844035
0.4406852672966755
0.9999681570109258
0.11263283249925705
0.571542833883685
0.837111245401016
0.9999959920635584
0.12671901740924713
0.9996840510231816
0.07583913088595683
0.9909570144796672
0.37375211150975957
0.9994025223190318
0.25694155706163446
0.9999951471400609
0.20925624301132414
0.7524326700608014
0.16960062674807377
0.9906475863663883
0.3033118207586124
0.9825882400642343
0.9723050242616466
0.0007492626296440547
0.1410673453717728
0.9994085752800176
0.24078457522702149
0.1293603372903764
0.5386794048261402
0.6617322418730136
0.08820442844475568
0.005113177852010641
0.07848700876059504
0.27940085742986015
0.11841662116045025
0.27418459002141327
0.046490381264419046
0.29942623396240975
0.03766881883905702
0.8841316334960857
0.013412724020190387
0.0019552028424537522
0.8611426453802706
0.9963549438057064
0.2760762663744626
0.9709074381841319
0.7707400060714984
0.09081744225967014
0.14173669065296368
0.02510739708706672
0.9432052055512344
0.19468498618530342
0.09823892364125461
0.05765931681003501
0.21788388645846468
0.21463239393721545
0.1402042885154964
0.630690272751653
0.18209987096825678
0.32879663716928853
0.9362844804026027
0.8269130102066018
0.09977554408599962
0.5446221496827016
0.7475583542995357
0.04450719028329482
0.0153054762354954
0.6070313505853339
0.4810860791589618
0.13458795170563165
0.0884477456608524
0.21003591893842427
0.12885545027354392
0.13459893118216315
0.17741888034107367
0.15900141531619577
0.6787025630109647
0.007503777443430738
0.9219352620464679
0.2387305304327414
0.181690153197934
0.024381170142685572
0.7932613541162123
0.3880234022165712
0.7235525825081478
0.6252850573419133
0.6533182070406153
0.6238565621752223
0.08551147648715854
0.1846166326657855
0.7292761557337485
0.8271888744585532
0.37162588932037505
0.14794100205039246
0.2550816755413774
0.07958224952504332
0.06491106435995399
0.27116589726150025
0.8891570959624573
0.5653602776133995
0.9928022521351828
0.5766388232860219
0.10934365322844486
0.15078711627607683
0.5343149919717343
0.1142659951651773
0.9586766537565097
0.07382841152378881
0.19170295817790736
0.268671997591201
0.7813296306608332
0.024442932020120604
0.15912858975953773
0.12865191412678312
0.022019921500859074
0.637219310499123
0.6901129714429847
0.12554716197519547
0.1283306913153737
0.16475987060736202
0.2726082442972717
0.4834621696208876
0.2570906557583386
0.7121980409253119
0.39834675011212195
0.02313117049074026
0.057043331004073466
0.21290146753549233
0.2562921824186179
0.08650138353350603
0.22505628786520024
0.08053670359018975
0.12946668779169082
0.17211181323519595
0.08095227706707761
0.5460511032808452
0.35431889517879944
0.017882514367578126
0.3276039327251918
0.5920929637361613
0.07495083070003766
0.013891555803257212
0.5471448702044299
0.34726879729462
