Model: SOS
Dataset 7: letter.mat
Time taken: 25.992334604263306 seg.
Accuracy: 0.06
@scores
0.9999984129170564
0.8743681611283057
0.7502750557470048
0.15569264239420744
0.028962753971881975
0.7485263598272388
0.5689107413788286
0.02947626238977709
0.9967234659412834
0.07053023921344191
0.9999781007192228
0.9964836872537662
0.9972657359229319
0.9993389104627061
0.9955425835582747
0.994806865814047
0.7650815803355713
0.9991741118511454
0.9993664537649197
0.9998952177168973
0.9509276603467945
0.9765346314081368
0.6779423545460793
0.9998556898253095
0.9555064725123267
0.960771183838245
0.9988276354248556
0.9680973347092221
0.9345663115617514
0.9964314718579069
0.01865402301373815
0.7290376665905565
0.879142807273347
0.9999971367524139
0.7665982985410292
0.9947383139449067
0.12658150404395951
0.9678194226925206
0.9958869709731827
0.9999780094953595
0.00019113105804566589
0.8396720532506291
0.9999512729087741
0.9908772697707984
0.9997866627411901
0.9535122155122698
0.30936394385169425
0.9918978865310665
0.9972013070436082
0.9989496373666558
0.9768145506927706
0.8018080717433671
0.929794605005955
0.8288903554494528
1.632390572494678e-17
0.9865244291369355
0.9996994765640352
0.9987780752879625
0.9963285421637967
0.9759112987198177
0.9773258477417943
0.9972354453435689
0.983071825595372
0.5040824190244758
0.9998168210109485
0.989008684549982
0.985137816606871
0.9994621690314768
0.832262453126921
0.9971127157597063
0.9999997652540898
0.9994666253720954
0.9966829696590821
1.3813867430521262e-11
0.7322669535037106
1.8936027874156296e-21
0.9838827793410445
0.9999163415500116
0.9999865386961643
0.005735014908897116
0.997972134892364
0.999998434861467
0.9997639134790793
0.9999693758692515
0.994714976168602
0.9999309754099492
0.9999864170786308
0.9733151748742352
0.8493594405100284
0.9920149640401705
0.9985916591736218
0.9780617081524101
3.9233782110855605e-08
0.9999217973299562
0.09384223146148832
0.8526593100446149
0.8233485265358974
0.9994914370933167
0.9899936535696265
0.9993807176538715
0.2541044717047969
0.9697716668333886
0.3120744172497955
0.7875709339973671
0.9854782482652278
0.9497168097534072
0.9981404373350307
0.5654646312183041
5.818834440487851e-18
0.9982437023876667
0.9930911927500078
0.9588271066071881
0.9999958241360841
0.9249058648937606
0.9726793120893011
0.9914553437424536
0.9949437609745778
0.9938446081067235
0.9999835933878488
0.869896278448974
0.999093161197569
0.8973098178541292
0.9998593165744971
0.990206450679934
0.9717105094647491
0.5200169485353355
0.20885298092699178
0.9986187595351238
0.9997886847142092
0.5555753658212998
0.9384332250903913
0.7706505891233193
0.999988873917042
7.970662306439331e-08
0.9992805511707354
0.6474259831577537
0.7113369932554682
0.9998961971511575
0.9846075892739157
0.9131341174998056
0.9920867662415633
0.9985863984257685
0.9651423600518673
3.138423971923088e-05
0.9877257449557987
0.999549627577873
0.957579507016913
0.9920134274333728
0.9888907309800035
0.9969070602285349
0.6769019401602904
0.9998379498923087
0.8167587006698439
0.999959079000334
0.7022787010743403
0.9950953816807486
0.8772938325883329
0.9999244995327798
0.9985526461054329
0.9993638023258917
0.9986663454481974
0.9989011196209889
0.982467760569869
0.9773794505173935
2.1289992385050126e-20
0.6415311640973816
0.9998604646006883
0.8479091618343275
0.9436860001126863
0.9976863139664227
0.9902016225061584
0.9999919197399981
0.9995530474317313
0.9805091193763029
0.9730369279188734
0.9909599269233366
0.9999555620696512
0.9999989650072612
0.7438162220772706
0.9968406156010602
0.9959274750295456
0.9999755443228372
0.9999999018215506
0.9933740263615489
0.9999733641244526
0.8694920866092658
0.0
0.9584636480897598
0.9470749926791818
0.9998063399993865
0.9519809945721021
0.9731437581102795
0.7158790831330909
0.9995291342766364
1.3115803938699004e-14
0.8203825629119226
0.7575428173633053
0.8383315764098198
0.9976969273668681
0.8936628948016108
0.7988747471686841
0.9999716834310144
0.9996806213025966
0.8252605281053053
0.9995178748616652
0.9737500102504194
0.9904100936508111
0.02155908480228677
0.9999539001931645
0.9881558196259779
0.9957946190594925
0.8374860929745226
0.9868541241553199
0.999961362198939
2.786697733258229e-27
0.6878290368681652
0.8592528355992053
0.9259721044892898
0.9998012339738783
0.9999791369603473
0.9736660811044103
2.411924613054039e-06
0.9998016011820241
0.0054002867441645865
0.9999998368543764
0.9342386562921335
0.9752865168602304
0.7167215082111317
0.9999989583635381
0.9986528425781589
0.9991697748296342
0.9996776731023163
0.9996667257757563
0.9807685297136445
0.9959827583232764
0.9880090464518996
1.65401987549704e-11
0.8177679187750252
0.7126429744589596
0.9998739436287234
0.9983632520304704
0.997078166825478
0.9876788706369362
0.9996975481694379
0.9948588450362037
0.9993688380448491
0.9998781601885008
0.9333191902128992
0.9999801793583467
0.9964389075001352
0.8052230043532015
0.9999910708253973
0.9977902103746902
0.9909731762689845
0.9916115136010152
0.9975223028345704
0.9999270976118977
0.9728698404392994
0.9994709398844004
0.9926294749654752
0.9993198811335782
0.992465679580401
1.2218891115838058e-12
0.9986130589692139
0.9999614762478382
0.9329406507702794
0.9988554155497649
0.9912686673369026
0.9994508998256763
0.6589493043201265
0.8300212849564169
0.997896401870504
0.7959719554102551
0.9999549033369396
0.9729305111826959
0.9981465468773455
0.9999762261724311
0.04463317117105404
0.9999380403179187
0.9999765207142749
0.9782287113948751
0.6331883432461028
0.7000915675293892
0.9935179737261877
0.9986652594565153
0.017574020806299384
0.9937150755556042
0.999998628777532
0.8841681086712033
0.9995837888617141
0.9929670506772389
0.660002176863203
0.9999693648871859
0.9619590565100908
0.9996453460482311
0.9996319494810905
0.028026826770220142
4.490476709453496e-21
0.997936730833342
0.8549930846012953
0.999784931859945
0.9950362968277637
0.9883907109165972
0.9960868511366738
0.9999288638294797
0.0
0.7602924166703491
0.6027564797686458
0.9999489405786489
0.9931025473923714
0.6619995048364566
0.9924077095409886
0.9166509833301594
6.2977827551605075e-25
0.9990003018356006
0.01486173881214804
0.9992193812563374
0.9999994164800695
0.629565053329432
0.9998847544060357
0.9652346979470324
3.58050970700371e-14
0.9998435727340186
0.8291246944992839
0.7450640179685424
0.839943900031233
0.9991711376126122
0.9755377204429553
0.8310238226921356
0.8635153267096645
0.680632653558194
0.6223177760860958
0.9993111430999071
0.2353970102362412
0.9967973130155564
8.625039622950207e-18
0.9996093353994605
0.0034330502558612957
0.994715006369744
0.7070061967309518
0.999624415219551
0.9968379107942373
0.9834328421791151
0.8801728530323646
0.9426863980785699
0.9985673682509641
0.9452559757586578
0.991611454285247
0.9746521333201511
3.8476120106926645e-05
0.9799594234502954
0.9825497469691198
0.999624852855115
0.9986893178598583
0.9879497712171375
0.9709307247285487
0.6632573182433287
0.4618349347036679
0.7054072195268668
0.97797085650497
0.992627253956379
0.016883374106892578
0.9959011088785696
0.8940106673467834
0.9939519888751215
8.270268138619076e-11
0.9998879585004692
0.9955037927836112
0.9922502564445603
0.993175939497845
0.9998509224576989
0.9968880770641239
0.9314442024567616
0.750457205348621
2.7395776363288285e-06
0.9902676676496635
0.0002275086997699909
0.9999255632089495
0.9952935374492723
0.4635288839908037
0.999974274492045
4.990245395450774e-19
0.42362080235200344
0.9882704143130844
0.09384223146148839
0.9999996867580544
0.9943798763581423
0.13488673873497767
0.9948353939871385
0.9999597476878674
0.9961767415984797
0.9999791657116539
0.9867887912413913
0.8431269303607908
0.9458605542528562
0.9916449422165307
0.9975147738945414
8.526571835950039e-24
0.9996915824407355
0.9835434834604729
0.9996877453880474
0.8685963580361811
0.546230384837399
0.9985363556666201
0.0018484184724890758
0.9957060989001236
0.9999563124148148
1.9532504981411543e-19
0.38602768337249216
0.9481750372892618
1.639126366156366e-23
0.9829195373978571
0.9918294611944797
0.9994674734226655
0.9963639258723602
0.9916496781142506
0.9999735549822952
0.9998429488066183
0.8770275910405841
0.9970340752785931
0.999766464365955
0.7336365303392028
0.8574826686394085
0.41834890540127445
0.9966423439773502
0.9997928234389291
0.8121274057874648
0.008146872475890573
0.9971704549764399
9.118014143579855e-45
0.4469000661654872
0.9997694786615324
0.999930602702731
0.9995889810143451
0.9999992664924239
0.9949409150777233
0.5599437184357252
0.9985659110516056
0.18874574549720183
0.9842852998773316
0.9969720922020211
0.7631670993380187
0.9986240101868853
0.96361782281066
0.0002028586154936042
0.9988904676393797
0.6007928998598564
0.9988853359463145
0.8220236754590151
0.7797667522127804
0.029583596157211654
0.9909582718485139
8.709593583694086e-10
0.9994823434041674
0.9994665485316682
0.9984335850567356
0.999605768364678
0.9999975424064554
0.9998445749151688
0.9998281986043246
0.9949637516938318
0.7221281243669523
0.8787808228073188
0.9134075141763681
0.9993070785660515
0.11628583357068911
2.2861965082913754e-06
0.47150752744496904
0.7917010765948166
0.999888379413267
0.984607479236223
0.7537654783796894
0.7507413422694614
0.9996514262841242
0.964668932200751
0.9942382295838681
0.7504572053486217
0.3883648787546438
0.9991263749561938
0.9510352329977633
0.9792799347322027
0.9849658480293443
0.9966776397427444
0.999975282596171
0.870526105639839
0.9356804917922565
0.08792346247371556
0.999759943595905
0.9999233907954463
0.9995980065117037
0.9979668943525355
0.9999027353669243
0.9997086388735581
0.9472740153830219
0.9918055864208524
0.9512241101922683
0.061180588676438205
0.9406118789018232
0.9687417345229672
0.9995401603687474
0.9999823059541114
0.9997873269618646
0.9999992405314027
0.9999828383242406
0.9999690105934378
0.9999526241656559
0.9999898608573131
0.9997484442585214
0.999779343395209
0.9999989419953694
0.9984317541216999
0.9999986826168249
0.9999917349830603
0.9988048059032568
0.9998777634877606
0.9997978260591319
0.9999971757058979
0.9999962387502604
0.9999559295314773
0.9999964619850358
0.9999594224520548
0.9999884059652839
0.9999935540416701
0.9999995242366817
0.999993502011812
0.9935194984651827
0.9999031227055377
0.999845722274007
0.9999979642979384
0.9999444104547109
0.9999577030272019
0.9999991337069899
0.9999946420937806
0.9963562320993965
0.9997975987990899
0.99534770165388
0.9998259848854252
0.9993184571785666
0.9999966497783285
0.9999975931663602
0.9989967344952072
0.999997983999361
0.9999151842301157
0.9999022263954883
0.9999964326257671
0.9965459514168052
0.9997978492610022
0.99999775002256
0.9999091703944449
0.9999998462351393
0.9999999530552567
0.9999992419869442
0.9995102484515497
0.9999879439981846
0.9999895561241581
0.9999988757914486
0.9999988781281536
0.9999716954015182
0.9999940680209606
0.9999932268266569
0.9999934386985678
0.9999867861258299
0.9999700170830771
0.9996991489560855
0.9999756368487102
0.9999832301720275
0.999916522897524
0.9999897748593785
0.9998597893246582
0.999768248090755
0.999934992057219
0.999998473458404
0.9999899130398168
0.9999820634945934
0.9966514093277908
0.9886455400165381
0.999021458174319
0.9986221204301757
0.9999888751929161
0.9999980411310733
0.9999563633548791
0.9999749511546921
0.9999997770003239
0.9999973739937433
0.9975413765465191
0.9999626930402215
0.9997105635244705
0.9999974313583093
0.9999397085546597
0.9998745470027586
0.9995656225054484
0.9999657463209511
0.9996042641537609
0.9988019580575005
0.9995049642936608
0.9997931516737982
0.9999570174535889
0.9999998191264563
0.9990639291363962
0.9999990982264688
0.9999866837637971
0.9999920905252753
0.9999991509471147
0.9999823877971257
0.9999933636071364
0.9995265823478547
0.9999258982916973
0.9999852190403354
0.9998791135566428
0.9999947874329428
0.9999200900059833
0.9999617167952133
0.9988012454211245
0.9991794702910735
0.9998107452538217
0.9999435388531266
0.9999998009839673
0.9999998670566239
0.9999137305107434
0.9999932382712774
0.9999756125927658
0.9999996702474218
0.9999970242473697
0.9992705258681134
0.9999790144099585
0.9999998737022006
0.9999113858487975
0.999302038702058
0.999974637804977
0.9999956809181809
0.999999180697211
0.9999777972972902
0.9999974283025977
0.9999910760993318
0.9972738746898268
0.9999848326061058
0.9999810681547521
0.9998871141030131
0.9999998007219301
0.9999717225370252
0.9999715875084182
0.9992385030866662
0.9999928230326481
0.9999892627559263
0.9999064445226238
0.9999616716366293
0.9999988389943651
0.999999915296695
0.9999890455616096
0.9999904239779183
0.9999904975643094
0.9999997938088249
0.9999046742736046
0.9999262809403557
0.999017136460345
0.9999880391956723
0.9999490217534786
0.9999983026204758
0.9999978659129235
0.9999973980791801
0.9997611382444116
0.9998809476609312
0.9999918515077569
0.9996689626404295
0.999908043370389
0.9999463970314908
0.9999642329725608
0.9998901693125866
0.9765516454151503
0.9999672223213074
0.9979863807561073
0.9951700915762126
0.9999925581873964
0.9999993496038644
0.9999154460315163
0.9981751875709263
0.9999898370342724
0.9984330814541414
0.9963287096364105
0.9999077737050476
0.9999216183342912
0.9999984219595857
0.9999997335043577
0.9973582838222921
0.997830872004071
0.9999950159150812
0.9999847050934308
0.9999986585278761
0.9997682823976443
0.9986015321608117
0.9999821532755652
0.9999869869109189
0.999994685817858
0.9975688217990164
0.9999699044655527
0.9999603353366134
0.9828979352946011
0.9995659675296585
0.9999999362023795
0.9999014359133664
0.9999444784760191
0.9999909058100046
0.9999989337169535
0.9999794788504793
0.9999950229250255
0.999998650743055
0.9999761300992906
0.9999994429044201
0.9999982967129193
0.9999952833621447
0.9999515496973972
0.9998508574373746
0.9991596652934934
0.9997059687437303
0.999861676017621
0.9967331810813688
0.9999992172238372
0.9814337730836963
0.9998818141559024
0.9999988078808643
0.9999587265009261
0.999962273777476
0.9982559770551181
0.9998690502672058
0.999981876760718
0.9999975290376641
0.9998826488696593
0.999998690823793
0.999999574822126
0.9997754779535143
0.9999994320555988
0.9999682400040407
0.9999993236542073
0.9999999735092361
0.9999935984986819
0.9999782677343758
0.9999082858499175
0.9999855568511219
0.9993932684287471
0.9999569929160889
0.9996765776290842
0.999999931596057
0.9998150547395884
0.9999923411721874
0.9999990425496719
0.9999905928198047
0.9997483427613613
0.9999155218030835
0.9999954528404673
0.9999894928705363
0.997171080384466
0.9999965188835713
0.9999688291729084
0.9999977575435522
0.9999961789812621
0.9999644619983074
0.9999991008121069
0.9999975373237155
0.9999955399495876
0.9987109713175326
0.999971154813204
0.9999837874987137
0.9999389351484378
0.9999979062356357
0.9999576335900151
0.9999994299107384
0.9999982463392766
0.999996346220084
0.9996322222175948
0.9997132224185021
0.9999127926521479
0.9999996786592945
0.9999359612745007
0.9998485524170622
0.9979452062510256
0.9999618031291796
0.999323064417907
0.9999998696535958
0.9999948074600269
0.9999906793646179
0.9998582475131995
0.9999627080426012
0.9997897836665561
0.999993923366641
0.9997998012349446
0.9999803540455762
0.9999808938737641
0.9999998168656603
0.9999993880367397
0.9999465289751072
0.9999995325254629
0.9999454013890313
0.9999843648133563
0.9999989281812998
0.9999334281339098
0.9999982955084183
0.9999681733412521
0.9999649373744863
0.9998730898708115
0.999932779305841
0.9996938996055011
0.9999976949431479
0.9999973513717271
0.9999942977242888
0.9998239252405803
0.9996242909180942
0.999954077414016
0.9999885444921924
0.9998042910130689
0.9993960995791032
0.9973573782987639
0.9999978267945683
0.9999299021987254
0.999543677064177
0.999949057209516
0.9999937916754849
0.9998720169487695
0.9999849942054827
0.9999529734449617
0.9999979488159361
0.999995131455318
0.9999945802809483
0.9999568067247432
0.9999212725071605
0.9999984955536741
0.9746865978547626
0.9983564554423433
0.9999757968756245
0.9999818144469869
0.9999996339170455
0.9999869081899615
0.9998903794108918
0.999936073087593
0.9994397572753253
0.9999319567083415
0.9996467730311285
0.9995247385310787
0.99977552056638
0.9995821289258391
0.999960490477741
0.99999426543485
0.9993337432053524
0.9999196614425677
0.9999933445357697
0.9993042054169894
0.9999970295505137
0.9995738919152299
0.9997218852870261
0.9999959913257438
0.9997501419228272
0.999916964496786
0.9999835340504694
0.9999986581417323
0.9996155095840173
0.9998970304890578
0.9999905511056442
0.9999356618174642
0.9999726588158991
0.9997087820635215
0.9999433558448217
0.9998961116148082
0.9998456385183511
0.9993830777500027
0.9997338014586155
0.9999603675139475
0.9999977611199639
0.9999770013311067
0.9999757657596301
0.9999935907793989
0.9996101830043391
0.9785443426531918
0.9990216433242893
0.9999825043447983
0.9999090041755246
0.9999584194860117
0.9999513490528814
0.9999898939628616
0.999956364684018
0.9999963063893069
0.9999620012070721
0.9761156617612218
0.999982547157557
0.9900750872250128
0.9999607295290373
0.9996405841896354
0.9999009498998783
0.9999476274907609
0.9985326783004809
0.9999597882203117
0.9999997365430328
0.9999313866684167
0.9997116718090935
0.9999562660197419
0.9999628828676879
0.9999724891333533
0.9999845459814741
0.9999996490725288
0.9989756963497495
0.999991028457285
0.9999983592460452
0.999971610272095
0.9999758498013066
0.9999931392277056
0.9997052960411287
0.9985540267667106
0.9837013520066833
0.999970497061799
0.9996642605949755
0.999511658259867
0.9999985271264622
0.9999959443814833
0.999951721455028
0.9998826037358658
0.9999993715262668
0.9999173806524038
0.9999382401554029
0.9999813537314578
0.9999839098691505
0.9998626540432239
0.9971972602579219
0.9999721565890011
0.9999938933560004
0.999999498017149
0.9999945194765179
0.9957680297762695
0.9999961692771616
0.9968751504680022
0.9985971016936214
0.9978654188878426
0.9947923938124021
0.9948617141157471
0.9999162691744227
0.9999964571249687
0.9999993665766995
0.9999984614977971
0.9996185744352517
0.9999995841818811
0.9997077824982077
0.999996970557555
0.9999265739890565
0.99997570979001
0.9999767933278307
0.9999783961435093
0.9999989667607151
0.99991314470954
0.9994924505645743
0.9999990842564047
0.9999973222671106
0.9950788425150303
0.9999869667489568
0.9975673249207964
0.9999783210408381
0.9999076797528383
0.9999035359190039
0.9999968378589671
0.9999988585657476
0.9999925311779262
0.9999940041164096
0.9962222152921887
0.9999918500287568
0.9999997713918665
0.999589070833963
0.9999992774862031
0.9999981880152795
0.9997965509393233
0.9999794401955829
0.9999505167052601
0.9999533692353088
0.999960467970491
0.9999714903643396
0.9998011689316484
0.9991959651866253
0.9769543256148443
0.9993167790143899
0.9973795240156524
0.981759800118883
0.9999942094162648
0.9997483775827112
0.9998597934752878
0.9963938087130186
0.9999898697187581
0.9999798340528034
0.9994081701904338
0.9999607708928551
0.9997832306029135
0.9999991769248161
0.9999998833650152
0.9999536262408254
0.9999988657809737
0.9982002440058888
0.9999443269840824
0.9999935302994951
0.9999931505729609
0.9998486049274345
0.9957307321817623
0.9999795132664656
0.9983049676224803
0.9984687469120652
0.9999022959733304
0.9999899492257206
0.9999750832931107
0.9569068032429026
3.0991235686636216e-06
0.9964776117472568
0.9998332084209214
0.9999996857794364
0.9972634298207836
0.9990811663952192
0.9999351704557106
0.9998856143427912
0.9991794929314093
0.9993786094547303
0.9999999999189179
0.9999836865551706
0.999929915699236
0.7470611586561355
0.9999989096334534
0.9999984091126377
0.9999993525674207
0.9999999728732276
0.9999939566940117
0.9999969784230114
0.5374675404548366
0.9990852229216148
0.9993851210696134
0.7287675537776587
0.999432801569985
0.9892852749024597
0.9997742353117628
0.8049521556907427
0.9997883908145733
0.9999103551411062
0.9999998104571338
0.994678325145285
0.9900324733044054
0.9993983531870609
0.9835631643090902
0.9970914479895332
0.9999999900474007
0.999116363367114
0.9924536564183786
0.9999707217723084
0.9985452974875878
0.9999771786069489
0.999962334956369
0.999858756893909
0.9974326202936458
0.9999698155081647
0.9988585205274485
0.9379329593031502
0.9992596400104419
0.9993851855926382
0.9999999332044389
0.9999996495680675
0.9999681282160879
0.9990417290971141
0.9998016332164417
0.9205802302277822
0.8637196416396626
0.9999747291203441
0.994000175317255
0.9981129285975858
0.9993481706331595
0.9949692892532163
0.9999594225987067
0.999986909648606
0.9998056442140094
0.9959112304631387
0.9999598831524936
0.9999844297133689
0.9999895156481364
0.9999999936539161
0.9999642183424162
0.9996723247674582
0.9989449292871487
0.9993219393810773
0.9985925595682338
0.9978535249024042
0.9999995152277056
0.9999999991548475
0.9647277638248728
0.9999999924949179
0.9011871507586825
0.9999970265611968
0.9993527188706544
0.9999773404053345
0.9981126489100601
0.9999981536619031
0.9145385932706493
0.9989285508993818
0.9964260511633959
0.9999987708454291
0.9996393765602632
0.9990820744099856
0.9984035895763135
0.9512672545469184
0.9999995082135872
0.9999820238777902
0.9999991880169076
0.9988611175311279
0.9999040214972585
0.9999468390125302
0.9999994666375362
0.9888370498817869
0.9998654591849369
0.9999454638440362
0.9977986901611394
0.9989240241389844
0.9999748211745739
0.9997606201005176
0.9997379077828547
0.9999848995813516
0.9999445037840231
0.9999874956550013
0.9882769240699395
0.9991353830077997
0.9999690582466432
0.9998878115418611
0.9999998283375242
0.9999813696557305
0.9999341499833574
0.9335257348884008
0.9993926622327447
0.9999894634593922
0.999820598095888
0.9999434185668213
0.9986291827968529
0.9999981124182954
0.9999998472310605
0.9998824882429898
0.9778909911353054
0.9999936073876675
0.9955206787962169
0.9993989352821753
0.8738409773081581
0.9999195038633125
0.9980479863650498
0.9998416495165907
0.9999890867758878
0.9999970265106017
0.999998260763379
0.9990210627700501
0.9988235019266284
0.9998904874411187
0.9999579633507201
0.9999999936703824
0.9996841238462559
0.9833232549556733
0.9997351902702428
0.9999996595719299
0.9999488983582112
0.9999967543691082
0.9991859089406226
0.9980414877715873
0.9940607744806808
0.6464482480151008
0.9999722010903882
0.999996383454786
0.9998397950604864
0.9962368227124854
0.9998586944475545
0.9963861936557912
0.9966359654283097
0.9998343439252937
0.9999999957540603
0.9276035154360598
0.9905985931786738
0.9999134950181683
0.9984173739395241
0.9999289526940472
0.9857087790134244
0.9999985186776554
0.9999447411449152
0.9999830205598272
0.9138788671986926
0.9991739925570488
0.990234374673238
0.9999147335676448
0.9999968156787478
0.9999464252953654
0.9999997628160436
0.9997690531707719
0.999958554359504
0.999803713044304
0.9992317433251053
0.9714421143666375
0.9999941662513637
0.9986905898688254
0.9325250925251791
0.9957872870221295
0.9994043739043682
0.9983612721186853
0.9992990594488488
0.9999639531202473
0.9992894050234955
0.9999982384007972
0.9144478634385055
0.9999889694450992
0.9939049443103022
0.9999995543818451
0.9999991832845267
0.8291390799815851
0.999758290547428
0.9999967608057317
0.9993001915063183
0.9999903112939765
0.9999809762596066
0.9999668490795413
0.9999109793537454
0.999566071468608
0.9999987697947864
0.9818445086303653
0.9806118094540973
0.9999991841178619
0.6990742586223284
0.998631474284136
0.9907386102807252
0.9992807647143449
0.9964700746221805
0.9829442935036801
0.9999992408419444
0.9853636189734173
0.9999790569874467
0.9999960080163615
0.9999861838916554
0.9999927438955488
0.9999893283021817
0.9994887855118153
0.9999915521255466
0.9998756218878214
0.9999880298102983
0.9942760117544139
0.9741610327694971
0.9999969060396747
0.9915092194339357
0.9999995261705228
0.9999999908314813
0.999987525790744
0.9999311021880687
0.9999153660581643
0.9999936753643557
0.9999955853140645
0.9999998352695231
0.999995795415988
0.982577044770511
0.9912690036791718
0.9798235145200473
0.9999990368193216
0.9999813117560199
0.9999886025891997
0.9721023939320439
0.9995734381607404
0.9999996825289318
0.9976064631300199
0.9988551056876331
0.8854872854932486
0.9999975924489626
0.9998526399036216
0.999680328535433
0.996802059765557
0.9999945631581842
0.9994692517844694
0.999945664570084
0.9929757283178225
0.9998396820508164
0.9965018265836451
0.9999618044996295
0.9994025519951313
0.9992685449752977
0.9999968943659185
0.999997508308608
0.9989023825447365
0.9958759508802768
0.9999960898335497
0.9991805660181078
0.9999630147398177
0.9964741287024877
0.9999351611786501
0.999996927433408
0.9999950892675793
0.8963300510601152
0.9998926614947524
0.999772542664561
0.9998266865477561
0.9999918801788928
0.9920663746897317
0.9999883798085538
0.9999905452596356
0.9999444483518527
0.9971464064972474
0.9881269877175874
0.9998600801663041
0.9999997447348877
0.9949325470290576
0.9999686353127515
0.9945623107466182
0.9999997785963464
0.9999999095399713
0.35844307519535396
0.9996778464910675
0.9999996422972011
0.9999980313554852
0.9900462826890198
0.9998568497289106
0.9997350477550765
0.9999989949597103
0.9983860146731945
0.9999757000183674
0.9999762771970523
0.976741612599293
0.9893326984500959
0.9999998529552464
0.9999999795427544
0.9999725593647399
0.9999999641042759
0.07622489423927871
0.9997915578600792
0.0009015921159232623
0.9999717322484634
0.9939537346761634
0.9999890416062247
0.9270126191175379
0.11797268556338032
0.9999999296256985
0.9999997155348844
0.9999979804058517
0.9971768516618542
0.9998636357823095
0.9999642753450619
0.9977661763213667
0.9984961242950552
0.9998062383603201
0.9999842935749425
0.9923690309928551
0.999890451888038
0.9967126747496514
0.9600227247511809
0.9999810455066519
1.7050604940401843e-11
0.9996393045288305
0.999999998974266
0.9993427838730168
0.9986316232082548
0.999937283943772
0.9999999697771383
0.9735317427279772
0.9999281383512293
0.9999983035844859
0.9955201393675589
0.9999147077571559
0.9989446969749997
0.9999997203194929
0.9865863314023728
0.9999237235581461
0.9999958235332891
0.9997648955663464
0.9999291290915796
0.8376070902172446
0.9876315742963626
0.006216226826834194
0.9999648442195664
0.9992819269149819
0.998643871280259
0.9999999594350316
0.9999964546792763
0.7659224444663906
1.1474824364027846e-07
0.996946671418331
0.9963924055426832
0.9974509930638333
0.9997560620916774
0.9999998617462331
0.9999671112546664
0.9988312043732559
0.9997232387279599
0.9808176278776559
0.9999468085159535
0.9973351815797464
0.9999999795999215
0.7971664888897985
0.9999999990404101
0.8302341044128644
0.9999929790717219
0.9999140335009006
0.9912646034107868
0.9979405962540081
0.9999882535827828
0.9999999957601549
0.9990892289445199
0.9998582370322087
0.99999971577539
0.9999887103052048
0.9452767223370399
0.22162719169499906
0.9957205422566507
0.9999749622138648
0.9999922293500133
0.01908675164908293
0.9991025235060224
0.9999905043000279
0.999999987209498
0.9736020168549019
0.9999998054429576
0.9997719589962498
0.9998244934397922
0.9995128229560455
0.9999904496712463
0.9997614444918634
0.9998798053402884
0.9999995184612646
0.9999999999992083
0.9993574508289412
0.9999997128269869
0.99999981582128
0.9914224740066792
0.999999968092517
0.9999972350910952
0.9981227074003186
0.9999996751778312
0.9944190758087015
0.9803726757366016
0.9984252182912675
0.99999082523784
0.36794095272203636
0.9999750151521497
0.9999676627751808
0.9951347909326683
0.9982635720816875
0.8315447153721246
0.9930490114080402
0.9990563963492196
0.9999810267473637
0.9999089073137057
0.9987855435113218
0.9996166859638604
0.9951644884118945
0.990550738855821
0.9998912410562618
0.9994889267240836
0.9999977312625901
0.9999992939906901
0.9999999656054847
0.9996624126050203
0.9999267345010437
0.9999518338763077
0.9998992717765336
0.9816535308707274
0.9834296003164957
0.9999996765305393
0.9999984346091617
0.9992717868744581
0.9996641436963354
0.9999993282411701
0.9997396287029016
0.9995008188553657
0.9271391289822944
0.9646198411728051
0.9999518380487448
0.9747756568881528
0.8911555514153107
0.9994112742609856
0.999998491965616
0.999189579650664
0.9999990332403201
0.9123364937638899
0.9996403509332377
0.5576377894880581
0.99751534149198
0.9997584918881559
0.9991382215241643
0.9999969226263073
0.999948439930001
0.9977060567592301
0.9999997318845806
0.9999885590391889
0.9988418505067987
0.9792674954263846
0.999996271110988
0.9964229355122247
0.9184404805983263
0.9999164302870881
0.9998509333280483
0.999995332093884
0.9999998000084294
0.9990451485453163
0.9999998363005043
0.9979684052024217
0.999995760201575
0.9999994305788028
0.9999834406126628
0.9956546488026142
0.9995949924188071
0.9999999256343898
0.9946785761625104
0.9999973876419843
0.9997967532862707
0.9999807728295614
0.9999690015527468
0.9999996851559178
0.9995734457218269
0.9999985749738708
0.9999948236953328
0.9475909745550415
0.9999754968670141
0.9999898933491725
0.999985020528804
0.9998622039199988
0.9999501978389117
0.9978052823327092
0.999872389187603
0.9997089548543248
0.9955054911181225
0.9999393095789764
0.9999995866273016
0.9999732853293984
0.999837989545458
0.9896496109066681
0.9997163489189338
0.903194703148845
0.9999588831959559
0.9999962356471457
0.9999903023134985
0.9989029139658292
0.7532538579588918
0.9987564479794402
0.9979662545614442
0.9999639530820658
0.9999743701985951
0.9999539899587594
0.9999935278300167
0.9033386220433188
0.5428083641695978
0.9999893820451226
0.9998140567110032
0.9999730701464818
2.663792941054666e-254
0.9999999251882286
0.9997411429881158
0.9961831293490995
0.9962174923327669
0.9999997558244995
0.9973649701870702
0.07093249670451367
0.9999841574929054
0.9989848044912322
0.999845285432803
0.999982970516558
0.9999795371703399
0.09466115321552755
4.623024726857739e-131
0.9999877877578474
0.9999087644845797
0.9996809279507938
0.9644483879555382
0.9953284500010989
0.9931133713225453
0.9999977563475708
0.9946098069606908
1.7309759511117125e-13
0.9987698809924167
0.9942166291824366
0.9997821997708217
0.9999999817207503
0.9989848486689047
0.999528206481763
0.9642919626155505
0.9995299960735065
0.9941803198666421
0.9999865822936463
0.9954374702483666
0.9939562957446835
0.9999912244969714
0.9983527583127637
0.9728118122240369
0.9999917435113631
0.9994791241674315
0.9977585135673205
0.9999833995598378
0.9902274069369333
0.9999525719495409
0.9967437462332202
0.999732055376343
0.9989835793333397
0.998788957851151
0.9999995314478504
0.9997887122548524
0.9999960251281571
0.9999998724758032
0.9999418051535784
0.743854648612755
0.9999886054400381
0.999538866626023
0.99997312404981
0.5827032982513379
0.9999326635632838
0.9201105395631572
0.9999988217347714
0.9989411501527216
0.9999986084728809
0.9998432436523932
