Model: SOS
Dataset 4: cardio.mat
Time taken: 2.059415817260742 seg.
Accuracy: 0.10795454545454546
@scores
0.15284644983022866
0.20017692919288016
0.1761038098874094
0.2115250909091667
0.9073687639694961
0.4463862104653131
0.19952464337819806
0.10797880481109383
0.2195264403743402
0.1982313072043071
0.12499456430041671
0.4489790269675996
0.1890200964643653
0.43305750996585973
0.3670513073830592
0.3718861082385277
0.7214837507445003
0.7938604407024403
0.7422774725384447
0.05896031933897419
0.6722945987559914
0.042514900091052896
0.11912989285000215
0.9340902466601229
0.12230277625298257
0.7204961763313543
0.09609076758772539
0.08912868752559654
0.10294400839286187
0.23752797598976796
0.11007514406550778
0.940386564956395
0.9808219350379026
0.24010163864518203
0.9633799578030849
0.3893242845671373
0.15372719529952072
0.16754330663553935
0.784589833452072
0.076271568083916
0.7831490889952011
0.257977879958728
0.7993715281158243
0.23059313892311087
0.9494827095276478
0.13565775244269154
0.13565775244269154
0.21371652925796844
0.08315445238076045
0.24689289674879505
0.19223102102763198
0.09244786895014714
0.45156831299997713
0.18693576123336045
0.15763409628787045
0.793170785444547
0.5402412686787473
0.1357697908122523
0.1382231905619791
0.3362958007283938
0.7797534550280949
0.03480964854354236
0.23235559623335658
0.9859179142297455
0.37995989107688416
0.4836089722617046
0.24752361712524762
0.21069446157715802
0.8693326219831623
0.4879557829742393
0.28491887154255713
0.3223815976314533
0.4479777405762012
0.30994568766106845
0.6054279529025638
0.731399332296241
0.25062329609513084
0.9134204827475032
0.6563961279208228
0.8459746657966246
0.3968216045486186
0.7121344499370719
0.28706295892014294
0.1267834780512301
0.13056474086452655
0.23895091178562974
0.9863972340464428
0.9793234470376212
0.5385431133819154
0.26371124664115114
0.19995564368793892
0.4292809156211675
0.20204957047976288
0.08420258460560301
0.6540640515870455
0.1659853250739103
0.16786781224787778
0.9663489182531088
0.9992443393188444
0.15623264677008433
0.3181245863891389
0.13452465526018464
0.20824681189012267
0.7012277719115706
0.3648854107397608
0.9188241674182459
0.06871560856951778
0.08351776389114554
0.9289686224246123
0.5464195500501235
0.32133614878576294
0.28904160976863696
0.02962916589367036
0.10425147533619339
0.2902091111013307
0.36391791882778035
0.199544931984594
0.3546865900150759
0.10122157162855686
0.3754472426752991
0.3128107224744199
0.17548732515057375
0.2385270445728471
0.9512186698978009
0.06709122555748101
0.39201174451522625
0.398868610521192
0.4215136911658617
0.3248557193233391
0.1951742300259619
0.5869136261268607
0.24510296273605597
0.15545737874916243
0.020809521937796793
0.6182072427661762
0.3713270297141092
0.3456285127631151
0.17874763591089482
0.10113229517016344
0.25436187052151754
0.2729450013229204
0.26395758094427535
0.3551240291724935
0.6401832359623604
0.2906963580808305
0.865731813338583
0.3132748931819276
0.15589789671015183
0.2359712323678249
0.22254588802239064
0.32235390848139484
0.2369413676052475
0.16808300645497526
0.17499332717419028
0.7124822544804743
0.5391515805963414
0.22934234505820422
0.95693427304349
0.7104852075010053
0.8905839968832097
0.6864715592376108
0.2718039685295677
0.6239384137511769
0.3949175646207142
0.5298463641617429
0.28820817292045314
0.09610114818211189
0.16224521536632616
0.13116150690890388
0.19181873221220724
0.10593553276183693
0.0817433964447936
0.17040360772330862
0.18996890910205594
0.22130944333549515
0.10462750974413317
0.14657427706425957
0.07858448988533262
0.10044150263905027
0.10044150263905027
0.29726358603468467
0.06977977718705275
0.23731103950896473
0.13499991678380582
0.8276024559379896
0.9075140420432729
0.44858193485110964
0.9405422435199443
0.8474908058853933
0.4042801020609678
0.10804466100280777
0.09471520320248465
0.9241030267018261
0.8454898377356658
0.9478792345249932
0.8509132308555581
0.0575438426047442
0.6734956674382173
0.082206123458212
0.5796358039217597
0.21113331155033793
0.050462752591629134
0.21631637240446028
0.19775056246904155
0.16438438134359418
0.6543476341429373
0.8266022816939511
0.46739877340332453
0.2335181485513764
0.2499024367190165
0.21076507798232774
0.8525678241204093
0.08026672931452215
0.8535025181932963
0.9794807252024599
0.8652865956876488
0.4408945117092479
0.8785223543447815
0.2562076737462878
0.6861124116926065
0.4155263095746847
0.43868685347516767
0.08256752183909336
0.22078928267672515
0.5121915955438989
0.34924707356588836
0.09255792046124207
0.1628348429157383
0.177558577604011
0.9937924469746713
0.3355831390303899
0.1517061123960926
0.48258653429585713
0.28690726535955413
0.8843657800974937
0.34368719653315166
0.7481591061917393
0.7747725562388176
0.2989988604854396
0.19039835538093142
0.05207713415789792
0.976165401550317
0.3597487259182815
0.15947567654567582
0.7995125573384972
0.8565535600206682
0.9844307565252212
0.11438567574236731
0.18018856985447482
0.25436268744770874
0.09904822815918649
0.7859921157167564
0.4180118550689327
0.1936047127095479
0.14103212269038873
0.15611923740607656
0.05598410358134431
0.1377128203447639
0.9030352249734711
0.2984149872388002
0.14105302295359545
0.17363425742759533
0.30538060632206365
0.05850408671810871
0.3519437626484904
0.5892171040916815
0.4566911185902889
0.09090560936293089
0.36157684992762373
0.7047563807791601
0.3722877363722299
0.46879893953335555
0.41770078355592444
0.11557325605013236
0.09434313701419592
0.6538920863989703
0.13843119113241448
0.08037322556192524
0.21306683791654912
0.8286811699933937
0.8006909026688658
0.8524774082283738
0.812946121474206
0.12359435214379542
0.2801387682925288
0.6295967995985255
0.04219016358168399
0.15950907461194092
0.09580140813719662
0.09402690588272225
0.18103899121253678
0.21476545626758528
0.0357512853349508
0.20012585552778958
0.2548508054834166
0.30142451548126536
0.48940742119986436
0.5952897462280917
0.20123587742790247
0.32136552286880316
0.4991001030390888
0.26358905863794435
0.26489827604639243
0.8641162934842371
0.015473143534087333
0.20594951278922366
0.06542642987755244
0.30570853575744367
0.7530482643339341
0.09983042539291972
0.1838827118100336
0.287397600407866
0.5765436367010864
0.6572146121084935
0.07131776812877658
0.17993601149025773
0.3051686375020737
0.8497366630989066
0.09542900850157747
0.27991990542103057
0.40410007715508106
0.4419463007369322
0.07483013082123992
0.0601010551853582
0.701882356717629
0.8990331830257269
0.14803625673571125
0.09996018487332953
0.051410998409769364
0.21722316177018974
0.5307381314839829
0.7752024861548492
0.194498173863536
0.09526832992389196
0.10272953294500956
0.34616132945447825
0.8908277224388519
0.4311444042191431
0.18601762505397254
0.22154311217684963
0.19913985625408265
0.33745080861031923
0.4376561346577638
0.12462774549322286
0.1368947951835505
0.1798689183463897
0.22486118582279702
0.47271954507640307
0.3118013626824627
0.18310814636253142
0.1514359205099742
0.7991636698923192
0.12209095078183806
0.16257336363262015
0.7724507475508284
0.3190866304789717
0.33112563694993
0.28277280516767545
0.36705356301705416
0.9244055700116661
0.6819441996380199
0.13365409528409491
0.2176097032177525
0.21329699149941217
0.240390206541742
0.5752373408698772
0.821521912224158
0.25906791717017336
0.17207771160938284
0.19065519963726948
0.22118778734044997
0.08625671176889584
0.478597229528494
0.11028747463369394
0.537977921615039
0.2494719056670921
0.15064661357336798
0.27394753753630524
0.04422950249986358
0.0764901045878721
0.6667642081727035
0.19948831740878653
0.22007281129647985
0.206748575495634
0.08982343995425751
0.9111646980030009
0.8045510317170921
0.6498687660094379
0.435729329656131
0.9702255229736653
0.4786031370441131
0.20734182856550729
0.07819654463431833
0.14510469274859847
0.9288542688068364
0.6726356083217633
0.27362879903273996
0.31810672750531144
0.29981032087315046
0.5969434251729375
0.08806744534219968
0.047703714022699795
0.595595829401615
0.02487602457315802
0.04708172652649962
0.0537318754376697
0.070703416177028
0.1965253910816665
0.9503906056049772
0.9110033008037711
0.13772585842558055
0.24986258457487978
0.49387026977095266
0.21632859227368884
0.2576570995802136
0.1746390446844166
0.7389623991272769
0.5117787329963486
0.137400847839727
0.3135015478693024
0.7791743535144173
0.6221429889816833
0.1993289655814973
0.18566384780193582
0.7741682913650768
0.8861836380535356
0.8654255853204178
0.24642748711779805
0.3381326938779671
0.7397168947173537
0.10258632664048879
0.19288262641238937
0.6034502878028327
0.2387758065884974
0.09453791311270329
0.30272220377529324
0.2053119211006986
0.2953367922238584
0.20747519424246005
0.27494746627597805
0.2889760621110126
0.5511978886070454
0.38608162737676144
0.3110756516004689
0.314761812746144
0.26753610544284717
0.12553671710223066
0.22884180267742116
0.11060413411693037
0.35461650989612864
0.04163022880891496
0.08996120604380685
0.7048796326611867
0.16762800174892675
0.1914030633874359
0.130189565161726
0.7150772696093134
0.6219813265623745
0.24341674959408943
0.4352584941696795
0.6943875706765041
0.07883549325273934
0.08776031781820545
0.7462567478364416
0.7733924903103155
0.3171290224180798
0.3284200927995428
0.18892678828024345
0.9631130426992766
0.06612435820590631
0.11310528981946368
0.11597599112279262
0.983850386527898
0.10284394425293959
0.10209252368370171
0.07056140471611717
0.89835259733888
0.7639082768975952
0.9163090124914602
0.9049034533093152
0.6884772497853892
0.9450030716761578
0.22084865978770316
0.2937142224575487
0.2213094433354955
0.37728034552887635
0.17074633950165927
0.12850676356966578
0.1285067635696657
0.3818315409338024
0.10811817630660558
0.30073247114604024
0.879321371242303
0.07478805380227191
0.27293486268100847
0.4096904559320349
0.30920541584320804
0.15636664379239634
0.4642285836333175
0.3718346813626512
0.7009788492508048
0.11138889162304615
0.06580845686635677
0.21786305618056234
0.1386219231319169
0.22812072610903344
0.610488016243592
0.1381343022303937
0.7154005062066393
0.19116974444351287
0.14809235303909624
0.9362019007796537
0.8225575113923413
0.21921211482095548
0.169018231274126
0.23862723985829382
0.19838851059569085
0.05251398914959265
0.3692498686582652
0.3737769870244127
0.23656067063533798
0.12189751902210598
0.06081858205708652
0.05953580811557135
0.18420771938696207
0.23593602503885538
0.5616225990937288
0.6193107110996158
0.9086231540798654
0.22559962934336864
0.0482186122209346
0.10297387739177735
0.16599547046179453
0.16304215371529115
0.3497493966042247
0.39728252327582564
0.5496785120091766
0.1741326744527712
0.3776084623038687
0.15869395441368972
0.19134179263168605
0.1957953050352162
0.8451034868504156
0.25811812480977986
0.9258253063466197
0.1182768097382857
0.32892814072674215
0.5562768701034132
0.29600076581102475
0.07560170240583709
0.21521996515905087
0.09860939893474319
0.3827093556196027
0.06885889896030269
0.250070145881406
0.23191541380437664
0.12315937741125554
0.33738959527206575
0.3745399505701534
0.10900015621819024
0.5121879423403949
0.29169096128959576
0.16719420651367983
0.30996631619690274
0.06949037213326859
0.06665284242556871
0.15760195174296684
0.4398412330093647
0.10680441524318764
0.11659431155811549
0.29662325448774995
0.0780676148220604
0.456907579631322
0.07810050197341166
0.23796811245724325
0.7254195059950903
0.839551869375558
0.47396137425039947
0.32357788502264795
0.4483175961759901
0.9431420656627896
0.3298143667969156
0.33534364509152315
0.14964383563267925
0.9470399824756572
0.888166251752883
0.21628555077650155
0.3087629178049638
0.09598354360960837
0.032409911385726506
0.6930392980029106
0.8504191342598945
0.23510143682316628
0.5476101733636535
0.11996156397367116
0.19962536273188858
0.08831982522233368
0.04076626458079492
0.14163264316393592
0.1299188494394533
0.07151947862924637
0.3025602276397624
0.4861818120188445
0.14475147324242257
0.10177996377919443
0.3975196576213551
0.28157888498300443
0.0627343520005765
0.6573608618337029
0.06065011481944221
0.2710930128051717
0.2922722817716272
0.27325759018905427
0.6363413502849231
0.946971299039838
0.7284941345549321
0.8872598682384526
0.1130108196227967
0.19111201424535681
0.9475194551668996
0.8778308658835751
0.39429676575222833
0.9106229790541868
0.6621525216939784
0.6899657572000488
0.08848728962078857
0.4647675454393275
0.15088970225774148
0.8194005570854551
0.05282502710823416
0.1910946499322563
0.08958204336256016
0.3601771428893317
0.17857749377032453
0.20119527739311735
0.2761520585429774
0.22284555967457736
0.1538695417364593
0.16361670167884357
0.03403527055556113
0.5297698486516227
0.7599425143880699
0.042589798695628504
0.09370753470044153
0.7421246089549307
0.5755844335846115
0.5846054942241314
0.04340670921887827
0.2297666214208564
0.1377944382633981
0.3583527898378909
0.8416534743120713
0.7831885962897935
0.07268623303866135
0.14475232709098387
0.7216924025614853
0.2175363758900327
0.07631028382425699
0.27067384283022955
0.12230581895050151
0.3672839379239826
0.1581718792301599
0.13819247868833928
0.19562996861778126
0.19921286447489503
0.728383373061827
0.25206514154061316
0.5933676616077957
0.17753300832028623
0.2451773188513005
0.24126550627159976
0.40706790642455437
0.09652705841212657
0.1743537150459572
0.11048743379851732
0.20430448315616098
0.08642745984564439
0.10163971902989354
0.28473578925100296
0.8895631842680936
0.6193556076890303
0.26515105152650326
0.34874809214383884
0.08152634043772214
0.6688310477176141
0.06327773133953815
0.09622651622216086
0.363889689844782
0.5848907721998937
0.2108614516351813
0.19622959772378082
0.19493106938801233
0.6197599925605292
0.7945458051804378
0.057005162103665526
0.28991274251502486
0.17606278858178645
0.4868320916139676
0.21285686494546083
0.2116516424415701
0.0822311175188565
0.48669969448854367
0.2493881800797368
0.6195390295093038
0.07951700485635319
0.6308031652509347
0.2981885597409032
0.8582384208128647
0.1858623503027575
0.17734521228005762
0.11503857382513737
0.16725050426381075
0.10116006577005303
0.3868902582458349
0.16955232275770235
0.20385775457878932
0.5806215285124109
0.3762780188271891
0.10927341024237266
0.11085050030997795
0.08868868843273432
0.14792606331266087
0.18613479013985018
0.291201922097836
0.4160098294536052
0.3169349582838616
0.17864315373628425
0.1980012293518452
0.29185988504859245
0.24017762066512494
0.16947050199596256
0.07014983338842613
0.11334803070155527
0.7750142675469054
0.2736880177865451
0.15835576893095654
0.21331402131860172
0.1633556641084155
0.17597236537734717
0.7114705650832478
0.09617073918592808
0.1355687806983867
0.17890075595560764
0.07290743671284299
0.05608627697480555
0.017243457458211625
0.2145840317684425
0.9526119895493482
0.8668203197034953
0.164794561432402
0.14531229136581114
0.25085346051672786
0.3758893847243421
0.09034918082168102
0.18041981636746587
0.14946511390844114
0.040082382461291886
0.227009358797456
0.08255251741683257
0.24324787838541662
0.16872150843519476
0.21179278172064148
0.7583400520782576
0.28438505550894855
0.22171744369213603
0.2780815270174041
0.5792998517205313
0.2045528873889447
0.2126286973834235
0.6153411583846542
0.258114848009494
0.18291748386379178
0.261680635741207
0.6768281047375302
0.06420435475257205
0.11638178900566938
0.27505182885582957
0.5586913846379734
0.2836682151383614
0.23899801126974782
0.2653967074425737
0.5728284688905241
0.6803693341081108
0.21587729310577558
0.21587729310577558
0.21587729310577558
0.21587729310577558
0.24437462819299535
0.09430386706108473
0.06902005821749778
0.33393296000474953
0.5768568511653289
0.08882598708225342
0.2773462898877715
0.6362823945071464
0.21839715721325023
0.7211575901617179
0.06955856709606614
0.6011585647370213
0.19590717274908223
0.39634940474581837
0.7688431124302016
0.06498236608222525
0.3706629284198203
0.8304468869568937
0.0535924730469689
0.5511706374914894
0.5745041326305045
0.12847912762671573
0.36572666111908236
0.138318899415466
0.1740245777932438
0.19226863259049404
0.06268713181031194
0.05149954045656948
0.2020145819982835
0.7720530303685944
0.2757584702415109
0.7972524284345809
0.8338658501103179
0.24021485461251596
0.21911715554578903
0.1721810467119177
0.8848602948873158
0.20673364601230407
0.20435918800905256
0.8344287537013787
0.3952575668308828
0.20295757289238595
0.21138129608456294
0.8240613356510432
0.06222887577584169
0.0383079321387734
0.9286786423855086
0.7991752095353315
0.8998957496742619
0.9416073343536155
0.35776573362448133
0.21076289185454433
0.8829904319547943
0.5380563016707023
0.9033115271124686
0.10675265386839064
0.9615514825735703
0.08672252220206865
0.08958696057011464
0.6639128641020392
0.051715400628683975
0.19302656542724592
0.14085950896976152
0.21968913550406124
0.05673670893089848
0.05729756377472528
0.5310272458417253
0.3196801540632389
0.15156814521510087
0.11278539992477876
0.9253544468386237
0.23192723721008543
0.21703729371164293
0.019495290330078876
0.10651928864216066
0.8274495960182199
0.48646953800208315
0.669160930040622
0.8989560619989772
0.17272157437053062
0.42723689054032876
0.5547318068020116
0.568901879551786
0.12202493993415958
0.038788158452867635
0.39776035997176146
0.6608701259789096
0.19650325679710925
0.19538965737284536
0.030906971514908385
0.4404420922071209
0.24541090008631733
0.9022294206905146
0.9615150580874774
0.5913426970533595
0.20090560313432324
0.30473541544054555
0.5459026655808636
0.3511132285324331
0.2066126692519304
0.5073019609027102
0.7957528950884093
0.09379499857518891
0.25133823634599955
0.12632488003626452
0.15680005044214215
0.30046724733470925
0.528895053588319
0.2297857024672714
0.13167717660136788
0.5133365085734264
0.7415875259791709
0.04332716487436897
0.12896281298297432
0.20554153308329987
0.3368442877737094
0.08434452443806123
0.04045045065915118
0.9524810297286175
0.2516361529296396
0.07791113825468093
0.6229076832649187
0.22799217390041204
0.16325593464727264
0.13703683013600007
0.18718959846849761
0.9899367902574229
0.10926423865069962
0.18221726043753153
0.9168128293540856
0.11600379823482898
0.37352471319601843
0.7356930171440518
0.9058265445514871
0.08901856355005361
0.24878481343310704
0.0665634247784595
0.28591996693001814
0.4568156147720583
0.44344281571703287
0.5068995888304119
0.8416060064239105
0.30356635140966937
0.38586719204817066
0.08130005840850328
0.05473889536565113
0.038422370999131386
0.5361701893329486
0.12021620009345174
0.21126854270843595
0.08910798726980398
0.6641981504438093
0.0797781133544772
0.366545205213976
0.6518060782950953
0.6063359929672695
0.5147940256772284
0.9630943376207436
0.1875753919268937
0.18821178690870083
0.060431298828289993
0.19552379556170923
0.6298721842092535
0.9560379570139838
0.5120397470656325
0.2886494267165747
0.2048194634024197
0.9586863741375917
0.7803615948568627
0.8152515021597092
0.3592245890534624
0.7032906342664854
0.10448523640137569
0.18805777714130836
0.5874383959893953
0.4412962914811557
0.1560820337699752
0.9568289765414377
0.815714614531038
0.7396209494706927
0.221527226884336
0.20279562938416176
0.0964401155169822
0.07464124359629097
0.5458055318421738
0.4098071815329001
0.05861470572957804
0.5391817395844484
0.17612309979568555
0.5601528390787033
0.25190348336029955
0.21973526937259694
0.5469174291997304
0.026344698921114715
0.07284135853982583
0.361204625241014
0.7606325730257263
0.6506426116694534
0.31491999276167965
0.06361385676601544
0.08700142211250853
0.34632663217478066
0.5620238354813931
0.06047946943680952
0.07156197669312271
0.10196675956407966
0.03408630305778992
0.1047262293542003
0.050344885238279416
0.08690915560379343
0.4437843945221587
0.13616893756329954
0.3067463960210355
0.18183887571006216
0.2942442697703436
0.12413318762542365
0.25999915448592154
0.49110907970123435
0.1473103739384566
0.09605299035717564
0.44161947415673564
0.38960951910267805
0.11593275808932124
0.09402030232657041
0.3146420617055392
0.374210790261158
0.42968503447983497
0.2138135335114824
0.02343126420617602
0.752497876783857
0.01062102024827959
0.24437509375132113
0.9165267974437334
0.10353692786610741
0.4992527036987344
0.5317679652932026
0.12560774684505588
0.1729347287378968
0.4189419050341399
0.10288469079109543
0.08782506899682344
0.31383591516636317
0.22009986089693365
0.22910874457679897
0.7921528869703593
0.07999229784026424
0.3298943690074043
0.32061220425593345
0.6287643571032774
0.40794636214764024
0.10751558524532435
0.23479280301578578
0.08873584959969516
0.12503115806225265
0.7289714758401681
0.14583011801809068
0.09674550772848513
0.28462203877173525
0.10694354299147583
0.10867771394702108
0.6630166558200802
0.5671002919591455
0.7929554694814585
0.06934894948456824
0.10806584251463304
0.2752942353851856
0.3983525126876597
0.30984420953299935
0.10271395494112841
0.24803866900889637
0.11038010765841344
0.9091024836091707
0.14619065414733887
0.7047093959609406
0.03014137512028359
0.6878911307571839
0.06647295565406108
0.10359908190167984
0.32606973858571064
0.1163999398431209
0.11344722940362678
0.9793557592208837
0.48564978376299545
0.8686453060441947
0.11818369280972117
0.13268273077740553
0.1314222444693514
0.21923805600588378
0.18771296686344027
0.05894391883485686
0.4981673390757818
0.13810462025283576
0.036993167718974776
0.1749508604355344
0.029577398724480196
0.5547914345214104
0.031844026281359766
0.6073771184134499
0.4954067925528136
0.46203778020966474
0.22930463491149
0.1338958799684795
0.30155283641616126
0.24843339366262535
0.3451910384551288
0.2895809347088696
0.8913569385550978
0.12477861597369355
0.6451655516693049
0.11486621669367222
0.4672529444444718
0.47958768962456294
0.13250851292857288
0.13250851292857282
0.43363882941310694
0.610213293055583
0.21025998388753792
0.22605162844491494
0.320099089861897
0.18789076435674879
0.3789925711678043
0.60905619749476
0.05981086315427831
0.43016220649759873
0.2873685624297798
0.10902889742503893
0.7920408146365022
0.11487313222040238
0.3030906543931092
0.16966783641955502
0.07371897860803676
0.19165838101003516
0.37195606988621127
0.5191013294725142
0.8939618619202212
0.9932445902706389
0.23621181138909855
0.5948264074930558
0.14258139030476832
0.04214200306704677
0.576527306952713
0.13809722503999833
0.9918651679077731
0.7992726582863995
0.9137290724046541
0.2702747912069881
0.8567606256247873
0.9068221254593163
0.17844914753971644
0.27620971291479635
0.11124284223521133
0.7790239337639885
0.1634873036553683
0.1454632402094718
0.9474923762627898
0.02953822963257964
0.16445893941433207
0.24230234136762566
0.6930189349864551
0.210218839653183
0.17769304278946715
0.3849287926500049
0.7103087923822343
0.1368797341260433
0.07029541667623532
0.8378372733751357
0.9741739646855024
0.14975371556663716
0.5476383086975751
0.6083182336272948
0.22697948773220533
0.6336756580273581
0.051947820077688035
0.04077382007112084
0.3427570217485681
0.15490875141503563
0.24790266670404534
0.37741747650172475
0.21001021385759508
0.06267657974235895
0.1618382231067308
0.15931834456329783
0.1716854140645235
0.16340158151729292
0.17187603291416811
0.32328228276516363
0.9022207178531966
0.2626659165252599
0.07488820292883662
0.25922889969311863
0.17795671432461094
0.8628233448156848
0.252532817384777
0.060176729355007216
0.14167565111996386
0.42977195387936273
0.734139846311401
0.1637504843764962
0.8086073725978022
0.046810695705893864
0.21597020598484382
0.2155743549122691
0.7536679109464642
0.23664113123534372
0.14597345454664784
0.20230983088798796
0.3716114108366726
0.16071162527829574
0.1578907001944891
0.21537568635921403
0.46232150825516044
0.10642641738310997
0.42130781959264774
0.5096393472915294
0.08527953093955802
0.40094532143142636
0.6984876644982195
0.15648695064751725
0.2556318010311874
0.03240058192250508
0.2347402805972208
0.06856880831064299
0.26744077404470357
0.61412500973709
0.8752416169610105
0.0556669300112011
0.16278317130658046
0.5593212755509552
0.22138423203225516
0.4160738272137887
0.7734232365497271
0.07909592904199446
0.5024994685565302
0.16522238469405717
0.1910026429527386
0.9901789725510506
0.1078139107644725
0.8278530796183721
0.6390915503816438
0.9954781527838683
0.29255930041965317
0.1923490589465892
0.14622322719425887
0.9845360906955615
0.1502824306224484
0.10030029410758635
0.18571574710163177
0.6476648381694423
0.8637207227993569
0.6265876406621572
0.0907047355604074
0.798627887732808
0.06927025187222556
0.8646445207259656
0.13707348327106772
0.13390768026844158
0.5529082622075331
0.18453254016722126
0.17425101456119163
0.19828163117343445
0.8766016311396615
0.1450982285440084
0.537942557560405
0.2675174499922852
0.0922781988023583
0.3628270194236171
0.10013567628284646
0.5645935708966168
0.41155147564422073
0.04558938073527281
0.1544458386519287
0.6742802248233934
0.1603674138319708
0.07084176868591238
0.06553781571157785
0.0964630007176572
0.4077160296114915
0.4024486108660019
0.8408881602128692
0.5438473869127537
0.7231388967990534
0.11348570105672458
0.42750224283715543
0.1823642841865139
0.1671412964677328
0.8039560490670036
0.11296020836101914
0.2688770530647267
0.37639381810700845
0.16522194476163757
0.1806399637343562
0.18812284164677842
0.9477220691438251
0.9443669356076769
0.3213366245648512
0.1874518818932776
0.5349287128413736
0.14385675004114165
0.631136680200489
0.28964696833558357
0.23301666138328064
0.09508965435382019
0.09871164985982203
0.2082981534500126
0.41781620895242183
0.8980479468944412
0.17552472311555073
0.2623634044142168
0.5809701589064807
0.9337384994817622
0.38037480566351345
0.46137645533515753
0.21525740365336835
0.12006589842293112
0.2713113497723908
0.19093853098242333
0.19926994860592062
0.5827723957300377
0.20753524505778662
0.590087373909748
0.177384904781321
0.08304740998165092
0.13060964782120246
0.6623600829267401
0.4572792292550399
0.18846016806507282
0.15229469290971015
0.1951993706138511
0.17242999805793854
0.1847615627118396
0.21820003864188375
0.7998075299892972
0.10765890879274072
0.48206613612475213
0.09676859818919606
0.19518968658476887
0.9011971036331098
0.9053827101843808
0.78289552211934
0.1732188773870096
0.13185959205467554
0.1496649674082344
0.07722529801446545
0.7274256465310672
0.15914929429016828
0.27110502818377924
0.1074573784127771
0.09440052725540535
0.04915874021043279
0.559656753645335
0.2493494276430579
0.1310340521534427
0.20095225246688275
0.29511133735390194
0.39429372515394173
0.6265583578174234
0.11830543276986928
0.21627080483472785
0.2014239363748919
0.8924398841938457
0.13155177657360956
0.8824981774367787
0.20625581945594762
0.30376797276040046
0.10236264727901037
0.24328531766466932
0.7311507940817327
0.8772182230504894
0.07145084438961904
0.13550837089170026
0.11432865651588839
0.30227122283561975
0.5744895669776278
0.13251653688486537
0.15082597962510919
0.9439269315931603
0.10610132983794665
0.3083754001034443
0.6083705741866251
0.08322833429960741
0.0679446862144898
0.1483074217090636
0.09521514527050913
0.05448932507412298
0.25010360030151113
0.16281227604704912
0.5962746806393017
0.3397928719114406
0.26300955717701424
0.25184847242098235
0.11550619041705933
0.5308354942611752
0.7795513022085027
0.21964762913655406
0.19949584943897933
0.20890549506109862
0.15129992924124355
0.5531243804881522
0.1120226513568296
0.10901359005320398
0.5458164123872931
0.17886826326793245
0.14623589908771056
0.24752063585601683
0.1641527848740354
0.469338977902572
0.24964179931417937
0.08729658286623924
0.18229730233631783
0.1615905971522414
0.3851188073601308
0.18175838417671494
0.27317206948871237
0.12643758520448506
0.22589126128736167
0.7194703805447465
0.8878991044361167
0.19504132976800267
0.21481785103740964
0.8990106950864879
0.20910260408838377
0.3611508458170748
0.5963542362289713
0.181920904500141
0.11079216462143343
0.6099010280295911
0.12199398780757172
0.12117305157252238
0.05696453000359475
0.17739716457086463
0.27026123875934804
0.09875109682408786
0.1476051685709298
0.7576519439500977
0.764336838668021
0.6965633419957208
0.48585770894442026
0.2485661392679524
0.1799216535379307
0.16541444223128718
0.04371163684124122
0.07379543858685518
0.039673185775599806
0.3444251199423389
0.4342319371579569
0.2877512520840148
0.2585492433977984
0.734189155993228
0.13381185014712352
0.14290247904512327
0.27791071010145474
0.26629548476548603
0.07081142594641712
0.2714056063600603
0.2276914543631878
0.7752886275218164
0.3106338796878793
0.040423813845738815
0.9965084904573782
0.06412258338035692
0.20265679348059318
0.13633802687901753
0.5431080932738336
0.26322270207097115
0.09132878872277712
0.09917226803522701
0.17146626400628776
0.5723714726914517
0.05862174263439819
0.23295546465091144
0.22703385890744215
0.8329626337625627
0.14629736970901977
0.5492416587590278
0.5366194416070663
0.10543931362007553
0.0931380993129511
0.08166940235175532
0.1787940116637082
0.24835192724249103
0.2010383777058081
0.34530455293343704
0.29339127806614235
0.21703514955871955
0.18000967651582683
0.47183393483438596
0.6735086686379732
0.05660573317517106
0.03299828402345575
0.8738873214463208
0.4690037384993737
0.16050557649158761
0.34451959419608696
0.9609291784450753
0.25650809572036276
0.3058881170623208
0.11060182871961119
0.2368803541432249
0.2609009450524289
0.2965529595606544
0.06397687046144658
0.6923168494912115
0.19554092764171896
0.4443376752933659
0.2883227988487188
0.14488089965239148
0.4885718965078675
0.2038529109216342
0.20456826817022164
0.11396664105129582
0.16041305186782362
0.30887332910457443
0.35193399331612607
0.24142000405897984
0.35542802184390465
0.2838104960303037
0.3420956828016639
0.1930589455709963
0.4468655359267433
0.09961402010482015
0.1581648827162315
0.38986695346707095
0.137630833190267
0.44918226302168424
0.3200881802812708
0.14775338709560493
0.18032095792492966
0.3249849901643158
0.9873399488680153
0.8471061683178375
0.24225259751456463
0.2897727454344178
0.2670869230520281
0.24759723260380315
0.2179806319097468
0.09246412371890166
0.3124726492770991
0.1262680966167927
0.1413198512608275
0.7119647696694736
0.36419908587759114
0.2782420651103915
0.3348102548632898
0.07637286392439173
0.5267475554149611
0.5768388407642174
0.18249584668024138
0.05678944489489825
0.3762773082010462
0.1659228841633497
0.06166195482056999
0.043190603392675504
0.48541223436949305
0.07905696864382074
0.21905551272560886
0.48687485320979745
0.07068710868204196
0.4008236705829674
0.22692135124601065
0.1543632882894898
0.3763499825438379
0.23024051347542268
0.1955443342075307
0.24753421975102669
0.7439965163765127
0.3663336109506229
0.3014995083681119
0.12661660748114764
0.1657018748929745
0.1349764550751501
0.7131814947905366
0.33622120205081024
0.9419383875724033
0.6073487218064095
0.4293771687914029
0.17079141453644184
0.3085056495163194
0.1659507406953012
0.1283943859488853
0.7001974344251235
0.3992875653848979
0.14653534131132714
0.11323395689900004
0.394588120310123
0.13642545348863466
0.1450898383963556
0.17734093558068378
0.17723990898043412
0.22197446347803892
0.16048290248895503
0.2382548274544956
0.21538771740165616
0.15627472977189688
0.17848123688572076
0.45490039020657413
0.3555515487475695
0.2053594905829765
0.9397009250045926
0.1937206196834268
0.21750662694746395
0.21198275132964622
0.25810271036107113
0.24154903022184707
0.22102715846480092
0.3226250250941765
0.4250249952807987
0.16798910784292959
0.18746368574824515
0.1396043841656705
0.12712342868169163
0.3963529417659684
0.4233186380277047
0.2866128122008739
0.918681310282327
0.16505018737148466
0.13166645809473884
0.22162326307018632
0.20766072305736916
0.3747573869854074
0.22957393953216199
0.2722394251024449
0.4801708143370199
0.31962908746749386
0.26126770688187495
0.09902079377956312
0.08419022874934912
0.3791733043283718
0.7066502193551146
0.3146978967541053
0.1306809342591135
0.4904973902092139
0.25565643715986053
0.171220458043422
0.37661081528414336
0.4368078206284315
0.28864815695619983
0.5358356044350162
0.09557833082707816
0.20579488067814106
0.11342027001469243
0.1608086947630742
0.0819864375848638
0.33524077034578315
0.5884520441291791
0.15614742532032155
0.6692877748581476
0.2821275225668016
0.14127211860276875
0.06768135870913464
0.8949019415083734
0.3429428538435481
0.09624773135841054
0.15760715295379693
0.75368239320376
0.23165849302519123
0.27816086048267813
0.09379321165431932
0.39013588864168275
0.13224491038332822
0.2580127964009651
0.22988123113027986
0.13014422682458412
0.8540429422515643
0.5777322985219024
0.1348131395732042
0.09992181442875425
0.7497671674267458
0.949204625283097
0.1776484132004727
0.17749178641897917
0.37968545008959526
0.0864404065426361
0.5876807532754885
0.1656803865418506
0.12257983240174941
0.3645350252296324
0.8714231604787918
0.12409145070784008
0.9863171254672718
0.2618837338668606
0.18702539735676818
0.2671869195639411
0.35881294159756083
0.9685400038492901
0.5999194725098675
0.3679651658766211
0.15311091237142793
0.12615431835842145
0.69797212676213
0.2034053768156025
0.19933341947817224
0.19934564368257787
0.10357043048681248
0.10357043048681254
0.3179444633486472
0.642175019085708
0.691552081396723
0.17354763050013808
0.380162369644798
0.2304178906943822
0.14715092514325964
0.21987671611005136
0.26999757176913314
0.1538922486098598
0.33826057951011623
0.673933913124689
0.477534278971797
0.28703563976148994
0.265219891936964
0.34292246185879627
0.3582971739157063
0.23919400051177997
0.235395095147686
0.25092577195659277
0.2374212749456935
0.20334730950952948
0.20172650870039568
0.34633880552710394
0.9835766948998924
0.7689372787080772
0.16758611242944238
0.20896248655060323
0.1691824116333189
0.8659521055253068
0.08074422615264845
0.12989204068502377
0.1890029023816218
0.5389936269009352
0.8861487226507612
0.4923674312189047
0.4400912116683565
0.10997256657425948
0.630659386388449
0.07505656622125413
0.10737560262276986
0.9636615979543314
0.36019188512753775
0.5166615320246047
0.11313281872607728
0.5290398668605968
0.4870662107521231
0.5651212386515754
0.20924372303323296
0.1723742906610361
0.16764993911552817
0.9444027919994946
0.19430747815458607
0.25708863581197394
0.28005278388856236
0.9232854114945326
0.21805600711685616
0.22258082418106742
0.31084309998934767
0.2888050865713348
0.17356150745156165
0.8885009427661537
0.9944919284534962
0.09768154546395637
0.6408450923894272
0.15605523411635086
0.8519106182219611
0.5801842644639431
0.12141177538386656
0.7499085911575615
0.16334227357378542
0.27948508019714186
0.2489903885968091
0.42843651597105475
0.1695400879377693
0.14068505316717833
0.12115603756756184
0.21654391872756995
0.427594920029899
0.060775088531112374
0.10593606195448065
0.5501774851017258
0.20427275671180647
0.21681191644015735
0.10407008503983124
0.11226544683597157
0.38913198904453145
0.7188609083570195
0.7541677245257649
0.09059804773528544
0.17268971680998624
0.146520962256611
0.4314022269932031
0.3383468802024422
0.14825696711639472
0.9548432734752723
0.5391023865786516
0.18864423252616166
0.18779237219479533
0.15865238326754744
0.7040310529220452
0.24121953401933993
0.5719966543884607
0.8095736595143355
0.14087471475686614
0.23467705270734976
0.1982286125769835
0.8806401487866982
0.30665202589544216
0.264340061106069
0.11124363533482068
0.12431822622715968
0.6977660186315262
0.9877111143312849
0.3719429706531001
0.31455582254823544
0.22278941809606304
0.06684239292110858
0.14014636860386392
0.18780720888251232
0.3905805189978953
0.6795093747392804
0.12531923951273005
0.4625518687170707
0.9798182397343986
0.16759109500028088
0.12793041264379315
0.18573726901670085
0.11036875068828131
0.7210047540877446
0.9496767526033078
0.24086946295683417
0.6437900161769744
0.21794709736306114
0.34202243102116286
0.2972457807795652
0.20606921240479106
0.23636855267478657
0.9533462985998176
0.18838103001015888
0.3194284806795887
0.314210535271134
0.3320300324461898
0.23028016765933437
0.1671377801167435
0.10769767484175688
0.4751069777555296
0.12277447735302516
0.4824566506144733
0.9783068421102821
