Model: SOS
Dataset 14: pima.mat
Time taken: 0.48552799224853516 seg.
Accuracy: 0.3619402985074627
@scores
0.34180530052340863
0.38792568584532433
0.5802012998650758
0.10876334275046776
0.8712121259753423
0.5496815925130473
0.5150098137574227
0.5069108701428675
0.5902961664816777
0.4376172415300739
0.08115870778298916
0.16445766142793947
0.24776950837518924
0.7524036007045518
0.20298650590226724
0.474336679372166
0.07198344652607466
0.04777233527336248
0.298059080525724
0.07175660301300821
0.1290378268622255
0.5411256977051897
0.5013338916453987
0.13887493061421813
0.18765887817122184
0.05845196321088419
0.17982755588242907
0.5174721934677327
0.832135161773903
0.25432337596031845
0.6956523322859902
0.13543689311096152
0.46996266097953526
0.4311498768302172
0.09462867265920805
0.498232171922923
0.3950956462216841
0.09827118359207491
0.5923676303243328
0.1654712529347167
0.7230241772358696
0.1369749528095973
0.8532041822616614
0.6049779650962278
0.0786005448111521
0.1592581637196571
0.17235473334443116
0.6409318700590013
0.3601301393541251
0.3788772972152325
0.2060385013819928
0.3564140524153047
0.8425580330261585
0.5798509497844587
0.1001689148683748
0.4758274968775366
0.18587623911934728
0.9822228823028089
0.4008659215461258
0.17211379347117786
0.19758397591349255
0.015103186539025652
0.5561317234940523
0.3722021839659892
0.06903501880499867
0.5755458617136281
0.5833387030775073
0.8949043127414397
0.2557810856017706
0.3221232281983252
0.2565325583849146
0.3008040290479918
0.40585433379122576
0.3144583068939266
0.2448556822717988
0.5857271921153637
0.10101348220310837
0.21963203378467208
0.44471358841853925
0.0672220549294443
0.8761041321731706
0.41628683468241895
0.44289300354651473
0.6533493278454268
0.8168835675998998
0.08124241009973027
0.9640534822947903
0.262556720609658
0.6635354030161673
0.16065218137304982
0.33366353753863126
0.5847875507100598
0.08708843320428303
0.07039760053213467
0.2445549159690255
0.22763489579117185
0.1084863320873226
0.7517678790358319
0.5727596095439351
0.36535789905243987
0.08200661102772794
0.4144021239328199
0.27757775393098183
0.3186359365742318
0.6435626494816716
0.4631903379017825
0.9992550542615796
0.6429024671830484
0.26618466308977085
0.6510250413212106
0.065938531126171
0.18119812888547618
0.29411902278590757
0.21030309737542194
0.490249455478507
0.32069538878687814
0.342112379920749
0.7998912842928408
0.2952383097960862
0.4019861402091896
0.9794722056218672
0.14705146895347268
0.4657645003341716
0.6288002463500557
0.5276982816499248
0.45715742244118135
0.2957823722145291
0.6284665889357887
0.28280279467343256
0.45237394121082236
0.2961900547314347
0.5783062993789538
0.67762344263132
0.4144676757349615
0.09287449619379497
0.40958668110936197
0.6103370507148235
0.02138810215946001
0.06668483386081432
0.7371408842075783
0.30750341037183654
0.04245284034358082
0.1720045873286011
0.09639424695942725
0.2510144139973106
0.9993543250736421
0.5373125405753335
0.10990800951210046
0.14946883384521015
0.5445474815793266
0.731068050595123
0.4655308093491953
0.06353780561071302
0.06333522501785573
0.5755504728247687
0.4137951703869449
0.1704142729932901
0.2694820121141963
0.08943027658512362
0.7147854306268323
0.37277456886505583
0.27427635723056776
0.411138045617739
0.09990145154114285
0.3100363636077618
0.8156963761758411
0.5911241961714969
0.057016886551603335
0.3567124294548683
0.2966798475009083
0.3873864904945712
0.15430331136814715
0.8706440584179843
0.8054447661113657
0.2047088931412354
0.26425640126206446
0.10616921843642167
0.9959288803886626
0.2528602655569361
0.16328435341657768
0.1853813100266128
0.2886596402148187
0.6035636582262247
0.055700504948590225
0.20113336788728042
0.31255395197050523
0.37370341203286445
0.9514212838548659
0.5595068026318536
0.3663176099630803
0.31754563370372524
0.6156299995917796
0.17744152889992204
0.7055936953979643
0.9447341336516376
0.25410765438387134
0.09897638757826793
0.23521956229366162
0.26598305816003137
0.1336175887234744
0.6593043952438344
0.2258835329834637
0.7651291523744345
0.07141522128087341
0.153089916837748
0.6135235724851946
0.2910150754322983
0.2832344698777382
0.0845008076424569
0.10841154916759943
0.4150199669284254
0.43384725963558796
0.3562162065496531
0.30099525010789996
0.5275866725011786
0.2370957239117308
0.564016931457482
0.07651588566629644
0.07970569272411694
0.3434101796332258
0.4617249183988092
0.35807857306797036
0.17738256570212887
0.9739356726397601
0.1503965421987858
0.05206657812001469
0.18136019841696932
0.8752793978835921
0.18678920734666057
0.6433935825136476
0.5489004606449468
0.5910545204571297
0.15284195554952792
0.15259470546740395
0.23684466693258877
0.3462559921790576
0.4432169213325356
0.8151744970234386
0.7310073344940279
0.917819887577272
0.14613385283178026
0.3234527311233824
0.531433846076548
0.8392826735577074
0.15735252742451042
0.5394241339878316
0.29445240590878813
0.36412689812259247
0.36820724752677264
0.08941723309157433
0.9882840589332974
0.12797971623899182
0.16881788062007325
0.1306216668451527
0.8222556165669249
0.20620829019342124
0.277419914648232
0.02465211351953064
0.3219902498147257
0.19976031158227106
0.7784252183402437
0.17668655674000472
0.054017481660472016
0.23891355720226365
0.07481524461717858
0.4324359427716199
0.11865513919166619
0.3202583588021936
0.5022234452338779
0.37492199753612854
0.12575004650171095
0.08274866632842456
0.8828726364237878
0.8880614213247251
0.4779546258109026
0.47938427469208766
0.261726212401741
0.14347314782089063
0.10416772618592744
0.2287035983207137
0.6134571405103457
0.13141063831524083
0.16571170799214618
0.10925831573035504
0.12807994814934257
0.18813079950963282
0.09170228152146265
0.22310045232615516
0.179473828938198
0.1750804326785625
0.5120976356209506
0.11205347315443534
0.36884208253879563
0.9706054287415373
0.957357030928129
0.635781227520757
0.19372464679860069
0.3308084230059471
0.1691958285353121
0.19396973243283774
0.41582361986793864
0.0551592504966901
0.06570883036646585
0.9566294031228113
0.8193862664043732
0.42958949570036253
0.5754416909178413
0.9183256810464636
0.08143770537767099
0.08965548072938884
0.15707578970953573
0.10211036709435352
0.09049533320629416
0.5010224672630976
0.026153410777239896
0.05295580414335021
0.47138633731129403
0.10210326182384465
0.08806834678815492
0.2749139569225429
0.7852107723135492
0.026424463496012105
0.7527662066394156
0.9789989301920279
0.285602898435955
0.41413112007201713
0.07566199218286115
0.2073531880516379
0.38629604365385345
0.23614204595608998
0.467559673518291
0.21927357380381737
0.40942323285918464
0.7974240814452678
0.0913234547098548
0.2394714007549398
0.18020861406685154
0.13935732453242972
0.1737702001541653
0.10671013601003619
0.6819230611421696
0.08119256502023284
0.12823844430929107
0.3300030706526964
0.1270284708047952
0.18382170958565264
0.9743188739014523
0.3419718049749458
0.23254948221391145
0.23265381899603152
0.19591022877472009
0.30517760356305
0.30440894372639826
0.2105101565842353
0.35586714638567435
0.16632027046075948
0.08517672907599239
0.9884668437443316
0.7394147367708237
0.6581519053492567
0.5589637832442255
0.2055622778917172
0.9726216474465835
0.24884997093743005
0.05859165928926031
0.5397218248666967
0.3508809226121315
0.17688735324943825
0.3894744220234262
0.5617704363900033
0.13565793641618826
0.9953531648490058
0.26143186137724095
0.09840598322526581
0.2843963825186634
0.34348954844383683
0.2504660385401349
0.26596779707602886
0.7853442942791505
0.9749802314055035
0.5626868970270663
0.22576184853996162
0.2808757611633015
0.18157783536859518
0.11704470973945233
0.9199869695189421
0.07383525118198782
0.2975822894500643
0.7844391755205119
0.034967834719885946
0.10657814213221087
0.14869608992905578
0.3431874619329045
0.7775053934279283
0.38785059609359274
0.18531334555584597
0.24607485214090002
0.0980151628831742
0.22488753586689195
0.07857208487050284
0.3316620517224423
0.25618904587624847
0.535178512089241
0.2453509501476651
0.5096391093443056
0.2665391102016679
0.16971716892845704
0.5372896134822516
0.3823464599625211
0.25091881934637905
0.860227597403621
0.05627510216788803
0.33991445779756607
0.24571219723250032
0.6133226747792484
0.05994202470149922
0.08454114678016057
0.05394726801288595
0.2246445077662733
0.2795548158746479
0.2435592661175942
0.10440761349515523
0.7535115616681848
0.4680222311970656
0.09630550052100473
0.07637085249038059
0.5091076472786022
0.0660839992270809
0.09939126461516978
0.4600830842373217
0.17307151137513443
0.7437467221217592
0.39381754939016433
0.2928194817096904
0.8129805574799339
0.12272901995930025
0.14766176239485138
0.10627160868850695
0.339985061680301
0.2243625150378082
0.2472415724293715
0.08157686269054802
0.44534022020150293
0.12277539782672725
0.8436821508058222
0.3395092186506031
0.079823800031266
0.17625579675605677
0.19454521851935333
0.2478303005636838
0.9046243359353998
0.08079463223871734
0.8286942645601822
0.9962529208229655
0.6492732377203757
0.34201141901201987
0.4726827143399387
0.2594859492884814
0.7120840315191106
0.9987878392774802
0.31537195746235736
0.12831029142053513
0.23368820732599727
0.1603299580463464
0.29595950770831475
0.4356029676144332
0.8211785040364663
0.0680776116289427
0.05466292835767143
0.5593518885981441
0.12769390471275102
0.17264186606952728
0.1245528969458503
0.17621975499137402
0.292304470341445
0.2487632371177222
0.6233880938969704
0.38370545797251626
0.1844933212384284
0.30372406558208254
0.029771310680841424
0.854229584365068
0.13988274150656482
0.6828757833406727
0.2903923733410154
0.7501326924051739
0.4207921895381919
0.5278545271663917
0.339399785954223
0.13343000748102146
0.07610953264113195
0.707001338120219
0.21687350365515098
0.70959491177266
0.18175433395007679
0.29958470954241306
0.01647446293280757
0.7366255447366222
0.9071172754912946
0.08581680477646543
0.1282418178753428
0.05222096912739397
0.2543403752859752
0.6633721111909099
0.40828960083146393
0.31019490270399774
0.26063999594849957
0.05858254438562732
0.07911597347212741
0.23851598603484359
0.21507965315172667
0.5992879460313622
0.4938964934538717
0.11074065267402047
0.0651670404346755
0.16230167197626227
0.6815590655666872
0.44653482689876883
0.7666093337907023
0.9599241429534229
0.9116469370206689
0.222303623883105
0.21014288285586755
0.30244863984880505
0.1866706173334454
0.3599038951841455
0.16368602517889436
0.16951233324894258
0.21137505460618936
0.3409968994371943
0.06489895190597192
0.5756792360544977
0.33307109372803134
0.13851337432109023
0.22714971490880118
0.36273331326938907
0.276220697518839
0.972579376553569
0.10597041490178999
0.21628308518233852
0.34027534678086196
0.1287033810238294
0.5593803780446231
0.3911854240174952
0.15751806244816552
0.42581390342168596
0.2914880536732195
0.18839636377727806
0.7814697620311108
0.3135469261775387
0.45448752071351156
0.3899627956109246
0.6207843635254173
0.08101956949049531
0.06434246979950299
0.50497472224164
0.0988575754890809
0.23370350928304104
0.5113835843873052
0.09474117142563904
0.18701289241909205
0.28152239506521803
0.18765721676554228
0.44301748647125816
0.47185973825775135
0.12661138964526897
0.9425549761880031
0.6901607005528727
0.030474595396616323
0.18476139141629364
0.15372969161541725
0.29470285161410886
0.5950824250419622
0.4852119649212884
0.30409845884086384
0.9660512809041069
0.2710392553830648
0.5396989596868144
0.6233933450682384
0.9999695094711114
0.16072307924784315
0.25617189559803005
0.8650564719925146
0.10366321136360758
0.6667254063265937
0.22536062402251333
0.7157540838573596
0.520361555211242
0.4753314675735625
0.8389364226572773
0.4212128424147101
0.28452013480373634
0.20073393086989127
0.7039051145510195
0.46134794953799024
0.8944053124036956
0.6729729537614204
0.9962614755160949
0.18686543845008938
0.4206785893974472
0.3355996039609196
0.20245545482386432
0.3391087510643176
0.39304438861206636
0.2649384834213336
0.5739048131082783
0.2529780724983359
0.7180608203249663
0.16202928099478062
0.20100463961255988
0.12637487818797427
0.212140292899587
0.34172540548563746
0.2927668518338855
0.21867917622077981
0.10744672196307364
0.17352104692667966
0.9246885949981523
0.07147085990176731
0.20989100047846856
0.2973853654436406
0.22195589853743727
0.1445653946406449
0.23345331118955023
0.5906953870290121
0.3677676372208011
0.3816097609345788
0.6539492140670228
0.0799175471843198
0.11158274194570772
0.21785881604281776
0.14700468390423616
0.06978286838056263
0.29258906687314923
0.14683084636131918
0.6180801948720415
0.16337443169029314
0.49826578543525124
0.7482732531211602
0.2438062572047764
0.9129567169142081
0.43146228675822484
0.3480168096833217
0.0820545258353726
0.19798613785655225
0.6518390642674702
0.6094105229245222
0.9828004526128497
0.34083113914024815
0.23328345305651887
0.43900258239475043
0.3408697018739366
0.04603703727000184
0.3744878835266181
0.1984629442010944
0.314774429772992
0.7728264516774672
0.27011992179923894
0.40007090851109023
0.1851829150042384
0.17914688108461146
0.3634675663477576
0.14814035897042355
0.14130768117806597
0.38806682662108855
0.25095573154846973
0.27653502100311717
0.2646732759324776
0.2061003029494515
0.11547408625271735
0.061537186246809886
0.2872598203533897
0.9987618907803972
0.9302311981042994
0.9140175692428535
0.22569648604279352
0.3146518270463536
0.16382536102544026
0.3926194650362795
0.1636031271709815
0.9851947370415685
0.4685279656675021
0.2563524463689423
0.10436844444483077
0.3076426783130979
0.053664216574668994
0.2618184869286549
0.2987963632956071
0.5460347971079056
0.9083839172585364
0.19901913052756462
0.4340150859401676
0.21186144422396563
0.8924648118239792
0.1141506161232319
0.5751607262403584
0.08781075607647047
0.2858728530528069
0.23999389742957383
0.5394326757264185
0.13583965175375295
0.16493407143660252
0.2796107054113423
0.16650830696266944
0.04555485032358891
0.7951324765337497
0.34630338777935293
0.3932294500619138
0.5844384817035531
0.6668971075340455
0.3936068817227235
0.6013494538997696
0.8858535914486959
0.2536189355517201
0.3231070715256849
0.305388094426288
0.5552042604333784
0.8909362963010369
0.8150805167419031
0.07456446901731441
0.6948061591204086
0.16492241941660163
0.07374529133181897
0.3310581656569581
0.10069108799365498
0.41222315256718045
0.0362288235676293
0.6948884624664071
0.9707647792524677
0.5590991438980031
0.469241693319348
0.7918939857110912
0.3304870282512884
0.2344717561973807
0.136089608237848
0.6019883820688507
0.5310748496817208
0.17995208711418306
0.2988868559026472
0.31884128827202624
0.6312910612133703
0.5388539167592322
0.16880742451816733
0.20557941548455996
0.11938417861376513
0.30876908371257705
0.2314175494187811
0.15026023062487215
0.12306387922103774
0.36970413540822694
0.18302624729177894
0.08994884537839011
0.08125433259694649
0.4556684816368272
0.05529503748294214
0.44460239362075865
0.3893491285125611
0.3343909678967099
0.03601921952773432
0.7213229467994006
0.08011996310267074
0.1615537035718456
0.12687656255676125
0.9149187671304865
0.22728049122533922
0.1313477169156736
0.8008534063559377
0.22076924625629354
