Model: HICS
Dataset 3: breastw.mat
Time taken: 315.4130711555481 seg.
Accuracy: 0.012552301255230125
@scores
10415946.1654721
71470589.3064166
3003768793.0150976
80395730.49782455
42647059.90968667
19852942.193065125
1.2256627041467676
1893288749.2856557
11702823761.119732
2251006228.9254827
1583984780.4779181
979494478.3288616
88482330.64390129
3749959889.5186744
1.0664682160942844
121007608.59195153
610294118.6469138
41267842.226386964
128704917.82089487
1663910444.6335173
1.104685718340179
7352942.211781926
1.0
1.0
67437819.43155925
3098421698.410977
20588236.292745035
979494478.3288616
846988148.5314006
2005121239.6044085
846032256.2913239
17533197.088606443
2234498169.4190464
2044836087.6243408
979494478.3288616
13235295.150775244
2743233091.154821
20588236.323532224
7352942.292060979
109699543.83453266
48757805.18936835
55206135.067512475
33002091.287567385
6718491194.436615
30000001.03288666
1.0
42647059.90968667
55416842.77230341
123118117.55136451
42647060.1019383
59596300.18590621
1.2201407705912188
62235949.12357502
1470589.2726205029
74595403.65426724
198030009.60445693
144766701.02656403
366123814.5319272
69394603.23926118
4001712166.279681
22058824.657322995
126226345.43672854
1.0
1.761161343889522
41267842.226386964
74178561.92812927
1.2713100740552554
4558604713.702083
111856077.56005576
1.2987655225422576
3706924673.489247
22058824.558309034
54804772.28536617
7101609989.527681
212730669.12690124
1063253282.3594954
1293717341.2279382
3141209488.5642724
1275261195.1701329
2372655322.2066417
2217207209.4879003
3281468111.760478
1.1663992003091574
1.2694790687758515
37352942.24634869
41426248.796790294
41267842.226386964
2936620384.216039
1.0
1958096766.8833683
41267842.226386964
1.0
846032256.2913239
1.0
2358457485.3442006
10415946.1654721
1.2380448399641233
1.0391455789019617
140099287.11248994
51470589.53288917
1135320400.3500218
21775233.941254165
1.1800215025763796
1.646430654504421
69117648.195914
42916268.98478709
4887920694.481837
1.030021644853353
5960380842.941246
53235295.16341283
20931478.68861069
45044846.9308838
260784602.41678244
1.1919909323264974
381751069.3442586
1.2205450943227898
4515866712.808168
2955980525.5610795
3607335879.9532433
3086952675.8521442
48757805.2009599
9023629.732666478
5882354.042386266
1.0
1.1156334609322067
380003587.26628333
89365260.8200796
21165748.558532484
111856077.56005576
846032256.2913239
44931679.425708555
4171012813.2225685
3500002308.3953404
1540204371.4592009
610294118.6469138
399991342.98443866
1116424609.4586387
399991342.98443866
740328161.793757
19986993.478460375
1.1919909323264974
979494478.3288616
109911300.37964164
5342017788.670732
337316852.5362568
1.1356804317094684
1583984780.4779181
29169421.47154442
23823783.103770647
1178197660.020764
1.0
82165764.77336468
2916153947.9932227
846032256.2913239
1.1314078476408804
53763513.21273717
2393138173.998165
380003587.26628333
6264565031.081251
2639800869.2487326
37248938.1514219
1.4098235065758653
380003587.26628333
3112926261.2779245
399991342.98443866
1.0
1.0
1.0818447703034213
44343203.71104627
1470589.2947599194
846032256.2913239
220194894.98027402
41267842.226386964
1470589.3569445172
1583984780.4779181
1.0
1663910444.6335173
0.9810047725280215
53993956.201270305
1184558978.3588638
7352942.290250068
1.1377284633518638
1.0607291807510828
1790975266.2368371
1.0103211049338694
13776521.694879038
20588236.292745035
1.0
380003587.26628333
41267842.226386964
88683490.31782582
157474769.8466188
1.0
1.0
0.9965323390201841
23529412.839239866
1.0
10415946.1654721
1.0
1.046860989000717
47399075.8646746
1583984780.4779181
1583984780.4779181
1540468228.3183308
1.072793821459684
19412018.392301053
1.0
7545874.130448605
1.0991938159783519
60214095.73152074
1.0
1.0
49494478.34119901
892373255.6476889
3058844391.828741
1.1617768372607873
295588236.4879653
67647059.83061287
57131086.00545888
1.0
20588236.286516976
37579281.19061882
1583984780.4779181
1.1175496904246864
19117648.080363393
27292924.98137829
114060416.55533719
50000001.01093422
297119299.5910137
1.177357450269327
1.065147073818295
1.120698736950924
97815174.81376979
446579852.7324018
692003887.9498972
846032256.2913239
4590781491.057877
1.0
2778011561.7456083
0.9884439423979818
91673854.62200502
10385490.040946446
3433195337.3378625
2453797.4459921615
8787617.468172574
48757805.18936835
22058824.657322995
22058824.555957675
399991342.98443866
1.0
380003587.26628333
13235295.20983448
59745185.71647952
1.1398096648518956
0.9864839149669102
1470589.2603895655
2453797.5603215313
1307983025.4763336
96306214.44150777
45831891.45550348
1.2373112222311948
1.0
127126175.65987511
10415946.1654721
45831891.45550348
122130360.05576795
3002763440.885746
1.0
1.0
1.0
1.2987771660634806
380003587.26628333
2234498169.4190464
152932495.64059597
64195920.33214866
120381160.33452581
46304008.777175404
1.138661116169205
3500002308.3953404
226703405.36247066
1.0661082533742736
1.0
1.0
34845068.87393872
20588236.296556283
19117648.12872103
1026306180.5924146
121898181.2654057
8823530.471647613
1.0
1.079136832675163
1.0
17198010.021917053
1.1282935102433225
1.0
1.0
1.0448240889187097
1614886274.2439585
3141209488.5642724
1.0
19117648.289360143
1.0
822667962.120198
43668598.270663835
13235295.114004053
3843086051.3527474
1.1214437349381252
1.2356196744791694
380003587.26628333
110294118.71000697
1.0
1532059005.077305
590087086.0777571
1.0
27941177.58695046
41176471.59579029
61221317.472647116
5054296214.174016
1224802434.4351108
23080362.944429785
75423861.44631381
1.0
38600777.68241335
1.0
822667962.120198
55433304.107949436
5882354.01481217
1.0
740328161.793757
1.0
1.1028980926927563
1.0
807516900.2556394
4140883972.50839
65205420.65630053
72498361.78096542
50518700.872646555
846032256.2913239
43970589.38694161
44652460.820403025
1.0
2861056358.788351
171460246.36552942
1.1282579210600143
7682742.355915058
1.084994746788432
1.0928794886232136
85275504.40200703
865070407.4544706
378788965.6999625
846032256.2913239
979494478.3288616
1.0652342791603082
1.0081902617730945
846988148.5314006
692192800.1807855
1025616694.7158238
846988148.5314006
1116424609.4586387
1930813943.216997
2044836087.6243408
1.0
1.0
822667962.120198
2037331745.332014
571638014.1249979
1.0
1.0746855943630271
970786201.4131945
740328161.793757
740328161.793757
985774173.3095561
27112901.013978347
645647661.4777943
3422179575.423705
2588281894.506092
3237401638.043426
8823530.403369933
1.0
1615398041.2206674
1446756805.449338
1.0
380003587.26628333
60355032.406054206
4075221579.3309045
1985263303.580375
1.2054061593972223
399991342.98443866
119717658.89902122
144117648.21222273
4143817403.6216264
1.0
1428978571.98364
1.0
840683779.9813558
2044836087.6243408
1.0
9472679.526359372
1174582570.3654063
14949538.381024238
27018813.426265486
32500001.050776117
1.0
1173909517.1375756
498094022.5473288
128174927.95387162
28088236.36776585
155405469.0839322
111856077.56005576
399991342.98443866
22058824.616600316
184357920.11535332
17090178.01510545
1.0
979494478.3288616
4099925146.7465653
1034723692.5458677
2510138754.9664226
574997504.6891248
34524577.349659204
107944009.33850227
1.1514304922398062
60355032.406054206
104472679.60819489
0.9995645731764083
48995604.86821496
369943012.3547392
2847208112.313575
4184241947.721015
1237313200.354128
740328161.793757
1.0
0.9995645731764083
1615398041.2206674
4411765.701733758
536764706.94341433
0.9995645731764083
128675483.14668235
7352942.23219978
1348817260.5961628
922469569.056497
4411765.719200422
1470589.2609622998
1265680811.157518
91267842.27120483
50518700.872646555
144117648.1992698
979257384.2033457
2794114723.297281
60355032.406054206
1.0183767504268206
1470589.2533812907
53733056.32139437
60355032.406054206
2255480240.158964
2005121239.6044085
979257384.2033457
2314165849.203493
60355032.406054206
0.9995645731764083
399991342.98443866
1239745305.9035637
60355032.406054206
2276015909.649518
1.0055584075597555
1671363722.1028714
258068755.9835269
1.1447165645267428
8823530.402903493
1265680811.157518
2130223861.655279
2005121239.6044085
4938003.925697961
26470589.507659383
496495688.1932891
1.0
84049086.1113661
1241868321.8058805
121352719.37974939
277851428.3840083
2005121239.6044085
1615398041.2206674
2269040920.9545226
610294118.6469138
610294118.6469138
1663910444.6335173
610294118.6469138
2372655322.2066417
41267842.226386964
1.0
372489923.0829911
1.122231224529562
920698162.4990277
0.9995645731764083
740328161.793757
1.0
20588236.292745035
0.9995645731764083
2005121239.6044085
36831742.79384707
22058824.628560174
1615398041.2206674
822667962.120198
1955407530.8743408
33499460.851074096
4041872815.91561
2475316454.002625
1.0590516198932125
31903892.339120153
1.0
1958096766.8833683
60355032.406054206
41267842.226386964
1278798451.2033408
1241868321.8058805
27941177.472847506
1428978571.98364
1583984780.4779181
1.0
979494478.3288616
1850601331.1780791
10415946.1654721
1174582570.3654063
610294118.6469138
1781952546.3173847
2736622281.1382
399991342.98443866
332373586.102006
610294118.6469138
1074381820.1673503
20588236.292745035
0.9935136260297365
1021027773.4611865
1574464918.0183551
72222456.69026682
1.0
1.0
1154732238.5923538
1122609982.246865
399991342.98443866
549091189.0153576
1409187341.5983906
50518700.872646555
979494478.3288616
20588236.292745035
10415946.1654721
10415946.1654721
1.0
1.0
2393138173.998165
1.0288679278262545
1393440864.5009944
803870038.4632956
165942819.62471145
19412018.509793792
38684954.71830666
32863319.086351827
1.0
1.0
33823530.42875273
1174582570.3654063
20588236.292745035
1.0
1.0
1.0
1051244557.8862503
1.011557044613097
8823530.436184932
399991342.98443866
1368714138.0040905
1.0
1.0193414193941808
2510138754.9664226
52326744.995946236
0.9995645731764083
102548299.44512713
7352942.208418109
83307346.12213801
1265680811.157518
34970049.056635365
20588236.292745035
1116424609.4586387
101683787.44965105
1.0
1425360768.192794
1.0
822667962.120198
610294118.6469138
18120546.8957624
170319875.27530888
13776521.639965927
2000740571.1906452
1.0
1.1503527259772282
0.9995645731764083
231256430.8514327
26470589.317899562
1.092202883509269
708180921.0539235
855965066.5669112
247150195.20998758
1.0
610294118.6469138
20588236.292745035
1.0
296511291.5449883
575349384.4853446
1.0
2019983488.2937834
557930054.3561015
13300811.961519869
391624666.9193538
740328161.793757
60355032.406054206
1237836538.787906
20588236.292745035
1.0
2941177.498849321
399991342.98443866
388126608.62375635
31548952.357915033
934463952.3441
60355032.406054206
50518700.872646555
63296208.9306138
1.0
1.0
1.0
740328161.793757
1.0
3433195337.3378625
2080653475.8699071
1.2222050773795121
1.0
1145806262.7534328
2527282753.6308136
2510138754.9664226
610294118.6469138
380003587.26628333
1.0
20588236.292745035
40704124.618143454
2851418.0876376345
1.0
1.0
41267842.226386964
340960397.77323127
340960397.77323127
45144656.30471962
1.0
2627068739.5842934
380003587.26628333
206879209.3568319
1.022682877686896
13235295.16228193
2077456863.8849175
846032256.2913239
1176055610.5656571
1.0
256909229.98641524
2255480240.158964
0.9995645731764083
1.0
740328161.793757
1.1103262503770963
46304008.767418854
2524746769.7875323
1.0
1.0
1.0
1.0
2167810574.077059
60355032.406054206
19336210906.68627
2080653475.8699071
41176471.67975233
399991342.98443866
6639338236.293895
3310241471.278621
740328161.793757
108439463.94166481
23529412.86288071
22058824.620907534
