Model: HICS
Dataset 5: glass.mat
Time taken: 79.25607919692993 seg.
Accuracy: 0.1111111111111111
@scores
359475.8235622814
1.2760106273926024
1.208280976262255
1.0166413900896674
1.0179381756746901
1.0884098009430547
1.037153398078286
1.1101645898935673
1.2264810058119657
0.9974163527558945
1.09841449413145
0.9896429482208412
1.10280735347595
1.0347369529728572
1.0525217190114238
1.0081105410085065
1.0499166395383517
1.1753992674769709
359475.4614211863
1.090315099685867
1.054493475003717
706983.8879399033
1.0033134231018097
0.9814177333330135
1.0126315554076784
0.9796893763188291
0.9921753118402107
0.9709985041389765
1.0513671608749298
0.9717620726809615
1.0432612526139693
1.0352890271939337
1.0552748786131791
179552.34249690257
1.008751434499664
0.9971541678806409
2641522.7291232296
0.9959440327357226
1.1066551984401314
1.1066551984401314
1.0302915823086114
1.0278095151492845
1.0010393697581883
1.0606853131776266
1.1289714585879111
1.1059513256501299
1.1147603678636129
1487590.4775118653
1.1468381975263717
1.1501875865780484
1.094726771202835
1.1941074424733102
1.419976721324368
1.4399668653197064
1.4413989342121343
1.8208484258356576
1.119977737911919
0.9661817178489364
1.0817696545305726
1.0277211605142211
1.2858873008662972
1.689837836147535
1.0824199834476944
1.1212503315353883
1.0777390125354884
1.0680527229241514
1.1951341350441071
1.2104985141184765
1.1717201801589892
746260.5386924021
2.11750882535972
1.24738038436712
1.0430701581689432
1.0187347409007719
1.0306380810508502
1.0138591988150993
1.0590768743195156
0.994884060489381
1.351051820494951
1.1597182949393852
1.3833475256865821
1.0603867157693554
1.0049722688517555
1.015698609479752
2.8128693860274874
1.0244865929689415
1.1257990211809548
1.0297007952848225
0.9847059197468863
1.2558920267165703
1.2287239008607767
1.0501597328176195
1.4550208421428286
1.1342525201643887
1.1166948046288143
1.0933713412760906
1.2522148303720926
1.7378359671606416
1.52006300741945
3281174.390364726
1.4490201158163298
1.7719366696291095
2.0282552115044408
1.7673897861100796
1.4485803179294612
3457921.6777529544
3148381.641660111
2724441.0414980976
1288654.6900673483
1.628042168365526
1.8235505260906448
1.9156665157087738
359475.8220402395
1.097154108645621
1.1683603353972647
1.1181018936186347
1.1240216767899862
1.3386179585630977
1.1281743308820762
1.0858587775879476
1.0589962691022448
1.0465999554251286
0.9784983001173795
1.1009592256660383
1.0154451351551355
1.0950655478651319
0.9852303313007418
1.315109569081579
1.3941881566439847
1.1951906686106484
12581357.402863974
1499377.993580831
1.1584068779712502
1.279995145759871
1.0792109604792661
1.1822163498085934
1.1065493491690128
1.0024662779600564
1.0983616085752834
1.0281224070756694
1.025071270559702
1.0822272869848386
1.0663839339986578
1.0842868471815934
1.253544084849102
1.209963994233813
1.3238214848720087
0.9859433744190266
1.0036770833100486
1.4503570219854607
1.137054571840255
1.1218627466403968
359475.80008742015
1.0149703441175575
1.0629227778143464
1.0009497910152718
1.0501814707534662
1.0713937747126043
1.143651038034042
1.1974873853982257
1.1840550312572473
1.4175483989599353
1.2107107154310957
4.633254084276023
1.4216612594754696
1.8269890663339747
1.9941299531000172
1.380583430524978
1.6554944598211767
1.2386812511112726
1.2572601306424627
5.976834027432565
5.954944670597781
1.260811558055459
1.6788417356370173
4503622.873265424
1.3710994737131412
1.403909449574189
1.3953778619989996
1.4529567833611992
2.5992759131237713
17119095.364811085
1.2265013696582752
1.3781741279466628
3.3800299509622915
5.389492625422544
4.44782883154273
1.1386571807462504
1.8617948779175117
2.043389603037846
1.580841986344258
3067873.708662031
2101398.432382703
2925032.5251007746
2670044.9801511522
1003741.8311859835
249377.75197449946
1.08854497975778
768080.9117331101
1308461.0708839432
1.1544636704409748
3.974116465520794
1.1604910049308084
1.0754600923587339
1.0949793823973166
1.0615266917562125
1.0395356460023735
2.3563668153314934
1.1145442446282419
1.0910578157259827
1.055163187209755
1.0590333707715212
1.0607596163568014
1.0559044769324923
