Model: HICS
Dataset 14: pima.mat
Time taken: 150.12834811210632 seg.
Accuracy: 0.30597014925373134
@scores
1.02944998799259
1.0373739930962305
1.0679694581914718
0.9863249264034798
1.2394063930795514
0.9937052900923953
1.1188448140276552
1.0496140435967456
1.2239661289877974
1.7973710630911308
1.0727805536578587
1.0383210057879269
1.0283219259967085
1.9898390204591478
1.0738697884340929
1.0128605435836175
1.0925045883670736
0.9926627443798987
1.495351380895105
1.0120383225601781
1.0515403878915208
1.0625126139329204
1.0933850534363077
1.0626589807146287
1.073518460870858
1.013685946742533
1.0226626334883389
1.0411495457965547
1.1839211323656644
1.0436803064097526
1.0842579014090639
1.0276290474120102
1.0057545568053896
1.211199229477351
1.0325731734463848
1.0556262816201867
1.030300299123015
1.0190334119276918
1.0428452434693116
1.134299466404512
1.1750757340251667
1.030024008439527
1.190968562204008
1.2622615298399542
1.0267274123354884
1.067713077281664
1.1031906107201683
8771930.95000917
1.0509536384231597
1.5333598369877117
1.095583439415242
1.1060489668514242
1.205472971178111
1.0471594726429438
1.0644319063647205
1.3015521902732623
1.0075329571963336
1.3457314478548852
1.0724437677498073
11695907.470707832
20467837.760025036
0.9993995283313702
1.5306523559467502
1.0328262533670858
1.0058992928725854
1.0157226464114208
1.055404529117529
1.1695260007955133
1.0375207977459084
1.0769613191457303
0.9943708594750019
1.0191533567741207
1.1516909897752259
1.0433783286720104
1.0425626377912456
2.3675286328633294
1.2190647191651058
1.0109458698702722
1.0418582493646908
0.9905415360999056
1.3012652122838118
8771931.357173545
1.0511552423267625
11695907.429219546
1.3734517988475825
0.985238590943765
1.292008130704993
0.9931503112666107
1.0811869518835568
0.9885105717919453
1.1660937207914712
1.023793492579555
1.2074641852992136
1.0423557850434826
20467837.38485186
1.020576174611411
0.9849278775961067
1.2510160414759988
1.0844906911691063
1.1415310719949667
1.0495188044843613
1.078309235237095
1.2065895075168989
1.026352316213556
1.0535539758440369
1.0263726439908332
1.7246995504044014
1.0356193593192304
1.6212369644402937
1.0982478823915842
1.028311084453268
1.113612580074634
14619884.086539943
1.073022321932315
1.0754784171321505
1.0709359772411846
0.9858451862583483
1.2130231742464053
1.0018375856265418
1.0240173095236826
1.33438849514152
1.0409848694809878
0.9849832445404857
1.0815653685013014
20467837.27899308
1.761378666303556
1.0208526237960356
14619884.059072355
1.0620205584146536
1.0790673091004799
1.0388956771503564
1.1178472404139608
1.0467597306584404
1.0429774689541227
1.00759029821427
1.027975869787209
0.994102071739818
11695907.416469302
1.0091626783093701
1.0425507689595765
1.0603217228528223
1.0216876973684967
8771930.875257308
1.0200009537028583
1.0071042216357042
1.8902951083550896
1.3604342365920237
1.0198700412164403
1.046402519043048
8771930.828829702
1.0497759762502612
1.0524537369568636
1.028391111396789
14619884.132882332
1.1085871145386559
1.1424050202663227
20467837.28521159
14619884.06218471
8771930.809542274
1.1391102378850995
1.0436492120610976
1.0754119060480123
1.043120410733005
20467837.243676934
1.0455763423145776
1.0581677081994063
1.0400737393407158
1.0024594770313318
0.9855442295634682
1.1056795575688463
1.0262035859584353
1.0116098315710338
1.8076786813770942
14619884.180714056
1.0737977450841416
1.045925473880959
1.0473286184877038
1.7092030230447235
1.083551148726938
1.015366162792153
1.0764054257519329
1.010570610006818
2.3626683228110785
1.0927511286134075
1.0118232902937316
1.0361371536510593
1.1438355660651875
1.213256456920089
1.0296509613239138
1.0091162079624947
1.0138409211422443
1.084007260647443
1.0124536156494566
1.2508050335387024
1.2295309235819942
1.0357536998627384
1.0305013997501735
1.0177937327155717
1.0279816372128887
1.0286352717318075
1.0912323629696712
1.0230837680129157
1.0432201837504695
1.0135777336739689
1.0820876461843838
1.0124456257892611
1.0664102076446793
1.2161393283288133
0.9802507008350093
1.0118043206686709
1.0295304401123475
1.195166066875952
1.1548371671336692
1.0315590440642788
1.0175538532307633
1.027274551870154
1.014456921789972
0.9920432955343633
1.0380688835177694
1.0294278551089724
1.1092793174754738
1.1082921152549363
1.0347510499996966
1.1855527247366302
0.9956657033241503
1.0714816309204347
1.0146173469354463
1.1685155849977493
1.5924790521997412
1.133645149002477
1.1102852949272366
1.1280291782799403
1.0817393952845396
0.9913823392148556
1.046991558873515
1.0435125627326545
1.0767431335862916
20467837.37649542
1.0865846926454876
1.114763549817818
0.9801487270470645
0.9931375667657762
1.1084377013489868
1.0721115006168755
0.9946921252889698
1.1155943394586048
1.0126011371153376
1.4719343438762573
1.1344760827335645
35087720.3662103
1.2216358786937376
1.0174116417505374
1.0201173985640923
1.0029768244884687
1.2793724792691081
1.0138525676816121
1.0965837008755475
0.9917308591132579
1.2032128438988117
1.0353000086347732
1.1102109589839326
1.0171518559225665
0.9943075828380252
1.1459916626996194
1.0246261272850619
1.1062987707784753
1.0317760273473995
1.0875921086524063
1.1064440688329162
1.0300425389672052
1.1081118000495787
20467837.291326758
1.0598313119384615
1.2231068689113298
1.0893280942404404
1.116274274544899
1.0423590803055023
0.9887787420132107
1.0273106009724442
8771930.894707892
1.0331692398818602
1.0100396932669728
1.0677761215947437
1.0328978010837473
1.0326812432714405
1.0347750688739172
1.154573746514037
1.0458194221946862
1.0214627345992326
1.0451219659108033
1.1240594211419148
1.0044511791044344
1.0145756414094118
1.1344030481480685
1.4229492582255763
1.0273219032971568
1.0823338590519602
1.0192449392843492
1.0700901121157838
1.0484478081659896
1.1314799573660392
1.016690015042581
1.1307454055184283
1.3776612677429383
1.0914797474054967
1.006926783624781
1.055728733926466
1.0442130559680531
1.0036131833207818
0.9945638752585761
1.0796339655356992
11695907.458148172
1.0945847443184902
1.094595078990529
1.0026728512905958
0.9836023443610761
1.1064586741068734
1.0132470473510138
1.008788643890272
1.1087559090986305
1.126982578623768
0.985696127339397
1.0758324290594603
1.4488204079815332
20467837.28190545
1.0283953648440098
1.000693391021826
1.021194096463635
1.0995041026248238
1.0318141309720499
1.116067372501426
1.0039577852160584
1.3104991736280864
1.0969169990862218
0.9771854934194768
1.0524935640872402
1.1112021993248606
1.002480152988074
1.0136017281968717
1.020560685243317
1.0286744674138772
1.0546905953689687
2.3091341439811797
1.026783614263693
1.1060050961076004
1.100554498872494
1.1936387251703364
20467837.256194405
1.0012587693300266
2.2497707817790626
1.0744559344414355
1.0074809839783745
1.307394162640335
1.0076999578978665
1.11827380638246
1.042942271812983
1.058831651708761
2.2081696236282853
1.1932174771814483
1.0582401174882428
1.0473437531219527
1.0545586404475686
1.508227475261753
1.0934173536807628
0.9969957692608669
1.0508855159063428
0.9899858906396299
1.0241958361132084
1.0666049616096032
1.1448961998909024
1.108686297081471
1.7079617250477142
1.0035898570438924
1.0133535352143221
1.0647317053229992
1.0930672792826164
11695907.469534438
1.0252245846891115
1.102314282744827
1.2812514624138094
0.9846716268612246
11695907.478035467
1.0683679737755627
0.9943548202267664
1.0038465902236169
1.1193133681115055
1.0063785795858504
1.2027135433902714
1.0129804571415297
0.9945159283627009
1.0321448056575553
1.0591629164966914
1.130046484693265
1.1228632743298872
1.007775861421341
1.0410081162999771
1.1226685014854163
11695907.489943184
1.058577131918812
1.0394356187856193
1.0165373829220876
1.1452336607039326
1.0897202181413148
1.1194885794964975
1.0150078497466253
1.0849390820193718
1.020445545764569
1.0251914024362316
1.0870212221580864
1.2079196266050127
1.0747053455902742
0.9790625138192335
1.0490140405898234
1.107961265491903
1.014571827349508
1.0926753536424727
1.0085860252308536
1.005114095292834
1.1158222571605685
1.0118652387682951
1.0362502345493299
20467837.24126778
1.0636153848337695
20467837.254698485
1.0259610995293977
1.0105590257964217
1.4663706823913472
1.033517246498179
1.0887190763879837
1.054782494235995
20467837.262341432
1.0708540808152835
1.0454070105999969
1.0043902954548445
1.2346221120256375
1.0450796118703878
1.040963627854732
1.0018412502919314
1.104733850904109
1.0540680593654732
1.1948747738663954
8771930.808722105
0.9854090008573541
1.006854371851325
1.120570896792751
1.9187621908898445
1.026355349284273
1.0525478930532575
11695907.453537026
1.0514281353887096
14619884.120855339
20467837.26820535
1.0550391186004473
1.6467015039684805
1.0411632577511791
1.0897883588746484
1.2843669046777568
0.9969141311384944
1.0999285890603878
1.832635481656621
1.2549558624386339
1.1273632383259693
1.1575505528296468
1.0275314611745123
1.1873348671794772
1.067629853370651
11695907.606766488
1.002460609446817
1.0335243437647306
1.043245102536364
1.0345004228924997
11695907.473371984
11695907.469306534
1.0423761897846633
0.9951280176042403
1.0827128436907132
1.0218820027035111
1.040779190157517
1.102884861454743
1.1083085350872732
1.0201486690898856
1.0378225042572284
1.008896106689878
1.091304120625578
1.088502449741024
1.0564890019122894
1.1175091017243737
1.1035459265014675
1.0178859419547874
1.1710686223950377
0.9995759879668265
1.0841290595669864
1.029977784393921
1.0463853116698165
1.493820270504277
1.077575717399728
0.9899602888011544
1.0294913244422725
1.1657768759242682
1.008430108505152
20467837.370180313
1.0106449238935002
2.3026682388083715
1.0592463063558688
1.0339887756048294
1.1158454367256736
1.1659521018938241
0.9987297609401323
20467837.335923385
1.0546496080865122
1.0783075296431202
1.0738843913978375
1.1373576980558262
8771930.823624337
1.0081177972800508
1.06939365493022
1.0666053915645506
1.0598983857339308
1.191127179693711
1.122987549622547
1.1421687237906761
0.9918545630433216
1.5188097968370593
1.021178511655249
1.0395869151354484
1.0454762496390118
1.0385754266272593
1.0124215573612774
11695907.423073247
1.0341822959714821
8771930.83615443
1.1212729708578892
1.154488130065167
1.0116050169905806
1.0581574851657525
20467837.265096918
1.0791501281068954
1.598871150118296
1.013894932343388
1.0887511106318029
1.0346572123231192
0.9848897939259377
1.1364881422567192
1.0983255860596097
1.0080063072460321
1.063115248847219
1.1069392714736925
0.9969824245302908
1.252724347102808
1.2784612110891231
1.0040400969009255
1.0228118056372204
1.1019694472541488
14619884.025530446
1.0547487735048318
1.0259472183636422
1.0294778411431347
1.0322645357540172
1.1442280370291522
1.062825731982877
1.0279966603185957
1.0660455916601232
0.9958112114383556
1.0395233164627014
1.0355792333538614
8771930.843238179
619025645.9840051
1.0917214918160463
0.9949768115790779
0.9984712482097531
1.0646614738302291
20467837.45464351
1.0528626354163844
8771930.857829364
14619884.078290677
1.2652854119411998
1.2214831265667603
20467837.373765785
1.0395670665011256
2.4956696313079365
1.1483156672068033
1.0266075381798114
1.1576473757245502
1.0313380802520071
1.2211699591186262
1.114123890858503
1.0246322755368698
1.0133077844395761
1.0681079798088526
1.1220767561671683
1.1422667386687848
1.0643358111050036
1.0057630679600518
1.1135383742777276
1.0499233434433999
11695907.52380429
1.3276980093308852
1.9122775654204613
1.0180368938074742
1.2671883104784394
1.0808516959005394
1.0045054983172523
1.0241389786567285
1.0338545439967495
1.2703360317139458
1.0605053650570264
1.024099701141579
1.0396633277838119
1.0079282817697253
14619884.052440397
1.02158270727247
1.0624560613482803
1.0347977927479788
1.0367545091634984
1.0370529185949358
0.991403204118171
1.0903161440929077
1.74354052058515
1.0542860106842764
0.9949112347655871
1.0184606207709006
1.0490921541503686
1.0976529104817767
1.0726834459678807
20467837.258890662
1.1212375335534814
1.0337838890238102
1.0284947346749724
1.0026017614452627
1.008720179021512
1.0165373230958406
1.0120473227631313
20467837.260893535
1.0144731890935
1.0790551326909832
1.0557604985196922
1.020896345082078
1.0000433114324037
1.0495838162809803
1.0548869288145453
1.0591178310761686
1.001989031434284
1.0197331055558692
1.0075309716001313
1.0149688678215072
1.0799047540242683
1.0801169900268182
11695907.544367272
1.035122727019801
20467837.254980724
14619884.067984411
1.007125830178229
1.0271069611040193
1.0717966638899155
0.999409656276939
1.1817144881594213
8771930.883651176
1.0627540464798024
1.2882235652241372
1.0424804607649925
1.0382352246950406
1.2090175484511843
1.209622482966315
1.0397214594279434
1.0795911629447599
1.0275854809271274
1.2047312046827492
1.03436341843505
1.0744888131148107
1.0888236588930649
1.0469480107493752
1.1439942065481197
1.5259022537934837
1.3537465403458468
1.2448305064131542
1.0542795991441907
1.0510307151504323
1.0366449281638728
1.1255166466430904
1.092765087667422
8771931.179082721
1.1074099202564704
11695907.502532152
0.9944739448337105
1.7399924467030585
0.994567962726019
1.0319679606994339
1.1418439849460065
14619884.055449123
1.1148340712719602
1.049245968259089
1.4335054631459232
1.00423547367417
1.0954304684469243
1.0134121137587493
1.10086345865624
1.0356531351454221
11695907.426685886
1.075138340705983
1.1169391936874697
0.9865395905313871
1.0408897660075165
1.0741060306968826
1.0743175153840308
1.0007098603221314
1.0736590107172066
1.5231269926766693
8771930.934047868
0.9998108393268421
1.0377836521245938
1.1501444948327137
1.6798690875517013
1.1264064405894376
1.0174544355947577
1.002068198012823
1.1915420459486068
1.0179755487571993
1.1554429996531297
1.0286435951102815
1.0441574330331
1.103370267817948
1.0102650959816828
1.014809783124195
1.0659078279354328
1.09004131960669
1.0315665695095875
0.9884414766493591
11695907.480763465
8771930.938019095
8771930.907683058
1.0733119587079794
1.1672659256145381
1.1003218261104024
8771930.828157242
1.0515372754156356
1.0326955077716933
1.038777866958182
1.2017520422034043
20467837.31722467
1.0481631888507477
1.0837965345946798
1.0924483952950712
0.998471415750974
1.0772064170542766
1.0493283967101943
1.1202210327213278
1.1639754808663965
1.149928700715643
1.0518821806521326
1.109001203119093
1.0432954428672088
1.0382671572616233
0.9867337161232963
1.126183835892148
1.00113565463173
1.0625699559735777
1.0498229927025136
1.0763232158433216
1.0165564029609861
1.17917452777044
641303558.5147383
1.0458787622767134
1.0939361512387458
1.2536014764481187
1.0054509759649766
0.9988426427372828
1.1361474887750005
35087720.2896469
