Model: LODA
Dataset 19: vertebral.mat
Time taken: 4.6250035762786865 seg.
Accuracy: 0.0
@scores
1.302031955683692
1.2567249614503646
1.3583347764515206
1.336427323297361
1.2637334631030979
1.3202680899591779
1.3347473474089888
1.29022756909195
1.3386039020488532
1.156894281534479
1.2869971082641334
1.2646189670458052
1.3271513014938952
1.2865225526525115
1.3562707966926042
1.3262798155705955
1.3857677010366505
1.3169006392540852
1.2927096843095947
1.284238475870185
1.3718884187543565
1.375654282909683
1.3582190618134633
1.2881359091246103
1.2681472190987093
1.3314817617778054
1.2705034680159073
1.2717894329072275
1.262905498382241
1.3851571274621928
1.3040718665047726
1.2162784777615785
1.2875485558086865
1.308753720786434
1.3859647675575286
1.2432998403124442
1.3400957900717003
1.3471028085858778
1.3749920923798284
1.3178993486282655
1.2100044721548688
1.300568397836844
1.328000539073101
1.410043308843276
1.3926440534644362
1.3361942821033794
1.3111072650170563
1.2652765699684627
1.2921342355385042
1.27738902030195
1.317955747480416
1.3478103304159008
1.3473377781004183
1.244884547042549
1.2813900738935975
1.220266653703518
1.276341743096991
1.2996276354116856
1.3108332840720691
1.3358740527781958
1.6659651980562957
1.7488810545264513
1.4513516662807482
1.47211726170678
1.5421390518843245
1.4827774904277478
1.4747269984881846
1.4628541864547555
1.4111210611457103
1.3418797715332882
1.4661199630323762
1.7218440793446295
1.611381293883752
1.3871304877687334
1.6727567980756834
1.9622638284858116
1.8423456214756926
1.3876298731758865
1.4252002770605319
1.3186800918640507
1.5166087233148415
1.5214531334959438
1.5500550125709125
1.7415387487177254
1.509567632378374
1.5389370634184611
1.4092625644170558
1.4065817673491152
1.4108494871007988
1.4331613784507085
1.4778563768792814
1.4511290847502474
1.6036906964892652
1.4758087443261942
1.5991086179061331
1.86862399556035
1.7113634417790837
1.4776997007791566
1.6292210336423587
1.3702768673676782
1.4710896937549776
1.4999544911063631
1.3969058272680537
1.3531318595203052
1.5973445008584926
1.3941916891814234
1.3998459426561611
1.6845101083902385
1.4484397288581576
1.4948330726351493
1.4496359016756601
1.6514928285361454
1.364497526179627
1.407155131166995
1.7705604828579014
3.3155390414621677
1.4803677826224626
1.5385791917574205
1.4766950897657876
1.382241203056625
1.3692463353598805
1.6694348997829747
1.4788476595477094
1.445038126454573
1.4068830964317585
1.304321464330348
1.4030531856063135
1.5244953044256464
1.531610723983365
1.4569349397145397
1.268741046285571
1.4420533274818965
1.4677485688077423
1.550201687217513
1.574753380252528
1.5738221240557373
1.5945733927495862
1.5316883968842994
1.499462787172395
1.5525867180675672
1.4324279002509297
1.8394090576249968
1.631175221331036
1.5838251439853033
1.3720927911267176
1.5160200166703546
1.5945400220190977
1.373300869679488
1.4082041636352673
1.3736090023229668
1.4323715002083441
1.434981697680073
1.3969864194836141
1.4109711924282915
1.2745923686620568
1.37920315785336
1.5566507893285042
1.3442055666537536
1.381933070413146
1.4042936617846973
1.593969079198133
1.402169604191744
1.6266651293825234
1.7579168879171738
1.4014939150883816
1.621256778440184
1.4012871856380515
1.2751245548884398
1.5810017455731769
1.2492842838283178
1.4077083339748617
1.4869294064911274
1.2858971777097732
1.2225017774190718
1.3052050457449176
1.3782752742683442
1.40013531618143
1.435726855422167
1.5158400743798912
1.5312402482088556
1.482768802726337
1.364287772955478
1.5354723762641072
1.616549546701925
1.6219503756015854
1.6120662617494599
1.4848836146802957
1.3955607588380075
1.6121851301995145
1.5721603373058852
1.2690140541256827
1.4820545210837386
1.874727595294969
1.5143765792320365
1.465383521967037
1.5178619897618726
1.3926505249545043
1.9442185658491644
1.4772803364174385
1.4794506423905882
1.5124170012570968
1.78767160875067
1.7576856806725714
1.417050837391134
1.322902283295282
1.7317882158465223
1.5393248113802738
1.6003394658114451
1.6896210618358087
1.235906382985034
1.4036467558046257
1.3455998479987428
1.4000106139322959
1.4188931704672212
1.4538750594162682
1.3022030283577262
1.3026360565776465
1.4564488803023998
1.4068803692540046
1.3185663210548737
1.3432361010931892
1.3818650367600502
1.4699774895866808
1.380037016319306
1.3160250798073247
1.3977884355777481
1.3609059126706962
1.3115518746445096
1.3819794587272378
1.3356860326239697
1.3417096018719608
1.3186227199070246
1.332908203391415
1.3978346839579447
1.4135671948799495
1.3987921927706994
1.3265869751091992
1.4182715544942543
1.3596966712570484
1.4783363034469736
