Model: LODA
Dataset 18: thyroid.mat
Time taken: 72.16075348854065 seg.
Accuracy: 0.010752688172043012
@scores
2.2087897010994717
2.024804126039843
2.065209442769502
2.0559273244032013
1.8822738703759947
2.086366366017497
2.429021829665413
1.8887870260060933
2.1779057161426296
2.3939997136293782
1.9890802295068089
1.7617047548397509
2.0679930973627734
2.0163873423917282
1.9463986601322656
1.8239246109783578
1.922857795150185
2.075176652737813
2.1289208669234108
1.9585245241043505
2.2583614953953592
2.065558349312997
2.1291363925378337
2.1448046408279784
2.0668204697418067
2.2441800568225325
2.3274376014083744
2.1545486877807334
1.7862974502538014
2.0760880174767227
1.8578938605780118
2.2198708062372536
1.7310164762416456
1.83665601509869
1.84405092365975
1.9636271448234455
2.291428819719897
1.9814892185571733
2.644548078695337
2.2908340942491097
1.814357331115381
2.372255494146807
2.2308224576887095
1.9800253422240288
1.854919368795173
2.2656381005033808
2.008847334029736
2.099418666346326
2.0892473250204895
1.9886230397562845
1.9091281950327161
2.0172888692904483
2.0067937277447303
1.9408515175702485
2.0122840684939547
2.06147330278512
1.9325267007666627
1.751648487242679
2.4416207162194095
2.329138869567738
1.7830022277175595
2.012320516813585
2.1374515368968767
2.1123792134830235
2.268691794409339
2.148836264700297
2.206705665325294
2.25083607900867
2.2745549345368317
1.8251086769862226
2.0486622519306055
2.1480281307034255
2.2132319222840424
1.8004650813003809
2.3576716679518865
2.18397698312362
2.0787972168903206
1.9759604869160525
1.9329351059628652
2.035858239014147
2.0948387401625204
1.7331012453714947
2.42376917270735
2.1820911468085433
1.9772704873754166
1.8820960096010129
1.996017439621026
1.8796324628452594
1.9779615624473605
1.8533199167307077
2.1915649662062022
1.8234371043354882
2.8311326969541115
1.961409160948912
1.8764936834652557
1.9121125849899228
1.8874058541027898
1.9624915365172533
2.0304364766313605
2.174448599243947
2.0370401387301764
2.0647775484122186
2.140848758977311
1.8991649716957508
1.848054441347465
2.114786966561859
2.3250727760959906
1.9741003565481627
2.2557670528638396
2.174286435126509
1.9569778972968483
2.268335117879088
1.9000088021819015
1.7841354620593637
1.9772097048450832
1.8352297726303903
1.891085096246912
2.0978907821784754
2.0941307175977064
1.7971258794227905
1.8475049812890572
2.4551273481365192
2.192691089375607
1.9013582890834724
2.070437782406989
2.2647090262044367
2.1335059341104308
2.149002305459351
2.1865150797588657
2.153089362825435
1.99800206952302
2.0074903152919368
1.8418810295289547
1.9278001805966318
1.99766999026895
2.538006067434478
1.9030077874363978
1.915832157946588
1.820198317851255
2.1987032916333464
2.3605475070557977
1.9670269546847905
2.096597752639325
2.165920678215529
2.14588611264916
2.1703130716698698
2.3336261319171316
1.834015777147552
1.94318019170886
1.7809116479192666
2.1846325718882116
2.166199678442133
1.9619672175186897
1.8533174729737085
2.3285979778500296
2.1441921197829
2.156694511393579
1.9565111272592535
2.298218542626514
2.1885669161600654
1.8548367514222015
2.0111175367599796
2.0550809990472927
2.1827942684273522
2.1425082241977145
2.2049225498582365
2.225170744768656
2.0103784015736528
1.708980622654179
1.6957657300529896
2.1990958044274738
2.1893918423838055
2.1054247932198296
1.8436159313253002
1.868502403190368
1.9478055970543005
1.9844006832459173
1.9615259810536256
2.2966448061203026
2.1603664628787085
2.1947328890980464
2.0844180651260045
1.7112531082394298
2.130490208109507
2.134478448477508
2.084847798417722
2.1269361665941666
1.9865235931107137
2.177919733377911
1.9765993217270297
1.913264687421889
1.8381625564775488
2.121020680912856
1.8265051973185435
2.4088350213545056
2.0366685456791043
2.1928524759473267
2.26894228140016
2.229592160880339
2.1328051985162273
2.161228550025439
1.958173844001674
2.309203037191926
1.858939811008335
2.137020207518704
2.257939181405577
2.409896802643476
1.8325647553468107
1.8924430306554745
2.274735399061705
1.7568125948652689
1.7105739533910929
1.8937225905774306
1.8256652025739613
1.8092484166145655
1.8125296006644587
1.9846208246648906
2.2919110939343845
2.244620780646584
2.0870558333822378
1.917869462835452
2.1450135325369017
2.1123489876051362
1.8066547099039245
1.8961881214739473
1.8696112989478706
2.070693444408903
1.9723116098573026
2.2062938487607737
2.471116276083152
2.288490467755999
2.129926630664004
1.823921417008833
2.3452560426184523
2.3568973246346543
2.0234745849590396
2.228395224176155
1.992233530485796
2.0350993276808147
2.156390981407978
2.186008214372675
2.28923329138753
2.2641012751567415
2.141703665184015
1.9196093241351013
1.8636156187516844
1.8023321277045796
2.176276304871455
1.9313449045868532
2.1967891253220424
2.2421733246544826
2.0572315403615304
2.079705591219713
2.2775535127243858
2.099752672303103
1.9455408766103632
2.0235666026601637
2.098792154993472
2.0308136973069977
2.158064570147335
2.0085537868054635
1.8600030904263476
1.7087973657557003
1.8445977916066991
2.2628394618309673
1.9976879929158768
2.0760880174767227
1.8961881214739473
2.097986267716204
2.0658048832626577
2.01882373205669
2.0569361777532595
1.9008679204267904
2.0310722534342385
2.1534190471077643
2.2792772346733234
1.8918784865787341
2.2480350723231224
2.292667757985985
2.021643646202994
1.8742475069344326
2.349739893928725
1.7741391361245065
2.1096439474404565
2.302505205520518
2.2626857504087776
1.9945348784637391
2.1097384147389096
1.9692757121790245
2.017667468433675
2.0957774141047256
1.8418234079885731
1.768900507942208
2.1764108261356276
1.9847436728395786
2.1498559190370177
2.0558227385092205
2.1131762757990855
2.174093591423917
1.9172728428333925
1.8816935641584647
1.998431318896459
2.002963701764699
1.821560418220435
2.271041599640418
2.095187777627609
1.8558030175716749
1.8868560245317416
1.8531567178813506
1.7713993474169027
2.35667701468787
2.346512801520761
2.123323606473525
1.9044646675291774
2.188570503072404
1.8563805608067514
2.1874517086076612
1.9226510532100896
2.2200676311206053
2.0215272879305553
1.9708750000955169
2.1699685519980303
1.853677795216532
1.8816935641584647
2.0287305953430836
2.018179917373823
1.981166461262263
2.311214101627873
1.769134685549883
2.1106505184615014
1.8449315751309874
2.263053186126984
1.7781454684694427
2.1393665467315257
1.8187162406140691
1.9560635853812036
1.8533199167307077
2.121049678164636
1.8586017252205946
1.8461520375162022
2.309901356942979
2.069238023701125
1.8185026124019468
1.84766248510244
2.081172994031963
1.779061526620275
1.906336634018111
2.1325542781290143
1.9399198323472806
2.3294712917806173
1.8153337001966934
2.2075562213750737
2.112542765062284
2.186854661493402
2.027339687700767
2.225493671718525
2.110261254449654
2.0968405215882275
2.219250813961259
1.9073241103645657
2.2230985664448784
2.204458146843351
2.060013735132331
1.9542233370771678
2.3103095114117704
2.3159644364516168
2.2789846740947257
1.9385807857796469
2.3612802752879785
1.9685127354410434
2.2387617044427857
2.1467451462567615
2.162824626122854
2.013564515031415
2.128207138222745
2.1849970962179563
2.1132476519677303
1.8284236722875884
2.417234084464656
1.8303516910815834
1.9199841568619276
1.9814085135675936
2.1183742420318423
1.896285834936295
1.9381968736660415
2.2200001107137415
1.8830259428243459
1.7653411338769567
1.8816935641584647
2.199123515011636
2.166652975936124
2.444502802482484
2.1263665227809625
1.8887060313219242
2.2899792668569963
2.2630564318172564
2.4447564105238477
1.9332283704713729
2.138214546887874
2.162719596937003
1.9054327206113717
2.005051552154461
1.8911111013464867
2.18565450811912
2.4403728363100465
2.0644763818095058
2.0053347575561
1.9819596123752108
1.7375062014461662
2.1410489107218758
1.903725824880713
2.252750504447439
1.868114304146397
1.8849663632396572
2.193334420934978
2.14140539885669
2.0055506123216036
2.204873948133751
2.220599496260989
1.8816935641584647
1.9815932347171685
2.187443172099215
2.317108717617114
2.3035940421713876
2.055702366817496
2.106053321681558
2.150802102295893
1.9757420125270901
2.1639222003483294
2.0583291436253592
2.104623100947747
2.0437063220120666
2.3038138202456557
2.2577976888585893
1.9269685482338685
1.9715530505661845
2.081603294150533
2.124096221140707
2.423572889994372
2.0760880174767227
1.9199841568619276
2.2432202998181516
2.061045139524295
2.3349417113775526
2.438550811777708
2.319062844457517
2.2058638688299057
2.2058638688299057
2.0760880174767227
1.930908610341497
2.209720624724955
2.2470169441470307
1.936315291286698
1.9656581607102732
1.9669127675166993
2.1031907966156194
1.969720650351439
1.9672866101709119
2.0401564322974375
2.0627622612061915
1.8446281328456675
1.9718721423090442
2.0714861449847213
2.2303021477052263
2.1489168466423436
1.8254872643514437
1.9580614379044714
2.0272470963398117
1.8480304877198945
1.7992302088207037
1.9419633700100736
2.0632482538799315
1.9626984219720884
2.1204549828231554
1.949804556324491
2.318896642738259
2.100076451470538
2.0468381662873703
1.7458916839755445
1.8297964333388181
1.9132848852601418
1.9089176217901014
1.8533199167307077
1.8533199167307077
1.9131282774648366
1.7692590140283109
1.7372201378370726
1.9930967689502084
1.9199841568619276
2.0499834016014167
1.964273759554453
2.1037422505868295
1.982658791330674
2.2277817933925554
2.1906393069184005
1.9419725190151167
1.894945344730459
2.23549980640789
2.2509691734531416
2.051369413553244
1.9101508087656447
1.8926116570619185
1.9349328361725222
2.0738840359793422
2.1494550753459554
1.8512779654863687
1.800311212844882
1.8901069951725011
2.3840753205293033
1.9605566546368727
2.0549188209473224
2.0816674809387594
1.8066634515038187
1.901941813061362
1.8625264538594812
2.3565170014544137
2.288268157794186
1.964320483404432
1.983299389030965
2.0571605032313736
2.1938959853583024
2.032148891140103
1.8954908723171167
2.2003678421738315
2.2035473134945716
2.3067544369417927
1.8610002563864103
2.083294247989478
2.2079604902220917
2.0660306915471525
2.144131159649631
1.9572683939242472
2.0023495451908864
2.0455276494923544
1.941826880780128
1.929471590821103
1.8046425584828658
1.9710743418788113
2.0545367198595486
2.135589417646564
2.058070159953026
2.169449219777166
1.8689102485517144
2.1008534417512283
2.211251104883828
2.015074412814445
2.2058638688299057
2.0438046009175133
2.0658048832626577
2.0760880174767227
1.7475506127250646
1.7888323494521146
1.7296389156525702
1.8861850270662694
1.9979918616651726
2.306105254244491
2.005496647920112
1.9257965036797526
2.152330330242281
1.9085828671720237
1.903767962157716
1.8062093209546681
2.3277353906565477
2.0882693155333563
2.0462610895474014
2.012533568282232
1.9434651156043241
1.9767639679035256
2.0752476573798595
2.0814209616670856
2.3534638218771007
1.9369373073206178
1.9132848852601418
1.9089176217901014
1.9722331030685436
1.7934790486247474
2.1488841894560817
2.1425082241977145
1.7934790486247474
1.8975281180169403
1.901211254358454
2.3513371918279717
2.46081475586164
2.1648119928718432
2.297342877641594
2.2962609212203526
2.4065541507634642
2.2602243173364553
2.032094120881645
1.9672668362743777
2.0440319455135736
2.061271897823463
1.8952044993440864
1.9338653833385073
2.074685184146656
2.1136119521741468
1.9212924309271715
1.861202724470922
1.9870587843153271
1.8105905917664145
1.7069070914467797
1.8288729924428226
1.8027908506635635
2.106471043038796
1.9801379344168808
2.043061619458286
1.7633325058639497
1.7805114882752013
1.8403111268401953
2.1992484298219326
2.2568481604033805
1.8627432019716408
1.8627432019716408
2.037373216885249
2.092251368880561
1.928231240561001
2.1403608211675897
1.8258159296348528
1.9774154702328943
2.0597263575628286
2.4711097150877612
2.0838300935719727
2.0034816539066256
2.0881699776184948
2.2914818195045275
2.229081768552227
2.0986788579823417
1.9568016609983248
1.7042474947832784
2.4373935877969766
1.9393699624501732
2.4906696294904953
1.9861958791235657
2.365089227282524
1.8213983353540952
2.0051351651486287
2.173554934036619
2.1355632336533636
1.9907416438337395
2.173922618959473
2.1364122272499815
1.9692246331349106
2.063193139225829
2.303211706006171
2.0456870871837203
2.177627001311835
1.86532244502704
1.9803037731094353
1.7701838271538473
2.0318217437576
2.1397763355066397
2.1133559542735276
2.0632003966202563
2.156724299972802
2.0749255421788875
1.9086751509642663
2.086584572404753
1.8187162406140691
1.814357331115381
1.814357331115381
2.1190726237388327
2.1715408618844823
2.066086128872381
1.9632843291281805
2.0155624113333563
2.097986267716204
1.7352692962194958
2.0217782751118847
2.2196893446856203
2.1446774577083625
2.1129012577368447
1.8223660897815999
1.901132244833184
2.0295994043843533
2.635483849751272
2.3706103761706534
1.8009001413366625
1.862981497657581
1.9453856402936305
2.0376686124521743
1.8510111275986492
2.077655059336359
1.7679090816160963
1.9887691416572968
2.106788563901201
2.174180597537518
2.0266653504297825
1.9901148891436617
1.767095585524481
1.832541098681255
1.8190915674722932
1.8691009517763832
2.1447456213265457
2.0919689976245954
1.8455942614096157
2.179158183501028
1.9983724088219161
2.000040301126649
2.169765153268798
2.21904182159812
2.2244873860685774
2.130394096490775
2.245908370966401
2.062325860648968
3.0231943052285266
1.871659143038722
1.9478896533458119
1.7430067405140308
2.0705578193584837
1.9707207857260154
2.2530276690683646
2.2930138708243786
1.9792969854205376
2.0827921627952866
1.7091476669726062
1.7335400959131593
1.8398415835556499
1.8846330614397453
2.096551531312292
1.8644966960414462
1.8954443293986853
2.1609030550553197
2.2587048088257053
2.0935466511479826
1.8509279085862023
1.8762083065772996
2.236994761399915
1.858721622199102
1.8799236743077599
1.9051037610603796
2.0902015400108214
1.9945110210243215
2.0230424679861017
2.042252511073176
2.2969812202623503
2.022739769183447
2.1697564396098667
2.035857572520406
1.982990405462768
1.9072256149732902
2.0938227429114993
2.3667210907551226
3.2823928203253883
1.7998460398999192
1.9052631620494245
1.800008729672404
1.9976411905393099
2.102555510948612
1.9378770683750595
2.401438801974442
1.7134893258655417
2.408225910704954
2.415235865940078
1.7763369815967696
2.2673988084737067
2.1310011799916913
2.0114511185568222
2.587265394634088
2.0489880469123882
2.307519200814553
1.9365690911684184
1.864737081239493
1.9581082277664315
2.421637841793489
2.1683362578963132
2.265544626654636
1.845744402698806
1.9955864593902475
1.8826312405476042
2.1478744468409805
2.064013875398426
2.140477551323877
2.0738722086246715
2.1703847471924855
2.262649673032045
2.159127016058378
2.0865697172316184
1.8126568665484861
1.8541866195533199
1.8248646617854687
1.9989500814688586
1.9954774133800206
2.0502080969109175
1.743286214945594
1.9463117073983676
2.289028795671759
2.1643839773202354
2.048153875956058
2.1979395921956577
2.0473887157873896
2.0827921627952866
2.097986267716204
1.993793905466474
1.7662068859151505
1.9013674747332066
1.9957305282573774
2.2797258972926686
2.052159299971465
2.110122685429732
2.1242373988984458
2.375136557728695
2.1077931378281387
2.046590230554949
2.0693035759859857
2.128980629028134
1.7568396942946836
2.114333161454342
1.8226149322149814
2.421007837891796
1.9888987368495274
1.896214087247454
2.3986674499031615
2.067768393592384
1.9944285653600962
2.1372841097408934
2.1051624817205985
1.8846330614397453
2.1914270557959044
1.8403829588851077
2.1713781958292313
2.3783836003347765
2.088684794321688
2.1566373701609662
2.01882373205669
1.8664509376890472
2.428289147277219
1.8329632627006522
1.8764617671165398
2.2401335523191275
1.8723857269254818
2.042411991055243
2.216174939230772
1.6967492261368946
1.9043949909826505
2.0829216531733614
1.911643343182306
1.7934790486247474
1.814357331115381
2.306956948156656
1.7928671029048793
2.259761641974672
2.1149768646916125
2.1462574555383065
1.8851474416136247
2.0106774908838654
2.1501391546478934
1.9653731034101354
1.9882070398432314
2.171257158752975
2.09190517835468
2.3148580842877733
1.8709615343584942
1.829809389081369
1.8991164312671704
2.0469338790118967
2.1253647103908913
2.5320827124890264
1.8455189209667677
2.3448652916200072
2.3016890798138534
1.7886184898471225
1.93702266608399
2.430569741829476
2.2552457195089
2.1654042417176735
2.0378815895818003
2.084615025742933
2.2581715515978376
1.97191454794877
2.3123943712594692
1.8710468995673586
2.2040499702765914
2.2915878414035378
1.9281984904103862
2.2431899801423416
2.190722041690046
2.0248880743701836
1.9214858260336567
1.7904072818095664
2.0926013082816133
1.84157730916538
1.868112273797374
2.1503976673298286
1.8965873831009314
1.9660370076386362
2.0661927717775046
1.9311411851232414
2.1115465046440147
2.309416561162631
2.25929932721079
1.8953226923605455
2.3672108390934343
2.291328765843644
2.2281204585825938
2.0274758425032586
1.8256812650000098
1.8921140302179993
1.879119518114256
1.9645415406098956
1.9842146922686448
2.0722589646711844
1.9469775517415877
1.7898124331820677
1.8744488803467119
2.1001610088391676
2.448931643202651
2.219763083367391
1.9694623030246357
2.224004300269539
2.291182581646447
2.374056335823825
2.341933367197591
1.9636642851236306
2.1425082241977145
1.9618394134298314
1.828202037975139
1.9777767450346855
2.2470550395216486
1.8624617095640987
2.233678435897672
2.0963451577144077
2.410894069042409
2.1297788209513002
2.1428950801050313
1.8801123516401435
2.0535822570992712
1.939965640394987
2.0974719074224093
1.879603054704736
2.300295840555239
2.21869115206652
2.1047183137788648
2.337535238800394
1.9807357223453073
2.1483200576470893
2.2359672248547313
2.005146396600948
1.8185356517428581
1.956861069590177
2.232184207132447
1.8953050088099759
2.220520288971383
1.7720346097197976
1.8154888089345391
1.8533199167307077
1.7299596934883148
2.4202416467976553
2.0618639572280166
2.0827921627952866
2.2127258664376135
2.166541945462147
2.1934491020296116
2.159839827586044
2.2706166791122713
2.047349898392544
1.9623064452554648
2.2467011771828194
2.2058086366636216
2.2089525223257342
2.1019893653471327
2.352526428266748
2.047895684996121
1.9283938008318273
2.118555172824294
2.0797518905709684
2.1723767602202577
2.0112550530327575
2.302237186322301
2.1536423104540683
2.110612354222508
2.313286235957912
1.8746431652022948
1.8920314454723366
2.1642134210987805
2.4594460439461807
2.15590758623724
2.23488992907053
1.9860216868522458
2.0037478865496596
2.0133913869307953
1.8056069050154988
1.9205260152359773
1.9060381550327365
2.080460023883578
2.0760880174767227
1.977107740386985
1.9438715331890983
2.4504933338027404
1.8432286921915966
1.7904320934519828
1.9690013304871303
1.8356359916783613
2.114609085097947
2.1653046550918
1.7664529104722684
2.1913741581427835
1.942637332114346
2.138240721017002
2.105592593689182
2.173036936846811
2.0166923864807083
1.8730495908273994
1.791737928898031
2.0741751264245187
2.1340094226696076
1.8248646617854687
1.770541523330442
2.0232680714851443
2.2784453870449
2.057244309382337
1.7863862819153664
2.0867293869522787
2.0168801839535417
1.9577546628472937
2.0322241287008183
2.1222592265385973
2.2823622384669418
2.282318086040569
2.5532768463736275
1.7995060150597944
2.11686207905413
2.146432006531248
1.8679707678305821
2.0404112699785317
1.7809773588826934
1.9105934565192848
2.502339327572549
1.851269953614057
2.036875863783021
2.307397445317342
2.1944500829888756
1.7735248063446218
1.8624843957238213
1.9257079215894954
2.2298979114950015
2.1189930268937838
2.1702462028721237
2.0806542804317343
2.1655162081346173
2.0481193153265336
2.0724825360743386
1.8299906418940668
1.7852242594540093
1.9718849046950104
1.9241945342889444
1.8862520676887709
2.054318345505784
1.7698620895761756
1.8019348814267027
1.8600678782386582
2.072536037337989
1.7815964115719902
1.7499829064775931
1.9095159387679428
2.31963176710082
2.0436417986527076
1.9898526626257396
1.7811841573817513
2.1469680721308837
2.0219235054698848
2.0473887157873896
1.872027657810469
2.2509375157240097
2.242356661063726
2.2131163030575762
2.1373677323045603
1.7971084863086335
2.320931098749611
2.1807663403576107
2.175877599618032
2.041885438188661
2.209348818535016
2.08479341536648
1.8923464003879404
1.9925278958462667
2.159222118811131
2.2154471711835133
1.7321672605328613
1.9528920456439531
1.981846221541253
2.08812805965838
2.474918857459157
2.2400546230229335
2.052708394649578
2.2939249694469264
2.140224317776194
2.195644802301294
2.0881699776184948
1.8964726160518084
2.135673648153973
2.062542534982133
1.947699265494665
1.9318807663721087
1.8810899423141532
1.8248822139111949
1.9401833257520142
1.9254519391163931
2.3472950327891366
2.496979668563936
2.0505141708309838
2.060569326896977
1.7107029673121774
1.8103344145169487
2.4180378509083473
2.069548283761077
2.0243150655271926
2.2527756049958043
1.9248016227428224
2.0061923065427787
1.9723704927703427
2.2486760380197364
2.257571204615746
2.4745075536730754
2.2296969211357833
2.4146288504235986
2.101181641685384
2.1415762650497
2.0377574888039987
2.089754942508799
2.0438046009175133
1.8102573116465746
1.9132848852601418
2.395759261747227
2.1900612420165118
2.243877213527274
2.2105448431467005
1.9122879408501239
2.6030798436751645
1.938005824205838
1.8851280460921176
1.9287180817099416
1.9369373073206178
1.7934790486247474
1.7317962250708565
2.279767121404772
2.283243857260641
1.8827108688931646
2.265572328335917
2.214199238169415
1.8944477050426733
1.9369373073206178
2.173327311179746
1.8271088155636115
1.9481856259453088
1.8358825989942946
2.2778185491715397
2.2688236372345782
2.3144257117088456
2.2400421968644406
2.32417096647138
1.96646341596705
2.2273263264038508
2.142454195170694
2.107296575934954
2.0158527318383146
1.9132853193072643
2.2268202402061954
2.165844904351258
1.7585557920164736
2.0906022182120867
2.152537533255177
2.157512508037258
1.9110519506667565
2.211262518415905
1.8318061319654426
2.010331682063645
1.9228730192259205
2.2299127484736436
1.8602873361660786
1.7321819618716372
2.1617845805400213
1.9719808424228717
2.0100238981351435
2.1324896589334523
1.9044599760930678
1.995941478071156
2.2239043123881
2.034247438671196
2.204182104434497
2.2489495768076533
1.9761306764124564
2.1963295048024296
1.7512449415297437
1.7567575927077765
2.0264137590975437
2.1383340234717916
2.081863386942204
2.2568597556847103
2.0019129176211083
2.0990849927107122
2.2877837785669435
2.01882373205669
1.8066547099039245
1.9369373073206178
2.0760880174767227
1.7478390378023987
1.7934464432312849
2.1426437947481336
2.0990515301457755
1.8952658630122081
2.278919618710748
2.0260948696047874
2.1710663344340158
2.1991230777191784
2.049660611846725
2.047830668633216
2.006398009714522
2.257797312947834
1.774350726785833
1.831811594961958
1.782272505904237
2.0134796951809544
2.010594901976214
1.949126875066009
2.2532179899798486
2.301309102269999
2.101920896077294
2.2276629556865335
2.2357439439893954
1.9179049744604886
2.4347901197716753
2.0666814100805713
2.1291363925378337
2.1291363925378337
2.2945741070209804
2.1535055207004072
2.1371541825570857
1.9452931175837442
1.8563042651547463
1.822478546931307
2.0606092755975602
2.257416338414002
2.130603263293516
2.3456141841605067
2.781536695550938
1.7540332890036057
2.1759165753249716
2.244043771886757
2.3793718674037567
1.9129539079085314
1.9617887202805002
2.1469370739170763
2.1645630497677204
2.3134334037628164
2.123967231219889
1.7379549114233754
2.062439463405551
2.2015609359854063
1.7543128211219199
1.9699244291432922
2.115576359429425
2.0409099683307947
1.7229427519445868
1.8877757972061384
2.0509950528204643
1.9174618518704656
2.0493177399710434
2.2512738762562376
2.409757899764766
2.2240524647724143
2.1988233498647105
1.914527459847806
2.0647047089534434
2.176785661556284
2.3440654088620567
1.852862562835291
2.0522219864335964
2.1837045605979335
2.152033191752356
1.9107474959317312
2.1564001664825803
1.8724177785376537
2.487907474692284
2.346281671754703
1.967292425116193
1.7576159626980135
1.75375470929762
1.915948730409687
1.7527914948968442
2.1051126669629032
1.7559581385182559
2.1740157143651033
2.2092782611672117
1.9463087103194627
2.1742336054507314
2.2148838788774623
1.9155142544119412
2.055369168787556
1.977386553712652
2.240128761351074
1.9998109561700539
2.2752823262035022
1.8692408719824725
2.205194467099628
1.8622200232369317
1.880511394813816
1.8115913794524572
2.139189753200027
1.7409300741630538
2.0912862089990405
2.146960563029014
2.0456047277165292
2.299886654918845
2.141500218956113
2.032938140764167
1.9612907208443002
1.8136277736394433
1.9152816161025437
1.8903748195043981
2.2639976562919175
1.968389032682779
1.8133491023070178
2.053700762231089
2.141373554653398
2.1373262691778154
2.15499386819363
2.1517030223717404
2.130383610737489
1.757966852326957
2.150523763312117
2.1779222942848353
2.0843347094514875
2.013834651000189
1.927638850998108
1.8389945859455685
1.8058704703432071
1.9931995965069444
2.0706046212023237
2.2423790888246002
1.877385622779531
1.8767855957889847
1.7555195628451319
2.278179487545958
1.9443401788244026
2.0736677364979625
2.050758595171216
2.1130994142562254
2.015730175284174
2.0697768570551576
2.1662990546862813
2.1268641627262976
1.9997243720211526
1.9730862659503285
2.2100805877689083
1.95440801512069
1.9379785919991641
2.127506919419773
2.301385502491351
2.1636722949177725
2.487342402734534
1.9528875058878716
1.663677703258866
2.012041589927441
2.0070450544497027
2.16109788573032
2.185613514806707
2.2332069826063257
2.2460655555780984
2.3192736285329745
2.0382963937726846
1.8913731182735818
2.216629071619328
2.0860148894545962
1.8544998461414683
1.9590935016806743
2.0530029439381074
2.109857945943718
2.438528210855293
1.985601967932558
2.101541039874137
2.2045559139732394
2.418212118318406
2.2299103791916024
2.01296182018352
2.237949119307525
1.8988125971928689
1.8490525839088305
2.133953701378634
2.2941800064756204
2.10017171357126
2.396535070129231
2.1043168456595476
2.1893001715264226
2.2181791205893986
2.095217822857822
2.0161221476777538
2.124886133416566
2.2947329681849573
2.3055424980876897
1.9942046197930698
1.8119341840055374
2.210928010378354
1.9537473041155555
2.2433113271197165
1.8469791635083266
2.1366350807087584
1.8924661048171096
2.0869662855127284
1.7115592900164078
2.1578452745968395
2.146000694366834
1.8222609741792264
2.230979432356691
2.0254454451094324
2.074324290674554
2.092724437627451
2.336624669692031
1.9337860143258194
2.1516916695612043
2.345641079222551
1.932819691602582
2.114152184409167
2.2141010411542466
1.9772964019547348
2.1139393196488134
2.084209616736681
2.3833675825249294
2.126699999088379
2.0297468418391156
2.2019372695099353
2.120840410154037
2.202566920254365
1.708909693497052
1.8233896084038506
1.8725005117347493
2.0488993783544482
1.9477748862358326
2.172942129558442
2.0332286615287427
2.1361134670100217
2.1090102899537495
1.8500773133520696
1.860224133849143
1.8673465897797268
2.2649152180300463
2.1286268644080093
2.1400532386535014
1.7939316373283467
1.910658988871523
2.108123298167438
2.092934717206581
2.237878232810449
2.289649147905173
2.0022776122003902
2.416697386012527
2.2299105853392884
2.2848837725489384
1.8492336563193532
1.9089176217901014
2.234827309233694
2.375327710822505
2.181570782739699
2.1296858630375635
1.9840316082404525
2.2756124032053715
2.042406383723748
1.9866355566900393
2.0759863834010095
2.2387399671165977
1.8776123540281697
2.1328785037578104
2.2301170466186706
2.268223132948548
2.3780988339610927
2.2188637767124666
2.0346991952910947
2.1679563370153825
2.1839275278927843
1.7344078949533224
2.251182178964211
1.731306462333897
2.029282538688005
2.2285528553317486
2.051260853274813
1.8231913275348823
2.0584618434986757
2.134787316625193
2.117674977237958
1.8998072230051393
2.1258227565970103
2.0329751259990725
2.18147127692634
2.1023067243619797
2.057690108694015
2.0262703307610077
1.7837315547709245
2.016915349449237
1.962062096381961
1.80176819492809
2.2462164503452504
2.0634997897455003
2.1121756351285135
1.8764749707779955
2.232184207132447
1.8275025181087368
2.0457727921363356
2.093898153201112
1.9107286276657627
1.8804011539652439
2.126463239614653
2.0618447356130565
2.0998866779092857
1.9960706367003938
1.98074528612337
1.9896129364095863
2.1092875736869283
2.1543483214641856
1.727880890871455
1.846197760036994
1.970046906957091
2.0866677242990144
2.1389635684736814
1.8736089536528546
1.9546074473699986
1.886401375364913
2.2025227374947574
1.937979060910304
2.115484774410129
2.3507777099761484
2.146789749068331
2.17883937421576
1.9861402048654337
2.242240479475504
2.351677232056393
2.2380140781730224
1.8197512071832807
1.9864716361114638
1.8302771900605528
2.1560981084088993
2.030943952963846
2.0429953198135102
2.1608655594330726
2.266652253518415
2.1479136345176766
2.187002909499414
2.038258139723129
1.8715796689095114
1.75671561410051
2.3148562493665477
2.28255785062077
2.0300305800901866
2.0822414376369616
2.0761606119495846
1.8139439599442118
1.7718271071105982
2.245006753076005
1.9996026305681949
2.729134806560749
1.7712895348847781
1.8533310218213672
2.097475845148189
2.05885814933016
2.1807500257574213
2.4260221084366105
2.29467759253812
2.1765217827375634
1.974492478382048
2.6097397823345956
1.8988450571402236
2.1976307540517097
2.0841238109973634
2.131042304332912
1.9627647040873126
2.005044256094031
1.885771633920303
2.0164488454735525
2.2418782458527446
1.9097408851051183
1.991920089575728
1.818204341851003
1.855648857832704
2.330778664629138
1.8292525111691744
1.860081169358978
2.101207660060728
2.126900501626862
2.2506609566648605
1.9751233307326979
1.9369373073206178
2.1655662710011176
1.9653244631684703
2.0635565506155116
1.964263102487123
1.9687887910033104
2.182699753693484
2.1922342288460595
1.8061800114038142
1.8395246129320872
1.7139617930444215
2.007143615775898
1.9769628530497414
2.219071284903469
2.518440553709789
2.1475492446448134
2.2344951733939156
2.141021274540326
2.021027807835872
1.9572636431573216
1.8787336094178695
1.713654016404956
2.026788414255072
1.999846567787557
1.9885577574448006
1.797087035260765
1.74588669458753
1.760380552917136
2.1183396645392882
2.2174516703811795
2.0452612176197063
1.9920863839979996
1.7623028526950175
1.7588468091223672
1.804815675011656
2.323318329394517
1.8840850951426715
2.109857945943718
2.0675639231504754
2.0149439391400783
2.0279217825330997
2.2419243505755335
2.039979597743374
1.7479331302652623
1.8325973763346515
2.1111082654168785
2.2953091471979015
2.134908066512158
2.0878790025660514
1.7420259017971533
2.208436804494673
1.9596665227923713
2.2045454816714702
1.9979838744271532
1.781682390548261
1.7650476733874265
2.0268018552222036
1.8094829619688686
1.8846330614397453
2.2234997380410717
2.1159980640126888
2.086077101136647
2.040020482564314
1.7777497497431893
2.1920583259817352
1.8289552111197367
1.8768238436497309
1.959795584873582
2.1273946280063845
1.9856634009864245
1.8249051264650098
2.0731186479078945
2.1006495865828057
1.839258173492626
2.1075607871417907
2.3642403847725397
2.1619954145001428
2.094326970474016
2.0150603156749542
2.136222751967036
2.0769051471436715
1.8356231640234584
2.148443245528536
2.2168175131490018
2.328098075300808
1.976012444259413
1.863662314873133
1.987172839109574
2.000370030418271
1.9859528098285488
2.3866276198299254
1.8206009929881857
1.8206009929881857
2.070549133704347
2.182830339938422
2.0975145885455713
2.1241655383968503
2.300350833178685
2.2999996832428122
2.3249490921687532
1.8501147369214386
1.810017521356935
2.144112235215865
1.9135191621929253
2.141696305922398
2.1314138064574126
1.852050248373154
2.0590213001027418
1.9840008168165713
2.1502419647136164
2.262710897804654
1.725047861975882
1.9869873049455016
2.0566860265273883
2.0812704090575807
1.7770650100555045
2.1631584052842663
2.1013599948478183
2.1826654784441626
2.031749975297003
2.2405187567343137
2.249908598729961
2.1602929559298136
2.2298938305297047
1.964844738902006
1.8921338841695146
2.1745728235850166
1.972749807611406
1.6701069537383668
1.915038516666667
1.8319783141524435
2.2498244674072896
1.849183720654869
2.046425823825405
2.0287305953430836
1.9761994264458922
1.7359441793444552
2.2457946378067137
2.169649612203777
2.0789365885008566
1.9385951281843272
1.9810693486247253
1.8140790286711754
2.0267256311118924
2.2960292668657476
2.286317587897343
2.100878732404811
1.8867410139966498
2.181775147480589
2.0918559943578128
1.9409911814692278
2.0804671867619247
2.0743112606742575
1.909033721138438
2.1924920378510286
2.211429724138908
1.9369373073206178
1.9369373073206178
2.1834009987984775
2.248591423221219
1.9764718318215253
2.0404151690709185
2.149722167613761
2.2692396934597934
1.857594995565531
2.3009972060691015
2.334641385217579
1.84608684484518
2.6079369101912877
1.8540968614318187
2.3947915611274246
2.287156425249059
1.9157653452968086
2.2440021406193207
2.327616440849127
1.9714766960235905
1.9813765336772429
1.8662023039856177
1.8191415208106605
1.869241288991477
2.182485023549475
2.2816115551323684
1.849743513111412
2.1655840559693655
1.8309631996649658
2.214169103315982
2.312696286479258
1.7894202490654645
2.0496738039037563
1.7249813607034044
1.7652016897893996
1.772672138141458
1.9372214902507618
1.9634285287283446
2.193766452515333
1.8346388359518562
2.2570521356811106
2.0537327413713427
1.8954724197276953
1.7931064744213339
1.8771605360211059
1.9959030971300082
1.8861929200349339
1.953039755453255
1.8631756467779987
2.526052710488826
2.3236004576102722
1.8996389376336444
1.8913032053641992
1.7972010436317691
2.2038377108563854
1.9174683216386916
2.0319150574068288
2.176680089658843
2.2197225503429245
2.0863272435906657
1.966371586842526
1.8992922531532577
2.1959761766297787
2.386972129964593
2.2711336720173603
1.9533650688151738
2.1181735493430023
1.8135842704463483
1.6991140783680663
2.0144838897693647
2.0117014219571616
1.9410401052290778
2.4416474865445523
1.7629701171035195
1.9530460358264201
2.2183289898748217
2.140729542291784
2.025480404160019
1.8117861245007687
2.09834812150611
2.1708187423311123
1.939826504836961
1.8908487224824495
1.754859607889919
1.7961166033989158
2.333330873078142
1.9730103565025165
1.8406177191830306
1.7794175314593845
2.1488841894560817
1.8723683684795696
1.8439320665293217
2.0448065143832497
2.2093465951276756
2.1066221889395553
1.982277630792029
2.000973072670552
2.0242057243619733
2.2204807774799633
2.080662508423118
1.6838061915977185
2.200820052263365
1.893623061204496
1.858024700219864
1.9685314526601483
1.7926498194197589
2.192684330422684
2.157029027048371
1.7099122250224432
2.11776403165347
2.0892031164847027
1.956764914315284
2.001017371209478
1.8310767063297735
2.153916519996608
2.1347759535519653
2.344573744705928
2.091431554018891
2.285183538934238
2.067877485103145
2.091366561332111
2.065118499518525
2.233993164673255
2.3179306168546563
2.075734846773838
1.975734272761443
1.9693973113895895
2.3318813031634584
2.225163878182172
1.8469846596435846
2.006027632409596
1.8210589563705704
2.1703130687817285
2.205368117186665
1.9540274469305154
2.0445890520433228
2.049006919418269
2.3408224822958936
2.337945927349194
2.192919624578647
2.235423511855063
1.8071522070728452
2.1846391986625906
1.9692129131662575
1.992834828405607
1.8817015386777398
2.1972460262193545
3.206586344925318
2.240744837815987
1.988868116493229
2.1651252533174437
1.8381963819717115
1.9878646426358468
2.4433937233029113
1.8555975409147485
1.8726358244067918
2.1763510724344863
2.132602714808434
2.1136979088012184
1.8233148498292353
1.9690309138144912
2.107632571233765
2.267487636011884
1.8084915035784048
2.3946480310123226
2.0522246464386793
2.251811554426849
2.2323294764672683
2.426275039087768
2.3401406249259327
2.4240363951123083
2.145653701919363
2.159345577044552
2.07981045182235
2.143943451714743
1.9681635084804212
2.096902507610913
2.108526623475021
2.0918934240809217
2.1929431013910015
1.8726963994339654
2.123511998471652
2.1537743522480532
1.9857782675913276
2.227882015697327
2.1976468608681348
2.08534323744878
2.094998349553461
2.264322060892036
2.214046449040561
1.8101607862577074
2.1665770674256364
2.2724155030941375
1.9361868665978759
1.933968318003319
2.0074935363389255
1.9854235724823583
1.9711071384689924
2.0981081134968447
2.1391487477051148
1.9890592319170979
2.426302460567473
2.1822369655241323
2.015229121719933
2.068225051593519
1.7777654316410763
1.8480335397933514
1.8464131244392579
2.3194072855052745
1.8781159551614395
1.7977161675935969
2.16501078185811
2.163720451818688
2.0994594699851934
2.1001192406433424
2.189074905042837
2.217937387342222
2.1890691545866376
2.1684015774646133
1.9265629215550895
1.986522994465346
1.9146028227931424
2.195342854753683
2.0666946509677047
2.090355329099224
2.0050340878476653
2.3304133105092615
1.9459867268591324
1.736010345824192
1.9770430568788222
1.8494706403008576
1.7511801617428842
2.4639037478044745
2.09246754594368
2.167268985701729
2.0790851673989073
1.8889728275396012
1.9183967354629237
2.0751679246340835
2.196965792800336
2.1721201719936274
2.01258116617707
2.083745048715745
1.8345070156897894
1.8594516260925025
1.6895237453966816
2.0207417614485683
2.0847227527520134
2.1847633045383614
1.8627432019716408
2.1609333624317295
1.953888902147673
2.131513680372237
2.1346314596746963
1.9116153760782333
1.907729896109702
2.129738657260198
2.1794002900893203
2.102212482691429
1.8510119298829768
1.8043746704231893
1.7044392544556564
2.0288238619394963
2.160193920991801
2.041929070223205
2.069208097862321
2.2226070441375723
1.9235326978182397
2.0675838450114368
1.8468909285614687
2.1557482545107516
2.2209232427074848
2.1732503527571043
1.844260888432114
1.7784001433305174
1.8443743036228089
1.8965397015159107
1.938292120745751
2.226203458705045
2.029752351658062
1.858708636053659
1.9490737607047348
1.865761828134272
2.271413076538698
2.1764256847974
2.363668626282775
2.061633341601474
1.9993035665207102
1.9491839446303838
2.0897676535090692
2.3696524043774425
2.182585731602895
2.217682285871243
2.165053180571255
2.2474958527205033
1.805522634086159
1.9387086474263096
2.2768182582221024
1.9277500945817045
2.090017182701187
2.028226004744203
2.0807797137230035
1.8945216189619114
1.7827652159095626
1.755561010575987
1.8234155404947712
2.3018828074216198
2.230056226798903
2.446021711395828
2.2580680481043136
2.285675652646852
2.434221949605295
1.9339389823702977
2.099183167864392
2.0437311783731724
2.067028619611702
2.398948541445747
1.9985725015015992
2.2819165898778198
1.8828377839004675
2.1510377251297106
1.9834824769849209
1.798232986579968
1.9798908670644
1.9990643585024004
1.992105602582764
1.9947481676525216
1.9467442827135255
1.932247263244615
2.1506562244403766
2.0802624146918265
2.0049807859525237
1.8068702511209522
2.2660267124355413
2.240436068106872
2.5329934572814152
1.993793905466474
2.004045804625937
1.9724714891558561
1.8217328618299475
2.1352798021007904
2.0623474944087867
2.1210343357348242
1.9314199942317387
1.844208159303243
1.9236655733790153
2.3067961689955307
2.133375033889642
2.1318079114787687
2.2840777105639765
2.0483641455600474
1.9244938584566753
2.0979243043366376
1.829170219791723
2.0333228988177567
2.189519711537133
1.8152920496936864
2.2196910237185676
2.2344746605502697
2.4455158721853225
1.8279937561623467
1.7319205320085007
1.777922478346104
2.0150885581934648
1.7463720476633138
2.629173415041807
1.816470018322421
2.1763411011160114
1.8907332051608774
2.2805732213232104
1.9063116659831092
1.9172170893401326
2.3567636705664556
2.0234602876086405
1.8891247231532042
2.1254898384756595
1.96218668407824
2.0464665149117067
1.8670632024742795
1.7071246506842548
2.4267883499954306
2.1968417480208347
2.005718052109582
2.059066971591221
1.812331914260748
1.8718542334006762
1.983853254120273
1.9379687775669117
2.1714726164896563
1.932232784734366
2.011319435179382
2.0170994100969026
2.0857700848506813
2.078717159942412
2.1293439160903826
2.167201628820876
2.018028981895715
2.212527118128311
2.2347583936412976
1.936210521887338
2.1214435514726886
2.123895701749759
1.8468005106755563
2.517736785709669
2.013291562724349
2.3369978958575173
2.14243266406083
1.9472579939130497
2.0064980459129056
2.11456196288802
1.8303752694788122
1.8272485361884345
1.8457800212189208
2.0495540353702446
2.162157523157073
2.102922114874129
2.388560891521346
2.200516655522537
1.9815306767842995
1.9561095067371048
2.1597415675121874
2.198312193089989
1.972821643477583
2.2203543348359895
2.0203088349118863
2.2371354130111207
2.4589040709649694
2.2432940195948796
2.390132609324097
2.2717289267863126
2.164638369488002
2.037423765835847
2.041194931924014
2.2175611397461537
1.7093965859039608
2.2484088012958883
2.42549311139265
2.2918565366484263
1.8733206692899163
1.9829532241566503
2.1364336726077044
1.833244362879006
1.8670666531511055
2.212619699795645
1.98863357696743
1.9749219886878782
1.8235096626286162
1.8720589404921175
2.3076796141080935
2.16945367695547
2.2148714116366928
2.4375865840675925
2.2775320943826056
1.9959232516412009
2.1660981932134136
1.841080612847978
1.9269581579402768
1.7754541012027427
1.858325235096941
1.993793905466474
2.0987013999039235
1.7846771317021624
1.8004683042109393
2.3855760982599095
1.7933020290212458
1.9941242523881324
2.4260581291258565
2.422213949660454
1.7411062569531155
1.7586813042569533
1.9718071244630133
2.1700256543539163
1.8254911573068455
2.1615682790042174
2.212194061580885
2.337487233341304
2.2798600890383707
1.8355280685890716
1.9110301654497297
2.165426089366634
2.1748291428309314
1.880887024081895
2.0237912856034166
2.0018854313081262
1.8750366121902353
2.392121301290429
1.9692251468376876
1.8901083916266757
1.8101970428662322
2.2110699475729634
1.9673730578104787
2.2030869927351167
1.7351236465132358
1.865057985375414
1.9546104874946575
2.1368284077366697
1.9459496586799867
1.9631611790512844
2.018962057992195
2.0358365024808793
1.9874058349346502
2.432106701458385
2.023191972987433
2.320914417653955
1.8638597357963964
1.8499443262213
1.8042996032270895
2.2104638414215376
1.7997603209960822
2.259074818164311
2.0544131055355166
2.0206902584071686
2.2533654573822477
2.163241264130734
2.164183187837493
2.2008609521656024
1.9978440626820948
1.595791785767236
1.8943315559670464
1.7996805137901408
1.846969581891966
2.03783095371102
1.982572480029621
1.931797605236959
2.1229585150824932
2.0465536291703286
2.1339506546817764
2.0105200492572695
2.250763802241334
2.1767536267877734
2.186642866319842
1.869701599960476
2.575894438199525
2.0940031563737103
2.047587493333314
1.8169233970319296
2.091718337833998
2.3060938811678193
1.9263240081786426
2.16309095683703
1.8250852697471343
1.9077699782438537
1.842349214476748
1.7810189360406818
2.2222121791837255
2.4913264849390235
1.9356196581638905
2.2484019430140942
2.247205400773205
1.9183113841430468
1.8751810036751513
2.1163632443854405
2.069115718658384
2.1403203650266285
2.053057850401834
1.8298107339208263
1.9613092192039911
2.049256856315498
2.878176608963373
2.163948479545784
2.182933788184208
1.8373498732500748
2.101422464431248
2.230325864153109
1.8448542789731324
2.032681890326362
1.9147942626955385
1.9033656659185012
1.7845947138320226
2.070858655547696
2.0482205005890104
2.1527403738421067
1.9459144593680393
2.1050646379102513
2.078615282912909
2.1941973991643136
1.9269685482338685
1.7632752609766853
1.7177846709360347
2.052508255560995
2.2982162546556326
1.8527209923998509
1.9132848852601418
1.8329004439060212
2.089581482145397
1.8853318420546112
1.8447352799076697
1.849372161988213
1.82394121304551
1.9589336687149825
1.7652447213073053
1.936613564635443
1.7786157123530306
2.1262559903810736
2.006852251668701
1.7555915769012513
2.051596781647183
1.718009535452074
2.2074815584986816
2.0235639505090726
1.9357360140156055
1.7629701171035195
1.748258774829685
1.8174163487157398
1.907688179679439
2.317495587483605
2.012438291782758
2.224543870653011
1.813267222302639
1.852397669978138
2.008447778024152
2.353679460353529
2.0869360822350065
1.9923248772693278
2.0575227483204945
2.441216669073784
1.814155654388692
2.2343629969378678
2.2278439884096635
1.9369373073206178
2.0393716088658023
2.0245317520671398
2.1057483424582517
1.8579592368045363
2.2005136838382118
1.8329301391753474
2.0087665116029787
1.9199841568619276
2.3584409864532243
1.9642627217950053
1.8796413104794547
2.13043449144435
2.3135848526825056
2.5295747423732164
2.1890851048781594
2.3445071554891745
2.164767087344374
1.8644799886136012
2.005460998642895
2.008992123071511
1.8244251127456501
1.8961881214739473
1.9291316748061738
2.025868789300468
2.0741815144447053
2.00531042112996
2.0776873312556554
1.924252432674217
2.0498099930898714
2.3593229817294046
2.191263574470698
1.8542241232227217
1.7776500510088145
1.8608250591133362
2.071952296081027
1.9463018996652448
1.9408322406628913
1.8627432019716408
1.82680704965543
2.1175516925472904
2.4208329940200635
2.3394712635673884
2.1320488399472937
2.2928067254537585
1.7966971668023393
2.024615276603158
1.9279354171685585
1.8389062495602049
2.0352109909628875
2.172116114655211
2.0670122586116095
1.9219409054279226
1.9481239655309648
1.9019301694917676
2.09268134969925
2.0173441831219474
2.0795328496623373
2.1477894948751644
1.7600063202867855
2.2383916919334084
2.477571685394442
2.234524634836844
2.0960195080705226
1.8649379835411937
2.1622923978064126
2.075574713378484
2.1857424780002304
1.9071275713929519
2.363754496639998
2.142975536507254
2.1061284989141176
2.1631563979475423
2.140553501123694
2.3241658812496047
2.1075292522025455
1.8898843959282872
2.2210011377826318
1.922611469367895
1.9420400898234245
2.413943360143144
2.193460021561466
1.9989572910642837
1.9400309594028384
2.033854459623771
1.8124510499339126
2.0920182772709413
1.799141658365135
1.9506820970598686
2.256030096288024
2.1691249532163766
2.051219704425227
2.127871657058802
2.2689177558577684
1.8658637212266254
2.1378274090082887
2.112281073239684
2.322229846935591
2.076429348741053
2.162863934413011
2.3250575281297543
2.3610430576787165
2.0264237868145014
2.0065536680575553
1.936304921925965
1.9953293719082013
1.7715747336612895
1.7910193909829004
2.0647505643836057
2.14588611264916
1.8949227414622167
2.110519517059766
1.8271193133009673
1.8709079223213512
1.901048546419146
1.8302274792659239
1.9078560046312478
1.8282821015781328
2.2783010753661683
2.1858686813918724
1.866605125670905
2.0333971793619763
1.9089176217901014
1.8578938605780118
2.1425082241977145
1.8341003024003117
2.03778956419978
2.080580285054144
2.135647715420877
2.3779959713884966
2.254318939663249
2.2035147414899456
2.1822033353015713
2.1215663166006307
2.2455309977643436
2.40247927333391
2.43199371040326
1.9876129654848553
2.2835049244106185
1.8709128340114098
1.956361480490721
1.8627432019716408
1.8248646617854687
2.1914270557959044
2.1488841894560817
2.1479535790160864
1.9394054720679328
1.8168737253132095
2.743150173528401
1.7279558243179176
2.5830214927240185
2.1989818145421407
2.0127616798653616
2.4125895379632047
2.0741216769203352
2.3176202100887084
1.9063930612917561
1.9985831601041852
1.934907389140473
1.8852811644684349
1.9648471350349914
2.5125907938282173
2.0437378776007984
2.095308525019262
1.7885881421338958
1.996790398220021
1.9816690717850591
2.045441464075686
2.0468828510040953
1.8400811520197116
2.355416553525862
1.91021536078635
2.506448382931857
2.000043857896438
2.0241557082348396
1.7579540251893622
2.0069408169265466
1.8075839741053286
2.009674758879039
1.9117705385238164
1.9224784402611157
1.8282337837251423
2.303879489543424
2.1842121483200843
2.0923692710519224
1.8736109061186417
1.8195874796976885
2.2453798948911983
2.0747110140588902
1.9093099391505686
2.0235744677288166
1.8985486284325161
1.7706587693412872
2.1971635766569153
2.0735508970446133
1.5720292047741482
2.2159947884251956
1.8995230032592505
2.0654851706606685
2.044256236479295
1.9918708848695228
2.0412967556265547
2.28826182033284
2.173238566478729
1.997050258010597
2.1955521840367136
2.372602010691646
2.2035631820509547
2.277753815728387
2.1963364710947384
1.9365115459782032
1.8533199167307077
2.1932825407312766
2.053948872759047
1.9369373073206178
2.2944109065190395
2.011058590281417
2.0125432542038544
2.1997091610233763
2.1835737757648364
2.262935617769501
2.3163757918184613
2.2975992075271248
1.912117782752975
2.246702275051897
1.6588706191305245
2.112397816860447
1.8918240320661117
2.223204019129889
1.9790732689910147
2.2575848158139933
2.0273716882915425
1.8569340333712492
2.073258514662042
2.0000888370484216
1.6628661327993906
2.1136732433957452
2.045329330238015
2.000180348425105
2.1268133181488524
2.2037002357576885
2.2208859415970026
2.1030041655441276
1.9740094310075296
1.9362639507612334
1.966497261934701
1.912829748122945
1.9121160125244514
2.0127489720970786
2.3801481782673157
2.1380772437965705
2.2058638688299057
2.0569361777532595
1.9126964632016634
1.9087457294176247
2.266181547058934
2.2305112155631797
1.9190218590922978
2.0180510443386313
2.0684709072239507
1.9790784992205641
2.222251184026052
1.9469938650327592
2.2640849975668527
2.143388308322853
2.067034045444547
1.814357331115381
1.789940706425548
1.8846330614397453
2.1488841894560817
2.2809561279317996
2.244883330669704
2.214724945197738
2.0506661731447884
2.2612104957716417
2.040635939509702
2.0113874133497798
1.967565742608894
1.8092548803368755
1.6551632401913339
2.3526227889352684
2.0506322164711697
2.116360963957325
2.5255962035653665
2.0674019694636985
2.097811129539147
1.863662697641471
2.1793158091032785
2.0811036214286887
2.161116792634164
1.833283445746995
2.099559072483408
1.7683432764189329
1.8762105297236826
2.1325028876914023
2.2082083281684093
2.17627178156979
1.909272092035887
1.8130616322626374
2.321199380442271
1.858934353813866
2.1199556552644836
2.295032306496122
2.056961256312141
2.1781457348887057
2.0733007601777755
2.2832876354465634
2.2725436034931636
2.3589992414995424
2.075999072734654
2.126041100752928
1.988686635943305
1.9823947660870793
1.9697679768165863
2.0953407626519374
1.8046666605392485
2.221288915737756
2.32803322872892
2.041649909341432
1.9934854643022424
2.0604084912613816
2.1212002753090373
2.031874140285939
2.080709426469569
2.2009636167759608
1.878329813060503
2.3124345058640836
2.109857945943718
2.0569361777532595
1.8627432019716408
1.8187162406140691
2.2824188877423874
1.9900723298094845
2.124865855628689
1.9132026004903737
2.2494070228838052
2.109857945943718
1.8416121490052229
1.8821519885446667
2.189925583934025
2.392834097493046
2.1821021456096776
1.7087548546906866
1.8106307796490095
2.289443187331666
2.279163796321023
2.2730864092319196
2.103028892445597
2.3517493095247435
1.952244375930547
1.8278351316409291
2.5343030874893393
1.8294694972589707
2.421791645426173
2.0533710643678997
2.222936327782566
2.051003970114905
2.0789532275539595
2.1219983893735943
2.0673564823152004
2.128204833402618
2.009093925206952
2.3069126713654806
2.366852476442789
2.01882373205669
2.195996531981683
2.0806122521805195
2.1023557343273214
2.2196011276622376
2.360570959211444
2.121271599123833
2.303488231307365
2.2407300205511502
1.8898604356050852
2.050199748123181
1.6650219028865523
1.7996365016648765
1.9720095096533414
2.2651789651197296
2.3031767776692114
2.29229944285511
1.9109619512103968
2.3679087072116864
2.155973899919746
2.1786705150793417
2.2466635350742896
2.142814101816206
1.9607287510974398
1.9093421346049926
2.327425525052722
2.1052089024348
2.1542257586943654
1.8382703557589775
1.8486481719952559
1.9492357975012793
1.9098707780153723
2.018903516919936
2.0281336372941663
2.009559017502765
2.0337443015502736
1.895005225832131
1.8983043902724004
1.9026805434575453
1.9691247754387693
1.9415479844154093
2.3345684551192725
2.0663693998186208
1.9856069632736553
1.8248713610818528
1.8248822139111949
2.214463267975998
1.7818678007570967
2.283452465145484
2.2133730558630136
2.099518005397669
2.1167832757692606
2.002324765754121
2.061938713428599
1.90657738353124
1.9238886465773521
2.127608720964807
2.251317727957181
2.017560409924618
2.1973741354216485
2.3085822078740352
2.2274627706239944
2.282141750471524
2.097716456124367
2.0712786740254643
2.265630310215615
2.2197217359218007
2.387992294420194
1.9723150512136984
2.220796796425521
2.191452136788559
2.2634226855994295
1.961981872117289
1.9875120449829784
2.121887201059715
2.0461287885231942
1.8398415835556499
2.210409406402014
2.2876269760559285
2.078896891839102
2.037427716368991
2.253121619998493
1.7731035940081268
2.2168532299889208
2.3038163768906417
2.227184968635045
1.831911023032805
2.1308955085341
1.7892968700917349
2.260256834991371
2.138785523500577
2.1163280520960868
1.9308129981857323
2.284915210263778
1.878880929705079
2.1618545494946124
2.0280855704926415
2.0656289074802525
2.2130302176115633
2.4761539991123103
2.062550281977613
1.7176315839250065
2.1488542684421037
1.8959529910059123
1.9270567133382233
1.7891607944199057
2.067561381217968
1.8158182012534978
1.7436185745271746
1.9914506473623588
2.2590347585626165
2.2403510728959874
2.1740416894177397
2.2279265494298897
2.273585356896155
1.851547247229434
1.7654967751233295
2.160516302677863
2.2612377858755237
2.309879409829925
2.162073346614286
1.8846330614397453
1.8846330614397453
1.9998651830001621
2.2183289898748217
1.78407572438834
1.9867823959029338
1.725740694702019
1.7532292028996295
2.042688622809825
2.0597948303778826
2.387226264491068
2.2276503491945987
1.9208853487233382
1.9086669564615686
2.3007212440700497
2.0455565559471713
1.830120986846925
2.2032195631624365
1.8553677370450024
2.1945208216954124
2.1536411482781634
1.8599434481443595
2.0432368224269846
1.935991309424583
2.206051408206924
2.2358592266116384
2.1078776304492353
1.940694550901702
2.217583510650759
1.9092939276106635
1.9227864190306978
2.0458308836725636
2.3007880838676873
1.7714794016084792
2.059509786272337
1.7870862260755251
1.9306943127225435
2.061086004773218
2.0471972252856343
2.14580840689012
1.9132365579342399
1.7828589586945363
2.234643127317131
2.0178936998262005
2.2726312524958274
2.127206401788272
1.9800040395349812
2.1203675596572857
2.0187294713405888
1.8488884394451945
1.9082833740733536
2.0806094745758585
1.9746439143176429
2.207457939925319
1.8967772475620972
2.128783260591147
2.213644281782739
2.0353806925223568
2.16030639515347
2.1494659650961574
1.8526205293318776
1.9165711992213246
2.322634749089526
2.1924344470946306
2.4300165017381006
2.091302546094327
1.9138312936189272
2.4401180006714265
3.1475727010352297
2.031953619579325
2.267450953992805
2.0102177638656493
2.0696429639292018
1.8869074833380224
2.0760880174767227
2.1488841894560817
1.8102573116465746
1.9132848852601418
2.126964146262427
1.9903791910967448
1.8882570442781756
1.8355449462973965
2.061693652948447
1.916259452184268
2.2022745006610522
1.9927142492593808
2.023275871584351
1.8559266730252215
1.9091806831236318
1.8057975740518535
1.8425360357023473
2.240792339049457
1.9820237897304365
2.3920276994804137
2.0594964404585183
1.7919667294774224
1.9269685482338685
2.1291363925378337
1.7860121041001098
1.879416751651267
1.8801913846156353
1.8434406638186807
2.2107799346952652
2.151583871975003
2.152535231074347
2.153267025996535
2.1898856483188474
2.098011051597046
1.9132848852601418
2.05614960137192
1.8382365983924038
2.0462260457397115
2.4242892335154766
2.2949867003488156
1.8082523163571358
1.895456811627112
1.9931148823354625
2.1056252905943684
2.107375622394646
2.0827921627952866
2.0882339611640637
1.9546430097243432
1.8536577402340686
2.264571500509948
2.1948612810004495
2.095166584001746
2.460966525011862
2.1982190794076213
1.746846842542043
2.0085843705012345
2.0979894015710023
2.0918840482646646
1.7630021358719672
1.8370320254525263
2.0743026527311437
1.8278072341289062
1.9215659304590684
2.0429363674634162
1.9112883046624
2.0506354232295663
2.2873965758047095
2.0600472727718726
2.1825812000744707
2.100274170241977
2.007476924831999
1.8373242369294485
1.869241288991477
2.1715408618844823
1.9132848852601418
1.9618810749062399
2.0095931099240154
1.8948296898895152
1.988213028857462
1.952799767238323
2.220581136259245
2.024151479742989
1.9578725753773005
2.033380406325328
2.0883980048469666
1.7942767222510259
1.886093578226554
1.9366251791177356
1.8961197005318904
1.7712098336656759
1.8612688354218867
2.0852636738220482
2.1332373783259984
1.8156930825298236
1.8561861346500506
2.3568282948275945
2.0341125452862467
2.22825006956199
2.155672555285764
2.2038403574278536
2.0398572796500143
2.3017402088147527
1.723899241200324
2.1242480288624
2.199721313126892
2.193038059057205
1.998607245554582
2.2258682606695577
1.9970315386652155
1.908357887207407
2.2908300070771266
1.963297325330469
2.20606667423751
2.156697551317116
1.856379408118307
2.0660721563386453
2.315341366563536
1.891284517638511
1.7619972650519244
1.809605071270535
1.9575550895553624
1.8943858744045596
1.9602625101124818
1.8042611305371257
1.8736109061186417
2.233958807343247
2.107057377031968
2.2036389468027484
2.214168438309469
2.283984648677083
2.312210054283508
2.0992523951899162
2.161889678857351
1.9190312884146397
2.4541136383804525
1.8897689166056617
1.816685171907186
1.8228281561951343
1.8131576151616402
1.718247155350096
2.0229644120139225
1.9083172724784425
2.0853117364963496
2.0059025035863063
2.0333062086470726
2.0307257820541142
2.05957763324576
2.370224975964293
2.03246662913509
1.97895478646555
2.3069893843620632
2.030748687044899
2.2824188877423874
2.26825576405607
2.250634776067584
2.1012613662944646
1.7763273669851605
2.017837124946504
1.8493115911926292
1.8189178640549308
2.09441885284121
2.297165707812156
2.0025254989486236
2.0559479615410132
1.8962837516744644
1.951610902650076
2.376540920099497
2.4509619768743702
2.13868332883538
2.0240621920166597
2.381598029517005
2.3721527937584423
2.194623205435496
2.0922455297870632
2.1249004699529195
2.2110859114385346
2.092426513109734
2.0891900869319104
1.9018863358055962
1.913020971574067
2.1333488137934
1.9213801144972165
2.0118005192658073
1.8067509812952895
1.8420131694634652
2.027990149088368
2.0049268568598286
1.9168161957560899
2.118951848448822
2.1197732543891465
2.0125591592835903
1.9929101864643926
1.9164657974160555
2.2639649943513795
2.0377356996791947
2.003365358108038
2.036912606739306
2.075046530368071
2.2021731654436847
2.008673847100739
2.355465827162983
1.9548575551043332
2.2742214247216017
2.0511995831860528
1.8553516066236961
2.0771120500939158
2.2173427271511126
1.8962372768338316
2.2826735857848646
2.1023364975360255
3.0683142043740355
2.130409796603909
2.2945107917708647
1.8815171467846898
2.064120573474809
2.0726086086243605
1.8654009163987344
2.1392985988283937
1.8894451994324082
2.224483635122636
2.223877249194479
1.9325925120330516
1.8665484848837153
2.0025560225516217
2.3516672821175955
1.9055979312452855
2.198533658734181
2.3740392228440945
2.259626637574156
2.36217424021242
2.0259063018220567
1.834895521258355
1.971893773416436
1.849060028819262
2.0118144556728943
1.9246570000110503
1.7002512264149574
1.8724396083148236
1.743786469434792
1.655474902193867
1.6922555509387778
2.036822600715209
2.0159266777693925
2.202953754257788
2.186890188766179
2.2121912467984965
1.8807395902534216
2.048423867958507
2.219582973110335
2.2419444039326017
1.9174453073968116
1.9863649795373342
2.0842111060415047
2.0672281877304206
1.8212373795744534
1.9065120958383628
1.9208228497198114
2.184739952524763
2.30148598577374
2.17547509083805
1.979356349759973
1.9699570937367048
2.17063216806569
2.041014809878306
2.0213750512232416
2.1519742680242406
1.8415028156037878
1.7556326988374387
2.401147912885799
2.252693545951445
2.3181500193385673
2.385341071617363
1.9918530813127495
2.3050257377526178
2.267487636011884
2.291064979924378
1.8847199465529123
1.79709493806194
2.046063350641247
2.1982521092120404
2.1900277863019033
2.0852347241259843
2.004477921104877
2.028022792374863
1.9447935336399056
1.8897442599780994
1.8768134420405844
2.0206463738303935
1.9901299239456385
2.1629437664916202
1.7614729274734544
1.915930977590773
2.1931628379739134
2.1662926474380857
1.88274562138103
2.034003692642789
1.8106487550818529
2.118883479027282
1.8110334552333747
2.243868896945727
2.1834642982240595
2.3382591463798263
1.7542956483450654
2.0831998957328444
2.439939591588604
1.8501863059721464
2.0760880174767227
2.0285594931548636
2.222534314992734
2.212784867336837
2.302644846246718
2.01959117211441
1.6884479164680937
1.9406427789771026
1.9272420207317265
2.1411720248292614
1.7782486177081414
2.0401046632930004
2.4701492902116278
2.228153611278306
1.8505176075806098
1.9069767337349157
2.0153462929015924
1.9897466332251805
2.317494266577121
1.7391222038825807
2.232184207132447
1.7783445573917032
2.1778510392326056
1.9753451997623015
2.008816552004935
1.9919279103186005
2.2458064696536755
1.7659604782789533
2.262213867613474
2.3142813673409206
2.1860947704665286
1.9929175256506364
2.0545944779556042
2.0907417852876833
1.9524251680473745
1.8831522632886306
2.362901697438361
2.212377273282521
2.1739007879420544
2.1172873680458504
2.248557250562705
2.2648917410904605
2.0120253017123133
2.0017301276642607
1.879528065300967
2.0994532325909265
2.117067661625613
2.20515208704878
2.0037828290707864
2.0591556631
2.001426797001286
2.0760880174767227
2.2019425741525867
2.341384326145249
2.2283354913249096
2.483337063444007
2.0099010983196877
1.7941882031266703
2.0670485331135624
1.9371380155903781
1.9690925652734472
2.0403196825466012
1.8692416925798505
1.8371568433808338
1.8839467694931027
2.266668877170123
2.0896370775910005
1.8086399938700344
2.154864514466435
2.3874608569969604
2.0579654014602404
1.9129172958176381
1.9166811820070744
1.9184888510830438
2.249446840122482
1.9580889572155205
2.092576404394984
2.2174781056077153
1.9276620633021633
2.190364880864901
1.8056264370217001
1.9898868676830002
1.8258915120291643
1.824251056807269
1.8702029463497338
2.0197826044411293
1.8469357531143886
1.699554140027976
1.8511924571521217
2.1693591541475263
2.1332747305980213
2.1309358516809436
2.242328231698535
2.3669434943801826
2.3690990600423345
2.2917405310779304
2.0756311342906293
1.9370702398079582
2.428263724651869
2.2135828341949293
1.900725012143261
2.2591079180872446
2.0016306974895914
1.9127856355973045
1.922640267758849
2.0503897033646115
1.806713548900839
1.7548457776700743
1.8248822139111949
2.291315812384731
1.9615367219154192
1.8976016486140448
1.9884906589591227
1.9376207929152256
2.0637421317542564
2.1326271884465196
2.1813385569053527
2.020488142764545
1.8400622170308771
1.8393704850978028
2.1986452774581418
2.0234030213238188
2.0891908399657257
2.0632919283846207
2.040525428840106
2.302825673189328
1.773684046484198
2.0778397714282555
1.8061598545736721
1.98623032697814
1.9555017139385609
2.1148817255166295
1.7138812044231355
1.830128405727564
2.3529073232522695
2.1930609664844067
1.8998279626218735
1.9175685967417775
1.9310691906179205
2.1025492083335204
1.9950411379445276
1.7434476416815634
1.9043640042258285
1.9036321297257823
1.8691341238253327
2.4433500460484336
1.9176301277482632
2.2450522868056555
2.4895464589158034
2.368874910229109
1.8200973843223347
1.8187162406140691
1.7675538985110555
1.6901549765780464
1.880573616615436
1.9713875013407187
2.123493550378561
2.2614313083727438
1.7929319309600338
2.491752527629507
1.9388713916147486
2.024371184783811
1.7849920505247976
2.1613989906093534
2.2753542976989647
2.2175197402521745
2.202558982209148
2.236851391079411
1.9776011442777799
1.935683798889198
2.182072577277182
2.169440029830243
2.0917371951093426
1.7454188305061398
1.9472254290426054
2.2099668879696157
1.8222799670500522
2.2848271217714275
1.8161525537326388
1.8643453285114142
2.0456194253774918
1.9955702762623948
2.400293910316026
2.100375870244164
1.933141860717238
1.8724903579241314
2.461848726330765
2.394136091097307
2.1911041668416282
2.318576902951844
1.7809773588826934
2.237816268115797
1.8464602198557254
2.11289205205673
1.9089176217901014
1.7850506319383
2.0473887157873896
2.1842308902897583
2.223661820076085
2.233640608850049
1.998533717422068
2.220526643201376
1.9724743072574247
1.9544295126176108
2.238818616127729
1.9992740622770948
2.270869973045292
2.1914270557959044
2.1556978173165717
2.1673968777613744
2.1858949046978107
1.8120535872033974
1.9976998912815678
1.9167704830794552
1.9454742125879445
2.187028223230877
2.068070808217301
2.129073112448504
2.01085709668445
2.0208672833007864
1.9124827905931896
1.8723510501514231
1.7967849900454538
2.380035917203132
2.0945918186454273
2.2576372756700906
2.486268224039949
2.1911531532193136
2.2553550855635622
2.4058716984615
1.899905030003019
1.8690200831704928
2.0812851023588386
2.235310010167801
1.8217262143648982
1.9718000532934352
2.1059831913732565
2.019375485471802
1.8299216431123524
2.165672568615062
2.0856062732387426
1.9268716784683493
2.2198568715419453
2.181421340143766
2.092984156402116
2.177575225896022
2.3061053176697404
2.2254733054580327
1.8918214671886282
2.456214469422303
2.0402333884591535
1.9312976966827446
1.9231150288685208
2.332087570169391
2.1181797506567572
2.0860775602616024
2.015401778713255
1.8558315019434015
1.9726255083491768
2.0166763017421023
2.1191442756512484
1.8387838157247607
1.760899687561684
2.327502124898943
2.4294464821222905
1.8617507221115999
1.8787338965508773
2.2666974034051734
1.9235222907654965
1.9522070633006414
2.1468155121813353
1.8879655117793146
2.4372255572831465
2.160667716074566
2.4130129032036454
1.9330791179402718
1.9195618013306845
2.1017239441881443
1.8273287252507167
2.2884622933068304
2.3684189924248997
2.2375936911475156
1.7136921020239737
2.077180492442793
2.2835192683887837
2.05546493794932
1.977797539426499
2.281198345934504
1.9493498567246845
2.143073475342327
1.8363285694809757
2.13624356008459
1.812298109460719
2.302000376580064
2.0879629968982263
1.9370022065198491
1.7105930229435047
1.975297346602344
1.948239359167911
2.1519164170735237
2.019424448008225
2.0354894884044907
1.8911111013464867
2.015586628733695
1.9160473099818278
2.0080887811490715
2.3306057931507094
2.0352631882984515
2.0576757866673647
1.974841052734178
2.34058550061451
2.2964835007965276
2.0992171150488286
2.368473676520997
2.23251690105125
1.8521766307218985
1.882159433171885
2.2483005637451834
2.1512268214781565
2.2352883705358635
2.312933370464495
1.8091449990995354
2.2797213610061497
1.7652429625585877
1.8976274198543588
2.192128900187393
1.753876484172379
2.193157689022887
2.1785224187457146
2.127789061799426
2.2839250430430322
2.6281581639898848
1.9682490617379398
2.0931215893020827
2.23170738474002
2.2220531619264774
2.2508640990865643
1.9904600769124823
1.9840858899881768
1.790029305705119
1.8781468005830988
2.147430836755202
2.0305158379607415
2.1612039404486887
1.9587543924485145
2.049974201557749
2.209164746597255
2.0373185969108185
2.065044503298409
2.187978866340299
1.887317582739895
1.9553320937876395
1.8032533960460957
1.781422849099975
2.0762648993123918
2.2332026372945024
1.991111688662092
1.9200910250965302
2.129458967327467
2.1535827225132045
2.0146164399732136
1.974214116265406
2.0390439737444384
2.1914193495041014
2.1498232633658207
2.0972420001656693
1.8663899751731046
1.8646000505205704
1.7617470012743728
2.0515175240576706
2.1176855539354094
1.9143977906128151
1.7178913142710104
1.8774631291035484
2.202710490739093
2.281287464684518
2.1666403210264233
1.9109794838610852
2.076175156760562
1.781399192841001
2.1402674187762303
2.2813314293603426
2.0061749328769345
2.0494288026977046
2.038537408633848
2.217961317092895
2.3414218489480163
2.0807083371085775
2.1805318008668193
1.8721795414051308
1.9341158121306727
2.120359717751715
1.944876130403529
1.9618386795783436
1.8415777048957447
1.9730047969108764
2.038059404065872
1.962931341322419
2.2843741729318165
1.8530872049385447
1.9060517463154898
1.992407293219098
1.9040590016576047
1.7358567045595976
1.793697221018428
1.7722083955249532
1.8984086104877709
1.9097425157698131
2.0568578356211566
1.9604626809216978
2.195075219555482
1.9657364587400734
1.820976371768401
2.008598963896427
1.9445860088504014
2.041351124599991
1.802102222840606
2.2238871203047132
2.0658048832626577
1.9838846407324886
1.9547237026247273
1.9283181920745929
2.302195163276904
2.033954103723973
2.023316227159753
2.113489163913324
1.8726734033455676
1.9720821073043682
1.7618848338923394
2.5515058262298105
2.139742225970971
1.760264392090921
2.133966832212337
2.290358084129527
2.264565507597402
2.233110693406897
1.8572780338083617
2.0024371168798907
2.1191744521797653
2.169813699666973
1.8246966149789554
2.325284466611627
1.7655200039200891
1.9618810749062399
2.0168623296612362
2.0142136377005313
1.9839802795098365
1.99393888347449
1.6980779042020695
1.9711801427938496
1.7607102908923482
1.8233309442084247
1.8558305766497611
2.2863052705493967
1.8660204788271626
1.9343062793184944
1.8617858430167293
1.8749841214763896
2.0660286517688786
2.031363535048132
2.3265351153958655
1.778019684372603
2.0123123585181513
2.136362960390107
1.9544088036547032
1.9821354701244325
1.848838321438634
1.944869657447357
1.9934964018595327
2.096566641185389
1.7639011723805171
1.9940842118949431
2.017647922209445
2.0663034782291225
1.8078637089783953
2.0561645280935497
1.83334865653392
1.7671206591494013
2.2661012237177074
1.8666973837891014
2.033921648488599
1.9862139301957258
2.0463037475057817
1.8114549244354774
2.019035016579007
1.8557852279150442
2.097986267716204
1.8290220989899184
2.2585155608052854
1.8182076906625215
1.9331068671262113
1.973553501641543
2.1944982058733156
2.160127255612894
2.01493604368471
1.992445543973956
1.9950904406664978
2.063080252446478
2.1611227768534884
2.228515648654045
1.8575631276212416
2.339003110148104
2.0713817429809156
2.023719888662238
1.903518049267002
1.85126796162448
2.304577323500931
1.8569827117939322
1.9548372311619322
1.8076900593198375
1.772788683029455
2.016187705210752
2.218575049651948
1.9435665242985194
2.295288770125826
2.0016201428221487
2.192786388838926
1.9908947336872456
1.9089176217901014
2.058967867646248
2.247989350168882
2.2884172033826653
2.0795045143639737
1.9679244152591466
2.190312974371919
2.1568722035274313
2.1979257735752125
2.060808893512396
1.8103809655827194
2.1222710403109475
1.856196615974484
1.8942158712950494
1.9166715020126013
2.086807737943415
1.9290398293515343
1.7031710784909437
1.8620140866976038
1.8172168155808874
1.9830223108069303
1.915208728973514
1.7520775396126722
1.926469882350659
2.1752872281933
2.018074298246076
1.9462585594690744
2.0129649507599714
2.0735471328351904
2.182920102765278
2.204489517062474
2.320204406961007
2.0230795207992296
2.436043655328833
2.1108689484100314
1.9138266874021113
