Model: Mahalanobis Kernel
Dataset 8: lympho.mat
Time taken: 0.01874828338623047 seg.
Accuracy: 0.5
@scores
26.362541457687666
25.50946356344926
24.947392269650365
20.719048132974933
28.079470482207736
45.143573070543034
6.653052270466566
10.796290916817867
7.171033147246932
18.921550390627285
35.126179958162666
8.128127110725066
6.588786640668353
15.997010363611246
4.0979806487830395
17.415610984400296
5.330780554206838
20.389589882080255
21.78677341248581
9.13775062203079
10.263620081529263
15.140553127520374
24.726926477700697
12.532736938816496
7.158618722781882
9.090325690910662
7.182230591559045
19.90918194559432
13.502697330182388
22.43759870834988
4.9413496799714585
11.46410081130827
11.81870445908131
10.069305292936084
13.476441505859333
10.49451210483452
23.979363435901288
7.9134106182079575
13.00618981581243
26.004962454886467
6.685251447656129
7.280281594144058
7.974201328995723
15.873386320635317
4.466084853394981
13.541521482791081
8.96905976952018
14.348637282033408
16.258580261677768
7.1546207859336395
17.767563589504086
22.56623247127942
15.483428143641305
24.994593761458702
12.681026010491227
10.542176281744771
7.080343948031794
9.573320053362782
9.1137420714409
17.73272299407718
5.539665119346356
23.083813823818982
9.684810051553802
12.11116548500376
14.440345852185095
7.862542662340071
18.06466563550959
26.225818982525375
8.39146618260431
16.92866450312609
20.38654368565252
10.995247812452549
6.448136943503455
9.020835621533152
13.22310595817977
7.427967724639165
5.937275786293964
12.17195046399722
6.805118625079852
9.666223079576598
23.629267537139736
14.014507974901177
20.224724321076717
7.0865043330666495
18.182835114261124
24.202234272545418
17.551464875293586
16.571843640418667
11.928360052987738
17.84045005258013
17.902371982162105
5.5136301643675925
9.221572416146058
8.069780042673843
5.499682940595671
36.02747403658275
9.547088887200033
10.434648812370982
11.231882003602275
16.918151035314295
3.6028202349297818
9.861598068124731
19.61630789330642
7.714171846819821
18.64598161260529
12.831904925743368
25.111685068728566
19.986216002180466
10.850298000881043
16.08612190336021
11.962178909021718
14.202362074951298
19.674440941598967
22.801767012650053
20.468774094609902
11.81531074989981
11.714332084128227
20.453454154737965
6.954105502882795
5.856228543294002
8.476503111081593
9.268504193144208
7.928444450055448
17.847419401743583
9.171820707821222
8.012398411478445
9.431163925276035
25.384840346566598
15.393927517905002
12.504527405190448
9.282087974241996
10.887177566390267
14.28843469666171
18.584643094019906
17.043077825313905
26.175661371517986
12.868922195691399
19.31581478473918
18.47648147206574
5.092601976636136
30.74891793701028
17.35625194012742
6.5431564046531285
14.63969501485955
23.779617306358578
13.629823993816293
6.035236393205096
7.476396413526782
