Model: Mahalanobis Kernel
Dataset 5: glass.mat
Time taken: 0.022095441818237305 seg.
Accuracy: 0.0
@scores
0.15171069634438922
0.09173736898786122
0.08633744932972971
0.06327871995681272
0.07020597424870255
0.08548025513375816
0.06393060560421446
0.06680932531814417
0.06878916615496565
0.05449628767395492
0.08069288679861156
0.062353316747185396
0.07460134489918296
0.06176166829419515
0.07311212382658451
0.06316987410139704
0.06888969520537169
0.13255405684252483
0.06805975625163284
0.04799524216731188
0.05185627396516845
0.18852810470973091
0.05461249076351636
0.05396866402795353
0.041447016310702155
0.048646701325389424
0.0379796865065207
0.05119546733185063
0.0678755256302935
0.041221918999891215
0.06073510253458323
0.054684745681992525
0.04822141458296142
0.06727401707824177
0.05370637889005136
0.032587253501282325
0.04628443061890032
0.049120799391954684
0.1494414651587137
0.1494414716077397
0.05036732702788522
0.052424350589801695
0.02825211436595635
0.11843268045139568
0.04930871137634515
0.030111488486356263
0.025124988501135127
0.13289290927224415
0.12072602912196703
0.024385892681811537
0.14899317634120648
0.02206061171685783
0.005301157165414558
0.00719173315433878
0.005284518588873113
0.052295251954760535
0.055360205714094904
0.050970822395994854
0.08174966092187434
0.05913771551018668
0.047122362816410426
0.06423795469313529
0.09289149782953066
0.14795387869101828
0.08260775945846985
0.06136888328333615
0.09242237695294381
0.09156981164500884
0.0816020673835278
0.11775779534493001
0.23784904347448335
0.07950180808705357
0.09070102367794734
0.07755256863267916
0.0858046229041935
0.0817652933497953
0.06781499136108045
0.07268419970578224
0.08019463107370337
0.0896574975833864
0.09531635955381182
0.0756174577535343
0.06162585542627379
0.06660741644303467
0.20147035731895194
0.054018614152936795
0.06531321768044084
0.05700104185594443
0.0619257266887939
0.09834057949315465
0.05829227220527083
0.055000007232187176
0.04954136427891734
0.0430978484274522
0.06434064487379179
0.02747091262525991
0.04866951146940674
0.08740095148528425
0.041386934240662976
0.013855735047540823
0.02614751198606979
0.05215705055341746
0.05912867980378158
0.3998313499804891
0.1867573836102042
1.1575453650983927
1.7777127406779336
2.551009153752003
0.5703876293279573
0.4389816743999825
1.6976476158705736
1.8650212671532806
1.482298267524159
0.07496155104531098
0.08135581666798543
0.07524427415721105
0.07465708164362576
0.09463019719877583
0.07232557968646956
0.0709023470838889
0.05808184942038032
0.07655844449549833
0.060000018381073134
0.06456542187396325
0.05211125597669673
0.05282291965709975
0.04939151083933773
0.05183999850727023
0.035254012534736756
0.20152232721037824
0.3056035776123486
1.122467073349243
0.0937762585727887
0.09070657978181569
0.08262330035476441
0.0723341349109922
0.07638049715396776
0.07635094101152116
0.09579498709815853
0.08500330070129142
0.0589136707541221
0.054628811539672036
0.06480807767855942
0.06023834512780216
0.02325636683500343
0.05831553803589104
0.054830949843477854
0.04467975889277332
0.0431616755320061
0.09785130732792839
0.04299219741141771
0.15013672654788157
0.06906785914825199
0.03892933155821542
0.04553869107299812
0.03508023237262768
0.025111615368342992
0.1288355703788474
0.026017795485622837
0.02415240621640056
0.019839384636328516
0.054609699918960544
0.11255844850977857
0.7772112101719765
0.10273410758915275
0.39035690707872706
0.5308125671869148
0.5383508390286291
0.3587654263794888
0.4858047451331108
0.7014566199090826
1.858578336700477
1.8535072176190106
0.7669356694252419
0.11000550423532433
0.4201072611177302
0.04504195696237935
0.04465320867150016
0.06843758560885692
0.04374442255307423
0.15858042849502338
0.285800064081496
0.45808137694491724
0.5224405156159495
1.012956148103033
0.5939568522658986
0.57429590822149
0.021106116530575515
0.21296402541290121
0.4266892188895225
0.07007410774139855
0.39753135174056053
0.37165224629965016
0.4462478720695651
0.42320526769470707
0.36311567132087835
0.35472242010293165
0.37890801813737857
0.38074396425955626
0.42223070963826026
0.43340003370250857
0.5924121897656841
0.40485598133967843
0.4742769719450807
0.4024447717076686
0.45349972449387066
0.4335123727865701
0.8672389776621279
0.39712860797238336
0.4184435956727142
0.4677498878670006
0.4206780047655641
0.4076368003271822
0.4129359362531361
