Model: OUTRES
Dataset 5: glass.mat
Time taken: 11.534909963607788 seg.
Accuracy: 0.0
@scores
0.0
0.0
0.0
0.0
0.0
0.0
0.0
0.0
0.0
0.0
0.0
0.0
0.0
0.0
0.0
0.0
0.0
0.0
0.0
0.0
0.0
7.350867697277837
0.0
0.0
0.0
0.0
0.0
0.0
0.0
0.0
0.0
0.0
0.0
0.0
0.0
0.0
0.0
0.0
0.0
0.0
0.0
0.0
0.0
0.0
0.0
0.0
0.0
0.0
0.0
0.0
0.0
0.0
0.0
0.0
0.0
0.0
0.0
0.0
0.0
0.0
0.0
0.0
0.0
0.0
0.0
0.0
0.0
0.0
0.0
0.0
0.0
0.0
0.0
0.0
0.0
0.0
0.0
0.0
0.0
0.0
0.0
0.0
0.0
0.0
0.0
0.0
0.0
0.0
0.0
0.0
0.0
0.0
0.0
0.0
0.0
0.0
0.0
0.0
0.0
0.0
0.0
0.0
0.0
0.0
0.0
0.0
1.0
0.0
0.0
0.0
0.0
23.249111246901325
0.0
0.0
0.0
0.0
0.0
0.0
0.0
0.0
0.0
0.0
0.0
0.0
0.0
0.0
0.0
0.0
0.0
1.0
0.0
0.0
7.287089786863515
0.0
0.0
0.0
0.0
0.0
0.0
0.0
0.0
0.0
0.0
0.0
0.0
0.0
0.0
0.0
0.0
4.066794254108423
0.0
0.0
0.0
0.0
0.0
0.0
0.0
0.0
0.0
0.0
0.0
0.0
0.0
0.19115901303797356
7.771009779265711
0.0
14.835650667027373
0.0
2.697375818775102
0.0
0.0
0.0
1.0
1.0
0.0
0.0
0.0
0.0
0.0
0.0
2.2074199434960082
0.0
0.0
0.0
-1.6591249223637092
-12.751240721454474
1.75627704409006
0.0
0.0
5.48518584654662
0.0
0.0
0.0
0.0
0.0
0.0
0.0
0.0
0.0
0.0
-101.93974201315949
1.0
4.482959672353115
0.0
0.0
0.0
0.0
1.4770167379143593
0.0
0.0
0.0
0.0
0.0
0.0
