Model: TRINITY
Dataset 14: pima.mat
Time taken: 26.357624053955078 seg.
Accuracy: 0.5074626865671642
@scores
-0.2845396686798732
-0.6456456282085283
0.2118104483740517
-0.5916563948460998
1.1926938431370508
-0.788081662427171
-0.2927302518729999
0.8459492267078345
2.839272536018411
0.9276502672913116
-0.3017103581469696
-0.12490219419234437
0.3251519750746093
8.027344407935175
0.1242365087912638
0.576918591310584
0.727684631944855
-0.6616508812643627
0.2559521688043461
-0.7992624151050091
0.4789658368995797
-0.2904608316251059
0.172693329586227
-0.4658967406202663
0.1289672571907382
-0.45755214225550583
-0.4859090680284428
-0.15509897299651687
0.40247913154731085
-0.4982534367573031
-0.09051646531674491
0.4309432175263262
-0.8168508364710444
0.011312673583390274
-0.34585027039851896
0.6038324224830715
-0.37211648705062256
-0.2684532433890709
-0.401201919033157
1.0836774292089775
-0.1520716078438775
-0.3607286252413591
-0.03339503194616775
1.494798140863508
-0.3313486910277683
0.736870935760289
-0.3102969677023888
-0.39739514305022766
-0.5727255362895204
1.4230508589316029
-0.4507263705728106
-0.728869131227786
-0.6281182258056065
1.0543041574697547
1.3565618027266018
-0.18807800450354706
0.9560639731547204
0.7076155961510512
0.4655926815413105
-0.056199048309520716
1.391248753696198
-0.5340410763132845
0.6317790845960239
-0.380201854447425
-0.6605424442503199
-0.7080650477615706
-0.24322753329122926
0.22702438289575624
-0.8080082469375786
-0.48101227628205784
-0.7792718663561681
-0.37499422254995585
0.21466986420537104
0.788458928710195
-0.6139673336454402
2.9025921912469723
0.20323416174205958
-0.6552653630590327
0.7341928460084981
-0.7773905465781287
-0.18546619000173928
1.6073510803277997
-0.4609019643110546
-0.6690267271153698
0.28941973426664985
-0.6106103890523238
0.5671517730753203
-0.8786429994671977
0.06318845484602358
-0.7742564747509585
-0.2254254606089856
-0.19450814981399897
-0.04458239851328882
-0.1462126900744252
-0.2844455930652139
0.12658192071703533
-0.7417012749776144
-0.05593622585797784
-0.5479793983732182
0.8532283771340001
-0.05257732483921836
-0.30244929033143925
-0.15250647122441166
-0.8711262031202281
-0.17548402179314224
-0.13388223416473546
0.74137267688945
-0.4208913757004418
-0.5767625832600751
-0.533309720554901
-0.45719749385399
2.1533805158450607
-0.6926423036768026
-0.2539737841149417
0.1525836836531972
-0.050824730821029486
-0.7285741528279598
-0.09543964643321513
-0.8224657121922113
-0.8245933909822786
0.6347948082975345
-0.5676613940759514
-0.9437362867243696
0.06164204824248291
-0.6560781029203286
0.9926822954670786
-0.666752392786084
-0.7253499169257799
-0.36096621018528835
0.15518971307628973
-0.11126198746716442
-0.031651540495203134
0.25478847647814223
-0.3437992437417165
-0.8354443688021377
-0.40735557631682556
-0.8797302036511653
-0.7234032387256413
-0.44206457022041984
1.5551585617208314
-0.19900112196561662
-0.6613593351291137
-0.8364989036482982
-0.4998090361655682
0.7358649238127292
0.412887166149575
0.625827794568464
-0.05758764340446341
-0.13010842618627302
-0.5769519087180025
0.35006221941795984
-0.5228165418828885
0.04659620880094947
1.897559856696742
0.2881549688094986
0.1944050473253142
-0.5433370159907146
-0.13886638623184713
-0.8980818392070145
0.48365878948569657
-0.40333723272611416
-0.19322618921192403
1.2482308753669846
-0.8242878654300453
-0.40547065862328696
-0.06456020377492999
-0.41887097195970807
-0.6813836100445214
-0.737431573106823
-0.5682288340749381
-0.5729541081544797
-0.6144728274834543
0.8334252407434156
-0.24627093445187462
-0.7166594907752954
-0.11696252191823824
-0.274448458125407
0.8308719426933324
-0.17524341749901262
-0.3610898321277353
-0.1768996756358
-0.6719095435513283
2.0979321879350343
-0.3149806642924196
-0.7099068918392156
0.11507747518736174
2.400066656554017
0.13049837109627674
-0.34696201672101495
-0.3400383186878105
-0.5082861476438267
-0.4043209083243811
-0.44724419442740304
1.3607412276358772
0.03703346679689529
0.16181710473583671
-0.6689812481512986
-0.8288727603580711
-0.4246781499287107
1.0303914046494815
-0.35202400529385813
-0.5483331188955513
-0.5823277683886093
-0.8736106918271568
0.3325078792629887
-0.6532033129542301
1.0597561269895392
0.1573494862392641
-0.7652454441640044
-0.1270786460493917
-0.5347067451501565
0.21513249765021178
0.3737094366655202
-0.39895754822583096
-0.03191019627388473
1.1051511852368916
-0.24633735195119097
-0.6826778074919134
-0.2730650017277417
-0.6956294343777508
2.3212105519934667
0.292621990634206
0.6502093148545912
0.6168101243466572
-0.8956123348435305
-0.5406094459292657
-0.54823171014563
0.11179578839061709
6.060753665360724
-0.3128402117005766
-0.07986946655033683
1.843078558985803
-0.5933725791851104
-0.7595822100449304
-0.7678725615937273
-0.015206444539773276
0.24166050453541613
0.1754591855241361
-0.0026731824394358727
-0.2665172265389107
-0.84711240119788
-0.6666143607266376
-0.2605721256794388
0.5779521288139308
-0.28812690527185764
0.3999935539424759
-0.5596576639615273
5.302373838827042
1.9955787599103996
-0.5728870776158662
-0.2398320642808646
-0.6604510276391226
-0.8018689705281853
-0.575524088175444
2.0897431014296957
-0.7432560795511994
-0.5360175742548388
-0.8021183807976664
2.302609994600445
0.35623850789325656
-0.03804476456270874
0.6966661646580515
-0.6884394232445986
-0.06604934898483407
-0.7792656880014747
-0.43806017792838786
0.8047260801427013
-0.14985847452390563
-0.28016090806169425
0.6262815982496405
0.29777852860405907
-0.6987898227730075
-0.6295794155995024
0.05389415443967407
0.04985276790036205
-0.2714684850610217
-0.6113585674915241
-0.6519281022030877
-0.23743265214949263
1.496599824571786
-0.3357865178119013
-0.477722430037852
-0.14015555531072657
-0.30561111135604646
-0.4120943579675696
-0.250303174837059
2.6739211378509053
0.4158868575246977
-0.890924423446636
-0.6520551038661963
-0.32892827372005545
-0.7144835531679584
0.15915041094783852
0.5800407129065217
0.7095748656526336
-0.4893695164057125
1.3124381942869925
0.13967603228274375
0.6871724084212683
0.010598527201872043
1.1470902426155498
-0.5039487332990702
-0.21533802329773852
0.259113137676567
-0.39027909077140005
-0.7144993074969097
-0.08799411405372214
-0.08084593305343175
0.24663887466742554
0.15122611100293018
-0.261029226284776
-0.1776211889575059
-0.48231313321363833
-0.46551149663930375
-0.3054442061027262
-0.9637512590821338
-0.6235207096926095
-0.24283355891196745
-0.32423298555909125
0.443893139226514
0.6030847239443594
-0.7310907651201245
-0.6246601640843976
0.3274797502865154
-0.6424464051375146
-0.057059478201519485
-0.34066383361610103
-0.09980826790462032
-0.102181474870347
-0.7153318690726337
0.17983935080281954
-0.9800638542195621
1.4699771657297938
-0.022578324215804486
-0.9734626953871653
0.7805380637888311
1.0009962346066723
-0.6564415927143453
0.023738506487230426
-0.19062279423484005
-0.6931726273161147
-0.6554018242087737
2.7365263399054243
-0.6306592062685867
-0.07092808418840779
-0.21750093634861523
-0.3037203650821566
0.5951185002309479
-0.8473257362611143
2.603481690566856
-0.22732975998808289
-0.6576137791204616
0.2493239612551166
-0.8625997608106778
-0.11784893735802555
-0.149830154841187
0.10795638708938805
1.4873768915897587
0.07237674891249164
0.6856710908867342
1.0689727727516212
-0.08231543971710491
0.7892051813045468
0.14570630834595913
0.6222486572891225
-0.7422301969309907
-0.7125028778316058
-0.6493007204945495
-0.5087601462966411
-0.028879521738520392
2.5531341951139344
0.8877802679729206
-0.6433983542208256
-0.6136901137123055
0.0846647402153154
1.632567411758533
-0.5226724571140234
-0.5761644032917347
-0.19930985474641424
0.3145410748136981
-0.856941620249637
-0.5733214260313506
0.5604834647263178
-0.5721167415283591
-0.7522933388118185
-0.5974994520762451
-0.8128565846579021
0.17587950045896997
0.995816437391888
-0.7355739933302585
0.2423255288666711
-0.136682783748674
2.3671568760324795
-0.5215019558408517
-0.32309268206142466
1.2172460604568098
0.0797581579797096
-0.3997091830717481
-0.4644312191826876
-0.09104657198490042
-0.6589081340637125
-0.09108703311594685
-0.6307278122490232
-0.1510174991498369
-0.2938667487118957
-0.03736022223909996
-0.6935390707779318
-0.5647734202274944
0.4332014724602263
3.2369016383957434
-0.24008734480950542
-0.25516826516883745
1.1269468688551088
-0.5526486756762438
-0.13913876201482403
1.8461448210006264
-0.49544791220575873
-0.5958527348668105
-0.2783342149426436
-0.6768027705424667
0.07829374530496554
-0.8753539389269975
-0.4102590719241917
-0.7710238828350523
0.26472782054133853
0.691494557357685
1.284598730882465
-0.04792506762672449
0.09101949581953696
0.25633817901032685
0.6785315591770743
-0.6858129355432258
-0.6698185308318484
-0.583780926947623
-0.09884312421760039
0.740204731239738
-0.055657526403868195
-0.509521174005089
-0.37556821652449246
-0.3674392583702522
0.3004887810809012
-0.9167277299058257
-0.6021483698970315
-0.3934361986345294
-0.7988976957779007
1.7189352981447497
-0.8382702027139212
-0.33259245441782365
-0.5829138148676828
-0.6973242370783428
-0.33851088854119854
-0.6865547413854909
0.6208425521677591
1.9829063144291912
-0.6467862722777276
0.3525037828234125
0.31029589111645134
-0.7928372990308986
0.9720155631160371
0.7344352844090362
-0.13903967335943745
-0.3559680143516466
-0.13299420533038653
-0.5363310177088159
0.3138255122932766
-0.3535267700599407
-0.40594375121520554
-0.5153336318090371
0.6702805136597249
0.004331685628814187
-0.40556286101149275
-0.33073464227189603
-0.6162513591621948
-0.3663751589809232
-0.6026531015411694
-0.01973749932191164
0.23154140652420754
-0.4972833443063191
-0.4962147642830157
-0.0007615206459341181
0.7356884654262571
-0.2922100566637919
-0.9030321540198112
-0.003798295073809845
0.9286332543571613
0.7183024215255084
2.187146722730197
1.3603045943276137
-0.809600945823683
0.5812478312660222
-0.8309572879621546
-0.29111085926180874
-0.5747119682707011
-0.22489946815223402
1.4723965558360277
0.1339070422020096
-0.7615689345764197
-0.6235791586941571
0.5972067970785794
0.0791151618470149
-0.6278691463440902
-0.573837934876493
2.9248034356997716
-0.5199301717508437
-0.49888402687732397
-0.015362783593374285
-0.1290977670864731
-0.09533396654863058
-0.3214882392150446
-0.0916461288017903
-0.02298463995401519
0.507484620797391
0.15859687363461314
-0.5704478137187937
-0.6848994215179368
-0.5281958604916309
0.24653668853056132
-0.3843561560279965
0.2960514951204048
2.20583767542205
-0.3472666474246872
-0.7506522393634465
1.4080491699927056
-0.355851477146026
-0.6070754000365689
-0.5736211135796075
-0.5464817758991078
-0.5848759013305299
-0.025069298247600624
-0.5617259975392941
-0.8038989570445713
-0.1915805462790746
-0.02353234582709855
0.6390713385827572
-0.31583241661554656
0.5449984350009963
-0.2181862270583301
1.4007381322627481
0.10813593576994314
0.3028512857115492
0.6545801113710751
-0.3488458852464638
0.27986161708428386
-0.3144216798288854
-0.86827609291699
0.5165613154883438
0.6715446174655632
-0.3732560698022944
0.13211387373682354
0.4114803689410414
-0.759390584234351
-0.49448384782181365
0.07230044475985813
-1.0196020269311203
-0.3537497547067488
0.3438150313024096
-0.49907942228622665
-0.22741347870817327
0.28115118999338445
-0.1519369467796775
-0.3650283791782143
0.9557508848845581
-0.6823020795250345
-0.8873704412299562
-0.34880399489732433
-0.5403897815157174
-0.6441250034725385
0.1483731050357241
-0.7126221268029117
-0.10936423687598468
-0.29858374514227953
-0.07929215276940133
-0.7138826916213262
-0.40519512077936254
0.9692008382572777
-0.10915660909899594
0.2569500937054477
-0.21952824860599626
-0.4144022110717769
2.246215470275408
0.08691352707359067
-0.6692811765544118
0.25193667180594265
-0.3342214928944307
3.6535977227326075
-0.5535043053176433
-0.38803175399918316
-0.6861892681533154
0.2598194886742335
0.9460359600272117
0.29315378812448406
-0.04429890881270055
-0.5823989212137769
0.5147211699912063
0.46208955858486406
0.3751364523669582
0.57105673890679
0.1204486958534428
-0.20455058662492923
0.02700491705081054
-0.579208247115815
0.5182499096816864
-0.48166306356471505
-0.32006819204108267
1.3305317728349717
-0.5760764937184107
1.1480941965879337
-0.7554262634722342
0.6186981288613488
0.24682962491284768
-0.0741476699904589
0.1297320417837907
1.0901413672707383
-0.3872801106778634
-0.0693909388090241
-0.7769576372111381
-0.35935073227780806
-0.35843215939149636
0.04963646824488791
0.6238954539334899
-0.1816650691880641
0.018728257168792672
0.6022001248686184
-0.25895311103328955
-0.6418895471506946
-0.22491691696993166
-0.4119888825143542
-0.5480235423170307
-0.6084174708322392
-0.6617031271102835
-0.49468723637349554
-0.5827786447539572
-0.745492130006148
-0.015620483285115302
-0.2636019430806317
-0.1912240660413942
-0.5247614520994799
-0.9361689421063026
-0.4668869369107931
-0.6900318711598757
-0.4137038028975321
-0.6953053182579803
-0.41711058189276345
0.6421511125459841
-0.2616402464435166
1.774197270603106
-0.08009121889295068
0.5176785395691734
-0.1544314649553409
-0.571316972482579
-0.4660661319193398
-0.8249110614302859
-0.7292338178459863
-0.6143781942736298
-0.46799029048118995
2.693934498978079
-0.4449939194569014
0.5835712209653167
0.39898603756898093
-0.2049907081687666
-0.014151328341420263
0.8165563879489611
0.9567832000004609
-0.13021165707041688
-0.4549171230514842
-0.38496229050790404
0.11973660280333957
-0.38676552119572055
0.4172017449011345
-0.36738430477049394
-0.12871059012299865
-0.6648009979851587
0.66070626776286
1.3692451647270136
0.4938931881278201
0.045130868520978105
-0.05572008020390825
-0.5065515969652815
-0.35363610025109987
1.261655153894188
-0.1333358168978916
0.056893904788545835
-0.16362993133280723
-0.7133077609126289
1.023749523958753
-0.19088126770620453
-0.4659541232286715
-0.48501481002636937
-0.027620914703628967
0.42687645560060244
-0.3066443282431321
0.7717939247580184
-0.6715921173891376
0.011037552988570417
-0.647377417728383
2.320065957603831
-0.5898991816361311
0.6794633140384544
-0.05922391250018074
-0.2492917567756763
-0.12371790128861897
-0.44995289877793826
0.09067487365811848
0.7620231057937922
-0.650221799764394
-0.15759797628743513
1.4904072971803355
1.6143100119833127
-0.21176514369443433
-0.02127883730691582
1.6311070001409271
-0.6520551110214834
-0.10815028607023407
1.0632398499382005
-0.6522769224574815
2.2429934849999404
0.06545377001329696
0.18527678093703406
0.2044826672476426
-0.32976639033949845
-0.3494707729896543
0.14864467670534362
-0.4808750608011412
-0.5818906136978089
-0.1624127724822436
-0.4787211331139419
-0.2814239567856976
-0.392909675913886
0.065818319723417
-0.452687169741552
-0.7783882268548812
-0.2633676284892708
-0.08038409971382876
-0.11543821640233913
-0.3094697354951172
-0.6760642566817655
-0.35329711118478985
0.07269792374988562
-0.019330137447249873
-0.42447918896838494
0.3231887934650715
-0.5457580698616965
-0.5364188249790315
-0.12949161849201393
0.418831169326263
0.07520576219204601
0.09128599681871152
-0.03773980061021339
0.13189593201211408
-0.06209906615331586
-0.16269101639907765
-0.6753304230427477
-0.8412279219163507
2.3531812673380945
-0.4426887021940136
-0.22009575658695343
-0.26847404958826093
-0.34486358157005914
-0.6973989940765439
0.4468696384420603
-0.6676620192585258
-0.0653567275876414
-0.2948422448161597
1.1794234218111013
-0.8411288482365163
-0.8170740835176448
-0.3808557740167699
-0.7642907543776355
