Model: TRINITY
Dataset 22: wine.mat
Time taken: 11.275689125061035 seg.
Accuracy: 0.6
@scores
1.8085278146489328
1.8457000509482067
0.5076507829286542
1.9982299456329888
0.7903126210331918
0.8677332097406452
1.1281794432569625
1.018059697582206
3.5519797701129487
2.557129968817576
0.5041420400830866
-0.11459866563099796
-0.18123377098052576
-0.4020708389449874
-0.2266197608663991
0.7615081602915672
-0.5796708676991553
0.11039863374953247
-0.4749528930920692
0.01297075909697439
0.7616229889336069
0.0011218422147286078
0.06880204339466149
-0.6388129189263866
1.1562974376818775
0.4202370640423694
-0.21493121615425284
-0.16216057163682474
-0.38245081914521056
0.20656424235843726
-0.2702862498698379
1.4449217368653213
-0.4366386674947213
-0.33087664002884093
-0.6150578846837498
-0.5052799400020466
-0.591919609749553
-0.7602251051084812
-0.39717288937825396
-0.5527570306640213
-0.08742691195357055
-0.7621721125124772
-0.7021050714602096
-0.6607502811071216
1.1334609033177192
0.580812616953661
0.7836672855025762
0.23378124275555678
-0.670466711828202
-0.05957440145260403
0.044312714619043736
-0.3289420681513451
-0.6859320474763679
-0.541308268450739
-0.6680706379600577
-0.5384530896044288
0.8502437435866512
-0.8205902710813691
-0.8327332721733368
0.6963949820009138
-0.28948271031939204
0.40828102458712623
0.18106048376523173
-0.21111558893721685
-0.48791228492088806
-0.50929253840224
0.19829294291219424
-0.7397809659833282
0.8881280002997402
-0.13114698872918468
-0.5193870741974512
-0.43168796820539707
1.6634959883339315
0.8009560347089533
0.16559617083824663
0.3700869507849151
-0.5177176032860328
-0.07126115661049727
-0.13013531083544663
-0.03173155080670494
-0.4847747360319217
-0.18745115914100696
-0.5255430448223409
-0.43931035569288945
-0.3616914124455732
-0.29252434616785167
-0.4098441480545642
0.06279801764198083
-0.2144272254345311
-0.5399634277087627
-0.5665716021678295
-0.5947956370360882
0.09391111800602255
-0.47165325315766404
-0.5793235749881558
0.05627678078921177
-0.053176838590082244
0.315127195683449
-0.4534771674410176
-0.6600832795178865
-0.23723306003509217
0.5652152262936583
0.2181374409553303
0.8360147127658181
-0.22030164723835685
-0.4091056615748114
-0.06964076088881484
-0.4345593755173593
0.5048914743105207
0.625833574397003
0.09145171836928756
-0.5609949983970653
-0.5653076714032054
-0.6006310263717994
-0.7444251632269623
-0.4943823376814285
-0.4708879337552712
-0.3084881251525634
-0.4483448548987597
-0.20228338590400194
-0.029918793825890615
-0.5924712495503895
-0.3180714168891402
-0.3850215563787493
-0.12866187173739566
-0.4062480704058169
0.08325621926000776
-0.06356424521006777
-0.18152717591019854
