Model: TRINITY
Dataset 7: letter.mat
Time taken: 41.83017945289612 seg.
Accuracy: 0.16
@scores
-0.0831626096059146
-1.2057690049273773
-1.2853456863388943
-0.7882013412853649
-0.43690533102345347
-0.8271193638485798
-0.5328740763869645
-1.2857343049609886
-0.25762759303941224
-0.010507136054710728
0.8751412590279086
-0.7155518353980828
-0.548269287777301
0.35274418857941253
-0.7164896349994084
-0.35192569387022865
-1.5325248278883221
-0.47450245622278486
-0.3441990955624829
-0.38130316397364356
-0.7099135308727998
-0.28881822373226684
0.5911706739084206
0.20459741926926947
-0.40235527260748216
-1.0481682088099045
0.05453251121759317
0.13881821901133262
-0.8695570311521209
-1.048616002374639
-1.503917407529869
-0.5162096297541873
-0.5418431076803686
0.5505563972690185
-0.8976886179103042
-0.9873455983269488
-1.0107235716393106
-0.3009652169373282
-0.015215211630216533
0.9652978271231688
-1.1479221794201357
-0.8464262285853343
0.3992743851805099
-0.6779215689852679
-0.7247041521813191
-0.816892282355416
-1.093404962062986
-0.04217192182927127
-0.5001515088045111
-0.20892709599225268
-0.8197937176436518
-0.0943345035850035
-0.30122015310206585
-0.7275790440187965
-0.39209822182827453
-0.8763520758118348
0.24140430877207075
-0.6029126297288676
-0.021918542506768095
-0.13551184720139867
-0.4119162308252624
-1.0743511569078887
-1.0514316320857742
-0.9617775476088971
0.4602808134306833
0.050110474584839894
-1.2640222420261844
-2.1131170423141428
-1.0886452951071908
-0.0612014040029654
0.8917232234372786
1.0468916574303362
-0.5952448354474796
-1.5017355345729217
-0.7305945154357216
0.592934379834435
-1.088658856124658
0.2544382194356918
0.038322567614980395
-0.32157528079531955
-1.2063854038122452
-0.0044991039595362325
-0.7920418375252473
-0.46891959144924905
-0.28054964283383793
0.46360689975717634
-1.209406527335873
-1.0191161867467848
-0.9252059787501589
-1.0484413133367687
-0.10119031374040759
0.6459264773223784
-1.0147558790471027
1.0827633197771391
-1.659105173939806
-1.8058644084487459
0.07415029112758294
-0.1719822903250289
-1.2387525414062301
-0.2737607017716395
-0.9462454673837337
0.4933298455287072
-0.9636265306947976
-1.2572396021018684
-0.6120275742525624
-0.6359567284316395
0.5799786321948405
-1.2698484995566162
-0.5321842695499074
0.12095651655555834
0.5601999989952522
0.31943242119779974
0.6534672774818314
-0.452977043446221
-1.084547425011113
-0.5081162897452073
-0.174775662030854
-0.23793169436485884
0.5878831450232975
-0.5469030910784248
-0.14921239318990998
0.08346933822528402
-0.13561877558364402
-1.2759769520712563
-0.7708113745126628
-1.1115073725871498
-1.1265053021587448
-0.5466655667852904
0.7971101143400158
-0.7979468503014182
-0.9399530036157042
-0.9602416737421585
-0.1409122750494102
-0.6279080747310181
-1.5556968081676728
-0.953832405431371
-0.6880748995567982
0.013214336401728597
-1.118896804616149
-1.4687678949360603
-0.9245381436424088
0.7203183621673043
0.2894277343769744
-0.48170053167156635
-0.364982321334157
0.32985733201155326
0.20979649409690934
-0.18093714334360925
-0.9339099474276726
0.4811919457767762
-0.49688163793273654
-1.285227185447859
-0.7184760234759627
0.2525451970646834
-0.020285564381515558
-0.17168031121809546
-0.7504713505041068
0.46509536310446853
-1.1220275056221183
0.7219441431193593
0.22989567181564854
-0.8115378460810513
-0.7328621981085123
-0.6574217592559434
-0.301179005063466
-0.03178901286093135
0.1318196025750518
-0.9795379792174628
-0.5230981319158512
0.31074360607584334
-0.15222885178142265
0.8676304140101748
0.5916456794281985
-0.5281152992488584
-0.7782780447509451
-0.9029958552665498
-0.020933381671161395
1.0194209611886982
-1.2384010949117228
-0.16339657754415438
-0.36040012705254215
0.7152501802128723
1.626409439803916
-0.8217216582730619
0.3759539267834488
-0.42953519413551217
-1.044237180266811
0.012938475420897119
-0.38681063832776935
-0.39328061477245907
-0.614858033925635
-0.19641630662168505
-0.3660345949912151
0.3503131497523517
-1.0094896154458548
-1.2733346674455401
-0.6421078913492805
-0.943012316856664
-0.11393510758172076
-1.6244510281832216
-1.3468494644858044
0.29396755663796914
-1.0263698994215333
-1.1146097183790034
0.5226974985822593
-1.0068231793691913
-0.3264433809277623
-0.8175985336887749
-0.09509730785288956
-1.3385438734683408
0.15691917507453843
-0.2841420935979703
-0.5992656158543866
-0.37254730485288073
-0.588064522292254
-0.6327538002251276
-0.41899767490110945
-1.4397557534465004
-0.5052473556107909
0.5979413576383535
-0.2233826692899886
-1.3302814949097483
1.1777540352544384
-0.29631674546776526
1.0899302244700324
-0.6219763375509136
-0.7964762383779108
-1.1733303293399584
0.2577051005110392
0.5426269336375708
-0.7162070712863206
0.5533214652537235
-0.06078609259316096
-0.4226773798807503
0.8877409680041581
-1.2482977931656845
-0.6826762527398907
-1.3788093326767552
-0.6687142289977498
0.3084946110722863
0.022544883492599938
-1.3516322667092837
-0.6536641511664808
-0.8272593013173172
-0.5605778916907451
0.8772774196446399
0.5185324961015038
-0.3459598002524887
0.1309209524317916
-0.5512492930877712
-0.8890033019236219
0.7339050860468537
0.2039374900697568
-0.21136533164553176
0.0585625756029197
-0.3973856631456984
0.09732125815756432
-0.8534068224352659
-0.2525215656864133
-0.9234340654366399
-0.8722546574752638
-0.17140108546822463
-1.3092501001295114
-1.0777787841219497
-0.4560003579988275
-0.5275382849850053
-0.9270315850249907
0.6583430721036545
-0.839024408392413
-0.8552235140836434
-0.3580327682799354
-1.0282844231022235
-1.1337743265231064
-0.4955168024149743
-1.3972674374381633
-0.3763471059230666
-1.3074973117496889
-0.4502992905341608
0.05192120326105373
0.4045839259935525
-0.2881351097762936
-0.6735416190716018
-0.4804035384769796
-1.1264963487006565
0.15831836400527652
-0.6193171501373319
-0.0664720106686875
1.3191601025750836
-0.4683349429364691
0.654662213520732
-0.5248093676143193
-0.920088412439906
0.21599804843926365
-0.9919576065278582
1.208585787322393
-0.5829170453277589
-1.0627917360154624
0.10473519701654714
-0.321876448617133
-0.6083456310522822
0.569610658586315
-0.2599555523702532
-0.2863647306308533
-0.17833600792295243
0.5470452171719135
-0.5890249023006172
-1.2088507076779518
-1.2937762297728006
0.2012572648689749
-0.007950046371970054
-0.5014314178965243
-0.5482444299202044
-1.6330844879311772
-0.9912109832910918
-0.6525771755260719
-1.0898931286733557
-1.2631376537120707
1.3956992629523597
-0.7974789902228561
0.553038872668934
-0.732535846224911
-0.6927495141432843
-0.68094730732664
-0.9358386232613692
-0.5823334463297499
-0.952172402528955
-0.5293493677333032
0.23452509235923782
-0.7758004993429429
-0.5966464666120825
-0.6609039715893436
0.0030234518753404966
-0.6311923827717124
-0.7756751352720408
-0.7487633580761734
-0.1508384854998823
0.7104665529202304
-1.3105383490974363
-0.6939684819244599
-0.8120106020454655
-0.08714748279902107
1.0798527650631184
-0.946305141087825
-1.1556570628930438
-0.6465128672010646
-0.5761547223626885
-1.021787499077312
-0.5715671471883877
-0.7284524857418345
-1.050144914364529
-0.8725553255652786
-1.1383053667098533
1.1609496290408992
0.010274136490493172
-0.12186560232553673
-1.1649024706867601
-0.13485200466930244
-0.2661653821295196
-0.7343985151259066
-0.17958380352736003
-0.963840840024424
-0.7384746868617101
-0.9642353493791846
-0.7738591355691954
1.0551687631583009
-0.9866699818241136
0.1735373002472236
-0.17436517747917288
-0.4147682701133199
-0.7459816032854043
-1.1072998794781475
-0.4360674151517023
0.42820850671232163
-1.1431039306084523
-0.144281143772526
-1.2343657415386262
-1.3636598881911028
0.1623242464432246
-0.8246526026192216
-0.5083040972561707
0.836272657482252
-0.8805291882535546
-1.4818052809265072
0.24957791283061162
-0.8981126357878866
0.9458271616524784
-0.6120181351725673
-1.0927292176954502
0.6653568713014185
0.15421957335495914
-1.3397629419258095
-0.09837915385388328
0.17149238372450307
-0.5832486493371895
-0.5727571397211603
-1.083896464537453
-0.05162639070729147
-0.3098516642513033
-0.016030865024680135
-1.5253393757834788
0.405896275476562
0.3169510313022493
-0.43678345984997796
-0.3844655662051362
-0.5909804865316809
-1.110679251708846
0.11309318637656592
0.032315927296334555
-0.40783323737188465
-0.6945221224897398
-0.277353660339615
-0.3300231311041065
-0.6130038407396777
0.049414273492168925
-0.7410004379855173
-0.2359010884702506
0.9246728539822869
0.9012710286485426
-0.8266057622547905
-0.780951188476339
-0.0428679797582782
-0.9907796569580261
-1.1474880134462484
0.24341788585146706
0.3184453064813419
-0.1867217389879207
-0.9205562444175103
-0.7110633440174254
-0.6592001489914484
-0.5304142283976744
-1.2204081663801392
-0.5130080482663453
0.07995774204703772
-0.17571636368630458
0.982790591326626
0.053201648671131606
-0.9368000989297586
-0.7674613519223027
-0.16562414697446823
0.6994981891170885
-1.5983640733551419
-0.8636995080196898
-0.7360367749798687
-0.8415872286118171
0.4027398970479068
0.6136626119023879
-0.6422705321398942
-0.7549595140221128
-0.8763493348574384
-0.6656838753436585
0.13705818630867636
-0.7433714683488155
-0.5484873734483405
0.5281221862678254
0.46236371243355
-0.3735956047516584
-0.17509794780074164
0.9454803098111008
0.3215043341673675
-0.04655777068867937
-1.3634183251993266
-0.8391718164491887
-0.5735733028112239
-0.8183801034511534
-1.0695760273066077
-1.05802630106628
-0.3966148839422343
-1.2615791127443725
-1.019832757353074
-0.22279494526960486
-0.7643134130460298
-1.044960883537755
-0.040801809505869445
-0.5559120696099135
-0.5376264626908641
-0.7266961104235752
-1.4967186432201274
0.2944802435199845
-0.8293882928025843
-0.6810786546814819
-0.6126451476251381
-0.9935047505508265
0.2194522542652075
-0.41709450705214585
-0.740872087418191
-1.0543506917544374
-0.5271791786106202
-0.7056339317521356
1.0253491148072627
-0.0042934437100676055
1.0512022091328692
0.9646088804491418
0.5465430809359465
0.020076394673714953
-0.7826423636517278
-0.5175069229609766
-0.9756087332990164
0.13573507229355364
-1.1768347302160007
0.8985846151121272
1.032517806164167
-0.8835449180610396
-0.10793981310533356
-0.11479987648083916
-1.0409284180748102
0.2789268608624849
-0.4751923640708404
-0.394312673497367
-0.20892565671856386
0.7671384672697656
0.1914383963595386
0.3870766268045021
0.024012166028372195
0.23187769623886997
0.447308018402275
-0.3440265410627532
0.7769765107879797
-0.20881470850942904
-0.21746982036472662
0.2354441483326687
0.8188526531653717
0.24343129039043077
-0.04875106390281969
-0.08837526077526552
1.5495250555188875
0.191596730241692
-0.08420752586772234
-0.17414378551211315
0.3395550457973522
-0.2017117671219224
0.48882543593048683
0.0803425083897613
0.2918741876242726
-0.17509156608861257
-0.30574922018248635
0.6124453535843654
0.21830785704076294
-0.36645024944741267
0.047608981956216066
-0.11134685139957663
-0.48934750353695217
0.41760266234523646
0.18297061953622865
-0.859235108636509
0.5427440444572759
-0.30524357226513493
0.9988631546425676
1.7441142523730953
0.07184634094921923
0.13345390739623753
0.4133674125480773
0.20423264551287348
-0.7756298491833333
0.39888670048222297
0.2645396809986294
0.41128662470654503
0.3956821593601587
0.47794467278337754
0.5127208345263147
-0.376695072564645
0.09982584031297186
-0.8927215306876777
-0.4437257325084747
-0.3082205105355647
-0.11752588435607414
0.49224937668228547
-0.0011961378319663891
-0.012654485384030098
0.0273480612423949
-0.5117548148872783
0.6071661410138977
0.5719591521360754
-0.30093973447265476
-0.38562580111156836
0.8818011084840324
-0.3335361565481561
-0.8926322864267769
0.0058623213906110845
0.24570955132107075
0.5963763309279325
-0.46587467945728117
0.2170840250862127
0.7720642693511907
-0.4218952667736522
0.24594927425934654
-0.3753231859161927
-0.6396210832273049
-0.08027110356495983
0.015057590482071484
-0.44025342712683857
0.4885743004745227
-0.6201708550035184
-0.3117292263265479
0.24662809045162257
-0.03940708655308663
-0.3174513087022555
0.08743501215710366
0.3389102892760419
-0.47529422429273066
0.03814479810707742
-0.44353355785339743
0.8428766132493702
-0.698541341280714
0.7673053570663724
0.12408975293177267
-0.02130073324784217
-0.8059650302322049
-0.9735956851581457
-0.015663660047844957
0.3586691332898628
-0.21614152403522224
0.04923151955475082
0.6502573488520599
-0.521496577250726
0.011549305053027684
-0.6647487903192631
0.40450305129886305
0.6799007562738316
0.8760335607953015
-0.3313807233873853
0.21685848157537477
1.3134749158348475
0.8132578672763732
-0.04491017450884227
-0.4354287485840051
0.31558577709391206
-0.1912554418590081
-0.7886775600090159
-0.3355747833395584
0.3542790040984558
0.10480047467376812
0.0585256808206549
0.2340707433157756
0.3866017132801535
-0.5289352461187559
-0.729751662529833
-0.36174301532087316
-0.20108539068122014
0.5515984046362489
0.30784270640525097
-0.25306279978130575
-0.8361232176415472
-0.11725045210687908
-0.20953208478678875
0.42645829191149587
-1.0678673395766394
-0.07664502082692555
1.2826977809950717
0.2861790889088207
-0.054134189820055044
0.19230975960589491
0.4326843104264981
-0.3611913147927192
0.36987026970791187
0.07244174367499477
-0.11176168962420396
-0.4364932672913581
-0.18234469831718578
0.2507272688781463
0.18643247377403074
-0.21076611196220144
-0.1743190386939207
0.029869837818144545
-0.7288318496024714
0.10740935036246142
-0.2147783257442403
-0.0984659284950179
-0.2671051150937597
-0.1775828585881225
-0.42310373463254725
-0.469284091579963
0.20883561340414467
-0.1050609194847552
-0.13341783698849716
-0.7402421558053401
0.31579966134651294
-0.5030950017154215
0.37484241912905203
0.11824425471682132
-0.22731232594378026
0.6344859613296315
-0.2011019053747489
1.2724216060077735
-0.7324742566770986
-0.04069741059419353
-0.6461873198303416
-0.6710428648941947
0.10486589166300668
-0.5480011515885432
-0.9583910508433421
0.2242689875188725
-0.29549046503566184
0.4105017331253205
-0.5255001683256376
0.09787661582793257
-0.3458404572941564
0.2834646450227964
0.25451072911309697
0.6848475958841392
0.5340366749693358
0.35730374733008147
0.13621729626409337
0.5049662584320809
-0.07395943445592228
-0.12553950534094657
0.17954403298464613
-0.6504599233137821
0.4437270740869925
0.5521442632955998
0.3342899711590288
-0.3641952274731168
-1.0355187731452722
0.17566017534177392
-0.3424060017153608
-0.5211430824151283
0.6538327907181666
0.4778964040950606
-0.39784304166413076
0.35442970153538345
0.005281538681907787
-0.29593153288688795
-0.1237015437524086
0.30702912033762897
-0.7545065387297817
0.8591248318267528
0.17952189049924397
-0.8619836196625084
-0.01212006061534776
0.4673375159203364
-0.3766770986575116
0.8937023093421722
0.763064865926499
-0.2799440751787972
1.373294987286504
0.2587865287369762
-1.3812094472231544
0.4379905770353589
-0.3297233962707682
0.19691970275944637
-0.4201755455162455
0.29484012140536986
0.8802908242760005
-0.08060701814013511
0.30802127157566633
-0.27330171180257323
-0.26441626936158225
0.41221505752412746
-0.5165718357126999
-0.04352133392402624
0.2759610621508936
1.017867394277552
-0.25946007123046605
-0.11941038967279678
-0.5156782590539849
0.6918464088649618
-1.2731614082895677
-0.7257497041973776
0.19006801835478995
-0.33160872369643113
-0.38335072684446847
0.17810198302915073
-1.3789561894356261
0.3752342129531021
0.3767878565138794
-0.4536815092150242
-0.20344246961377452
0.4133166001966017
0.28004337931915074
-0.019174571547020885
0.5125072593503464
0.33951835483245385
0.3634137983102525
-0.9774905824017276
-0.060032823039322496
-0.7243984383379001
0.34126616577995034
0.6656963638069433
2.0628467093677507
0.3350906673988181
0.1717073687181582
-0.0471114827102207
-0.4374360104269411
0.2010957642604517
0.45077137983948745
-0.4240244720434345
-0.49465041770570334
0.1893318142139251
0.2824393209413014
0.8520971428751682
0.03773337495482245
0.7079138060844739
0.2016685213986844
0.507908502488481
0.07252151328160156
-0.6035124448876897
0.010235458345638363
0.8448578157701712
0.09679950633875224
0.4247869180294301
0.8056019958055888
0.1278770564115107
0.2503142133709646
0.7578614196181487
0.3514997861400695
-0.7798854893956776
0.26493708289967455
0.16759843242334113
-0.6301817184479337
0.20815604010676758
-0.6140704746076239
-0.46391465283634
-0.8217482749546123
-0.4605594846744319
-1.3409625251643067
-0.10759070627195251
-0.6864180439719082
-0.37722584944067566
0.033989239536427705
0.006617157180805966
-0.033609976025918274
-0.10951568895019237
-0.04209756166693108
0.28572452046745395
-0.4990745623428438
0.8752164648641605
0.25997580286035044
-0.456282458534678
-0.20243235996900535
0.05577657484553516
0.42411375397980206
0.25042263065862796
-0.30684368701635906
-0.269899886808098
-0.019113008044561324
-0.20845449875768426
-0.22008463044739499
-0.29822497516254226
0.16492502532039385
-0.07102797767056046
0.229937933558766
0.04285221112353251
-0.6472464503090659
0.6465741619001334
-0.0281523288896189
-0.19292365976225037
-0.19792953810034866
-0.15373798462689772
-0.4817368863044506
-0.14085196820542964
-0.6501564459077419
-0.1696754151420975
0.09663483856902394
0.017266112976211945
-0.3403909211238374
0.04038418977954591
-0.18529282625625332
-0.6420000248046528
0.7252979994911678
0.7541905249935691
-0.09870374426943014
0.23293080277597644
0.44517945984114643
0.015821755566698237
-0.4601633132497169
0.19329139714241483
0.20001081044730973
0.3301833737914808
-0.23602762597495044
-0.13224466249782982
-0.18767856690791337
-0.06315037956515875
-0.10063203053624721
-0.34482884148294096
-0.40952523453090645
0.446770914072558
-0.4398638014722354
-0.7946030355557143
0.021973680546834694
0.12157410719632174
-0.4367661835070615
-0.2404844861095875
-0.13229214844251846
-0.14160787928518842
-0.4148953411038711
-0.6562663655756539
-0.28398791191969125
-0.7337299607916128
-0.7574398846163186
0.5907229548632054
0.10299313599691595
-0.33954842167608795
-0.9316828284843086
0.9302555172500272
0.004926353448419009
0.389105973235265
0.3898905967205075
0.6478968903077559
-0.5909429365650084
0.035215936693499726
0.4946211261195388
-0.8085435643060009
0.19230381638216976
-0.6298926877597658
0.09937285712773077
-0.7039371350509546
0.4045089493434097
-0.3428140094064716
-0.21726380607162574
-0.020436679879703563
0.14743502928991395
-0.10286900892145305
0.3683625282237935
-0.03223713252598797
0.5407330831153189
-0.1359734303608748
0.1405946670007098
-0.6827786310121455
0.019439252325781104
-0.2591964228763318
-0.10335079236563717
-0.018916930202934407
-0.07859839487341669
-0.04170219136850354
-0.1139179242528533
-0.13219008102952592
-0.0822554960362778
0.0871283871725853
-0.49497794088706754
-0.23153703851010166
0.16155839049596812
0.03861522247384102
-0.3825823506180395
0.11076504150070121
0.15650830326380724
-0.38821857902396956
0.2944856694811972
1.2676339914431864
0.38900821591869045
-0.09436162564717693
0.4535965544225387
-0.3162228536805614
-0.6991018132555475
-0.5320496218880201
0.22846392969636156
0.4518043621120174
-0.08492363047690162
0.12157985553170382
-0.08509886416263823
-0.0671940443593987
-0.29302630880081454
0.5172758936156157
-0.6638119211313324
-0.21703689519436434
-0.7610148731182421
0.2002091473809695
0.07401888846889687
0.2377119483834554
-0.08570543948612246
-0.17590453810493678
0.5778509894775098
0.37687514929937765
-0.28684754259051704
0.41139799012025796
0.4655734520771004
0.17684930776226002
-0.8860927170697059
-0.5517783905214896
0.06529545246872553
-0.5759004553966078
0.7671763576493486
0.3534538839101009
0.38081255128870417
-0.3022374775391083
-0.49538843125260473
0.10217325761358918
0.1995004917606528
-0.2919762219755168
0.3334299580340665
0.06396903100487482
0.12661322324747268
0.019861374251423442
-0.06040681463396872
-0.895393476121145
-0.1265706709110538
-0.3963045696057707
0.3782016811917244
0.7861086548450585
-0.2038390328998051
1.2102378211350782
-0.541068361396994
0.48961550093595996
-0.26063831532704956
-0.3430274452490735
0.4491325669306985
0.6363261932894145
0.6299932700503752
-0.23278854731497423
-0.715654100276986
0.3740401717581112
0.6021265341142953
0.4262899544575138
0.036730382731533985
0.28674800562735414
-0.23237746638142887
0.4395032092528431
2.3063844259983237
-0.6154085828063338
-0.18884532855819594
1.565667989716068
0.8124155591962685
-0.3893984307019849
-1.2641841689231554
1.9215773241550285
1.0276825419607898
-0.7647112636468806
-0.9825879036089241
-0.012548000548881876
0.38775237911688426
0.17295775370100416
2.0778214145940073
0.7766154262071545
0.3618086694255771
-1.0584404248540273
0.2581238351329689
0.23604124118503403
0.4460683600491728
0.36681204200273504
0.47849165012008726
0.48816015001146945
-0.06443788478575553
0.4920943790313308
0.7986643125228235
1.8134938161640017
0.08082561460834457
-0.2399872517382632
0.9998879077048152
0.15010303248437856
0.5458133576988956
1.0499544229155329
-0.044722884964932735
-0.4254158448271332
-0.2894877506233643
-0.018662392511184067
0.8669694109971898
0.3841297781772927
-0.7452556173420236
0.4303291507449937
1.0281554151275811
0.3535283522641464
0.25995638374321256
0.32969984483577525
0.08398568169347091
0.9246552334143034
1.115796376757431
-1.1004682645794501
-0.07791410030785818
0.6198120095723371
0.806284496075977
0.08815661126311715
-0.19006257710367666
0.17726312854171059
0.015063274008458158
0.3189712176274921
0.12376945639054711
0.13911704775225842
-0.3784590206119794
-1.1893925063451336
0.18027520432092228
-0.12882940772939397
-0.13398435993780825
0.32713850366461333
2.629845471423137
-0.5154706375620044
-0.15209629425245916
0.6090807040761161
-0.1552362108115811
-0.45283701208828336
0.7674138310367599
2.2763287536653274
1.5507810545905905
-1.0748809560999248
1.5183045259468215
-1.5532243439625324
0.938135078100168
-0.7367970526827913
1.00807090648445
-0.6117935041382521
0.45560865983637105
-0.3092579643805604
-0.3773245041825779
-0.7425178565883521
0.7400426341983924
-0.2210327697382327
0.27558382622229555
-0.36537353560259683
0.41671622301762473
1.1102099486184025
0.13859029443709173
0.5241415148210512
-0.2876109255274632
0.31076422330909664
0.5378804014737059
-0.3182278856451856
0.1710517558654904
0.3126193206676425
0.0029337993301986978
-0.6528193837812991
0.16555719865609186
0.9192290837817055
0.4241864471075935
0.25427694887987007
0.4353498901995212
0.7911416256799685
1.0851359223451034
-0.1292596985926465
1.014053297703791
0.4382438430367734
-0.08835887091739365
0.5380592429353653
0.6870625610926243
-0.2980689673653198
-0.01666920609929834
-0.915210914436679
0.6201313704049304
-0.9880257021023094
0.06626346040063898
0.8651687698235425
-0.44087693746115103
0.8462221681259431
-0.19992620420415974
0.1773011257505864
0.5250631625614307
0.2909486324131145
0.5752904753610011
0.8392826613911216
-0.012231562338142562
-0.20018969195283542
0.07963249174983701
0.7281226310689423
0.7689400734198614
0.7816433194276416
1.3498803931224976
0.18537651674640218
0.5200055386209117
0.45707257591284717
1.1537319330916391
0.32164980126649684
0.46368692301828335
1.040624950420189
1.4494649443086176
0.751347926708558
0.08275314959963337
-0.4629873109247053
0.9424310181139778
-0.09570707236397176
-1.2237646172386856
-0.7928733174022051
0.18002414240247744
0.6039922359504906
-0.01827818154651828
-0.08355778823639064
-0.3758282202641324
0.05998954820691741
-0.47309947174908834
1.5043807094363038
-0.11546350758746655
-0.03443016206007369
1.1966759622148273
0.5092597550269201
0.2570807661542897
1.2266823181750748
-0.12997585258590777
-0.6283672361925317
1.0604975606685663
-0.24221991147543173
-0.29816638976719384
0.37278936071616614
-0.271052216338142
-0.3653053865884064
0.8248964317153135
0.9289807484360267
-0.25402060097833895
1.5619943891012467
0.4171009045832686
0.18714153689786772
-0.46844773087417774
-0.35593554741484207
-0.6677687329649746
0.8876625117156812
0.18704878553910656
-0.15460577147745472
0.22661061597553298
1.3810171099301212
-0.9416561710552717
-0.45038813126816085
0.9423755871786251
-0.3567900867584696
0.4729037439758303
0.044684726212657434
0.39995964509945625
1.2330821530952925
-0.48431838931744436
0.09804957816651323
0.2639936594072639
0.5636407673667345
0.35614323934297465
0.8330947525433174
-0.4880246280349561
1.1994126668617648
0.5195921441445307
0.5658134017224067
0.14789235116843472
0.37442491617234785
1.1444154492495897
0.28430125613539003
-0.1789595803384627
-0.07754712698369572
0.034758877999552094
-0.09556475220819982
-0.48555648741292995
0.795548218059607
0.6652221423538506
0.3223777605682354
1.6281869341815955
-0.6079153904948678
0.9644024497891112
0.11167612697544606
-0.461845356133209
-0.43642582959417636
-0.029352435489567785
1.0263560903571405
-0.7295083954645482
-0.10504800386632603
2.2945207934168423
-0.1908663983656851
1.7737110762134278
0.5360489175707325
1.1814611040483753
-0.22091090255200582
0.6085854284585902
1.482658689831589
1.6119752332258839
1.129340525390008
0.4782715067849653
-0.26403741720360596
-0.46076306057157307
0.49971471694326347
0.9672855598487877
1.442272872551925
0.027389798225546175
-1.0353400829723223
0.25349979113252114
0.7734956019946636
-0.39941985855205786
-0.007161391128135938
-0.14683007389798097
0.6878320971023332
0.6892824948205915
0.8397564839692535
0.18436311220952228
0.8901874625849379
-0.5704133916678744
0.18138763097643465
-0.6995164301890315
-0.03763019149357727
-0.9125581027719711
0.25981414946412174
0.6768362834803575
0.6519486371197583
0.08150205227616213
0.01848209626112855
0.5853980735925671
0.8864231782442387
0.6652467881444383
0.8741122689324071
-0.7558335904816165
0.2698536371617543
0.6686213799687701
0.5346160989490936
0.9033136138422964
0.09363973485797326
-0.38479764738654665
-0.057322263524883975
-0.14438927631180562
-0.32596294723820307
-0.7962543974550922
0.11565663253569113
-0.07444801614051762
0.5431237899687825
0.11004856971107901
-0.20966724622727065
-0.8563605229872021
0.35771947643734686
0.7117855337214104
0.38007377226221345
-1.1061338472679234
2.426128067880796
1.011193491400893
0.4567298286311979
-0.461755304350733
0.41911491179559723
0.4781563552277564
-0.0640423467445763
-0.21579455111647236
0.5932542187970937
-0.1958647882550759
-0.07744422512959008
0.20946710979111574
0.4865016068476762
-0.35065853930802127
-0.19336049128361052
1.5320664185314117
1.349197306884733
0.3166065513014396
1.3381680180272362
-0.9005617769313042
-0.13164101334288034
0.03649105191702457
0.45183521912721725
-0.6248086433887434
0.7629176039445733
-0.994023919649066
0.5852809057012
1.0750916680902864
1.3801832494393824
0.05739617296760465
-0.06537969744546764
-0.3103013717722607
0.4986702281181272
-0.019879381994648882
-0.8942550945960649
0.35716268167771087
-0.019190894561010585
-0.5896553764133922
-0.48236966145047355
0.14809336920031016
-0.24548382945068845
1.1713327089650667
-0.3243264937570293
0.1815056427717069
1.0667050386008385
0.2398342913112377
-0.4403189626135324
1.5570555385965346
2.438563851073528
-0.4851188486251776
-0.34407484253881027
-0.22224207098894022
0.09510006357104406
0.13674929659468762
0.03559431745497701
0.4313821133538058
0.20717829291687492
0.045672027660434655
1.07507844853531
1.5029174521731103
1.6377124983466536
0.3590611116140398
-0.12920528123130903
1.524212331896795
0.5153457349199256
0.6947468618927304
0.528020019867123
1.1603661516094552
1.2321365061091223
-0.43798568466963445
0.23745504234446593
-0.025867294321904082
-0.19724787331192184
0.147196589487427
0.11287967287295826
1.257953526687663
0.5857222451648177
0.03813828718760459
0.7718179509202079
-0.3360865890452531
1.4593866621648146
0.775772865958407
1.3126599307430646
-0.2610162436062239
1.484112436795245
0.35918411384517573
-0.013569164055180124
0.7165772334645141
-0.440872946050115
0.155129181800344
0.601611830342225
2.1207914530777385
-0.11283186257650128
0.9669837958838472
0.6676209558166958
0.8570433681156387
0.534916094259688
0.6385988099836654
0.44162269065906984
-0.8897077766695515
0.08673551039696592
-0.09161336117566395
0.48709073316758
0.36803814527723416
1.5382633397200447
-1.2621469523853868
-0.07615339397106051
0.327728704681519
1.6194868256147943
0.6435555060359169
0.5804505803636246
0.3856740783925521
1.3316598009438008
0.8835897736956922
3.1386745927071455
0.5780115597364045
0.9789160477841173
0.44344997928088437
0.26217350567267683
0.9858851715123352
0.7242673868412011
-0.4287990532203387
0.64857175560516
-0.10891896214749568
-0.19368654787822912
0.06603610819192814
0.42219731246341236
-0.23150996993632292
0.8475170402370331
0.958766292000258
0.5635553793990198
0.43733223241462366
0.4726582153880208
-0.5705319414003592
0.22623106743824184
0.6758732444542522
-0.49848117959594945
-0.23297484345001548
0.40149258471659505
-0.6199673719483232
-0.9710007759891924
-0.7614083180997008
0.5188709746210378
0.2877960273755307
1.104921084615489
1.5631316582364467
1.2133579190027468
0.9857794779521539
1.1686110105818532
0.8109146822945315
0.34000756975494584
-0.8694527076616444
0.7106884609541488
0.5990473799529509
-0.11983931515471236
0.8165058814228434
0.6811952515199836
0.006587306304871835
-0.14879710753418987
0.1481815843916594
0.5127327263309961
0.7885632524590952
0.8740839617613702
0.33312024586470257
1.6755643955302293
0.4268835395855075
0.28491980565367364
1.6339248261259807
0.9794163133143009
-0.6969030111698359
-0.0705933774197664
-0.39060536730130063
-0.7707018324434783
-0.6775483968129453
-0.09179816741197766
0.6643969252639755
-0.6508982691659903
0.2597031011831544
0.41999514993833104
0.10288928565373863
0.2314501415979442
-0.14587437885341356
-0.12045171461905739
-0.0942015983888909
0.32046242018478965
-0.2651350183096091
0.8346002297247367
1.6646602627743838
-0.30645515533894746
0.07311049263512719
-0.2662078398715003
-0.15680921794775826
1.497450125687589
0.0940598296989174
0.11116320343089063
0.05724999233819488
1.0278847111962512
-0.33756985858810357
-0.09206623078760419
0.569409042172924
-0.6266439530433471
-0.025524833616396753
1.2632376044899938
-0.06873233622054682
1.2427203748442472
0.9251832481934673
-0.34683099072664625
0.7629482244842697
1.133392298500502
0.9954743595895824
0.8509356578304694
0.1665569839877666
0.49852850459972203
0.2000040673727268
0.5994961887390952
1.197811610191651
-0.2013850814968993
1.3551512684157354
0.3351900632912692
0.6071058548477491
0.25350649796685226
0.6602787478134035
-0.4376732002609233
0.336879022923451
0.3241189796910589
-0.09982922905131449
-0.2647952074930684
0.011528245492926303
0.1661113285724879
0.3189332468288633
0.3167625951290001
0.24502828261756615
1.0483724110001056
1.1074735690266377
0.9375499393448646
0.19538712895731913
1.2627734603592324
0.07115733362908017
0.9797770530090824
1.7266958041485878
1.2327647254522998
1.0285899819920385
0.06996492307421316
0.23345054312660563
0.46856697642231365
0.5592984520551428
-0.5769620734445243
1.6447883199926616
0.7365904826576001
0.1562714147757243
0.29115578985231816
0.12000576195453573
-0.3905731946690878
1.8490347682717345
1.8182396822684204
0.712912564297155
0.6282485890971877
0.13915655036979385
0.42474180411545603
0.0431556924280041
1.1725802264408935
0.4522242010483289
1.1459218388440102
-0.36210718464463204
0.8815641989146452
0.18598700547866345
2.333351853787652
0.5205208562554553
-0.6683053864643212
0.49872725708431437
0.8287364248939246
-0.03495965371316881
-0.055818017256738774
0.6952280641185
-0.004497332662599922
0.9979638890283962
-0.12468582104967192
0.04827639486854254
0.4782743016786453
0.6628199745523902
-0.31907300021003354
-0.1015614752681036
0.5812078404510554
0.16526074393193146
0.8611723721057384
-1.006929504756723
-0.2269895728368075
0.40459322941283293
0.16381187452843748
0.4571721291881727
0.9000171173695065
2.208772607248269
0.5073770612530367
0.09467530532731201
0.13126894695762809
0.2963598737411495
0.1860012602219854
1.5669785636419242
0.3283735206656153
-0.08890736266455225
0.8562605457110023
-0.3522599496352316
0.4253186400480525
0.44166796984084505
