Model: TRINITY
Dataset 17: speech.mat
Time taken: 76.66333651542664 seg.
Accuracy: 0.0
@scores
-0.11002804769023007
-0.016713916511949495
-0.4861501317423764
-0.58802825270306
-0.8073511047650047
-0.3001718541077963
-1.2163488953555215
0.6138949198550716
-1.0682302988343013
-1.1057014737007338
0.6668743391375082
-0.420882151248501
-0.27369923063394347
-0.06962475727553537
0.1459755940276514
-0.5483056730979666
0.48368130048453056
-0.730898800457076
-0.20495208083728703
0.15722647567563866
-0.37882734054718875
-0.11544495924556981
-0.3304172109930483
-0.5325086555237849
0.19207911662480517
0.24748447604472115
0.15585636056153382
0.08038814579605973
-1.751092484129315
-0.6589356340967538
0.1285321330927817
-0.2692222460101982
0.2857843092832039
1.1621884788164814
-0.01564389808507009
-0.4436205205583996
0.12515244194854233
-0.37375267293687003
-0.2240632585261555
-0.29997936947201054
0.020131951206822946
0.3016355676521945
0.6563532036066312
-0.1437450551547602
-0.18049867005895895
-0.007724030765750077
-0.1093832939960373
1.1894215764708393
-0.5204695080285053
0.14479910907558446
0.80736483119664
1.1956911192801574
0.029205178020733635
0.08908107583768321
0.1839970243859456
-0.5761593709548133
-0.1385069767620746
-0.1823633812840674
-0.31071768860710064
0.5550132647732517
0.7240165047531434
-0.21259123486072826
0.04063312689866781
0.8617567010502105
-0.8518392543338784
-0.1935354802489638
0.5786085929332323
-0.8497475634875625
-0.9636097583443374
0.3908616558052773
0.19795074296462314
-0.12453064058215764
0.19222482100087027
-0.58759357962075
0.4994943171377755
-0.021610012592397213
-0.9682025120383296
0.21549414333252206
-0.33719587281685365
1.4616840863814151
0.29179776404727925
0.08640068328063173
-0.23467059166683735
-0.4442006406488452
-0.36658619432445927
0.2861516675202367
-0.30614107816365205
0.6502963079067824
0.19474443300025301
-0.3827070856415533
-0.8526863474005051
-0.21447719585266925
-0.9100745213272408
-0.13239044257098184
-0.9502674437552571
0.02398344955973279
-0.2024474790470677
0.5330898149346394
-0.07891575667289978
-0.7083510372027022
-0.7817934181416343
0.2993290919430706
-0.21805600579886186
0.5863789664051646
-0.4299812935483757
-0.6169445993759544
0.6348926129728282
-1.1536748361029572
0.5444497976631736
-0.5837746647649242
-0.7402899635169122
-0.7280732540649438
0.28589039862960025
0.501427807649736
-0.11391882817571748
0.029424802235507797
-0.7782935733777966
-1.40881268083679
0.22484243768492654
-0.10748664825503056
0.3030555251842603
-0.9166720703888017
-0.08066611957673046
-0.6735659587918809
0.8513737269520556
-0.557693459734485
-0.4789590643490725
0.7853806054546877
0.5906633995356322
-0.5999943892289861
-0.46472578430085837
0.19293142332909494
0.10026747692397338
-0.6524938626642257
0.3087467145595792
1.655842257103279
0.10037549604149709
-0.26129258404035016
-0.09402378569284518
-0.05256142580669262
0.9424410407729414
-0.7092885663499744
0.09412580266708298
0.7415195056232343
-0.5730480220892245
-0.445044372890998
-1.1037081649191889
-1.0094591964567179
-0.03572695810971458
-0.5604294696608939
-0.177556909797008
-0.16768830120247458
-0.6335231893147294
0.5218861195977957
-0.33947761944817784
-0.1363046817385454
-0.8590948985904264
0.15662822198235568
0.04354183016948134
0.4413708574216093
-0.5789423474302251
-0.639057909050654
0.7080369776188968
-1.295154322533759
-0.8344726429152943
0.2691655189773618
-0.5996262601258583
-0.46036946317959054
-0.45564461321938204
0.09370114486200787
0.24910518159481695
-0.8259314731825591
0.4341030076640536
-0.40077844815691943
0.5413172008375229
-1.3825558148771702
0.49411550456162207
1.389991547441282
-0.7641537766681923
-0.09960225920973244
-0.3291247844844926
0.13074097473056798
-0.14497696715845504
-0.16299414144997304
-0.9321400789164623
0.6481270836090022
-0.07777400125967658
0.47111726465861065
-0.7923863434914433
-1.5135971171178495
-0.26081995764416005
0.8950373213445366
0.2109735042527744
-0.3179134014353056
-0.6991218486746357
-0.22238915082443836
0.3141137117609696
-0.9288141766376508
0.668323229445969
-0.3733014048483109
0.054916170143554065
0.13259995561753082
0.3837092819766865
-0.6807335274173955
-0.0999653381504834
-0.4917107500520686
-0.0394520690177191
0.01357220829526351
-1.1215556418108477
1.0593514866329603
-0.08712869240483016
-0.20800522921406459
0.7846006876233341
0.6094153495501348
-0.2802585916075829
0.5780404796818618
0.961850245371398
-1.027991327785899
-0.21140466758861987
0.009527571538789506
-0.015460739455191405
-0.4372541553103328
0.25885098480915
-0.31306522892275446
-0.6174479607472055
0.27634184505694664
-1.1550697178142402
1.147690470381816
-1.18737483902488
0.6461428659576122
-0.06680849458579304
-0.4895649868757544
-1.1547006992010382
0.4897911220990969
1.0662281877521134
0.6024391651672943
-0.07410013168420097
0.7878084583594774
-0.5714582751290365
0.3867171434824653
0.005614850600679566
-0.5258094243190611
-0.6636660076093236
-1.6488552246108623
0.025701014993127675
0.38117849410603494
-0.0794564791401058
0.2524872970245123
0.5972917751842615
-0.19375703910824127
0.08408003111539497
0.1621294903282833
0.5227576984162051
0.744100060069424
-0.728783904915055
1.0205072001186861
-0.3415416097376869
0.3977325243256437
-0.7871659313011848
-0.2959144777105724
-0.26165475420896356
-0.7280524677693659
0.16267018816365572
-0.3305400208033269
-0.9329015666832902
0.51635606299891
-0.09781501200362892
-0.4954235178438826
-0.2327680250080922
0.0637316030694651
-0.1004758903556553
1.0220134342380576
0.8614022086375096
-0.9937987794353456
-1.357834904666271
0.40549198846790735
0.4621568910311624
-0.6051101141056355
-0.07878904436537167
0.04724089023937258
-0.4873789354503295
-0.5622029702055226
-0.11180025069395412
0.4456578897279915
0.6562555328269261
-1.342729683923474
-0.30295773073408067
0.45448422685252626
1.3427173608360645
0.8357312142728288
0.3929057429911118
-0.4063577760811734
-0.6809303016993665
-0.8386438899991733
0.5835450410722111
0.0684277093818862
0.3519819005933334
0.8353637619923925
-0.5486522935101419
-1.5627944756546457
-0.3188354299074308
-0.2381016304178399
0.6962274985752005
-0.6125312249971652
0.002347916120485164
-0.6663985680786503
0.24739777648891811
-1.5163583070284814
-1.0382467195996716
-0.63929083156847
0.5924143503720639
0.05556948119969072
-0.35404548309991357
0.16544316191340572
0.579006905529076
-0.48334468111543294
0.3807942060645985
-0.045593008494202336
0.44592076166479383
0.4772738151663525
-0.10990985092861465
-1.532937268453703
0.01635438684981466
0.3308826497504466
-0.3285477039336998
0.6547056542120233
1.4827454266429854
0.3059406962416709
-0.45163943204148643
0.7290674799824862
-0.6259780669605737
-1.1748443215803057
-0.15853118671550193
0.6268143497688893
-0.8679053870925181
0.20791455366834197
-0.2246950103873202
-0.5174450496643067
-0.33303126587400905
-1.4113849691963836
-0.6249454620124578
0.0020571212889728915
1.0798654274990183
-0.8156070263733671
0.014944343128331575
-1.0150093698555256
-0.16352701577079823
-1.4626182030912478
0.6964760246601133
-0.6359143352426487
0.34138239398904574
-0.4720199642376111
0.7518736328081229
0.2646661031409452
0.7442606302959737
-0.09122731990606825
0.43997523986729664
-0.4201766085266346
-0.3485657766715992
0.5432976294452267
-0.9218382507093773
0.19009186615724324
-0.025459459702458387
-1.1941048369297125
0.26314618449288923
-0.19151729997137223
-0.6833724933870675
0.0649391212785005
-0.2031900684029129
0.7752973673897886
0.32230060463203786
0.036322026025981814
0.5779080918072125
-0.2979188179690766
-0.3997031096228283
-0.39338608073898085
-0.11782478255169467
0.4416522708782418
-0.14214963024170743
0.013250937181083944
-0.041299160999307784
-0.025102401116374778
-0.217337903579621
-0.09561197046672336
0.03436335759812048
1.1644887219899636
0.24990656432167868
-0.6762017834696484
-1.2745796806099572
0.4059102612545309
-0.8027742683711104
-1.0609557816197148
-1.0350582191435167
-0.8373061162913867
-0.2130103325049341
0.7409520826411645
-0.39198327987908416
0.3538963546352367
-0.45800813101671456
0.034945203083098085
-0.541732525935216
0.05378429852795682
0.6701778161260662
-0.9745938650103954
-1.3405838559529872
-0.4921555635299136
0.057296479234896704
0.3068829846659898
-0.4954620886880104
0.8061470296269264
-0.8629590245728457
-0.9526760532650879
-0.15656262514743013
0.576473952615168
0.001958687213734859
0.47942374552186595
0.5331033745158544
-0.5860862236770048
1.4483872341396304
-1.1702514123512744
0.045856708831591285
-0.1998131334078379
-0.07346284433282872
-1.0332386389995178
-0.3700419608066356
-0.21447661467141477
0.6806971069676306
-1.3800283244119618
0.9268446037192186
0.20601434037285293
-0.6925385711273387
0.16509742501118965
-1.2009564370328354
-0.009663210246669385
0.464046624160408
-0.8384454169033017
1.3139956147939202
-0.5011954711886082
0.5684005290708859
-0.349674651512138
-0.16448296002880067
-0.22039242766922088
0.22050728191046712
-0.286606483828381
0.5919535472155042
-0.8798933225720361
-0.2045605854117378
0.930439078644623
-1.3495084752779676
0.2512460876910467
0.1435819924474483
-0.4274136450220369
1.5026132401718801
-0.18447136855772248
0.37459441677489896
-0.23814449139684157
-0.502408141964009
0.7584749245469132
-0.15096235750378373
-1.0911339198559151
0.72988526796063
-1.5637158025467575
0.37603485990086966
0.04559266995762954
-0.29024980316962185
0.5428855232328199
-0.9276294109111151
-0.034702561927936915
0.6067859307938367
0.8902630706312534
0.10865989473741466
0.33128066522644845
-0.8952408948561494
-0.4139909229028811
0.03846699326761035
-0.8184644364342143
0.05813923396176771
0.6799701601354351
-0.09218059512463483
-1.1924875645545268
0.47491683750710284
0.25264037677358997
-0.43547756893764117
-0.9120786652491898
-0.7563872059825543
-0.6796544151032742
-0.09582178250280189
0.766734735408115
-0.44807038788635994
0.12752308866573633
-0.6546285878755721
0.011852478924453106
-0.2519389089305453
-0.9786228319682415
-1.0980143863030498
-0.050744049172032256
-0.07862041469372279
-0.4140176500967456
-0.3921739230364392
-1.1390965087004066
0.21395912552059518
-0.3532026178964281
-0.45973595224131597
-0.48742358095214566
-0.13597534283852286
-0.004614400918650026
-0.6938985416374374
-0.11350224756891107
0.6973370772599997
-0.8137652390431577
0.4005485618477911
0.9759453625958924
0.10390997216626259
-0.8514051062752449
0.1251422472109645
-0.1105841248526424
0.030291083117190625
-0.1443502125106194
0.33930767089154606
0.569660790474482
-0.28594161555127
-0.5044875584952863
-0.33536762330759357
-0.4425089311041468
-0.3671311030338383
-0.20016030556084527
0.6529346660961141
0.26468251461501185
-0.022708767343323905
0.24258219918648327
0.2413451413689877
-0.5819496463889132
-0.2516832985786924
1.0093166313896347
0.14140959520148141
-0.21239567550610294
0.15358263782885953
-0.05006630039203889
0.2665681741921859
-0.05458527184336023
-0.264571864756383
-0.2601589412211587
-0.855046186362118
0.6797487797937167
-0.26907598579433073
-0.6147112270275229
1.5137936591215289
-0.03725472306961578
-0.6112193593974413
0.26334569443529476
-0.29922574601258256
0.2426703946602594
-0.8820112490567519
-0.5245473011810553
-0.6983605958579934
-0.2518742136266623
-0.1550011990971061
0.8991495288953334
0.021614129715646024
-0.7271334402601841
0.12127873019083064
1.1171274049526139
-0.6312013120075949
0.18007051613054045
0.09388901627176889
-0.13560043582594905
0.5066420625336253
-0.013506073555394663
-0.6132461592064778
-1.062861453121632
-1.6329123858993893
0.7407368060367606
-1.2469625446426118
0.17602545426350077
0.29263775025745736
-0.07500989323297014
-0.289461946490609
-0.6085927212022298
-0.653108553901539
-0.4995249216430208
0.2372201996258072
-0.3797401697356199
0.13240071057560157
0.02572234310576001
-0.35759570671349455
-0.19760111098549535
-0.24153011162459595
0.8350362556084994
-0.45288253456458566
0.47526723988706515
0.13737229399765324
-0.6839232358557698
1.4414891463702582
0.23032442441323267
0.29886646450974713
0.4426057856615106
-0.7648997215031513
0.6419536768183642
-1.3038107484237136
0.8962098818544408
-0.19293970679113923
-1.2542606239015655
0.8000468807315414
-0.11518268050742625
0.8911928537586631
0.2355275389045901
0.1560906730836047
-0.9290414081203014
-0.7096425348059187
-1.43413507653408
-0.5004565621350008
0.7247775987885134
-1.762556101604206
-0.4311895859662301
0.9336093241920557
1.242574983583546
-0.8656832328005729
-0.8575244594156763
-0.7655861311295746
-0.2331658704010905
-0.6233405496126007
-0.7152749461759821
0.656051204427385
0.8500041958720552
0.9701687738964578
-0.4848586881417452
1.1470700718538782
-0.011486475544172273
1.4395802466791643
0.36814107742958385
-0.1167139613649804
0.1629175828519495
-0.7279207209073378
0.8267308200215302
-0.48795468151044724
0.7662656403258795
-0.024764269783399257
-0.2280382334694937
-0.8773097941132538
-0.5879404489972438
-0.11261851731371615
-0.030823911429967137
-0.0856410617388876
1.4120998862453717
-0.009997387267157895
-1.0724081508379881
-0.2773601573230872
-1.0222460993240272
0.0626782407887625
0.34417938617368393
1.1639124834644587
-0.7879480595748132
-0.47102620974015935
-0.3671246655619515
-0.2406385509857808
0.02218439247935618
0.4265491644280656
-0.024527172312859353
0.14546502853567453
0.5335121613095165
0.15193682972882105
-0.4213702843566207
-0.8147054175957366
1.1034107275337532
-0.5237203024317821
0.12355398942606503
-0.7109136639730357
-0.7545860814654146
-0.5363513085189587
-0.1707632736850803
-0.9356271989799042
0.6312115169959701
1.2963728116563742
0.3184688130203274
0.5280803087848102
-0.591969092057474
-1.2778266111965257
0.6954774114118166
-0.09212840395433915
0.13565041882469875
0.030028094114193642
-0.005176986566135818
0.24776107278692602
0.7203245865733976
0.5781307331170912
0.5402133645946519
-0.30709987426514646
0.3075443455153416
0.29733968656275295
-0.38228103632007887
0.10004762464749821
-0.4564474714090388
-0.0012114323501133024
-0.5267963882618233
0.453182743481963
-0.24993116261334947
0.2053697913975597
0.004655102314075066
0.7433173955269833
-0.4726093034828865
0.48200118473551834
0.3078177753491356
0.5942736327157159
-0.490295154713835
0.07567018451917057
-0.20198055702158915
0.9464211602129003
-0.095722239024965
0.5522402315984772
-0.6566494139617091
-0.12414479280889473
-0.28640227875005925
-0.3398270812761715
0.7358394813450807
-0.694055271737198
0.69086472843877
0.9494041366837197
-0.8482473120724853
0.2988791899699987
-0.7051522851513634
0.14418341320528422
-0.054026667724770716
-1.0991051056822922
-0.18182438509791646
0.9292050419810897
-0.8745385147170901
1.1654743490093513
0.2138882715800784
-0.8777615123376489
-0.3264781481634526
-0.37153947584131536
-1.0549004824470314
0.7304340524269645
-0.0740134619296322
0.16834600544829578
0.7551611331679012
0.07885445191384917
-0.329872276777416
-0.31802272700860096
0.8591276424651914
-0.5347493538445481
-0.8326383821075648
-0.02004229607423817
-0.9723558159088294
0.16377818003343797
-0.13319177000149943
0.1705210528594032
0.25565736544349466
0.2948537451135879
0.40251903289035657
-0.4146840843812977
0.022488746400037996
-1.1177829536284378
0.8921576388602738
-0.6312410437598505
0.20161530568705185
-1.0653060574459057
-0.8058624493356555
0.973208250530501
0.2881487459285038
-1.0591507112398533
-1.6219755193143293
-0.7145177471677786
-0.5740406951837006
0.22699975138317177
-0.01169625023954394
0.0919251649850189
0.8027753544547007
-0.022147217386610407
0.7904860833183207
-0.3195210915306065
0.5657615177367842
0.956054594926837
0.5975671477281267
0.8610525513837474
-0.19594794513243596
-0.47891912020859234
0.553337529134039
0.23603664057039195
-0.32513521478942536
-0.044574790482966274
0.8402399788812677
0.21642137179473678
-0.8081135793322352
0.29440331871474534
-0.4755309472324501
-0.6601966440115067
-0.8649541930102237
-0.12715366062343705
-1.0991869143283375
1.3905186298164594
0.12005718836469219
0.11975620676044592
-0.3984078222734662
-0.4967454833223333
-0.5675305522460178
-0.8626194614718115
0.5845952540670419
-0.8425585986991981
-0.022601813217620875
-0.6710001804863052
0.2012705497023346
-0.7399014347518519
0.31807519367380216
0.5412041158508342
-0.5451089023587146
-0.7112197123254086
0.6028464165254097
0.3267323513295139
-0.30470265609665065
-0.3343331085806965
0.8308160154011625
0.07667694684845128
-0.4008453921148109
-0.4035199327798442
-0.769897116955187
-0.12686625226370762
0.24476507398608485
1.0264871156584925
0.5943695093161993
-0.7428094565332536
0.02993790199158212
-0.19873390300995278
-0.10836584023047324
0.689633649357634
-0.048147187902500575
-0.4808589324266077
1.309277530702758
-1.1192934281715914
-1.540100315392632
-0.7710076172095367
0.6595735390095037
0.19133088762718278
0.4646142979209113
-0.4311923408754879
-0.09860700152221295
-1.0995449382875186
0.7724457371198024
-2.515894047034141
-0.18581477697115797
0.5098155588681171
0.8426268231437032
-0.3608292980126812
0.343481213451658
-0.7390266864076734
-0.5883154282108757
-0.4879938740455881
0.5630013258266865
0.44510501260747337
-0.29709734076339406
-1.0033655340043872
-0.13552005052399305
-0.2617292421386797
0.05327890694851223
-0.48438547005109384
0.3429883354657694
-0.7267017074146437
-0.45090084646466105
1.2687338632882181
-1.0932865473085345
1.9321036782552872
-0.3933659378687448
-0.03732716366010494
-0.04417936506070056
-0.6750435060139582
-0.13205003184938807
0.37603892567857927
-1.4211964997749629
0.2745053535386312
0.21075260346135694
0.21643407816889856
-1.1287069851174742
0.058561194469614275
0.05185959328002337
0.13003226718669547
0.2243480038494029
-0.2824181025100478
-0.14640650272579503
-0.9481917324755079
-0.48280309053255205
-1.346680572076482
0.05687212170695229
0.48732138963818555
-1.2463861751612004
-0.41847071580958667
-0.6149040505767024
-1.0667357863999527
0.5263695038708416
-0.04161251937448527
-0.09658823524303273
0.5149907861688335
0.5264713074041473
0.39799776210633103
0.2893885079333364
1.2169178688275046
-1.2574324259458738
0.20918325436890228
-1.2044301957884358
0.24684851708757627
0.7311517063636167
0.5757680048408288
0.7549793787022309
0.7820333268889295
-0.6472217949826552
0.20245742498364963
0.9771977757549379
-0.5022511974571925
0.07550101002667696
0.2529367278045159
-0.17885607215155117
-0.06274717770660945
-0.41104148091783416
0.20398018461202438
-0.7627125998797876
-0.42018302330469215
-0.03339446113779787
-0.01941305505388453
-1.0477678196346327
-0.7819674018334606
0.5732639062573693
-0.49984130530965326
-1.213335070482714
1.540968142784048
-0.629685322223786
0.12610041166510788
-0.4120040433867309
-0.6231964754315803
-0.8767900955003912
-0.35217476991878893
-1.0041396960418183
0.22963867120341908
-0.4729423687785636
0.5042752700149288
-0.33979974955140796
0.06908245995256583
-0.7296447384992014
0.03320394793190697
-0.3072180303149599
0.47782353268899674
0.7495440478246015
1.0729897824168375
-0.48412283852970833
-0.07423108181002093
-0.902794165211688
-0.6961893487597219
-0.27748352464506304
0.2745304593036795
-0.2071446951737058
-0.910588244850426
-0.530540762228236
-0.6712286056228084
-1.39838652486201
-0.8292800802114918
0.45525724404592555
-0.935707428699511
0.3084421551194234
-0.4750954045082419
-0.2791932188150886
0.13287992361704024
-0.9644383962505279
0.16947178977184832
-0.49338836150564286
0.3647370538616377
0.16189497430823105
0.540454659308523
-0.7320323687927374
0.5363751420938718
0.32207804607762475
0.9230846770729926
-0.47267479241082455
0.34904131922430953
-0.870611009369968
0.3152516933278932
-0.20755474629696744
-0.2587190060168526
0.35250756072517
-0.3313178022159897
0.7312081898505586
-1.1308442167611175
-0.219074386074138
-1.207255844661832
0.7372645100577083
-0.026101058180161524
0.26844022944092616
0.6986469172424833
0.24843382404457712
-0.25012386370015355
0.170029891813821
0.06813429772607867
0.15471289785017425
-0.46506222064324715
-0.27727803316431204
-0.47701359071942345
-0.4233939776854834
0.023835523838980948
-0.56196657797599
-0.21851316939030183
-0.2905174237183569
-0.6318641492603546
-1.1112147349880692
-0.9141418298884899
-0.7624987459838956
-0.5415816563596002
-0.7705517869836678
0.2303091099392293
1.231070175124758
-1.1754943452350723
-0.4474114019778233
0.6141196792069259
-0.5984251551180303
0.29361751709773715
1.0134899768383936
-0.14921684590116682
0.19281735367070418
-0.6192932376534458
-0.8987138129644817
1.16422432744838
0.17733445048937113
-0.8019167426088147
0.13074381221569414
0.2271939830158053
-0.8216992108488744
-0.41928342177574657
0.8107611241320383
0.1961356024230303
-0.24508932562428967
-0.32894657649563225
0.40685824895830575
-0.4493978680754507
0.9858807750816919
-0.25970859439638
0.135872909446097
-0.7370009391087041
-0.9480754355411832
-0.18283658364966696
0.512642785179442
-0.35042875235553056
0.3015024960390935
-0.12271755686034257
0.6166800475193684
0.002982623329033688
-0.2690658290491617
-0.7123579249830053
0.3454039527131325
0.09744204516211909
0.49653482116727926
-0.7531184436901169
-0.18448187547390668
1.5837781484878761
-0.33366648080629885
1.1865249792633568
-0.6070975308928513
1.0613337224484083
0.9998304330007413
-1.134778611387732
0.29196324943623825
0.38956484222072074
-0.6337003841873722
0.5690017912362765
-0.002130011114061081
-0.15878360834946703
-0.9229475113179112
0.8397362672808524
-0.8613008240934533
-0.3111754743529745
0.5883736008921887
0.039860919267371044
-0.0959670021148682
0.5643322389564618
-0.2557006768269893
-0.34321475465153545
0.29261373450092903
-0.03136187541220531
-0.8372181315748001
0.2626945309224771
-0.025805880068459085
-0.20116301235876008
0.47163030054460037
0.5836025316074285
-0.025316245087429985
-1.5692899873678072
-0.7739970072312721
-0.16055883777115684
0.19483138993539603
-0.3173597317454325
-0.8945045527677772
0.13258005818227386
-1.0335688939693248
-1.249040097936016
1.2892571672465494
0.34454639292679484
-0.4120158903637055
-0.9226691451836665
-1.1068226340132585
-1.30003294366699
0.6656586009815496
1.2074384851818758
0.6208376677150561
0.8724221386849652
-0.9575893470733144
-0.30543942631229204
0.1438714948190382
-0.4592896103284035
0.36751292545066927
-0.20206054678390042
1.5070907483752352
0.3148125938363752
-0.019808378459683935
0.594055417625164
0.31354734618615787
-0.6654563369773915
-0.43658772552616715
0.3942491822197691
2.134117464861132
-0.3867938839305873
0.13673440861145286
-0.24004637932716855
-0.04692560536574277
-1.5891489169384847
-0.21201122857480162
-0.0347477010893898
-0.750007318624351
0.2804620197332473
-0.08075205115654681
0.2363334459960655
-0.7835390590946977
0.17798175585152776
0.4823941376485536
-0.6103732811775668
-0.7334236755349145
-0.727481526950319
-1.4161601794620502
-0.3127400321752985
-0.5586558573586937
-0.42801027305694067
0.1482122693333525
-0.35002038869992114
0.4840309438370208
0.7310952410200976
0.5233014688848739
-0.8351718129636881
-0.09320488752522577
-1.5046484656921022
0.4259179089181651
-0.1360167031958275
-0.21718468795629153
-0.32668013843340676
-1.116171496448419
-0.38984646285066055
0.6597563175003885
-0.5323520583055579
0.8967466599677975
-0.3525734380024795
0.004569075712275494
1.0532494106528072
-1.243396745453568
0.1563570151764039
0.46200437645532966
-0.7560524329659398
-0.11567585787850858
0.23551587176589983
-0.43196021207096097
-0.5771546237975639
1.116149630682496
0.14717770906807384
0.3046654646836634
0.06643492351337503
-0.5616347667136351
-1.1486661068745876
-1.1999174920394895
-1.0591119916576919
-0.42123369582558584
-0.5620764374475539
-0.2786093270176728
-0.9256574728685504
-1.5263941699653365
-0.523839764420086
-0.08225084346091603
0.15008169343060582
-0.5005353511248254
-0.9289078448357099
-0.2076224477288103
-0.017632084381538866
-0.2125699159117189
-1.3699479922792828
0.09951308205846059
-0.10352953426879381
0.13891695196418344
-0.7770562251847853
-0.34532517456306194
-0.6464191965803213
-0.12049678993303208
-0.9407210527250696
-0.2039207878500994
0.44133864579896986
-0.47646047701112076
-0.047379241068496336
-1.8875002150254858
-0.03740971340665981
-0.2525189501476871
-0.00929773344865333
0.3711507598932049
0.0251432180739208
0.7250106129436523
-0.7219337979503612
-0.726574245328314
-0.12197417808816029
0.6255892241507907
1.1476105887761783
0.8549831567637168
-0.7039744101842774
-0.39079858740103696
-1.133724335224552
0.42147188267351515
1.0318763184561461
0.016612105194284705
-0.6964943727858813
0.5477667133412866
-0.43246438946365395
-0.7208740220166984
-0.5360125606965805
1.1191586863096623
-0.3754092006151882
0.3431500789584492
-0.18343024563766233
-0.6574211590055014
-0.4202419770050955
-0.0020299896135972753
-0.06905523674705559
0.11868360831900814
-1.4026606501359797
-0.38197183930591444
-0.1504830642947813
0.049145633895638134
0.0006958962455614337
0.3308476599110101
-0.08117880224310303
0.6856292612250802
0.8028253605914824
-1.3721852907374579
-0.493789850491193
-0.8411242848406877
-0.8925386736921062
0.6045438818470558
-0.14698762515816535
-1.1762609733410951
-1.128950222475204
0.08306092145243248
-0.2372581182678978
-0.3377777026982968
-0.24134890313897497
0.6373438395798431
-0.2234308902285648
0.21164829379066133
0.28558462588870337
-0.29377154407784595
0.4895840481115295
-0.47219684318770877
0.025777942203753217
0.3011865316472393
-0.5926402477817371
-0.9338299658844725
0.5083289662957755
0.24134795883353988
0.19523316469237575
0.33076683208671903
0.05661237691924059
-0.12363228874588472
-0.4348507906525989
-0.14382160830190632
-0.12134267970331258
-0.017874906719283584
-0.9566275776412724
0.2717623315632128
-0.11873572243988297
0.20070746345127
-0.38014774983490734
0.2678253737028174
0.29137849098695784
0.2035600045406526
-0.2546360259058463
-0.2892919365833899
-0.05282976168016346
0.32647793379838125
0.0962575156002955
0.5038201421517611
-0.23596182783353878
-0.043964897028174695
-0.08643235453430143
0.17124099938346515
-0.48688869668040596
0.7184712378260846
-0.588478300911819
0.009447039111666297
-1.206299380729827
0.6836900637531356
-0.524345724272668
-1.1451430790941155
0.017824764537560878
-0.6903229461055864
-0.7828054493306945
-0.8898230027948432
1.1026738250639916
0.36833836751971544
0.2589905194163898
0.1222753878846367
0.47847156435979254
-0.4525224442061236
-0.8521610566957595
-1.1625498752301486
-0.40337709890676837
0.7238590603546249
0.20067142513648062
1.185197601382114
0.6372124220063025
0.3855628605389072
0.5389103086588395
0.33786596955189935
0.051379157666673926
-0.6862382263144924
0.903442226218279
0.5659137401267404
0.242660651521217
0.1387647318927228
-0.3139436770130436
0.11399215181959017
-0.43919393626158126
-0.1969657226251055
0.1824347649778261
-1.0029898187659743
-0.35618974508650575
1.1728793412268521
-0.16732816279081675
1.2272172796123615
-0.34825391188530214
-0.6738659531395902
0.4690106558366156
-1.038380670875007
0.3771909239453528
-0.3340909364686393
0.8025258473283244
-0.7375295281532462
-0.5515548782904288
0.15710049716602115
-0.34367451755215916
-1.706342512580159
0.5141427209639954
-0.40074964432713606
1.2324381032163059
1.8345611468178475
-0.96408775684368
-1.0652898881005364
0.7071869568085766
-0.11075199354490861
-0.7791589215876523
-1.6914688438099355
-0.5286238948276503
0.41438924393020266
-0.3055718654816832
-0.6300614216716237
0.3615444547764825
-0.3714154057610542
-0.62062465069756
-0.976539763829359
0.34793946951911897
0.3237386936959867
-0.03425290925353334
-0.23742116998291848
-0.030745241579853255
-0.33129197846043895
-0.9538974979013671
-0.4923661718700194
-0.746461844837616
0.21851756241034095
1.0212681265167207
-0.21061003296007744
-0.5195203821817799
-1.0185580823802123
0.00272691100641681
-0.808527086886223
0.7564744292434898
-0.7466997760384526
0.4647151775727145
0.3621611243229402
-0.07943421191219407
-0.6500187366254081
0.5317244407295225
0.41303211816593866
0.6442189858324219
0.22696089822424337
0.1185905999783858
-0.734770058677018
-0.7469831437602448
-1.2332908423809208
0.45716531292640955
0.3614753567643049
1.2002593280676919
0.11557097128355957
-0.35405517477652476
-0.6288437925339755
-1.5095888841478236
-0.33436011811352556
0.2619819737700188
-0.09408965919197447
0.8354596071387483
-1.4459758027602903
0.6409166636838702
0.280953570972407
0.5447412326408386
1.146547783240047
0.41691385006820686
0.21947466306509536
-0.3341166566778555
-0.2557413984967412
-0.029934361142459943
-0.08920356519632462
0.7735944146124862
-1.1800181454690215
1.4422617904918589
0.3050340321871422
0.6864406584461814
-0.001236168483598606
0.5109676085287238
0.4954349375236668
-0.341980899261291
-1.2322951038047198
0.8064861749266977
0.5968015566854586
-0.4836908310890855
-0.8717342401727737
-0.5846835502943546
-0.1394796896417849
-0.9532360097930384
0.22191607697998053
0.3789415241780254
-0.12980866826537246
-0.2716520687769087
0.292970478027878
0.11913905896579514
-0.3050202350104846
-0.7465799423930322
-0.7352204863021625
1.1264312053051095
-0.6366337203509603
-0.38219323650126386
-0.34245795387068206
0.3901589222389496
0.7905053916114576
0.6549203025457948
0.15865371416389973
-0.011316390781148544
-0.006946665529695288
-0.31327940099354257
0.03837243813528035
-0.7284803079392294
-0.5817116753667656
-0.8235629541136628
-1.0964307238731228
-0.6066906177825714
-0.15339171792831965
-0.7273672705455989
0.2134302166302133
-0.5226475278279281
0.009708040545195437
0.3017025435246426
0.08952812518608784
-0.7065690469534142
-0.6273038732933013
0.2994288794097755
-0.17597553994593007
-0.8047798718838249
0.06402040636696922
-0.144468117625323
-1.0846695980407253
-0.38840668944893225
0.09693822476105492
-1.007623523734419
-0.6332837934297563
0.026968440365966146
-1.241560589406911
0.3680599327769718
0.4455905689553439
-1.0853384053234791
0.035068607072793544
-0.6848446838218935
-1.3075339083044852
-0.42611662649455684
-0.27126390580010906
-0.18431634849006037
0.672161150033206
-0.9489904212598347
-1.4037455141849975
-0.3411768802824838
-0.86374889081018
-1.2727194087902907
-1.0197197338875108
-0.1665122009223572
-0.36471113382302517
-1.1818806877336934
-1.3482544181549425
-0.8059763619805995
0.0936173330637346
-0.8055203528541401
-0.8218539406371135
-0.3699450439256202
-0.320338050037502
-1.0381071728096882
-0.949489856497725
-0.687578289159712
-0.4395837624915971
-0.6297018751253324
-0.768720334978776
-0.6494221239753787
-0.8631319200991386
-0.3764754403278679
-1.3368029756950568
-1.245025470288989
-0.05090320687682759
-0.8786082835108006
-0.9922232384799464
-1.1971948103480403
-0.46112699692161635
0.22952770561478286
0.528812612211225
-0.7477674690535645
-1.0056741060216006
-1.4480577716256366
0.10995229160215547
-1.6670278550488875
-0.8343563722269803
-0.2882774870239298
-0.5894452731709156
-0.42666062146498684
-0.8446858953647638
-1.6636295203669222
-0.4799370184273737
-0.49972251739536017
-0.06675323256804583
-0.8284225766140217
-0.6874953382395966
0.48945045172978485
-1.4781431529666218
-0.9632755144929149
-0.7929079232640274
0.5578494150581471
-1.2957063339506758
-0.5386478668064081
-0.888635973247319
-0.5295794300493366
-0.7614275332734692
-0.07400178216152227
-0.6144355984315308
0.8721701661599169
-0.0224878159146961
0.36060768936924587
-0.44780759641644347
-0.32980655337469605
-0.565797261884114
-0.2068554704127107
-0.19583168136570003
-0.33683945394422427
-0.28238876448856737
-1.2218428749626424
-0.18079174994291178
-0.4091608652022181
-0.06654189032114387
0.3686162160921705
-0.48278837794958696
-0.4486092542416075
-0.15755603421605016
-0.4293662609073683
-0.5670366206371295
-0.03804050884111628
-0.20849628128066336
0.028857125207483403
-1.1368198537508742
-0.5349325393324394
0.2606233641679691
0.055126881904848414
-0.6632082302529251
-0.5682889268335921
-0.7582567826556822
-0.16522823323158184
-0.6286757428530483
0.6207391128984039
0.38099525234483195
-0.757185278954121
-0.5839303663132227
0.05688138374626991
-0.057625635064236125
0.4837455926506314
-0.6038919872379163
-0.4070161024729059
-0.6634686799867141
-0.3713074127829024
-0.8819715016531955
-1.1501699771717566
-0.40798924593913105
-0.44250083745812335
-1.5431871077189214
-0.7402973442934906
0.41341154287806586
-0.9997138847717619
-0.6792201641702977
-0.5720346143211481
-0.28649967421895556
-1.1486935125789193
-1.0945088345458363
-0.03812511291200752
-0.5204475598544536
0.614150758411013
-1.2718142288072947
-1.0332828285243478
-1.0442422702661809
-1.2495159914059144
-0.9966635849032165
-0.6953413890983272
-0.4887591779434189
-0.7023180274855244
-0.6581619526125212
-0.42712809616376823
0.35101658679226366
-0.5549863584280342
-1.4119467275242517
-0.8024302102069932
-0.2536876064982096
-0.4220189388246161
-0.47768303141748586
0.5179567504248642
0.16608987419673507
-0.8479963885522555
0.006859130772473909
-0.1589773942627719
-0.5114289898472381
-1.0867903844878297
0.2893749130999909
-0.9510280310043
-0.48889729947777966
0.6256269156456785
-0.2670854943256679
-0.7841822343641028
-0.40795746753269313
0.04556502658999947
-0.2818947263818283
-1.0981904809312402
-0.7292458633659757
-0.7127885348889516
-0.7089229960928334
-0.5303602390458293
0.33880559143945943
-0.9275111160960975
-0.614492675679754
-0.047669308098533224
-0.0854510566343613
-0.8621818835796221
-0.3140300978438734
1.2235523517213103
0.38355386659689256
-0.0997125385513477
-0.9708277417087787
-1.61037108574643
-0.5939580730324853
-0.8570417864232382
-0.11211276664451007
-0.6441378372131246
-0.31049228374614496
-1.241316951837313
-0.13300379367034196
-0.2968496877898396
-0.34646739262815646
-0.7865782788311
-0.21441543772395844
-0.055892974695214225
0.004038607354887924
-0.08035760168852997
-0.6940518548968478
-0.2949733831404932
-0.37590635267259404
-1.8018632641263332
-1.4264381872131418
-0.20991440567638944
-0.7559803183371617
-0.3403422316563119
0.19965278821982793
-1.0666957354567368
-0.4098772407191174
-0.1269591336253608
-0.5872874367527852
-1.0070576871405867
-0.2683537947744382
-1.161839206440409
0.06151648127895465
0.6610311256230713
-0.028638103514283603
-0.6668617195414672
-0.44467982218835456
-0.6560142260962126
1.2791874929888039
0.1642726921450625
-0.9093269209572986
-1.0769511431861745
-1.6035820405863566
-0.3890865424381092
-0.0013433179611331465
0.2204088978934627
0.1252145762213699
-1.0025069561286664
-0.6493588630787527
-0.7810044249087529
0.6462197376747908
-0.14598017808389466
-0.9633635931058603
-1.2154411043692035
0.3483706400779926
-0.14751623489658847
-0.3773421340141196
0.07262656659520313
-0.670840066262547
-1.0900705844857148
0.17151383396960762
-0.08453024077215628
-0.7580146576158587
-0.5706990358091214
-0.6925509979060985
0.10589668380666861
-0.18208321662069502
-0.716140151979685
-0.12329067920519386
-1.3494268279818489
-1.1933945514344053
0.014975804904589348
-0.8380879390133176
-0.6694441864321621
-0.5932932511764574
-0.3410682397135598
0.09542500266445912
-0.10830723538195842
-0.2500141659296278
-0.612399903493355
-0.8648484235337506
-1.1549248729174633
-0.601169801196315
-0.8365685038569453
-0.5452474270859219
-0.7501438882847458
-0.2106597230437988
-0.6636353753591769
0.07715061595715351
-0.3431827457926399
-0.3470083062060059
-0.7535120853554007
0.269060617520657
-0.08827555191494185
-0.9163145057683927
-0.3968026261306326
-0.4750332562149981
0.28523342677401003
0.2287216565024762
0.16641967618269174
-0.3472511307802361
-0.6032807917633246
-0.4253107331968173
-0.7381058533494497
-0.5495628803196798
-0.19707748806452455
0.6541437273424227
-1.0485612156329536
-1.0833728990328297
-0.5383669550270116
-0.22663798510827612
-0.5668397508570687
-0.3717937662751784
0.07990219053533652
-0.913698572367163
0.14604206548453957
-0.42526805142347796
-0.2628115919859339
-0.48521424425964343
-0.052363906164578276
-0.15657780503578242
-0.5316400136210571
-1.2599697993058099
0.8579256452223881
-1.2671007008711512
-0.577021177050585
0.29612301952192377
0.02222639501487922
-0.6064846379085234
0.3540693976107941
-0.20361191844666426
-1.546855853074633
-0.7958635273219968
-0.6548703210424879
-1.1185318340536672
-0.6364504269053075
-0.6555071959760688
0.3640162799920814
-0.2864692801428072
-0.5851503339857941
-0.9217666332352801
-1.0265264834811745
-1.2136013117753206
-1.1998740795295002
-0.7289409011393441
0.24283992312937608
0.2553491210563414
-0.5821363544363166
-1.2866587790635797
0.5818453386707317
-0.5322519093292996
-1.3360938761339411
-1.2514054053182067
-0.377874910932477
0.5752120856094612
-0.43319494452506446
-0.7557785722389748
-0.47507150711567964
-0.546523959104212
0.20349812977368034
0.574421666688545
-0.5082831062443569
-0.18427294771991554
-0.26640567696067646
0.08886447263706414
-0.8715131643275676
0.6291758585043898
-1.130090972455083
-0.8424648923021859
-1.1000439168616523
-0.7524922161130648
-0.39811543464191285
-0.04541789598011591
-0.2795684446927819
0.21982614670405934
-1.1127727264599703
-1.9264561948101573
-0.42245555888150194
0.17853206287505316
-0.9378875216849719
-0.1591169302368364
-1.195019053464077
-0.7637260405649444
-0.082955778575659
-0.887896729950976
-0.8034627138991789
-0.514147497504208
-0.2909278037797675
-0.9209777860257496
-0.8395536048969335
-0.5679717608362481
-0.44205290005333603
-0.7822601661711435
-0.5664646928862993
-0.8165693728378823
-0.34242409667197843
-0.8809027191401452
-0.6213003200512945
-0.06640029607070945
-0.6278310791938543
-0.8534316290037278
-0.9126100283583222
-0.9282710832794067
0.1963712845650417
0.8720582535082801
-0.756020544193249
-0.8204814383746261
-1.1579942866963122
-0.07745144575538676
-0.7177341669838789
-0.9149290638005501
-0.823902495706355
-0.24657672182051807
-0.14195082132713593
-0.32102848081874735
-0.3943539955272377
-1.0793877160914966
-1.1825953314971818
-0.5693791326352068
0.16877265897358903
-0.8029383581731732
-0.16378603841627906
-0.5343225058293729
-0.11538623785343323
-0.8568280766290388
-1.0542922542466882
-0.32329751425666525
-0.8554712416603057
-0.8401870054496806
-0.7702593029235398
-0.34645402472733555
-0.46934725646482917
-0.06449630569236135
0.014882108990899368
-0.5447041240224388
-1.16516165021557
-0.06335588147321974
-0.21206142255272808
-0.2529388961644539
-1.306960068496891
-0.7914731602845125
-0.35965746139168525
-0.8378906888137224
-0.17179516165846595
-0.7848230923960674
0.13919446062631527
0.8181600605313393
-1.0069121051572978
-0.15015547810226668
-0.8286567387393774
-0.7097994631328787
-0.48588981104255313
-0.9195797478376418
-0.16788499679931154
-0.13840200871640887
0.1581177558131947
-0.4557807383287007
-0.9259304014125961
-0.42891732046532255
-0.6523086518040012
-1.0433308979199083
-0.5354016576255417
-0.5649129657164901
-0.9648123619850661
0.42396419170617783
-1.0220760407494238
-0.7027635832856989
-0.3139441226775363
0.06840652922161199
-0.44003453276682153
-0.4726822026466551
-0.8451733988492696
-0.3936682509296023
-0.2862843769020569
-0.7498876219939475
-0.9548996459830756
-0.273600546845618
-0.6785343425252703
-0.0180219744277319
-0.328828298972261
-0.5560046734626098
-1.1566585136497916
-1.0751772106284858
-0.4336335882134528
0.25187958389204673
-0.5028633719507243
-0.36373010244952314
-0.4029847136931251
-0.07914983785886565
-0.8133315665134209
-0.5825950428980385
-0.7234433304884598
0.44767927218568815
-0.484455865968056
-0.03477910215830197
-0.06126386097886984
-1.0876376957824128
-0.8171677957661908
-0.7444366638328394
-0.9156893667552453
-0.9392203629668644
-0.3316150802045161
-1.0371069570556395
-0.591038716343701
0.4189423046648222
-1.3035941410666303
-1.4351049522863466
-0.7616495803904147
-0.9347863837870528
-0.7766508623713141
-0.6243151304716582
-0.5094119994648846
-1.01908425643172
-0.15107309098641078
-0.90631458534248
-1.1622080518301776
-0.24619519864717535
-0.5955028397419743
-0.8046244196184125
-1.2648124536655898
-0.07450674247972879
-0.8415372182981659
-1.721705368478334
-1.4707023087496272
1.1476919794990164
-0.23760504193860185
-0.7427825851261712
-0.6399647612655713
-0.22515700078956544
-1.1653371098523786
-0.3367987746929617
-1.0057844021408848
-0.3611933778784306
-1.160634991713631
-1.517164659419669
-0.29716192345808484
-0.17372587797519176
-0.2798432508486674
-0.0037332516643264944
-0.6946645394446094
-0.2845898662067665
-0.5258465601780865
0.522640017863359
-1.0885870972429454
-1.1009702457310004
0.36670263543304066
-0.07631096008707661
0.5249805999962462
-1.0551466688071942
-0.6998444280037518
0.1781848357944872
-0.2791259164142837
-0.8989014649246423
-0.29446904024244974
0.566686594391728
-1.4719171316981476
-0.6043021475489806
-0.7320398999258076
-0.07100666964495307
0.17382503140544436
0.2228306818067464
-0.23159247951619352
-0.5871657993407268
-0.15454732216472922
-0.3245605962061822
-0.22369520597714643
-1.6444854268649722
-1.2440303225581484
-1.2003183534800794
-0.38842462270725103
-1.2415714860072802
-0.9897268550427297
-0.11184987828820751
-0.8048446754775175
-0.3764932125261385
-0.6164965577336763
-1.1417865831895746
-0.9620611828875996
-0.7950802632968235
-1.2800624254738175
-0.5225437632657939
-0.5767774452055323
-0.9701915003055444
-0.9130160273321272
-0.6157929098680809
-0.23845912916808423
-0.666677641498029
-0.744023660924388
-0.8513115650024651
0.14306677039609084
-0.5854583304132867
-0.7339919214316993
-0.6811412364780987
-0.03917440496917871
0.1953142392325459
0.4458306225840336
-0.3021149551919879
-1.266701570992601
0.036139435058722004
-0.2910457515671921
-1.016633729889753
-1.552676545366264
-0.6210676078836266
-1.1060208782502845
0.11615500364347103
-0.6853684725855945
-0.7126495291543414
-0.05486075522973555
-0.8103158092942565
-1.04088315282179
0.5517355622214001
-0.19935207967715174
0.38346649008251554
0.4128856243499557
-0.05332271063822567
-0.09444936413549214
1.307607411107176
-0.41360098184842803
-0.17088397969536437
-0.22446445182345634
0.5610027768710638
0.6529325842931203
-0.31543000685519307
0.7811048797889258
0.804823256672588
0.09502164456996069
-1.4561667861625491
-0.09080686185852478
1.0758133959240055
-0.3772847582703495
-0.14239625513942297
-0.7474858179615401
0.04280780056190873
0.08615064898212772
-0.8385326646283717
0.3346889844150023
-0.313669437998895
0.3550748873493048
1.2018547406149371
0.38766855148059953
0.2476581921926817
0.21195915506918825
0.4604961869828861
-0.7661892544578559
-0.6664232824066851
-0.39004985390941077
-0.35342620975959943
-0.6988007720761379
-0.7386320681076365
-0.3044739211942507
0.23916895249349882
0.4580341863601547
-0.10748744827486663
0.29664466442658183
0.37513557724948315
0.2732085041245659
0.5502090722053773
-0.7803784693321375
-0.45625195564941595
0.9255594962822996
-0.16880277735993984
-0.00353984647536539
0.6298039091309106
0.2831234426477705
1.225278259219788
1.116382713369916
-0.06829390277873215
-0.9710516853223945
-0.8638650433749077
0.33832864784290223
-0.16783696830698977
1.4286349448866578
0.3645924490493965
0.7932483856077498
0.6792276290376614
-0.3545594783947768
1.322181439387579
-0.06805954438103405
0.9949023212567658
-0.12326293483543142
0.6059274295822484
0.03738819992127881
-0.15516892152173334
-0.09380099624812625
0.8545783182403306
-0.002795404648419847
-0.22200743335508077
1.2011207290182957
-0.5878701804844425
0.5266608908137829
1.0884047616904684
-0.16794658561842793
-0.5550335204576886
0.48180635972006813
0.6613632023230263
1.1314002584228848
0.1125044197567755
0.3708934334687199
1.1468324603839712
-0.1757715941210608
0.5215472159836511
-0.176837154156223
-0.6174915948868308
0.3568995254409719
-0.14534644332916008
-1.3462796907683579
0.31206759791103994
-0.21332977222304153
-0.618822766671796
-0.3058942892473795
0.48091573558861106
1.1225855282873858
0.5469490283781572
0.1572885166299244
0.584432746268691
-0.4136347449196318
-0.7176703361142915
1.2741502977446537
0.39476448305039535
0.3959717986203523
0.1753389469548118
-0.9715855389572129
-0.17511958045809242
0.12326347595688059
0.9892125679153753
-0.45129764418104806
-0.1427111532374153
-0.6190516340232093
0.2521825909436884
0.03782966552878116
1.084474781772658
0.13661923932806966
-0.3144275075920853
-0.14631412283016365
0.3830343314568392
-0.4855434094300241
0.412985816849266
-0.765259351265725
1.248490088646566
-1.2183526549202572
0.1646446828550238
-0.4936970032696444
0.9048938763419604
0.4515231930308914
0.9759062176972692
0.14361415478733172
0.28091830807276513
-0.05199352608163762
0.28295595549034264
-0.5438293998506702
0.361094338609744
0.11170589224410932
-0.1056696075958462
0.3192592582131503
-0.463007226730387
0.5250283147475557
0.5382527235075781
-0.08616005248831504
-0.3727657431601554
0.060126823293725984
-0.1933956448138924
-0.18615080062179487
-0.48115124890471644
0.5088889190786136
-1.3669996822220967
0.4777197563548888
0.21140971698294775
-0.7296616800832467
1.4690336909176633
0.3890610008903386
0.7162274992795586
0.172439939044394
0.9664598515036177
0.27994119383250177
0.4350534038799238
0.8557773358187678
0.9068944781288341
0.20639233273823374
0.07544402869423979
-0.6028599416354757
-0.20488786787597082
-0.09268210532003184
-0.26845160789975214
0.43712582634028213
0.2835528437010504
0.5550898771095024
0.10904510801612488
0.036639785288895665
1.0003640806029406
1.4431571278000064
0.2246550065244728
1.0545808358582283
0.7192413083050591
0.6897006170371413
0.2827450768031128
-0.566084024813355
-0.45118275695680476
-0.017929787642341648
-0.5533019738095849
-0.1425892041572421
-1.0501022996003115
0.3740205767172884
0.009721401025673537
-0.12678929654959048
0.021336425103563848
0.09782411056625662
0.1716004525515502
-0.5811153051102956
0.18241401222475806
1.1004699088130414
0.3067709536134449
0.056601905594103406
0.5561546621919149
0.37311445085003064
0.788207503591395
0.8139182594628925
0.5803460421563366
0.08996703225337688
0.16686231066034996
-0.3952120907666757
1.3407780541051313
0.11674064609871782
0.1527386308218919
-0.09723256623690914
0.7769467976488905
0.7401822728560248
0.4548166035864009
0.26755175101899553
-0.3865352198046014
0.3081772738533078
0.009345421454271826
0.18710848583724518
0.5227914442818388
-0.4881517432316267
0.21228141759428001
0.3633705736601012
0.004627000051813342
0.2134301127371262
0.5120264250741838
0.18484079253916272
0.9431890125690829
-0.36845077113750424
0.7924790535989076
0.0016827725927713495
-0.03888094406665332
0.9918494673752262
-0.19781671714834959
1.3165059963375232
-0.024714889136946083
0.46874456789575075
0.6365121186072064
0.15739351435256385
1.0062273915142546
0.05478451741743099
-0.3165667901683329
0.6748287596440924
0.551056331319434
-0.2634007167350344
-0.21767064521178123
-0.037402389471753894
0.46511647876102513
-0.0156539761171757
1.4291735221760196
-0.012928193363216342
0.18480154576049312
-0.04825343213126424
0.2276680527659897
0.40554698974335546
0.17105953452849
0.06659640901744572
-0.23859135794299757
-0.137431246562888
0.9699173924259918
0.49995731618041983
0.19603410737908278
-0.26979047994548216
0.7492562099561391
-0.02516258622564822
-0.7671562431279083
1.589074847874781
1.9614639737308837
-0.6754241031718146
0.04702855659773519
0.2786076875587325
0.45400477093876485
-0.3972384750930496
-0.16147686071937262
0.4954490295986662
0.8673041631967444
-0.5802504044627858
0.34815970812788427
0.32198904619266927
-0.1594434719386931
-1.2161150670726564
-0.16499210370135056
-0.06505880590055356
0.15686211433173833
-0.439339229111291
0.07509176899724361
0.07910186821341332
-0.5984231865534841
0.22734328821345887
0.6595389945188206
-0.23910609654327922
0.6244276401191255
-0.2521569678491584
-0.32821538169390196
0.3836731791341453
-0.1788385425244918
0.8084977057480193
-0.4071124606984155
0.25961355722665935
-0.8983551930122204
-0.3212888810751801
0.8279526942989669
0.19857063477174228
0.02192849662888574
0.6259328713939943
-0.07955348840008057
0.3791459061638247
1.6997912828539044
1.4276497188575847
1.0777797088417478
1.5174084503815128
0.12465215928616946
0.5711450364314471
0.3275230111594883
1.167676278246867
0.16643139133975957
1.5402958507266895
-0.3423630932580126
0.847523348595587
-0.41662076651197316
0.5382898350047904
0.9146687126337415
-0.8019220554565738
0.760297797993683
1.164118364229325
0.4967597397694297
-0.16778270685229413
-0.06177713658958356
0.8821345406343598
-0.9817932804825059
0.40729466912562273
-1.1131994212289715
0.2841483921663076
0.29870130934976863
0.6687419931582547
-0.47443036218199536
-0.8686796843198935
0.14792735947389415
0.19084471305325454
-0.6040771205676517
0.7203711383187826
-0.6175058067537029
-0.054651877382767444
0.11452031238828937
0.6253584612858596
0.03386698207170561
-0.33195050959081207
0.19801164201744959
-0.14362225895222122
-0.9908128503366876
-0.214228048309134
-0.25944611172769355
0.02256587049090743
0.2837637578753912
1.4568112704350025
0.400375109353791
-0.45145254123840767
-0.6571999483054559
1.3463557944246822
0.526782468137544
0.23739025274299455
-1.2918078544442375
-0.3842224608815776
-0.2062481008655903
-0.0740141921137462
0.6833996561707963
0.028761007863741972
0.022338224360663406
-0.6676231741683992
-0.45429070559548174
1.0881203116498328
1.6310042525818955
0.04838149153116084
0.37126885104188484
-0.9273617850413592
1.2018248615582257
0.5314145104867558
1.2203221508806836
0.028548699112814806
0.6837198384355213
0.09724402082792276
-0.17225487986793797
0.5828146179979999
-0.034149213166436376
2.036624058033356
-0.015698054504835895
0.031114054017288062
0.39536863146849255
0.2895369412508711
1.0046439736754695
0.2900714636899913
-0.16177789835022552
-0.5482279108460373
1.9215125227650898
-0.40239768279843063
-0.3355295505325522
0.4676649201531782
0.7618892273034555
0.3570275019782101
0.23988087236819822
0.9510036566403138
1.975152639949015
-0.36546114525254136
0.19527528758646473
-0.13996999660072074
-0.5400019411021942
0.5313314008644615
-0.399880875309351
0.16401439571009643
0.04511855659553007
0.1681079652709102
0.6461253654446358
1.0990131007245838
1.0048059189282945
0.4266219609940032
-0.05759794350250922
0.2902183076104781
0.9898578291002623
0.42861218304080145
0.1654983709010058
1.0606002602409965
1.0769962710655625
0.35914219662466623
-0.15893726400235003
-0.6174030407911754
-0.3911980541752837
-0.09314640953274463
-1.0962147884093494
0.14467826873290096
0.11433014255467484
0.0067839897726213365
-0.7745714811763643
-0.2857121027547838
0.6776055553815606
-0.2769827701517948
1.1530777682702382
0.09669618078456708
0.1659431315748448
0.9146293174054702
0.7129213697052518
0.8567105629379844
1.3493280184939833
0.27160312173898715
0.01168375296517534
0.6782583053366054
-0.11436378502989196
0.019203707637569806
0.14433182561704067
-0.27238847981945596
-0.5412251010238572
0.5463621391420845
0.24549153175785507
-0.08262867963878835
-0.34548861994250907
0.4809610107220312
0.015015246894208273
0.9258403338128817
1.1540343019878299
-0.028543290967194403
-0.119389550732328
-0.6253653878976099
0.5926663000696735
-0.5631319016183985
0.9754223009535438
-0.1053982879442953
-0.14718333936425862
-0.03624449230267653
1.067685158813678
0.25221368881023926
-0.10534878559412382
-0.6814010061533345
0.6424519893666881
-0.20656373131056008
0.34436792243491315
1.157375732981421
-0.431753120136874
0.8214208602779526
-0.4726876515653136
-0.965001294889456
0.3208812076680046
0.34106496823620197
-0.17244600106987903
1.0918996146921278
-0.32644208825416926
0.42622880596193186
0.7528423765519107
0.10399168827873428
0.34055355781526825
-0.5924043328447511
0.20517007333241352
1.2716973720137024
0.24358899280158441
0.6400591765107903
0.047794419318382624
-0.5272505671790709
0.11425488544806789
0.1126762810972279
0.04914231525646779
0.20433777399064246
0.48904913707639425
1.0216741644633431
0.42440220446388494
0.4047080752618463
0.935387412072381
0.38277010729428734
1.4716240289652618
1.0914478171954556
-0.1070036228835981
0.517986547245886
0.33768657178106826
-0.11079403810511834
0.9981152828602454
1.0156163165155931
0.5459255103741365
-0.3678273163451517
-0.6218931980854735
0.17072239178080473
0.5038188786134182
1.3138155216225427
-0.7290228331032277
0.030522038707538408
-0.25085022432867543
-0.3044128142309867
0.29542027646874497
-0.36322797532802426
-0.8477589957601529
0.6918268846308644
0.32156997735303094
-0.012171416775380806
0.06440317658681316
0.833939478092126
1.6208596528376755
0.9659209283057993
0.7666217235551503
1.292836187515624
-0.544172548008508
-0.1774953576337488
-0.027864650793887003
-0.5964837477643917
0.34164299294921213
-0.8026054267747016
0.30945900327957704
0.059923622337560545
-0.5887901936175427
0.8451700927183553
-0.1135839673083573
0.2438286860585849
-0.38919693939224437
-0.38771582069744714
0.447107073107859
-0.10962230534738752
-0.7187782102501328
0.8073845462317703
0.34576106526758105
-0.04570464206446837
0.3959297438556609
-0.034053018194319794
0.3152275177018234
0.13734607278645072
0.6729218236865324
-0.5250574652795158
0.43498178927291925
-0.21435867994102764
-0.528124913538864
-0.5260285765418146
0.02085029758912015
-0.34303650304773564
-0.021551603826529948
-0.0975801110084162
-0.37225924082741774
0.18626711988400815
0.2891604873891879
0.23505066588189874
-0.674863100444282
0.3860072989497157
-0.39426116560721036
0.4976513660590509
0.5031004677068718
0.4705965894462523
0.5236595132408882
0.5788204509950876
0.6809831015318263
0.3555372845042128
0.7439505182452085
0.21492961940294775
0.3375175938811983
-0.5191954387833864
0.42340124304922905
0.2543277665405239
1.384094854452879
1.3934141213247535
0.7357117323001082
0.10056723849277067
0.4805883851083914
-1.0246106916004483
0.30369785343459127
0.29383307891394866
-1.1352979435077104
-0.6929195870288289
1.1296970797230712
1.4799633937633947
-0.27016031122631373
0.6720331520328514
0.24124561287759572
0.10536185970196894
0.1603445901024758
-0.30931923858224253
0.2804743624358101
-0.13025163406431997
-0.16865807415428768
-0.589606837502877
1.017417090712378
-0.17407634752540332
0.00907234300086899
0.10400071585459346
-0.13685828034396758
0.05398925853192455
-0.07327951135074484
0.25466037187917606
0.2430626375854299
-0.8378835918115052
0.09906577414442554
0.34201783818738024
0.116639518662506
-0.1774047744714152
0.3844935202064789
-0.47055314869367026
0.0999230057353339
0.7245768441977782
-0.26562628864358434
0.015356793558938856
-0.1110946162292914
0.2061119764196363
0.04503526391085947
-0.31703368723684516
0.6005897305178302
1.2214162856452568
-0.4552639987340948
0.46082124325582274
-0.8903455294361396
0.15648100518059263
0.8973055865937213
0.5510266046555409
0.3155812272168012
0.6128350782562144
-0.45715673407892354
0.5955708700611266
0.6841727650618709
-0.05711753411307979
0.0811983332050829
-0.07344310459288785
-0.6167280557280576
-0.08743489916638096
-0.5881817226530001
-0.5161158643849864
-0.35801337748371714
0.6699023629129393
-0.2726675397375787
0.010343430829766779
-0.9777052721886271
-0.2816796538800778
0.5652561935251174
-0.23904550114473666
0.6718341124698376
0.7492698386103922
0.5298756047815476
0.7925936475652094
0.9507935480462173
-0.5750388909727667
1.0641899720543873
1.060037708067824
-0.6132747832202271
0.021183609182637248
-0.08633190934891333
0.5549712660131506
-0.31033413795831466
0.16704681433651525
0.10832631709805308
0.21481957001139093
0.14949385433428009
-0.2131103469390263
0.15604328073215346
0.28453484909417065
0.8174448069306764
1.4459996757715947
0.3880257231057156
0.04565891029371464
0.0966804940529596
0.8440750103860338
1.1677536329094373
0.9028217607889694
0.046017101963828834
0.32981890262703867
1.3304008365839692
0.18900529775443276
-0.6273485062329207
-0.10400886791399026
0.5307175808779004
-0.3734798284141605
0.7278787616393959
0.22912425997125538
0.7983492034599252
0.024821196007236385
-0.08146838542403785
-0.13580092869308044
0.02003821946615451
0.7227369518474068
0.32090191370737325
0.275568942955232
1.2264262262917598
0.4509561263031072
0.36578345740220136
0.5832667257494045
-0.2959844450244277
0.8100056377555305
0.7721943822134206
0.5593550428570337
0.38816802623619145
-0.2548897208742362
-0.4840952397034349
-0.023377562243494594
-0.8408330250183945
0.7805153209813899
0.3868183920869055
-0.3592456317878843
0.42859523374627234
0.2865344046092247
0.5209195946928831
-0.04007326696950301
0.5255416949801555
-0.18134282425574258
-0.10178024873849194
-0.09128757897812156
0.33356257742069095
-0.727842097921457
1.1162349203537563
-0.7889271795244347
0.158029557965887
1.0067778907242615
-0.49701472171427996
-0.36761863099604364
0.31220913257928645
1.2445533815499046
1.4704649129070624
-0.6666288908077117
0.6769680028344087
0.5978107729572988
0.38440763982486165
1.633756059389665
-0.2817234723100951
0.43580059787867587
1.1420995055395098
-0.0778332318474868
-0.18969848424357302
0.34390410798932497
-0.9403001137525863
0.2791364937846222
-0.36405343381914834
0.7607317555703927
-0.6352647271334209
-0.7601123145511196
-0.11266201141356931
0.054702393762734246
0.052756552637615216
-1.3818687261254547
0.03709381778032409
0.5840203129926144
0.7182609835106266
0.3214034804485638
-0.2946175248793535
0.5963103622099426
-0.3549836958118082
1.216953363037775
0.29580746476914943
0.2753674760055553
0.49599726261240135
-0.26177766141416187
-0.16663484717406055
0.13397749624174682
-0.5259284051301125
0.5614424353516347
0.111280158647681
-0.6166513779826789
0.26295480911359576
0.5609657214871459
-0.4774311712803006
-0.008855976922776806
-0.132924649037373
0.2408828080613964
0.21308878075638257
1.1340006695549867
-0.17834956379990383
-0.1552752144246146
0.12768332842576022
0.63038552958947
0.46041091591866273
-0.2854338294848216
1.0952447206494893
-0.001883787145649916
-0.41143685013174847
0.19326294105393296
-0.026176861400311502
-0.016454545715085016
0.7766412027253172
0.25227084494746377
0.32411967494644595
0.5110597023139759
-0.3359804975526652
-0.18538827374717382
1.0465911651663768
0.06361141244258402
1.1677441956611097
0.09727930158465743
0.08009381393578259
-0.19840048501370536
0.058629754913984554
0.6313343815720355
0.10228371888201689
0.42186069209782523
0.4887354407142967
0.6606370864029868
-0.30984622212274726
0.3190256227099249
0.6105028349872551
0.7893411228819782
0.28380525615999863
0.48574090564924166
-0.4995881281601922
1.8058067728876548
0.16978297207242823
-0.2641286062003081
0.36269447113148745
0.9396579763714298
-0.015563136403103731
0.9398819665515923
0.19028550645068565
0.8361493305654156
-0.013252238609450129
-0.06012109455249368
0.7773242313272632
-0.02827799609262549
-0.19930772919845863
0.39371759332536044
0.8685400697877884
0.006531635932041942
0.2851797185968849
0.6415799397364987
0.3231123510416931
0.046810812106245804
0.7260305851306045
-0.29929197537715096
-0.7329727326483589
-0.302168838323525
0.8139650847713336
1.123408983508374
-0.1503062427694372
0.014355308934016117
0.3263397601079481
0.4086952917696072
1.2183964489027
0.3027086907318819
0.47553308004649847
0.5537340558329439
0.5309786580728378
0.38713455692614945
0.23553965429380905
-0.09062244929591472
0.0016695222768327207
0.15283197639965085
0.58233917768067
0.36662771902552294
-0.23106967497175088
-0.08444266070694477
0.38128367011491665
0.8642654320140379
-0.1475247536382981
1.7491046101244023
-0.6314958748118484
1.1760474248954027
0.572491286207383
1.6646235364578679
1.3224862521325975
0.10353354379749857
0.06147794571239129
0.2748116153769669
0.6768970738340765
-0.18717796041369317
-0.8161085620485028
-0.08127782434030832
0.31591721296002395
0.37389298743571314
0.4612459956389059
0.1702912927340986
0.19876336268539394
0.3433522428065075
0.19895989924067062
1.0085193915742714
0.11188423240694696
0.9281733849094295
-0.14245777769125348
-0.07753204648555738
-0.07122156679462018
1.1053719685513783
0.5357710585892274
0.060813707173381026
-0.693373668695115
-0.18112488431854515
-0.84146716846098
0.7061251849927171
0.20931467406819645
0.7939113146140596
0.5462392084541631
-0.4650912684310129
0.35325332726885184
0.31271315593854865
0.11622341156245057
0.3185651848894396
0.8564066746775736
0.10741697320194414
0.8000885885364087
0.48784003966095174
-0.05920906473537061
0.46313221162843227
0.3532326223314764
0.1065899989271814
0.6847167362219831
0.683307177979643
-0.10162057742860371
0.4819470280407623
-0.30963231353116266
-0.3185005965780033
1.0903428737057441
0.8888562555276961
1.1361853831288673
0.7121023989064069
-0.3447049306959425
0.5943336959781427
0.7097430058088516
-0.39011801640617366
0.5604782674793106
0.7276344981540287
1.7708526465782057
0.8319951315908517
1.3851501141061757
-0.4854788400003133
0.27572288958174107
0.5482470046473936
0.2683225024293003
-0.24940120860972925
1.002826937609842
0.4096867356376985
-0.32405762837650354
0.054023710440887475
-0.27409400021553165
-0.10171467256262019
-0.14306905145532856
0.04351092477114108
0.09309192549192609
-0.0698192629527901
0.8556277139335836
0.9465016098467446
0.8695124122394077
0.5224487560991715
1.3372456294311386
0.038443127159494495
1.0394898269253436
-0.029041794972858304
1.0830139854301422
-0.5596237161772014
-0.5630363659439652
0.5137566963068546
0.2666419062353707
0.3018871864003356
0.5037615908433845
0.26979527201311887
1.2766870139174866
0.9856376105886014
0.6184562240754574
0.5800344822179744
1.0197353558244668
0.585028335581499
0.15386689547493618
0.29076037555769835
0.5120366729429787
0.46726881754108035
-0.01101915332438678
1.1199206189653947
0.9648197081465351
0.44767127024485037
0.10942338395671021
0.22316773538092435
-0.4390240658501125
-0.37946138293029147
-0.18042062046259696
0.7910188695030739
-0.011550438696530163
0.8945062639224134
1.322055015556928
-0.39041518373030604
0.018589667743923084
-0.18935881127108803
1.130922500067294
0.37108684909837497
-0.022086535942602292
-0.6213690526549037
0.5376376682581536
0.004380414984592314
0.5958030490602337
0.562719049034004
0.3516779611398106
0.6207549739025652
0.24127210358288634
0.3618221662479013
0.16920421973737174
-0.4268526891069993
0.6687904820630314
0.10505873243699831
-0.19936264309205598
0.4426206993903316
-0.4731624853741381
0.07366750329980902
1.0031205957254206
0.7606887729593659
-0.2811455601286126
0.16598541326013627
0.7899119111357934
0.22003264366385042
-0.42459080360539564
0.6996380174120964
-1.1108896104481223
0.27060962039759057
0.20427470046096477
0.5540651093671229
-0.736162247195379
0.11702450021238854
0.8247386113799445
0.028847955276222238
0.1324264114351764
0.08102263444833556
0.3828541442414959
-0.3017995066439367
0.32324050469702464
-0.9772703922406304
1.2754557133393871
0.4836981399642162
-0.4352281472052222
0.24995176264099192
0.4733311933332945
0.6859913346704426
0.4309561028485802
0.3957318797934411
0.9713942783187365
0.859873825489608
0.2212876409043424
0.5317624306988612
1.011412697438242
1.2222060487503932
0.6990709871099269
-0.21279119322283588
0.01604274395245094
0.7999487635805883
0.48587289565561526
0.2671248289110109
0.2815322663182644
0.21182724648471996
0.4324532892310968
0.5825493669250602
0.508802901369716
0.13822548224732642
0.8207807943252893
1.0665198425372633
1.0357295616252569
-0.20345516352512094
-0.5870771156745084
-0.6916528163567369
0.2367323991845205
0.48273384618640486
0.20676355229168009
0.6826692208166527
-0.021645031137722034
1.0123139065251063
0.519597785758645
2.199685703178685
-0.4092562689762301
0.44731591064670256
0.6968659470858558
1.5055757625792745
0.6541428024086972
-0.02260596223754348
0.4920309811258529
0.29942140122390143
-0.10640892974182725
0.7778976639088454
-0.37204202209830034
1.3120502101441456
1.433893044658045
0.34290168271647037
0.04181724969004522
0.23087495181031284
-0.4358900143040824
0.5199322457360925
0.44334295412696073
0.021651642773625912
0.4705004333525337
0.5027536150708071
-0.23678467638467596
0.24411363118500942
-0.10908518350861614
0.479506369256178
1.0303635534834676
0.21871511838756308
0.6984364621280553
0.5833086036345403
0.217393474373063
-0.07686538224477309
0.919298537970457
-0.09276066368316023
0.19012068099636545
0.7562561996546409
-0.05770420875039417
-0.3358170900255155
1.1682693061444889
1.2038287522397935
-0.27041469845860444
0.6357983617294466
0.24250512218054995
-0.03926444593932312
-0.7284634046426754
0.693140689093989
0.07671385165610249
-0.11650149269089101
0.0707676821173376
-0.4794229302928182
0.16372808232541167
0.5867903257123454
0.46855780107980194
1.7728876080366847
-0.4352902321844316
0.0675648266869076
1.6084726324226128
0.08218396702062221
0.9650856867726046
-0.8748715249273086
-0.15410406016083236
-0.3277190677394659
0.9851025781669508
0.21864138395550525
-0.30933299035337597
1.0726921439956567
-0.7289674039019679
0.8789023606897309
-0.3402144950029468
-0.004564799836170419
0.7123983231310215
-0.5564387571840803
-0.08547847193312874
0.5513286363609432
0.2874929603615883
-1.4640042812397278
-0.9491067077815566
-0.2502936266550282
0.15236538363488356
0.642596493709907
0.91105801367724
0.8911083860271519
-0.13265209547805382
1.3357369019303036
0.11670620965914431
-0.13005594814084173
0.1302582511692183
-0.5565339010531153
0.9737445124318397
-0.28361120789957645
-0.14359198264985892
0.4880772824386746
0.28405386986662245
1.2257100462852366
0.9393692618155461
0.2792029651314375
0.371941641969915
-0.6081237288529154
-0.1084166963151061
0.06882640280690805
-0.3468468859453635
-0.5429863092687621
0.10987304264699564
0.7422816367559509
1.7560877274842877
0.4874833774709126
0.8072166028269434
0.1033080964253336
0.30981779059956577
-0.2014572295763275
1.0620642242335534
1.3821749306632445
0.3756438031752207
-0.7146873287832433
-0.48330684184857525
-0.14029139468440036
-0.28795698222080574
0.004861241871838821
-0.017530301701229756
0.2699688615153794
-0.11730534069268057
0.49303854924409546
1.1563145316794525
1.146201891922142
0.3817821560363412
0.4618230742525091
1.4931787272997237
0.05399424413013806
-0.3141480883196418
-0.18467658847451374
0.26357253232846783
0.08393585966927446
-0.697765167504311
1.7972907849198603
1.176007333644808
-0.1077803240166401
0.34283919497506443
-0.26387057437464145
0.6937920355604182
0.6197102276190786
1.1855197189482982
-0.5693885230962471
0.45533225016686396
1.4421149796033053
-0.08407547174664683
0.23828526928647983
0.8945544099287354
1.342144570515938
0.8631731251947361
0.3938223008345479
0.5275650665269508
-0.15481008174764935
0.6842457849090297
1.206731418391174
0.4391840880312114
0.45050756747242243
0.7141694400233135
0.6150157798001511
-0.5573161690875108
0.08351117086658193
0.049586740862552214
0.5005073816121267
-0.14866586096255183
0.15751398998105984
1.1109802199644705
0.29257650503078886
1.3208172888175644
0.3527808198025837
-0.3911249725393983
1.20669017851063
-0.9825908101428792
1.2575802617607739
1.388578983942135
0.7045839115142024
1.2081309012070314
0.6858298614727282
0.579707368518612
0.968318224052581
-0.6633642645888816
0.6548264654206472
0.9375005412046337
0.083112495644012
0.2753276501870135
0.6591409245931826
0.18332820298103303
1.0292622059463472
0.2177246321089177
0.5624097675176142
0.2543271691869982
0.5719322023354322
-0.4443967024070053
-0.06133619580481331
-0.03792352541125014
0.36614520004898776
1.3308076288994712
0.08076396482332049
0.7912936965943463
1.5888162046273748
1.1811459016869685
1.0127137473251695
1.1300776824860108
0.6644796653931248
1.200948072189615
0.2031222684228046
1.1025309111471782
1.1173052765535447
0.6841877835871449
0.6062207221858894
0.9236237629176495
0.47505399201942605
0.4443164909982862
0.9384847544116393
0.47588790447808
0.5203174595040417
0.08667491392090476
-0.4922409303508335
1.1312390282245783
0.10694708828235829
0.9673150908147491
1.0703898789273392
0.14401427199987718
0.34491724264338847
-0.24199874510096164
-0.21597349313542788
0.3395174357008874
0.46864163147364285
0.8571636195244121
-1.2182733334765883
-0.45141656954443715
0.11306595258095052
1.4266704785403466
0.2524453974427414
-0.23948570672157585
-1.0031574119801008
1.1184636871533853
0.4768474095410014
-0.11952855698593894
-0.2100495317820512
0.05572309919137534
1.1672446241974093
0.9347488500354365
0.327601046418396
0.9067866760892503
0.5870359523345877
0.24536557685967156
0.3224516677658338
1.3902398238857003
0.49607279026300605
1.4604841376511029
0.5536209794731123
-0.06250742195040675
0.3191919603311976
0.34566620726156266
0.7325398881064623
1.5823705542857718
-0.3986808030545357
-0.2449948559678864
0.4190605905618486
1.183107375541063
-0.885754591147759
1.9402280963553176
-0.49595946191036927
-0.03433612135671243
0.9164741060002296
0.9827696448064822
0.6453459803529956
0.5911442600971064
0.466354349449591
0.29835166368551835
0.8921301388221039
-0.38008634684794634
0.0488903431803589
-0.15981607876852033
0.6907169751538431
0.1128545283341044
0.30628806257426705
0.43516086168786794
-0.22966882686589754
0.2034858143071393
0.257466444063339
-0.1290346467806848
-0.42101279992826984
-0.024949012102068385
0.14908036961992957
0.13124543057563962
0.17585517507078277
0.6913238960855214
0.2176295189986028
0.032115585135163736
1.4360405607031594
1.5756021128392614
0.19356545159412894
1.499509390737063
1.0828046099220154
0.4186597756724721
0.6569145208472509
-0.4098021294731414
1.3872630380652093
1.2673186815418427
-0.0665456745579011
0.04406978189819342
0.0835872985513922
1.4675613928291231
1.0092110937525562
1.176002185201897
0.5945977755470588
0.9327806366594663
-0.9052095177776359
0.6167295188235443
0.506578256378006
0.6534778963501204
1.5350709412012957
1.0066718434393642
0.798338048718553
1.023825699389171
0.3341584986302632
-0.3256122394118472
0.7811008817344206
0.7641148043531328
0.21639417518015702
0.6616872629258445
-0.3915196388646292
-0.631571784470762
0.6496092667397513
0.6605564442111068
0.8455939379195166
0.005338710903732664
0.19319216142580228
0.9913835166544804
-0.7927121235170317
0.7803295205570838
0.3620583591188917
-0.19122485155944716
1.177719317688897
0.16154908770752674
0.4496500911245067
1.1855503255162045
-0.269619500016657
0.6987072392439267
-0.6110129282055997
1.2128805972019723
-0.3180987260761412
0.8232019484618102
-0.47457909713825114
0.2856555090849191
-0.2914951043620446
0.13144585969852773
1.133749414875729
1.2146267908934345
0.5513730115894443
0.7801525499289991
0.7326794045835626
1.1769909331765436
0.3425107791310728
1.140914869983839
-0.309842629502938
0.8436598712015604
0.4619274887701599
0.07403115759765659
0.48193546471113297
0.2922456302727221
0.5997711518423241
-0.5025545186080146
-0.18653636014988248
-0.44782588866141887
-0.06640172075819906
1.0495011440890236
0.0035707755245468764
0.050483705552869663
-0.7832103781790715
1.720119790302122
-0.5663650771529963
0.340078229298104
-0.5898082581250154
0.7697511123095883
0.2821465413445632
0.017751898147226202
1.0150153506233082
0.8345836123451771
-0.5011311734426797
-0.19634234940441317
-0.3189518853693063
0.7315475851222214
0.078125169280946
0.20649697774680997
0.1979106849714346
-0.719483233124259
0.0827670707828451
0.3401518150235154
0.8603691284758291
1.0089579384263423
1.012783887002333
-0.07730630669504564
0.5621399544079595
0.043729080522990404
-0.4360355540201866
0.08964302278447707
0.6890102695398329
1.1893884322159882
1.0732220157760644
0.35970629250664726
0.7833374407643711
-0.08600452210171732
0.4578775844928316
0.6740903601256446
0.839596433737061
-0.20554167666059145
0.12877430355566935
-0.0654591724439366
-0.02892823105259908
0.12619303385060743
-0.5869248939724979
0.03744207206150266
0.4550475181355857
0.09351541321315
-0.6477131614521808
1.5647932613830344
0.9322950575235947
1.0524488644640109
-0.20132702370964073
-0.3345794488541749
1.109490313115492
0.15130004807312472
-0.08775436437358893
0.30664526753429183
0.6117057955202433
1.2224508656671311
0.6780427250183104
0.4732000137641148
0.8147221392214208
0.521701477458912
0.4546035619896192
0.25542633508181933
-0.23873392280610917
0.7594675671388632
0.5587942769965647
-0.2301923821653291
0.45445954107123615
0.7843051709344085
0.6364973038759504
0.4473903740896587
0.472066677217391
0.045186062522303734
0.23185587441722008
0.6199697138967729
1.2390374684979812
0.8094046295643125
0.09649064058404729
-0.028159973896045225
0.07335040785309777
-0.042613448895335
0.5148469696033718
0.5892353309598067
0.3644011705272317
0.8394487606199444
-0.2827299091177862
0.9063062358218792
0.5434963695196956
-0.11592322742089223
0.2996481488637592
0.026223846217781583
1.3672316200278296
0.9798097027932514
0.5675101842931544
0.8041722633222724
0.9112026360627498
-1.194154078730003
0.7030211374339529
-0.030434638786934975
0.5931839025532165
0.08454081925072572
0.481242466355946
1.655345708802306
0.7955572049790808
0.4503145928658796
0.8898890324046214
1.2130537441576954
-0.11490277916324336
0.8904582875169886
-0.053585541218653665
0.9553166214126448
0.008980627123245507
0.31791737736678966
0.35108718144646756
0.4570341332924667
0.643875101065066
-1.5901555141027413
2.0544269823805297
-0.16391293054442466
-0.386107635070633
-0.1114284977836496
0.3585736399660653
0.7363170725363952
0.5444511754624096
-0.23854940884787093
0.20778009396974192
0.4182160442440061
-0.8457035076550595
0.13511074725101033
1.3417247194447448
0.9805169433247928
0.25500655442096826
-0.04211103392748585
0.034540202388694465
0.5056714446072222
0.6510480648897725
0.3753223896729678
-0.012322907050731543
0.5837733363569984
0.24773667452048712
0.21068133848291604
-0.8686396387892863
-0.3141351781853856
1.1513594493305819
1.01037959169092
-0.7129280932076439
-0.001527387080140145
0.7108709033569469
-0.2836773166289808
0.8183433910974407
0.4788923582893263
0.5237182323623011
0.1483076651222405
1.1850532676344676
0.45307870948978385
-0.08343778038984388
0.6817662897664377
0.31809967801266775
0.8890091115999087
0.1479024586223139
1.2821072676462772
