Model: TRINITY
Dataset 21: wbc.mat
Time taken: 17.00110673904419 seg.
Accuracy: 0.42857142857142855
@scores
-0.5726765484914025
-0.6122431913217928
-0.05627119885472399
0.16105400992978008
0.14287430654464353
-0.6637447312450558
-0.5006958063077467
-0.5466295132585666
-0.6518720081812628
-0.8580522133718324
-0.6664149276188294
-0.08423728766793433
0.9861597134827841
1.1186961037409777
0.4524665694559556
1.0849204648475241
-0.13527289341400586
-0.7017369789179636
3.3189820732251456
-0.7205928070133306
2.798848540621593
-1.1428093779346016
0.6702318032926456
-1.102082434366
-0.4157245665646294
0.17044281561534258
-0.8590942989927606
-0.715991396049764
0.1272208899049938
-0.5593188441224752
0.07295045558197076
-0.9064299653863088
-0.4923094497054749
0.36807738637917026
-0.6529863086620186
1.744136119511286
-0.44859981632031376
-0.47529241356620755
-0.40633684386821517
-0.5141087814446649
-0.7028879587977824
-0.26714636016479504
-0.09704544562235999
-0.18148344937975303
2.2863351900320263
0.013497299860131587
0.5326984621185926
-0.782429350234084
1.925947195266583
-0.26902477175402256
-0.20622806698838317
-0.16507988074344326
-0.78560500614512
0.35147421792309297
-0.5310169560673845
-0.180616900658527
0.12153407987511795
-0.9420090028787822
0.13638057746268503
0.6929432617245777
-0.807171575956873
-0.7747871925961197
-0.7475757863446238
0.3657229701859264
0.2925077272586599
-0.3266376150604721
-0.5878967759117633
-0.07407789663215517
1.8099555163560794
4.599714302464426
-0.46468636684086323
-0.5328167228550468
-1.0816934573945014
0.8439655880099615
-0.8292600184674527
-0.4772883526778778
-0.4446052893784606
-0.5376921260689366
-0.21303156514986574
0.39790759155854194
-0.5421111640843105
-0.5061499670837742
0.3556677979414189
0.5213529824568107
0.8070643042995695
1.75179186383794
1.2943517153077415
-0.1564739339285651
0.0423144594417593
0.2558593850694668
-0.7946052475652966
-0.4085824224250487
-0.8017549041528745
0.38784005452138165
3.7352768505926304
-0.8627998013798152
-0.8195551993115332
-0.8558629464646191
-0.45255205077310307
0.008618734781184578
0.38660081873440094
-1.0462745392136459
-0.45943348787218435
-0.040612693760749045
-0.2937488953107407
-0.4735948490398099
-0.5400861688738462
-0.8086363042816919
-0.028305675398231273
-0.4344262334113453
-0.15410438466473964
-0.1671127332760154
0.6496524961691347
1.064112357863358
-0.06983394701938674
-0.5927777336816679
0.6509895549585596
-0.7953931428618061
-0.43158434615112534
0.8724583558277107
-0.24510511516685332
0.10720317010650963
-0.4110983798216285
1.4493640637612704
-0.2257438084214228
-0.9290900610339893
-0.8585041537860443
-0.3992584826053694
-0.5226447877805186
-0.7527534525235392
-0.21409474871425582
0.4947053574012921
-0.6631878236176304
-0.04518481628417754
0.7854965602021705
-0.1401108958801043
-0.4507431498456485
-0.6841825996261561
0.16614539297434436
0.10703110618827176
-0.37488317088454454
-0.20390616796861505
-0.15398759465766867
1.6397109704629385
-0.44549447255106084
2.435144568890678
-0.5110002433605905
-0.6294029962161195
-0.8420314513546202
-0.6820977659667955
-0.476190202892876
0.062204111879979346
-0.10928326294888764
-0.05977972696455416
-0.6241575168207582
-0.4272978791617401
-0.7913618533804206
-0.0034432674298152297
-0.3856467991482571
0.7207866473568418
0.41840023026624307
-0.20770646957241268
-0.6075998865669423
-0.03270513597589735
-0.6935622496678446
0.12240690819545912
2.3308257923089353
-0.002314372908249124
-0.27722006251197373
1.667926953690241
0.618820880177012
-0.2838835324873791
-0.458013639395749
-1.0672413023605836
-0.9145678220903454
-0.3909898219453362
-0.44516715464266343
-0.5729916067890239
0.23454179488509572
-0.5488107032011107
-0.6124141698039168
-0.21057640693711202
-0.6187516113281828
-0.4412574664753309
0.10235268047035116
-0.5840516699403452
-0.6186824861942429
0.6740497231383391
-0.8275225229400401
-0.24200755144940592
-0.6315788229135545
0.007639699042693127
-0.6132094141625816
0.22814127187467162
-0.13053022548919982
-0.4111354446254168
-0.7162526787984492
0.46894909635543575
-0.23971281418883883
0.0839275667546851
-0.7865862269692846
-1.1106994204304896
-0.08043749563167413
-0.8015046654203127
-1.0482275401980699
-0.15615954919231248
-0.6237082817627632
-0.10702777573202883
1.8827893451302071
-0.012416439040086472
-0.4120857350172411
-0.2087177124712906
-0.6744355792040042
0.7486595280774652
-0.4768997411794858
-0.4438192723381706
-0.4804586137221989
-0.19795643869235402
0.9087956538172461
-0.43524703164241635
0.9849927994822126
-0.9221915168459821
-0.6067593622913489
-0.5678380120476813
-0.3717919932807014
-0.5581199230560907
-1.0074916084348284
-0.5341563958755016
-0.32833821469405283
-0.8592211508500381
-0.3810445422472753
-0.7068804675460605
-0.20173464611923111
0.036516579394302896
-0.6557298869462586
-0.2967784887828277
-0.81259076691976
0.4879646584545397
-0.2914930435290835
-0.7833825977071841
0.44114362537511864
-0.6572570796648839
-0.5702329982356775
-0.8485339067188313
0.6459317930601093
-0.625947763810681
-0.4903984433204737
0.5901841523969292
0.010825527531416421
-0.4659804161816332
-0.5614474448919831
-0.6786458520261062
-0.6040561984956356
-0.5798897660478021
-0.755941762344062
-0.8631634334342809
-0.7784346337420939
-0.6497237361408081
-0.4853097211896813
0.2509646608030378
-0.1971130355628079
0.733703144113654
-0.5870717212678085
-0.5364606798035779
-0.2749953104970201
0.6015306646841349
-0.25312691765955037
-0.33661690431138563
-0.8217614509466262
0.2839481602394455
0.08562804630900127
-0.4609056198381625
-0.30901341816979827
0.5337840262412152
0.04864870795023354
-0.856853049250564
-0.5158449197666162
0.9213891769716765
-0.3215172610482328
-0.24129106087102561
0.1866176071958828
-0.40256050617069955
0.3992162099833525
-0.07163666565242575
1.8376165089446521
-0.03166615329778078
-0.6826239130339505
-0.34134801550074934
-0.2723557664113925
-0.7408823019564846
-0.8257762049086784
-0.5174842150341751
-0.3556787901928676
-0.8232091058429546
0.5271131033734661
1.0338769606942104
-0.31911781081291896
-0.8316444147179073
-0.54286652733476
1.7550823945400855
0.12986582574083738
-0.6119215275585784
-0.4475514230137196
-0.3031180616459062
-0.8617273414597012
0.00393855689082484
-0.6251397752356943
2.3450454069826967
2.28247164761598
-0.4225173719707051
0.23167062502288585
0.042412716065363266
0.007055596362497724
-0.3620411152162915
-0.2801806010917114
-0.8285325106825624
-0.19602206334387037
-0.7708681739417388
1.125375472230589
-0.4461153918005803
-0.7552371258917182
-0.39370384223693405
0.39914288453736674
-0.29385334979391986
-0.37997746437288904
0.9100889446354157
-0.5338099318694763
-0.5885609175244649
-0.5988036687101438
-0.6122902093008709
-0.4628048922947361
0.23993473387244837
1.4662379666847751
1.639770664601226
-0.33485199466990556
-0.04735035914720929
-0.302848720202938
-0.2272453873780463
-0.7855900891806668
-0.8407709877289867
-0.461134946877279
-0.3328227537790864
-0.5548744284340116
-0.10467624853275592
0.28580645825693507
-0.45150732111176994
-0.12510449966474982
0.38120100815610103
-0.16828362419475182
0.30235148717780685
-0.033917554036200746
1.5480624439639996
0.20919559579534933
0.4290687072567825
-0.17475689088690896
2.924136768818417
1.964675131903214
0.2666995962823688
2.958628626440417
0.6692946947126944
1.9318922431135113
1.9367115120255651
2.3472472891796077
0.8657017568198352
3.1331670608070668
-0.004736019282483554
2.2226704678793143
1.4793253426758621
3.1169908965707833
-0.05836212486164843
1.295089135552605
0.39565748609825707
1.790939195195569
1.4539695418323335
0.28774601337007283
3.57302016521583
3.1923419738461605
0.46284451305964547
