Model: TRINITY
Dataset 5: glass.mat
Time taken: 12.527287483215332 seg.
Accuracy: 0.1111111111111111
@scores
0.09441827682301318
-0.46986823752667534
-0.47317863406976085
-0.6995561108816905
-0.589312141629486
-0.364141930080419
-0.6687967586620083
-0.5504835297554099
-0.4147603246623726
-0.615820153913744
-0.36090095966456537
-0.7014209950135847
-0.3674138434760384
-0.5427850828610316
-0.6151173189185419
-0.6636115257251274
-0.6092206003444702
-0.08208506149283389
-0.3562126513165047
-0.5810151354788614
-0.5336581521522737
0.22450614530721602
-0.7174172282746968
-0.7099767169023113
-0.7303847695188445
-0.7333819033858511
-0.7390315273308303
-0.7207019855852046
-0.6330231893257396
-0.7534570537398126
-0.5812095983543152
-0.6340788342393576
-0.4320857150927188
-0.4838032315914817
-0.6776994352424744
-0.6723374784425539
-0.3855901913162965
-0.699915008660481
-0.08932518179747129
-0.09104333407628107
-0.6443991574873903
-0.6608816478057862
-0.7398350238703545
-0.27204094161642245
-0.3830781981485802
-0.5535202301840215
-0.5352236323942777
0.10695114827365322
-0.2269881198658109
-0.5814637280260876
0.08473849621437297
-0.48197351659077164
-0.5268305248952259
-0.5773927075894539
-0.4461726701485394
-0.03368279739370774
-0.09918133849441513
-0.6983996282840542
-0.5513903983965605
-0.5881876073980629
-0.49482292480695306
0.03723985305671549
-0.20765029279687275
-0.10702244951232016
-0.29134312307675736
-0.3644466715523405
-0.20022567988654938
-0.1851952706583192
-0.2476418352897386
-0.1437307087191536
0.48706253432318175
-0.12687393739792782
-0.5349733280796208
-0.6134669836304664
-0.5754114112508218
-0.615938911092475
-0.627540193646516
-0.682508420454027
-0.29379676629840423
-0.46517540082763453
-0.3126862177683728
-0.6073766535264465
-0.6684238010521829
-0.5541070262106896
0.44991163707793697
-0.6374739547701093
-0.5280090471172881
-0.5539408099167373
-0.6682712342132571
-0.33134464295065785
-0.32722928692148434
-0.6092518043613441
-0.23961945405044904
-0.5974303973034756
-0.5567786767586669
-0.6254915021702117
-0.4133348381534954
-0.08971169670442843
-0.37077075683752164
-0.46875806203708387
-0.2240259582753085
-0.25164864212767774
0.17617281311008895
1.09201314305733
0.32497589400449445
2.166900114404388
4.086601100993204
4.195740226207571
0.8187377905051592
0.9381385798199889
2.768675442181145
3.0213466528073893
2.176882601023021
-0.48954344392775617
-0.5153913098953333
-0.5627443522462149
-0.4979297079971821
-0.3401532599173143
-0.31675417855834637
-0.6068793793236645
-0.6254428441070939
-0.4875506207398475
-0.7041799386574037
-0.5538634651559432
-0.5653004422575533
-0.5286164620358687
-0.6951226685732141
-0.02645025962056714
0.08798315974130162
0.452946283888289
0.3627365119751209
1.908284364912446
-0.507361151681751
-0.2219758857476446
-0.5950492120903784
-0.32942153218121545
-0.48391688726446164
-0.6487745922742919
-0.5396509701630934
-0.6110674900979997
-0.6481879061402771
-0.39207432432612593
-0.35187942428438085
-0.6120141372836163
-0.4349149966958386
-0.2483723679986822
-0.4648145961167911
-0.729310152773027
-0.6437165690540629
-0.411347640885021
-0.471243315715233
-0.1160851715068953
-0.21573299784029473
-0.6663944015362165
-0.6203990420079255
-0.680232167314958
-0.7044373123077348
-0.20081262251948281
-0.6322570995568658
-0.4914492381477367
-0.6114412798730297
0.03066245317350332
0.31111864740878575
2.7194113121427215
0.08791120588808439
0.8570159353975346
1.2560729836202424
0.8176179395720448
0.7654246937617432
0.5064311369548841
0.876219901610651
4.338254388942171
4.248705980630472
0.9506108817908516
0.8923583603478337
0.8583242468452807
-0.2525134294328525
-0.18340372550388895
-0.06338127998080458
-0.19592185447393887
0.8752314851981001
0.5190482327515129
0.5440153858698743
0.9106674834449578
2.9309142771948817
1.7784967798240607
1.7305481412135137
-0.4904117387066047
0.9591292607973848
1.6831428087324383
0.2137291178462338
0.3341599767250032
0.4356083646934635
0.3441738925883879
0.3167159977576473
0.350955592867039
0.40020651282483
0.20537195817314088
0.26339911654032083
0.29865892462855625
0.3986500146087379
2.055271042370944
0.38401343886840905
0.3277683934231938
0.18097085242484567
0.30086949597746554
0.2526633011690828
2.024961091168153
0.32382411783460024
0.5878482106957621
0.2346735131971072
0.39571530633303564
0.2989167138865938
0.30437937836876533
