Model: TRINITY
Dataset 4: cardio.mat
Time taken: 33.04964566230774 seg.
Accuracy: 0.4431818181818182
@scores
0.27928066293105186
0.2665894625513935
0.3936171378020435
-0.19784750349757071
-0.014923219683250796
1.1567450086026472
1.1481726856039283
1.1260249518127836
0.8212939259541748
1.1186156932511038
1.6765091817096085
1.499681301691673
1.3698291141918295
1.186487264297346
2.5864623101201096
1.4733587980594407
1.2951321286018378
1.0319984687918147
1.7904572512171457
0.6039921132115993
0.7991990879130229
0.17278349355055142
0.35178093762114154
0.21687388870034993
-0.10474740472447663
0.4049546208422788
0.8109076335794722
0.9880049757659837
0.6470127575857844
0.23575140474537767
1.0055207283683372
0.6418272475549772
0.9537387623137986
0.7076619762417629
2.1366817436502217
-0.5050995129261494
-0.15614994522344353
-0.4899510995043703
-0.70831483640303
-0.38556827333678
-0.6789567326473485
0.017262659827752175
-0.1268649875792193
-0.34197567151229125
0.5806190052392322
-0.5934938701320843
-0.8895452341269287
-0.4558929833554597
-0.40995220062816246
0.12060425906021066
-0.12930352467626718
-0.5044852736922034
-0.5439824920569002
-0.4376871742213413
0.4401946339033733
0.10794653157050839
0.4964817904128158
-0.19440969838438413
0.18834221927628172
0.17297879811518393
0.5496687480286349
0.3802184766558005
-0.8854694112834259
0.8546920643039589
0.687968226811407
-0.6312840306261996
0.3336400713329531
0.22590330181906446
-0.3722747162664423
0.19998115823569385
-0.992883975878128
-0.6905480256243332
0.6828787543266949
1.367902332859881
-0.2008185269158359
0.7699591127492615
-0.1269730556050884
0.6644774137040631
-0.3842184001986882
-0.5839718510206849
-0.7577101123835551
1.297621740309462
1.3791964269057537
-1.0332675761924033
0.19260965609554734
0.03471933351468056
1.1152338755538993
0.463446258767729
0.33076530981936375
0.5271683995705582
0.2456835893074777
0.7091564789293612
0.17585584352990527
0.24310142835313564
0.17717329179259456
0.5462030366242697
0.2510945959301261
0.4004931791859922
2.908947840307468
2.121156739699589
-0.46138988053011154
-0.5989272151710697
0.3418849287749955
-0.04245574718384281
-0.5151965495605791
0.16873171535779874
-0.43198038908940034
-0.8206521294719554
0.6236232095721469
-0.6048309390826055
0.2328710827078121
-0.331224134187551
-0.8013261329663894
-1.177213511582897
-0.46765965446271746
-0.6974050874786312
-0.3325878958318747
-0.592346345706664
-0.24231393172889404
-0.6888610674319002
-0.010017826697326317
0.26177533115113505
0.4629296501364015
0.07663000978561052
0.018389161321311447
-0.09286910863329183
0.35668833638921954
0.41418257123112556
-0.25630097445990724
0.5397747380021651
-0.022415809877890453
-0.3526855936419652
0.035422802665346885
-0.5196398470009752
-0.731670139294616
0.19444336398882509
0.3234263095297734
1.9919945092682525
-0.08331833619621777
0.1581195289718049
1.5579173489193963
1.0406983423210385
0.016423532883457326
-0.9874386323723794
-0.23938982569516296
-0.5719991916592267
0.04616731455327292
-0.36993483696761337
-0.36606156144267615
-0.6202956459175117
-0.33664957246273547
-0.0747710420418883
-0.22765354888188075
-0.3562801061513416
-0.28108934911858396
-0.5436135051758276
-0.39662176771238283
-0.3431573098508445
-0.20177899380452133
0.3112230767483298
-0.6091272019006974
-0.5704847006840543
-0.5148926514087356
0.6445538943194646
-0.005532832915533119
-0.1574749942456013
-0.7899460298141762
-0.22528876566983538
-0.2997567909733641
-0.8749555753561599
-0.43904998196842676
-0.20892848503383596
-0.5208164165831995
-0.3698357614802048
-0.3279540889508686
-0.8994558465635553
-0.7644723161900352
-0.31484017164176487
-0.3987661332730447
-0.3525761855114204
-1.0489752830717662
-0.4678196798636815
-0.2591215184250261
-0.23219571127544836
-0.32985193132305535
0.042458422812064696
-0.0037296134935672263
0.22614427573687998
0.496621979951031
0.1089540084277778
0.5364616387730837
0.12646766767068393
1.3067787547877818
0.915002567223082
0.689498424280924
0.7174402187633553
0.09304507423609593
-0.2031873157269454
0.18368338693560649
-0.7808265657499392
-0.1325206722608757
-0.5657450017418407
-0.3300996092744392
-0.5357244432661569
-0.5630260364576594
-0.6018833438821553
-0.15514499906870846
-0.15321974620095027
-0.12337392220199621
-0.40551589880993477
-0.5016584087695497
-1.2154254458908793
-1.0627701313363338
0.4056999800456969
0.26877729907640324
-0.17713239520168322
-1.0030004120036826
-0.24635801523245252
-0.6009524630478462
-0.7668901291924505
0.20182386227850968
0.557577583125553
-0.047706520502447246
-0.8948304651851147
-0.9653255640629421
-0.49376723591202887
0.14793967121074456
0.7761282421560164
0.5917285508374198
0.88230673536704
-0.386859949628511
1.0155211180179924
1.8777376303461495
1.0514406896457065
0.0549160232767211
2.1947812026342572
0.6375445033111418
-0.09853075449815951
0.28468539982847213
-0.5651842499305685
-0.09141220307313092
0.3137631268014838
-0.3458329626431016
0.10864264009956352
-1.086213123178024
0.03001173158153736
0.19951801052562676
0.12990134107260973
-0.033421938797218144
0.0949854664761343
-0.1500488600711337
-1.0046522381013874
0.2305474060820297
-0.5378384939067494
1.4971641560651874
0.42006150307452444
-0.26813573235804883
-0.595501597926359
-0.46807048515176675
0.1030186289843577
0.10650512064047102
-0.5991964157651392
-0.4205731707668707
-0.12484729065127455
0.49620428028404784
0.6754243158405594
-0.3538581757690689
-0.3183914251872038
-0.7161547386797166
-0.3360520905923648
0.6980029438780715
-0.20112688647390384
-0.4155172181348203
0.020386750482127163
-0.29898080000183863
-0.6600117903934041
-0.3205257485158483
1.3204909246090069
0.7653201892340505
1.3628381824425322
0.7185407827417832
0.24813552877465006
0.16056729628343844
1.0621038163247816
0.17251088430802441
0.5598519649766182
0.7024517012088451
0.9064339939800163
0.9354810087643411
0.141928053198017
-0.3383738685451425
-0.24621433124695155
0.30229010234989623
0.6795894909534818
0.7242921661375789
0.5943927511720845
0.4800541676068393
0.48086192268277844
0.20232430423664918
-0.11539739905923256
0.19672881896068617
-0.6181442628345165
-0.15469894023896685
-0.004742043308852306
-0.8520670038959147
-0.1398318717682602
-0.4097986514747241
-0.43156668152456734
0.7958027244714948
0.7621134282473087
1.1394832236889825
1.3552946184037458
1.6505110138729953
1.32193257679407
0.3334994921653287
1.3659101727762282
1.5794988630987505
0.7982575599979715
-0.4654198166478865
0.22925735497929497
-0.3280264793247818
-0.9796721948971688
0.027276452618726077
-0.48709166559606815
-1.0234605424935683
2.0013965386979113
1.3042548416935702
1.9104906651226283
1.4135659653063015
1.5960969491151034
0.5282330653532693
0.6186572812804217
0.3488288237501187
0.5859063301718823
-0.10289674429376816
0.36447775454063813
-0.07503373655046668
1.0512055577124164
1.1116546797541766
-0.16782601066887184
0.05737513015748139
-0.11521412285075007
0.4142904228045932
0.3454011050760548
0.055379989522774446
0.8106145013684292
1.1828228598895654
1.0946510072952609
1.9222114069057685
1.177637958396076
0.19663105053400162
0.36178939833013374
-0.11618452338677536
-0.7155779490817258
-0.9240222907789303
-0.4668626454720715
-0.31992831542982914
-0.42198504711303825
-0.316397599863172
-0.22405469480952775
-0.5209025991101538
-0.36815698388175805
-0.6047749241915814
0.3660222797854955
0.2500311476758726
0.3450665532670231
0.5831813722113336
0.47929637020607996
-1.0020862432795519
-0.6569880060941818
-0.09677648757686859
0.026165536037068015
-0.3614979848495186
0.7448574385605666
0.35116269439411
0.8563882709579005
0.06320866107986407
0.3226782914851249
-0.15426455499962458
-0.09031798014787307
-0.1709154304381408
0.09862177883833938
0.8830867811922353
0.5959617197294758
0.5129845433419092
0.6895400710673597
-0.0866889696683354
-0.5575305179898068
0.032165290853517714
0.03219605809110224
0.29158044719441994
0.7754780368619771
-0.03420047432041754
0.1267127490095971
0.5805223208043175
0.4426262222289746
0.110346115766493
0.2756742504853722
0.39982777163465855
0.4129984825707867
-0.6133111813720221
-0.8003788420805152
0.041532540988767096
-0.2811504214779514
-0.7090729093084404
0.4559525709446661
-0.24845514574496122
1.361024983810805
0.2471682426522636
-0.7046410015239908
-0.19333516199330147
-1.3629529366312376
-0.9446151000406329
-1.084578451142577
-1.0414759540155774
0.8147141433867829
1.1444246696622087
0.11290153426049952
0.4340193594989817
0.4033114339161821
0.04093097129798262
0.6283995820510109
0.9745282044426741
-0.08209462153977203
-0.864987019876518
-1.1133694743747915
0.6569356221259964
-0.486172459138181
-0.20183593707724934
-0.5772291635617623
0.6838259122831909
0.46859666107916875
1.2489924716393255
0.6157615845658426
1.2290082088851466
1.5523846661206564
1.7746352014293114
0.9886561589580335
-0.9244494753671916
-0.9918688183920775
-0.40043150613597916
-0.5319409373115501
0.3108436591386885
0.005468868431088514
0.4613017907938875
-0.6243854973276514
-0.8750813303584802
-0.19395697003031429
-0.19053570881458803
-0.13444193992748774
-1.4777579030281534
-1.0027465809046623
-0.6820099943759788
-0.6432672816928541
0.054991100175192285
-0.9264765829976781
-0.4330329211511912
-0.305212022020043
0.20532355535630709
0.16932097055079973
-0.11124435553075662
-0.010819984975220765
-0.14895022592224574
0.8213046772433734
0.3405116886424311
-0.8043987780851586
-0.363928549353502
0.41916911587263456
2.0672080955776777
1.4273322790189569
0.35592666584981253
0.9628831895967553
0.2720932273996969
-0.4208485845779469
-0.12668167085170742
0.3258188829749982
0.08760811173167458
0.24813552345388587
0.3348841681703771
-0.40157686762372435
-0.3821830633142298
1.0762629867737241
0.21794131626933724
-0.3172742450563025
-0.6824796289836161
-0.5219729161519076
-0.7347283987885396
0.24091866333574682
0.1465496860421137
-0.27228913402993954
-0.44886835545967446
-0.19471689387477778
0.062239233152058294
-0.2808230082562088
-0.18234917814984866
0.16102658965071062
0.11444995610807973
0.5529383906790764
0.3170429987121765
-0.23283420717718548
-0.8583158592585075
-0.2999250975571446
-0.46839870251351085
-0.3921361160397699
0.7098913429172962
0.6512746031195116
0.49411153358372256
0.3766173004731399
0.39545147841028494
-0.06571264752265872
1.1657961941764554
0.42609097255681766
0.7690033616907442
0.01479219227951263
-0.05526310730982451
-0.07307667372772275
-0.9030636123407599
-0.524111040814016
0.0007156193603902924
-0.8660907463919386
-1.1638605258145471
-0.8791701984781479
-0.9586483773796504
-0.1831822756828012
-0.5753798804635416
-0.7403788939148797
-0.7902841655612997
-0.47394106172292155
0.1406701508912467
-0.8976552476508024
-0.8589905006446976
-0.8144499470149604
-1.1215224342194408
-0.6460591986627743
-1.1635578794017165
-0.5060519974754756
-0.7983607934734994
-1.0474441461330197
-0.7476369268211543
-0.8244183084619161
-0.6966228041396249
-0.9257785111940011
-0.18564920995153353
-0.7232268583098082
-0.15162756702442073
-0.2860861319339519
-0.6013730931688936
-1.1059423965027377
-0.6802308837635191
-0.8743436618108192
-1.3778282251257667
-1.0443251741406374
-0.9145684364754721
-1.139479109451586
-0.7488599811603868
-0.8535619861490579
-1.22821790228193
-0.9814070766874616
-0.8952383811272346
-0.35527176503330393
0.3607492946114694
-0.23626733679748577
-0.4899648213549093
-0.3020722910874061
-0.20772629294903622
-0.08506671676085988
-0.38762671719618735
-0.45475437268424473
-0.9634862736997566
-1.0049348286494848
-1.0494575703683344
-0.9624122249267822
-0.6879027421334066
-0.7703861806731075
-0.12497207816369733
-0.015590183878069307
-0.35278006133503254
0.31357037347555766
-0.8549360214671915
-0.2735376724404199
-0.14358099266629643
-0.7664193700096948
0.052373674301539934
-0.6161154943904329
0.5135965313217256
0.25939269306061263
-0.615525242904782
-0.22319405538337667
-0.9816224380812835
-0.6382503154140798
0.5042698287742476
0.5231302973454298
0.009506618191121008
-0.4318795889676805
-0.3740632488248552
-0.2468840349075473
0.24073983919237696
-0.23346177216210143
-0.5415828309829789
-0.9377647357518647
-0.9547160266782191
-0.1831596562710178
0.16035798316748492
0.03272469752325854
-0.10463098568784963
-0.35641014646723246
-0.4341326997210322
-1.4106886928068991
-1.0848749281687518
-1.0483567112516148
-0.6159506037719399
-0.4748944006713354
-0.9843836853614957
0.3499244407465411
-0.5716723431997756
-0.7128569650813796
0.1920676261035371
-0.1350181288695632
-0.19171600805048097
-0.1497602275022051
-0.744971511927441
0.08758984471774715
-0.6618967284583165
-0.3366312367054555
-0.8382394759476032
-0.11709549035798679
-0.04961632034612107
-0.44379549889668474
-0.1846276364167446
-0.47725179965949166
0.3169681006566192
-0.511332248927546
-0.2219419747254515
-0.034946635564106626
-0.016933441616285738
-0.3479985824345446
0.31455828843857
0.32358920260737706
0.11585256572207664
-0.09446595031845545
0.2373546331410182
-0.5163633888343505
0.6835929625443828
0.12253052876779315
0.3969817221563478
-0.35243624147831626
-0.38726407094488396
0.026648337353316256
-0.15705271398679863
0.8966512233163874
0.9581757718964874
0.3163571407780821
-0.6335810628748184
-1.2350422244733859
0.10830391680463151
-0.7782353529144506
-0.42895863328294975
-0.8120359799637202
-0.5131239099518705
-0.9121093278112923
-0.8104048295606344
-0.3203928965711931
-0.2614178827774782
-0.4235819698954324
0.16407398412304572
-0.7837651221366636
-0.46985224414429333
-1.3088099695815583
-0.9343793742978347
-0.5675373470110213
-0.48844947186268634
-0.026124272248076383
-0.98359761873242
-0.36464958618608473
-0.3921117031027069
-0.9399946466600427
0.0738824469801858
0.7073424329290036
1.2308775616102732
-0.7158190231099671
0.8789042476721006
-0.15841201849485423
-1.1608768656063717
-0.003904395991035351
-0.2799082494281409
-0.551743555536271
-0.06791383883693984
-0.35743822279399584
-1.2641686940000343
-1.0623594493651378
-0.6042817914537618
-1.009461963118637
-0.1647859951840183
-0.9031381078079977
-0.7255055274319298
0.5966863987230894
0.003555570073588102
-0.31697133736701033
0.03328707295478047
0.4233739349453436
-1.1410989724544092
-0.3882985593071398
-0.08332672028104852
-0.3841553766490013
-0.7627085752962012
-0.7910787734316925
-0.3697203957965984
-0.550812688181521
-0.845568135843978
-0.6801904300862273
-0.7958400747848341
-0.42540972562027163
-0.6997462487642606
-0.6128547525462444
-0.787631144145343
-0.6514740786817513
-0.3301550048671357
-0.6080464292613229
-0.5785675129141644
0.32877135338743624
-0.9906191835005002
-1.2380843587455737
-0.6463194214414727
-0.7210227846041019
0.35384761614643806
0.3745261353975822
0.3438618409009308
0.35485013438838825
0.5715789668264477
0.027708152784838957
0.5427984815675474
0.5602542148118168
-0.28689179326524566
-1.440706217086927
-0.41379823219850503
-0.4792689174134364
-0.09844395916249456
0.1751795083809625
0.16730821588866154
-0.11785012953942298
0.084511953056515
-0.32266750642765296
-0.4229443184882167
-0.7617065687459692
-0.6134366161576295
-0.4709052624392411
-0.7493360919467921
0.7036678102274112
0.2634427118421478
-0.9460533417316942
0.3493125776149196
0.9818377722746782
-0.49528786750647624
-0.09149441252755215
-0.07088658056577775
-0.7259094676555303
-0.8312854598081892
-1.0106623387450984
-0.6211770278355616
-0.7961398245007819
-0.2112139985172489
-0.3714671136596359
-0.8582551448017965
-0.7128345932022672
0.014477903952395657
-0.059300389087848626
-0.22709561023447733
0.5391806842900921
-0.5539197013700906
-0.3465034100550512
-0.8157595596900866
-1.0662484711122453
-0.5620872355766244
-0.6746762452816236
-0.28784268166497484
0.12543713904708753
-0.7707275867750648
-0.12074396517080545
-0.6410342094661191
-0.677541853054131
-1.0464509123554482
-0.23640582451959613
-0.4670797074274664
-0.6521563482078935
-0.18279164735167694
-0.17644816825693846
-0.6045771415235929
-0.6380023017293374
-0.741942683912749
-0.7457578772045182
-0.5670897474676883
-0.1265180927137345
-0.719761945034746
-0.7514526568004757
-0.3214555049638548
-0.8097418139158673
-0.7181385795290814
-0.6565962088638532
-0.0513186341314392
-1.008038124647299
-0.11000396879408063
0.4585873356263616
0.035788087780857264
0.5717338813849554
0.7539426485499462
0.32764170439165113
0.17445404673518103
-0.7358627047141756
0.11427480335537128
-0.6823405565518407
-1.3315199598084013
-0.4468189096577591
0.010807609076619493
-0.8431649064960052
-0.9346443670022193
-0.20877623973440737
0.38988676925916527
0.15257006857965646
-0.032478023111974286
0.1906102459175092
-0.9505653650097129
-0.3743585478422095
0.35944923063994527
0.9282322616777922
0.8996579404554176
1.5128982104458544
0.3573098252260867
-0.5562380306798496
-0.05937687242539522
0.4077269304794578
-0.09751804590676323
-0.08020321376171559
-0.29918532728053665
0.10270338433009603
0.40422484456199265
0.28654720973589815
-0.15972328408904302
0.278852889870897
-0.9503562639484048
-0.5683394090569296
-0.7266709967625741
-0.6156880259620642
-0.6621216148504444
-0.22074274203818253
-0.871251334331642
-1.014424177714382
-0.4355445931156261
-1.0979991957493531
-1.294681033067796
-1.077261902456011
-0.8592729662402321
-1.3259522418600391
-1.212838119780186
-0.9698855364379705
-0.3043049745418363
-0.09164900745953229
0.09339882980145459
-0.07775857484867234
-0.7327381043790174
-0.06996658310721521
-0.22260272829124217
0.02755094740645599
-1.175497062388124
-0.8077268548895322
0.15126483554019635
-0.04049210830938162
-0.7608666656133622
-1.150764578532569
-0.7044672114866923
-0.12511414036379073
-0.44818224157340253
-0.6282972411620338
-0.5728567409483212
-1.0260837081366954
-0.3466598388279511
-0.8724711491598032
-0.3137448918863809
-0.5104743447459219
-0.7317522335093583
-0.3652172366159774
-0.006499258076324306
-0.7289958602006673
-1.2180284565145778
-0.9716132015271435
-1.0690040948449235
-0.43550487964314427
-1.1010150705621224
-0.48949874153961676
-1.0735645323673653
-0.41050551252846307
-0.6703822670100911
-0.14546894739115876
-0.49134312949964104
-0.41139419987997633
-0.6079415570315113
-0.980691569237707
-0.9448849174852674
-1.031933154543177
-0.7353088442256546
-0.7623654666119567
-0.9721594739644912
-0.5719928439645938
-0.3983880295871837
-0.06308100965125661
-0.02924454435261768
0.490760981588227
-0.32496945425257906
-0.42080789638718447
-0.3934769345743603
-0.06279697675379207
0.48656439950162983
0.1559202043748328
0.26753280336081686
0.6371881293086832
0.040465998078361785
0.4507821900789358
0.6797262234697928
0.04005546346290837
-0.6341207951331802
-0.8104257174065544
0.07845463881808419
-0.03032436455192074
-0.7867100031814207
0.2275342893742811
0.7807132788448251
-0.3497818066903839
-0.4037766372451683
-0.40044607004140503
0.06167752355673354
-0.9002384684264658
-0.571891064014738
-1.0117498660796789
-1.0544592619174578
-0.7902481732782439
-0.7310509069173232
0.014699792198176432
0.2029729653312241
-0.21552466576138485
-0.2353073599879635
0.1773388677106177
-0.5300216347484653
-0.11273994146852934
0.491626621094341
0.35268261694754904
-0.17900900244489573
0.15472176472961593
-0.2778315202834753
0.04391890635046448
0.6984899797521892
-0.28018161298343003
0.01778250837975622
0.3743990669785051
-0.69256947775522
0.027577653756174464
1.1215219957265663
0.2710418704771013
0.04219052488673852
0.6895547512172953
0.41358407857844187
0.5210063407923206
1.3827540671672984
-0.4915442361149176
1.3086763429751427
1.225305041898688
1.5310678652434309
-0.06489781487472826
0.028242195603872016
-0.4675646128777835
-1.324858427984539
-0.577137125902448
-1.2228845395123986
-0.12914493378025851
-0.12259818759332974
0.8021347240922229
0.34508312628931054
0.2585106515714848
-0.10080138979183621
-0.5698906560911067
0.9166471490735112
0.07752384026710336
0.11549318958043236
0.7529330176044979
0.8879262109076964
0.7390650376201289
0.11474275079077807
0.43003774073889695
0.43071695545102556
-0.5188238338123897
0.39619085530807374
-0.2851408401319819
0.46567451887730077
1.0566849715229567
-0.5034797625843993
-0.5506015868730777
0.09903709585256672
0.25552077200546064
0.05294771393199691
0.027849669262832666
0.1208223804658375
0.7355634437560319
-0.14087101618766681
0.7692636247085538
-0.01767472377626859
0.9216452984417902
-0.08893077774670012
-0.4366276066233883
-0.00725410841087452
0.11886938305665858
0.6780390570976625
0.43162559178010423
-0.2654947703146762
0.2799864054245991
0.03930522145691253
-0.6669911552875277
-0.208702889725168
0.15428393110870794
-0.3259372618104858
0.27704782116752485
-0.20685555277036902
-0.35041844785505766
-0.369091897672567
0.05526043177933476
0.018045411540384637
-0.040304795556248996
-0.23816742099236188
-0.49042155152749256
0.019740759796203305
-0.02602479144305973
-0.060234246800326414
0.18996872579733382
0.04642849147457223
-0.6565370741203241
-0.5629721178894516
-0.3547340535807919
-0.47144233297097776
-0.43211884301904857
-0.3331078133396504
0.6435089382665924
1.0034404220438708
-0.27325243196188304
0.2314112791510042
-0.3576502122434437
0.23599076712565012
-0.3724848699002172
-0.8013821282103949
-0.04367352281463412
0.05409931515111296
-0.7643990550495953
-0.2202969421539329
0.5108107051155966
0.42569781091022474
0.02335007363275469
0.5827723803147686
0.555228142912505
0.6032991225836689
-0.5429480288295906
-0.15197318639541077
-0.3953900049549072
-0.6281801382164957
-0.28560837223852303
-0.24166370230638687
-0.8691969553657636
-0.3309528906638618
-0.5101777231958408
-0.624946648664504
-0.8126124809324171
-0.44385889903860615
-0.35219607840674655
0.09888331107294522
-0.9941193672875593
-1.1828748554574189
-0.9809807838488563
0.14838395300209425
-0.7089309765484688
-0.5968746145712036
-0.8382575407033611
-0.9091843505187461
-0.4691397222773146
-0.3885340041704309
-1.2000752674085533
-0.9425493463930761
-0.7670643459536931
-0.4764777928235591
-1.1691324147038318
-0.9263319414676681
-0.7904860517877673
-0.6426144298924134
0.07622192142416467
-0.5940292202598311
-0.37211933214238124
-0.6248982064412352
-0.3894425888033999
-0.4013083229319254
-0.062018887570926495
-0.3107456133057208
-0.5732083345048018
-1.076921616894382
-0.8456985379481828
-0.9728618725886037
-0.9935482524869362
-0.7412958991995987
0.25402814856973543
0.0728884292258178
0.28318716063051846
0.9239839516109871
0.3739071543822183
-0.37671780693559964
0.05758244716386455
0.06647950366019247
-0.15293748995953108
-0.3968312005611325
-0.8176476912375965
0.04570827202198676
1.1743655579642527
0.57823078579304
0.421736090628349
-1.005370314197737
-0.5065122997993645
-1.1110672077977983
-1.0541132515367242
-0.042075583825153084
0.784482662295518
1.4489858471038373
2.55821517650326
-0.5392878380597581
-0.5622318024759051
-0.32608102281588275
0.07958921055421046
-0.08044313186839817
0.07413913024192899
-0.10126108796188467
0.15929516739946
-0.2521595815399891
-0.2534757701116891
-0.3816959571614937
-0.2424751380488942
-0.340649253502691
-0.4250780651846037
-0.5836870360411116
-0.44537174728556933
-0.9352548427422988
-0.21734491944809195
-0.7157980360966575
-0.46636900708714585
-0.8318270519862492
-0.3720052663832342
-0.5297492797251594
0.03137358946101217
-0.38956759017647546
-0.13553856033843922
-0.9439067674413714
-0.190173252736066
-0.11133793842644508
-0.018684357833775894
-0.6284194165261453
0.017381375493859135
-0.7581638081127746
-0.33966324830261846
-0.27419018682584323
-0.6249349265790146
-0.4922503586408009
-0.7697762674715661
-1.7247594818601082
-0.4027708761550448
0.1816540265754021
-0.6148176250004503
-0.776669602655785
-0.9399464457718677
-0.21779517647364913
-0.4621464530289905
-1.035970241762734
-0.50415703914839
-0.6332785184809865
1.5974459337721338
0.8825337010942372
0.3133342075898365
0.22091206104084785
-0.20615763779658822
-0.5935242511532456
-0.1974875650016683
-0.44298074312204677
-0.6182931619991768
-0.8071369194662825
-0.9584341702466886
0.08026813481865235
-1.1198604392891425
-0.6462767861567115
-0.6961073303938639
-0.8065569326330073
-0.7976752736387672
-0.412395309664732
-0.1524667714879989
0.1106363386468399
0.640822592433726
0.7248402887635711
0.7916556956668831
0.8103939076636838
0.942612264349568
0.128995616628829
-0.10519608074588688
-0.2913070248685787
-0.1544791153751155
0.10420905975584695
-0.7995700071654502
-0.11418169870268242
-0.012597258274475035
-0.6510021674372983
0.3633764979515415
-0.00891137129740093
-0.2734370932091957
0.18059867041347522
0.6176155598855256
0.3843813163427127
0.16265607904355464
0.29720077890102425
-0.2677797209707856
0.2658158875693278
0.5623376901283491
0.5344949695657834
1.1165524999661327
0.31142450793654236
-0.2692959809666809
0.33577104086602844
-0.9107723571143126
0.30967826147456096
-0.20208503573093228
0.1323353955530324
-0.32974456365380195
-0.26323774697439584
0.1349608283809792
0.9048204193034352
-0.4317418122778016
0.5239651774373913
-0.2999744933620134
1.0455419222394262
-0.2546208529194662
0.9751390748746372
1.2249629587169322
0.8452931312738996
1.6505855368208209
1.3038847043093842
2.348725486435804
1.4565706268551528
-0.16883587419011056
0.29015318753557806
-0.4991241272085334
-0.009083046212864673
0.26985855644878737
-0.5221595154377255
-0.019543087154000993
0.07644363790095686
-0.20811008732038597
0.3382903427854638
-0.1797922751502868
-0.5076702697975057
-0.2889286818312713
-0.043242055809580404
-0.026495517512672134
-0.5473266706555749
-0.1027330716720134
-0.5431072772331217
-0.332174874694485
0.33275696604040156
0.15005386112276117
-0.0425064656677596
-0.03366243589778678
-0.34571789386293905
0.11565377630790252
0.113911934405952
0.7734466951789184
0.9305484838206312
0.5738709724082135
1.297392597633645
0.9140323894532147
-0.4293823553022831
-0.42147062670842317
0.03563467198787152
-0.46315315414184904
-0.6987740419594273
-0.05281386945302042
0.6545666241150103
-0.026375400227585184
0.07649453141847433
0.32687019888890223
0.13087809997670152
0.16576450276294138
0.11753360291731048
0.43782677766016476
0.7729233599064537
0.4196107252200192
0.13700992100147039
-0.32966607642332085
0.692535350381263
0.1472402454992877
0.3634178426913586
1.6861891605506505
1.0866009339582405
1.4540199463520753
1.4315929365423503
1.27709266869757
1.7150750526878327
1.3932775168031692
0.4754397909292018
0.6544324599203422
0.14061195130797283
0.23040744767915325
0.5852050238828279
-0.31557733173502084
0.7916834585263371
0.7165015458747112
-0.49011186320921446
-0.6265981412285595
-0.7445155173241712
-0.19841098399953513
-0.15355359845912642
-0.5653220294690487
-0.5585899961629482
-0.2585256975443259
-1.2646073561402325
-0.26669409289511586
-0.9767788673315007
-1.1177650779701045
-0.7352106816884884
0.010195023652193713
-0.10556638912477893
-0.556474823650034
-0.5955184459714676
-0.7706604304257613
-0.9635151392427183
-0.5339066385339081
-0.3567578953581176
-0.7032628641166022
-0.6014110410012631
-0.3412840073603816
-0.9417373068597019
-0.6540611908001446
-0.28785717825370943
-0.8107971171992592
0.31081451879815686
-0.018697219470840087
0.5165571383882445
0.5356301335349095
0.631507183920888
0.5905501967626026
0.33229291708873226
0.2551870003627011
0.06500729045956848
0.32060812534982586
-0.322628050580018
-0.9311368614527279
-0.17108225570623692
-0.7790272197681084
-0.36200724567042014
-0.7145051243602568
-0.5821974739171177
-0.2575903526719357
-0.229125547927808
-0.06740782551465434
-0.05200775412962075
-0.18002110711519612
-0.2497886073475426
0.28002019648442783
0.7923490462693753
0.22751592496471815
-0.17294717823582095
0.16585196631890092
-0.7217930880862555
0.6732880262678607
0.08698426455711102
-0.2714312249809085
-0.06579184354383161
-0.7672251942832697
-0.1116181179484405
0.034882932260674925
0.1123168368872899
-0.04175271526817537
0.014283828503138788
0.0014670376209148979
-0.19830928076109036
-0.5874997273491204
-0.08327268460651814
0.07428199146324127
-0.45014097455302354
-1.0349176638791644
-0.5563857314605349
-1.1294387714311172
-0.6976724644928146
-0.5065090256537804
-0.3914473158508651
-0.18095883445674713
-0.6020263819540556
0.09536867443608527
-0.5885576739057358
-0.6660731894683504
-0.26186748972409085
-0.8800376950490906
-0.4393466180185117
-0.742378263867963
0.24709791265923742
-0.3363178996661162
-0.502337139295743
0.9095142469152209
0.38297225293280607
0.4514724259876743
-0.16198081742599907
-0.5182179715231582
0.07515009768319099
-0.23540175573570407
-0.5029472500894092
0.6459196069419829
0.4237819012474891
0.2504192118737025
-0.3368766422093643
0.0013904037186838931
-0.05242509455667963
0.04461050738522929
-0.2971120878241187
-0.6068987075718664
-0.274252218517218
0.15437256217043852
0.5810564642430597
-0.27400432451292683
0.28988636647892596
-0.5454796753637292
0.11690484896186486
-0.49670159661273444
-0.24553997205256559
0.051995184582758924
-0.39921571008981155
0.12070881502159996
0.44243084495321855
-0.36674016256934755
0.07975423462526172
-0.5860384631330473
0.12383332272905324
-0.5931097516606108
-0.27736129952861804
-0.24478842417301547
-0.1346044061993323
-0.5571649008474361
-0.3379258918543195
-0.5934819858330371
-0.05701397471596053
-0.2338543559847129
-0.4197298145554485
0.49537020728958464
-0.2384664214742045
-0.5225018390200138
-0.031562989654156604
-0.23693529690103685
-0.2064175737093896
-0.4822704277702344
-0.8922151167567357
-0.8257474714698197
-0.43534455129709754
-0.4464162355493837
0.3707021605597811
0.12124732912384532
0.10684192830827999
-0.4048948769156609
-0.5073060105145158
-0.8446406876987916
-0.7595281618388157
-0.7318470271029979
-0.5618262212116658
-0.585463007543394
-0.2423019793046672
-0.238315752175559
-0.4852772332992052
-0.9973530173738835
-0.25799901239308415
-0.04715568438784867
0.2493351245129903
-0.03600878700333445
-0.22780805772618248
-0.5168319633284129
-0.15129567292675042
0.14196160148790343
-0.11051306021175679
0.4222915449866514
-0.8397789526085707
0.8000573239990993
-0.6440599203024107
-0.9498714755024196
-0.5607052013271653
-0.004426065595896311
-0.6463880021115506
-0.5478608158483608
-0.4988747381359356
-0.33035738715803037
-0.6058478928417014
0.6053294658389056
0.20246094691012376
0.3935583592766477
0.8699233402101495
0.09696139506816441
0.25273452173645755
-0.5172551715643551
0.40973571531490166
-0.7183551013304968
-0.5740838006563692
-0.20980175561953363
-0.3946708427418559
-0.07680400092189221
0.12068743066847822
0.2918036246741107
-0.2806069629767958
-0.04444513207159065
-0.4604795607952823
-0.377561477413695
-0.15381148365073727
-0.1451324066908053
-0.2033052409630396
-0.28258468293506894
-0.7820796181571511
-0.025696954745439798
-0.06294898640235082
-0.4097518804218015
-0.6221370217111172
-0.6267547123998005
-0.8615754927315925
-0.8744259430144936
-0.7488550841675207
-0.7646890073754747
-0.7891112902747303
-0.6535379386721663
-0.7888061199296138
-0.1318399392882146
-0.7726198642862432
-0.9667578800387387
-0.9319647702508851
-0.6831367449921376
-1.5564558681664133
-1.3233985716501167
-0.8240070649233703
-0.9081964996986095
-1.078724858210032
-0.9039194483725371
-1.2346014434141868
-1.0333138075450454
-0.7459376609582171
0.13216928451551987
-1.0322206801997134
-0.03693060922229576
-0.1633768863961052
0.5333929069510533
0.030196511200702787
-0.43482879576505734
0.32129442292296045
-0.2705190552760865
-0.25113371446250765
0.12926343871080048
-0.1795647618732165
-0.5201206473315739
0.5992780642929318
0.902221015660999
0.010241825039720176
-0.388165591280266
0.3176356770368902
-0.0629961094204415
0.38941109853992417
0.18802388431438702
0.24911944868192812
0.6380417809104184
0.9605877498679263
0.178229107594011
0.7206165715441138
0.5803953472779354
-0.11741795381390345
-0.0952682429775758
0.33011854066694035
-0.5160711989154013
-0.17087176008747218
1.970934903583901
1.1704783785127246
0.18295994903657656
0.21769611323790303
0.13131140670613736
-0.13358793530002736
-0.1372107345006207
0.19350392889034218
0.6482616181644939
0.09531219300225231
1.2092172486720487
-0.42866451096062913
1.0280805373825224
0.7982608648745492
-0.4373192022140932
-0.046090565421900244
-0.5454965906469343
0.05338910305873268
-0.06637003202892093
-0.13941516503929144
0.15470370561754587
-0.3510496021200395
-0.25085811277828857
-0.38168797595625664
0.09365590846418459
-0.45944118839980624
0.5278460820302717
-0.24097718053211106
-0.6918679815244394
-0.7010433804832784
-1.0881784013727753
-0.6313286426235806
-0.2907462039469775
-0.29074795355556027
-0.7113422723252841
-0.7770421985322403
-1.0415623509629024
-0.6174213043734502
-0.5166491604018808
-0.7831427274687958
-0.5176814450066664
-1.247599512049126
0.43740662458329854
-0.08011509395571031
0.01816795255123323
0.2979102800190443
0.4400412581332475
0.3266525241754319
-0.42231688627547426
0.018820820826784785
-0.25033417698714583
-0.7021230472146266
-0.5154029322903323
-0.36194698012978294
-0.045568784155438476
-0.4363578793688892
0.29317667239835593
-0.24797007719530142
-0.5324380295590451
0.5087058340629543
0.39560486632726405
-0.050408836016080545
-0.04732874759631051
0.21455465321239267
0.11099653320559172
0.05296397126187911
-0.3552203698227003
-0.4236742984483451
-0.04844503915430417
-0.22061974917604463
0.1781598415863792
0.9682276035040491
0.44233704478594077
-0.7224989498452566
-0.2339345781724593
0.5552522171244529
0.5243022707424294
-0.5343408518074259
-0.11716902606533153
-0.6449365939832836
-0.0834691092559029
-0.20706792232667062
2.361558695505329
3.429546903976462
0.5094753168663763
0.38167351241536096
0.1611918572752762
1.707083561257163
3.680074873082578
-0.043754180947578464
0.5309094125209025
0.3803499091155667
0.08218667949587444
0.7542986949740622
0.12841859098510436
-0.20165646564898632
-0.3182569747571522
1.3958506787659974
0.3166700823708968
0.4018808096604074
0.15166791347259526
0.32115343727049017
0.14056498562454156
0.36182091653957144
0.679733167744517
0.07756732771830925
-0.07532255912104789
0.6867051993612955
-0.5818646216769278
0.24398858603527762
-0.16464180054931518
0.3832842282983373
-0.1058034666511587
-0.13830534990099272
-0.055802574580660104
0.18730155157072625
0.15316009417297302
-0.2552573186713474
-0.3350061263638036
0.8311821133120652
-0.6442415255073305
0.06830389147835902
0.7746929062670689
-0.19353190114403704
-0.05163896987622277
0.6118817951999524
0.700244133104737
-0.007911568555890544
-0.4040938964999919
0.11573881282465341
-0.25986720913233674
-0.20419075485233937
-0.18531139153478815
-0.0015054813701697034
0.6700911063384493
0.8150065858100951
-0.1644831708513362
0.3567204124728965
0.024561853916843474
0.5505348144324923
2.635251145703465
2.5952713943759993
2.090925438067037
1.6982623156425352
2.355851493016178
2.7864919559943577
1.552724803411208
2.3500254178184163
1.9573175863772756
3.017360463689247
0.1629094126982963
-0.1558557799754976
0.7391171607542733
0.011327392529588623
0.2847353503952786
-0.03139571695612786
-0.2931869450625167
1.1726423475485168
0.14997140252083696
0.2297639749175878
0.5906301286416975
0.563384093313423
0.7415422917339464
1.3919704478178148
1.9264339583290166
1.377381142721546
2.030563638581461
2.4636288516158977
3.9712090076280764
0.8998073326819767
0.5940625764874151
1.07259969519237
1.4542433156717618
0.9640725171149939
2.108852626073701
1.2768617167585
0.9160289916823309
0.9214969384654292
0.3704027687037324
2.3542560950101796
2.0028997216847118
2.452153430773163
1.4996098118711831
1.0268918237535969
1.5524745815191192
1.7605999369365655
1.3345023700192096
0.793439243515123
0.7773939628638455
0.7381111489482838
0.9810972748379795
1.147542526092703
0.7568400056522488
0.5648650408643885
1.3422839495478278
0.47090659480044517
1.7637903314847936
0.49234581435356334
1.1543869045113213
1.111245814941872
1.2748384846652654
1.540680160482547
0.9776726064286357
0.5653427667236072
4.109058269371281
4.759474549564789
6.1715318150237435
5.1955597907471995
3.832817768509699
2.0852687425897583
0.7591505091662903
0.688246674717815
0.9184354646520093
1.1844707719452097
1.1470225014676074
2.1181946060902708
2.1930804560653994
2.4795856292651273
2.1691014584123605
2.504511624408632
2.06311755567206
0.5423072212176424
0.4993925446907352
0.7968431526724719
0.9923521638406984
1.0159655735836681
0.7129772185395141
0.37642321609310675
0.6630838742458267
1.5200534195111708
0.27899322012442823
1.732260290717681
1.0096608982778985
0.5029048519475285
0.08517975069886963
1.3806016405077237
0.9279192797934249
0.7248472286092896
1.1518930081771102
1.1062661554235944
1.086565127007162
0.986345333387385
0.17598769321542748
1.266442857600551
1.4845563999934963
1.1418330946780904
1.749020060546871
1.014478711516314
1.4906530024482272
0.7159847690386726
1.3712543072514374
1.1169075661367611
0.8649822681888013
0.6984803285928529
1.1275057854813946
0.8486953181191966
0.12318144552422483
1.700164215184727
