Model: TRINITY
Dataset 20: vowels.mat
Time taken: 36.209320068359375 seg.
Accuracy: 0.24
@scores
0.3294735939115144
0.14954286062884434
0.35644235161690335
0.13566756478630554
-0.797924380539676
-0.1527084774924512
-0.9473354620284032
-1.047232719953642
-0.3285762834062636
-0.7123197364998134
-0.9376608310148908
-0.6375253332592171
-0.6003322758822494
0.07552095797527895
-0.03299943791805874
0.07127671825239686
0.11884123577762533
1.5378534550474683
1.1576485472188074
0.6478161456198103
0.9434545645533233
-0.4937431709564379
-0.22990130453374968
0.13697845236158127
-0.26193866516493186
0.31935278569911946
0.6108498478847383
-0.33313365403003914
-0.02316809939666205
0.8273065246880736
-0.15913643027470675
0.19977876048803114
0.015561387168535688
1.7235579629189053
0.3480166666490947
-0.31824141560504315
-0.22855739286305599
-0.10067415133889242
-0.46344377929439545
-0.7980100973696486
-1.0920167634129323
-1.0753182469605707
-1.8096396298752546
-1.1559961651487034
-0.8421400735759725
-0.6360270777156191
-0.9523569625425853
-0.4378714631814134
0.8917732463653856
1.4716513130666187
2.0621073797055978
0.9166566623975748
1.0828061016039723
0.7935400016557533
1.132547356179681
1.0059640587134664
0.5062322657580238
0.40763571475629207
0.789706874736309
0.17782767701818805
0.9864431105466744
0.8554169610185426
0.5491441781157328
-0.47736896674864826
-0.1318565338543688
0.46518018763922986
-0.11831269733355143
0.700040858912506
0.5498877852201652
0.4207501594777277
0.5796110529310623
-0.14665776007605422
-0.18477319354603453
0.2909021203451164
-1.1281034581516525
0.09184872230197778
-0.41256082523240356
-0.1357046178866934
-0.8152684801854355
-0.7393886417038162
0.0494344979679725
-0.569166370595653
-0.9064636844559639
-0.10820619341252558
-0.32582471394960005
-0.38464217790169175
-0.3289868566680862
0.061111707290190186
1.0251213690096137
-1.0576562649412227
-0.6968858490823916
-0.16930438596961292
-0.2030369762675959
-0.43359581754485355
0.19855175897114788
0.062119762272150124
-0.4588338580220519
0.7809838746358141
-0.7007550073889351
-0.6080386410029283
0.2503149216262075
0.8701300644940339
-0.14316774315002437
-0.21982775387170547
0.02150471933889479
-0.6255874461677817
-0.7857129695826822
-0.3592785936871179
-1.0003676917576219
-1.072686562019297
-1.157006083497922
-0.9784809325036908
-0.6973907873282875
-0.07621138815164086
-1.7092616245105328
-0.9395893836987268
-1.196386701407017
0.023362620446324905
0.19512814800245035
-0.23168436906706127
-0.40442725753787306
-0.24898657094598983
-0.42588412037788687
-0.5980161362271755
-1.2020774211633272
-0.972471713763627
-0.7596496703566483
-0.519798575430749
-0.521010482243236
-0.9062303559279302
-0.03230667804386378
-0.9708486704127376
-0.7601815375866469
-0.05905277014803977
0.7065781089127832
0.037921246943599364
0.5562633807501115
-0.400915307186152
0.07271331858670459
0.0021420275067969285
-0.7085124865806156
-0.8333071768160067
-1.215272802606246
-0.6643339550061055
-0.7150704230723276
-0.026750730136185896
-0.01753354590291467
-0.5903736601820638
-0.7084512266350701
-0.15453148285794072
-0.5399937383422226
-0.48085905364189735
-0.8806255598135833
-0.8964932263695125
-0.38303459194438666
2.463131359427785
1.7891377946674154
0.13173736528755567
1.589067215509635
0.08983297978021354
0.4240614589619262
0.748397196256232
0.4534189895843836
-0.42914978838804746
-0.08833698925676325
-0.3766675211547081
-0.42443720439554466
-0.4811097929647922
-0.7346072766175417
0.0295217530030657
-0.18898721447085412
0.3494885684903155
0.26619694015339723
0.34515356045119905
-0.25155808851238753
0.17554184802782893
0.19846045586638528
0.0035866062398477263
1.0459444080947606
0.22224753758416727
0.1296589610850073
-0.551976893704148
-0.34556960227912614
-0.3677463546812095
-0.7533871190612939
-0.7743885758893204
-0.33399535263179453
-0.9083277340962269
-0.7998334785170408
-1.36788624874629
-0.9117486084541637
-0.2637240626246857
-0.9278222524315582
-1.1097383007814805
-0.8182948170710644
-0.3961821453515058
-0.1288489009106998
0.1176588387911099
0.6658383658270078
0.26016371792211984
0.13308001110006448
-0.8074156646975452
-0.1943852598352286
-0.9564305474500076
-1.3099919672162337
-0.368717947892907
-0.23810284721828426
0.18175931170779172
-0.27618681884560753
-1.151980206083054
-0.5120740316969526
0.2604976393487284
-0.5930531967172816
0.3838747569686993
1.1140841050583798
0.9651447071075454
0.2513316853972933
0.3353711705500299
0.6883124633662053
-0.11988353442280324
-0.25251276415236884
0.6996949101296569
1.0723481950878238
0.3783281913548657
1.0868945376696395
0.3837212844286289
0.8017708043258572
1.213996107448846
0.008928788732552947
0.8801098932928216
1.1372098923945542
-0.16556249480815455
-0.06342052949097067
0.46245013308318966
-0.23396083234966078
-0.3973164126031503
-0.5290497879955465
-0.9957273633369456
-0.7855694062839434
-1.011890450257034
0.08994391241696571
-0.5654419413579435
-0.6406096931550253
-1.255425871535183
-1.2038933363117141
-0.5602942806774905
-0.7982067071669171
-0.44506064284255276
0.3651534447393059
-0.26872563102295693
-0.23378406353316503
-0.5726942820337867
-0.9236329387354516
-0.4765575247098582
-1.0698405866187748
-0.4466229017725569
-0.04166428450715909
-0.987601457562214
-0.7157521045917177
-0.22888973450630634
-1.0244013609052416
-1.0329299291005498
-0.8308776800581756
-0.6069136844719966
-0.1736438956119061
0.5886098016466486
-0.3939701960508372
-0.3774591911194551
0.09569011561275331
-0.310147351767326
-0.34219925038519
-0.7694044176915744
-0.839786550491775
-0.9511679920262078
-0.5586235361693324
-0.8079890336073675
-0.5351927850899929
-0.5919549694567418
-0.39903476848733704
0.7883078210366268
-0.06910913261969484
0.027537423856788774
-0.5936022767974769
0.0023498753900143
-0.8308298000674516
-0.15000476471802465
-0.27368041506308516
-0.4081130502955737
-0.3637868195425604
-0.15845938884930078
-1.0823329455452768
-0.9376691235478681
-0.7007443408162845
-0.7814492673085741
-0.6498812052931532
-0.6488092901043839
-0.12583623219344958
-0.20997348832677631
1.4941934318109542
1.0086490067558664
0.9769860981342954
0.6950192499973923
0.6325641447170351
0.4522418888036384
0.2573114090591049
-0.14049067806844995
-0.2941096214102824
0.17355688442966652
0.34283723902017244
-0.36314650939053256
0.40283023527678896
0.4079278619201352
-1.0934399172137936
0.45182526238568405
0.48498156021089
0.4455314008304682
0.8076707085580322
-0.3051411448570113
-0.40220604605203575
-0.3449985220654934
-0.41526651057659364
-0.5536722922771707
-0.16861288164741509
-0.21061307505749036
-0.4408224497904212
-0.2967108416822482
-0.9422877968516469
-0.6772211619337507
-0.5773624648449078
-1.1582650338564369
-0.4751852050477106
-0.3998287960733962
-0.21890061211643738
-0.5396619565423447
-0.35005299403639184
-0.8353350562432809
-0.4659657781631825
-1.083745628759703
-1.1881465024232016
-0.798378599256357
-1.5168265915344514
-0.30734141519851504
-0.46507582004266884
-0.06118506332643344
-0.2526379097568706
-0.7401893802264256
-0.14251440838423424
0.6291533355657389
0.43993769584228387
-0.12365017012164836
-0.568653563813478
-1.1614304493969818
-0.8052972937536632
-0.7854022211019936
-0.8920111611712853
-1.252295908356299
-0.6521304023132636
-0.713943895126471
-0.42158056580712105
-0.4969672021259304
-0.8078476648368137
-0.6732420498804391
-0.40855521108415616
0.012358104427705907
-0.2671612972794782
-0.31053267710987703
0.39045008862102915
-0.5262874079486415
-0.46839894022445555
-0.642290771349841
-0.9403363376741128
-0.9090973218607393
-0.5025138695051189
-0.33141659198259615
-0.19327186927156328
-0.393217347259778
-0.23728048319448045
-0.2945134468075604
-0.06369944342585197
-0.08525621052200523
-0.8184838193733305
-0.4978483703938576
-0.7474804759355296
-0.7105813300542133
-1.1520445872699259
-0.35379636742096815
-1.3517122048560866
-0.8597328024921742
-0.5441585003050787
-0.2818731373006767
-0.9934306683378548
-0.6268332239244142
-0.5795546382813925
-0.8343063351521313
-0.4037206136005094
-0.934621962666457
-0.05554439787504011
0.03566938171703191
-1.1889261680716292
-0.2538982754883933
-0.9577299804391174
-0.44468973762458575
-0.5369122152122046
-0.6270754349394286
0.09181767264293461
-0.7772499276475576
0.4036320432638861
-0.3433689244763493
-1.1599203653737402
-0.7875035282193174
-0.06860589698504949
-0.6539015531915311
-0.120616096311891
0.22487348865766899
0.33288387913984147
0.5337434367142553
0.13037404033815733
0.3866189308992402
-0.7991672891225886
0.045670582678867845
-0.8746987644600805
-0.4967592552565165
-0.36061954525257534
-0.7952206068642161
-0.6810003219463234
-0.22086397601276253
0.3766276613773542
-1.0488647975446803
-0.17452741971121186
-0.39628814876403334
-0.12318652122780434
-0.7673587414100108
-0.5441184155014528
0.6439402093694896
-0.45774497805622355
0.39959327743685497
0.17975766220577563
0.2381946308248936
1.2294341917283045
-0.3350593267866124
0.4649568621781865
-0.6397292074802631
-1.1065568721295873
-1.029812839191145
-1.1019191429882726
-0.963429423719738
-0.8187680010579838
-1.026014323617772
-0.9113298632485879
-1.2274182452753142
-0.8402922512861798
-0.9349412463471126
0.10007027725189359
-0.15499737252217854
-0.2546027307067927
-0.7736384092989411
-0.15568547333085522
-0.07607158418013087
-0.9837522361987062
-0.513243862060564
-1.2499810723431926
-0.6056523503077474
-0.6289379052674915
-1.132716510812043
-1.2982965899435692
-0.02427818593033672
-0.7777331770530352
-0.6273943415489819
-1.1262689100136045
0.6234440817456748
-0.27094481544679266
-0.006267562167051803
-0.22085085272864113
0.3827985072536129
0.06191797213301246
-0.927950937155241
-0.20648546858977404
-1.0820278008874067
-0.8923257864823189
-1.0138849045228673
-0.4621742672802032
-0.7421568309140509
-0.5596416674350959
-0.768435984275542
-0.20072782801367764
-0.3394004266676787
-0.7307736322549406
-0.4650339466775755
-0.8388787398325381
-0.39899418433461536
0.1951986624142433
0.20211269410013843
-0.12720242497628406
-0.3798843717669534
-0.23997850601576118
-0.3333632767921087
-0.7368923325950156
-0.37737252465310284
-1.3359076109929588
-1.068321359147328
-0.37603565442932557
-0.45289227900125834
-0.8010238725412292
-0.027621069012866147
-0.37066745285089925
-0.8137944696965063
0.8305069049915622
0.4945359318759106
-0.4726582986928887
-0.0231134549533273
-0.9365311176272714
-0.24362066652912404
-0.5913641371945798
-1.4806643401271906
-1.180215439232964
-1.5400787203759922
-1.3135143603597128
-1.3601668815770864
-1.1852053003838912
-1.212900317543091
-0.9499106940726193
0.14642382235207727
-0.409904255702338
1.0210366791209602
0.8884803457021402
0.6134221626065502
0.7850263288526657
0.060310960073176524
0.4814495738905644
0.602783158281545
-0.058607729844865696
0.5939892010755872
0.032693423896911766
0.9582212122481734
-0.03566876401959618
1.0080634716249355
0.698214032326649
0.3496558752870457
0.7980103380860116
0.7101762762849025
-0.13892334842364
0.4043352356330334
-0.3073439113988429
-0.7898023126910015
-0.48452342788336494
-0.2253342825526221
-0.25454192203399173
0.18824226988734627
-0.007702217403864629
0.3849152093321589
0.2683917096331167
-0.569602444194303
0.5263031772214536
1.0360186528125999
-0.1290251886449794
0.521969048751393
-0.5884957520413959
0.4173177163285237
-0.3065568389277789
0.07144979331711086
0.21943713958031422
0.1471024367569393
-0.5604440018609661
0.1453729682767934
-0.07688119831614247
-1.093374429425789
0.011418763523014649
-0.20757618997377167
0.4167555174779762
2.057118654620448
0.9023292337522579
0.8079512093960449
0.6942286050876975
0.4400620039959769
0.9740543012417288
0.31822514166727983
-0.6446860927443973
-0.017110687717558266
-0.10083629960963608
0.5407060546197676
-0.02155187341737592
-0.32754898118273384
0.1712525207476281
-0.2395813417090689
0.4656622835485986
-0.8597907071679929
1.0575923944589587
0.08416765825584566
0.2675649320260221
0.1785465286062935
0.45541160513538775
-0.24507846728590535
1.022878163777354
0.21268810363852772
-0.8622769370969533
-0.2157710550224783
0.1315759810053128
-0.5033081084393224
-0.7099312127640441
-0.47899406275850104
0.026428325182759616
1.37645957527179
0.7544597539785763
0.6469253825678257
0.6832020909751452
0.6469934142487572
0.39718196351443175
0.329549371186939
0.45671087233234786
-0.010563017932331331
0.5152243661810156
0.6333429213065185
0.3297641474687193
0.3921134667223234
0.41046546791695154
0.15938420224386549
1.0441170846850907
0.8065952507120931
-0.31082760118258773
-0.6182426675353753
0.0328207562016907
0.13417157633971996
0.23488088621442463
0.6649532374263606
0.5283725939788279
0.38287365941497303
0.8247157408506673
0.61647620201088
-0.04023719909910473
2.563760235009958
1.7364378393782716
1.8505391194119778
1.711123636183969
2.015968143326663
0.9950822127564579
1.387682413430821
0.7979633540177979
0.7215635913706956
0.8890152836963168
1.052857428304
0.6401546146212257
0.43465733445793314
0.39633201330667794
0.03481436812889246
0.8362049863391096
0.8836802628976113
0.6225054698716117
1.5859535278196681
0.0892982748533856
0.5440760201550202
0.8806239072766039
0.8846930915694756
1.1125031010516546
-0.2276113519476057
0.15520466436528102
-0.11205488436784405
0.6723186872464363
-0.40631859309488644
0.5952904886778408
0.4708589135619678
0.38478832391093665
0.11219369448901266
0.044803130331038665
-0.10605625573652849
-0.22403549844541973
0.33720122583277723
0.6969741548797918
0.9048715997240712
-0.032991238051514105
-0.35085040793416056
0.056581391903027765
0.8381527644414176
0.9635729798037902
1.9321520007190849
1.678048700376643
1.027273347713567
1.0382279731241344
1.138922456685894
0.26769227717072563
-0.05077170473485922
0.015965002845969505
0.11666626167097978
0.7684285665398725
-0.3512523005197777
-0.0072006961875466695
0.282224743890606
0.06307428194009837
0.5198451414404784
0.21030130571658046
-0.026746457219804065
-0.07387818984163237
-0.18286925570628512
-0.022652521451703156
-0.21178910029462958
1.0869066116398418
0.9811012054679851
0.6296167519193804
-0.21804998965906494
0.47914127503138665
0.7434488666386065
0.6346754596197729
-0.0852987291846402
0.4860130193847289
0.6836076241967479
0.6907987662712158
1.6474397748223684
-0.30934165098277394
-0.194765234435995
0.38148397951897595
0.4836526091151905
-0.07014815767838578
-0.036725634812013554
-0.642303217392819
-0.9146081103770206
-1.1507663917024942
-0.16079684322957277
-0.40615014945998706
-0.682175947509517
0.19338344820141729
0.8582476336612058
0.44834147978775896
0.39639086635935133
1.4315325424480054
0.49614172739330903
-0.7105365447060793
-0.07065374563323364
-0.1799215832263715
0.592929291081662
-0.3411320256767696
0.1476004002256707
0.6899671505046744
0.5083177342991468
0.6376711960284508
0.25389219897130927
-0.160135743274309
0.980353787779154
1.1041245538664575
1.0881886143689485
0.5539848434660474
1.2328901515227206
1.2625481563662941
0.5762696063104263
-0.154823265498619
0.3013795036286934
0.07054739441759188
-0.1517295183216744
0.42380061966691884
0.48564722881991035
0.49573454082461005
1.3605361797058222
-0.0710632865147235
0.34360781977606925
0.45220299487809673
0.16130207498980734
-0.20141785121894026
0.1370851858096723
-0.1299508163961228
-0.11683382801396032
0.5084834835164598
1.5489079525315865
0.7786473848467438
0.4918328796258617
0.5782270375980318
1.0935687903008624
0.8316095394323489
0.44540129721927285
0.02980014553671469
-0.20838115970460172
-0.03364104427840079
-0.1609367061150706
-0.1283458153253796
-0.08165441139227231
-0.15666045186372882
0.15446250984179946
0.08631226703807467
0.32095025798591137
-0.9318713949886597
-0.06850772100998255
0.5405811081759153
0.02205374987590007
0.8278839464757234
0.7082436503438038
-0.29718413176728853
0.2962811620401967
-0.4605258539667261
-0.10301019319648823
0.5822934132937436
-0.568343207797453
0.3940534731843905
0.5626843899632704
-0.610835584602697
-0.07543358076269918
0.04009259918411696
0.1298289495222106
0.2934134942426212
-0.16476004300631603
-0.43761767585563854
-0.26559682191816775
0.777779711912186
0.6377207834361251
1.1165770526329573
0.7607299215958956
0.07517324405749996
0.5932675559816857
0.48415707557945603
0.5310596530105367
0.4141588340276933
0.166767562030804
0.16602972267389898
-0.7505007982546955
0.3335511680849814
-0.4189141595891029
0.34969885468782463
0.5986134754062807
0.06237776153169794
-0.2313871980836334
0.33175034640227763
-0.42420024476509327
2.2643578834474734
1.1468910894916384
0.7105474690053416
0.2544298409759434
0.49117820040240145
0.3074792004263462
0.4484363524315153
0.47901729765118634
-0.6385876849425457
-0.0917817056969848
0.12521667574830758
-0.47522704876733557
-0.21764171479247352
-0.04695046528380268
-0.18069552254906526
0.42461683801198097
0.03629912164466398
0.03078664859722481
0.857037306448491
0.4324923899219164
0.1315150057033404
-0.9928818790493068
-1.2075394829460604
-0.06697233473678232
-0.8058918805658243
-0.15929558308263847
-0.2029445697908255
0.2686248150204154
0.5186746051381373
0.8873474580851585
-1.2282806012060294
0.7468518889438798
0.6235621279731042
0.04312875576685545
0.5564508270167671
0.2614180793621616
0.11477813519602297
0.8992436795807909
0.49093051139728344
-0.13928137697899784
0.23492666460772163
0.06508489206716173
0.09708448968036988
0.006234109784754731
0.04028504358235686
0.4141598654147862
0.5953501923662831
-0.03398445782025509
0.7191291721287727
-0.1180713934209261
-0.12235270431613458
-0.8202128069609803
-0.2130427329771061
-1.1165535146453773
-0.628429211706273
0.14212568599104547
-0.2710739387777474
-0.22632226447821643
-1.12835329210479
-0.5885747953610232
0.10584977861078677
0.5060865163516067
0.32403238087814734
-0.18728964035127835
0.11558453312250065
-0.14662429844529978
-0.17532213713309797
0.12872532119557742
0.05534375357999414
-0.039231067062293144
-0.4651685714688732
-0.8949172057890707
0.03753467617418741
-0.3507042318405205
-0.011918362190033246
0.06508503518556423
0.5362213567886807
0.28616643634089595
0.04962226028520748
0.38037468668008295
-0.13962330010555737
-0.7986532682198247
-0.2599787013330927
-0.4442847963418249
-0.31626187366504016
-0.7123683409231522
-0.7928069389013648
0.06816528041380636
-0.08144840609035375
-1.1297992130277075
-0.6086128959084917
-0.7771704092882176
-0.6840108878479995
-0.8768226051320814
-0.44499891191105384
-0.48961838717647205
-0.32605422518790794
0.8717208940072373
-0.5248619550061606
1.066197303301758
0.7488295178569325
-0.25728864677700075
-0.38842127794368825
0.13888689060586165
-0.3625190456510547
-0.36376861342871214
0.13789793020724622
0.36101338399813826
-0.36083366872861666
-0.38060607558035037
0.07387588826364618
0.12744370616051115
-0.10630191087646203
0.33593064995893646
0.32173237418665745
1.130940317101206
-0.04094019822064255
-0.47612394497556854
0.09612045593427727
0.45387457173813317
-0.34144675719213485
0.11254616123269195
-0.35121866771484433
0.5531942408902183
-0.16869604296098994
-0.43167374251540486
0.2048871826081287
-0.07967299056197623
0.05093442735858448
-0.20950478189719732
1.0767608126103796
-0.018028454324576143
0.06455609846242401
-1.3411555897337681
-0.9805252502354032
-0.20642137766204605
-0.6928751411341812
-0.8202236580921919
-0.5106648171573513
0.29862670222132803
-0.30597303644207224
-0.38960581569066105
-0.6578988194556333
-0.7723642542976815
-0.3841818388325771
-0.4858638061190268
-0.8756635367430313
0.5346852160041087
0.024376687779022133
1.2277279224741517
0.431726458362816
-0.19083777040724026
0.09191742510907658
-0.5827541512553017
-0.20289833854479777
0.36093879603828866
0.7816919225474291
-0.19268828781701894
0.19922358217129799
-0.011106901341134637
0.1588027174444075
-0.663922587174997
-0.08274720432666935
-0.0804638731680718
-0.13701829950149577
0.6474952666684644
1.1906892581894335
0.5660337695742065
0.4700469891982911
1.1889600083649325
1.2862249979158322
-0.005897015107679704
-0.5637754536328422
1.214714902674253
0.6736894843204021
-0.10210497338615054
-0.46881720496483426
-0.5380670642817567
-0.2121780821737632
0.008199134806638697
-0.30072508623434485
-0.3795400855763283
-0.04745099982436798
-0.25014437509580717
-0.5081888016128769
-0.005881204922017473
0.4528827634288561
1.5784016645086487
0.7117921328281941
0.28788359603635433
-0.19810656787304196
0.7409875576762683
0.9013144422201881
0.5926769423621638
0.49805086446767044
-0.38810372616491384
-0.4023677709976357
0.27487464373702253
-0.8349084968221678
-0.0717290697733567
0.07489577232211735
0.033200240199703544
-0.346473967668395
-0.5794409124385678
-0.7033254947152896
0.27844305219253673
0.08536789501586876
-0.7100983486214049
0.07532046893030299
-0.43116028144169777
-0.6148461185144122
1.3952973393092318
1.268850180133873
1.318852553190395
1.1548188254550527
0.46916425047350324
0.33081953523115043
-0.47886503701218763
-0.25668671175543795
-0.2186636506229851
0.30869817902057545
0.8488699299660931
0.5974223830962889
1.0444667707545954
1.5731826335873558
1.6422636790304985
0.9606115450972187
1.0152022844905988
0.5562501497819562
1.5033522650396798
1.2100454140071084
1.745492699604643
1.4419729114502096
1.1802402621716908
1.0213179906915757
1.2113844940581193
0.9118441233896352
1.0998928652780704
0.5469955137678366
-0.1387086877187283
-0.9868436227844994
-0.22141914704704227
0.43579238732931014
0.5454499549966241
0.3965203181108197
-0.18820682040756967
-0.12940128532191822
0.04808867334337674
-0.4745757418200107
-0.04453548893867754
-0.6984218274701203
-0.6686015830835627
-0.6800385708791814
-1.212657622445789
-0.07808953054461922
0.33147495181128006
-0.35269814016773804
-0.22237574629244142
-0.15093674648424973
-0.786939024425067
-0.7753855135867772
-1.493896688303716
-0.20671967992562804
-0.28151981448566615
0.8740393311804112
0.5324320415711128
0.3760837969975496
0.776547007059824
0.3500761735822178
0.08003991748410295
-0.7718429793163445
0.3962203666251143
-0.620066202578185
-0.4525414369930216
-0.2585409981349387
-0.808068956498393
1.2849791475513495
0.7560185415901753
-0.27322926198845937
-0.4055394706028496
0.5053689365754067
-0.1667680930115183
-0.7585781979507377
-0.54093105707456
-0.09678395191027443
0.7302626582053829
1.0203284172921434
0.17617354106747726
-0.33333177117378604
0.012907699069774218
0.2673996187589876
-0.4647775112695767
0.4131558158820925
1.0751580122436006
0.3911279947565938
-0.534956650937727
-0.08844045427424367
-0.2534742673833928
0.188695487522066
0.9947177048768969
0.8829287304866557
0.14701205877989124
0.16731381185336455
-0.14231789565332256
-0.6950337719091854
-0.495532026582482
-1.0207176035923806
-1.2338489665828318
-1.0219665447504656
-0.6313488153737462
-0.16064981659426247
0.532011963734795
0.5212266219914428
0.25522565281681603
-0.5995751293349633
-0.6659969258806843
-0.6939274089003549
-1.0161368662338495
-0.8145874427415105
-1.247856916232674
-1.1762705626281442
-0.4255075402425768
-0.29935606495587214
-0.24649718627163555
-0.3224090711010965
-0.4498542380468183
-0.03906900064328703
-0.5398351345713953
-0.85686126448906
0.12793134930402447
-0.910052939004166
-0.3843548845913826
-1.2638892754468483
-0.9770696072421873
-0.44564161077321174
-0.731898443805032
-0.08418874932896668
0.01825896642598353
1.7694438787541247
1.514106973918152
1.6530366733623547
1.3878093507207823
-0.10364995541419152
0.2028671678735816
-0.6272433150368025
-0.11707554374308919
-0.3781915875480475
-0.511585146032591
-0.09274775925343792
0.35097734328084723
0.25537727364659607
-0.3627314263695453
0.6381570516585745
0.2153067034866787
-0.46704535152252197
-0.27434292221857076
-0.5286722183180705
-1.03017615117519
-0.29924875433649545
-0.5725204753467051
-0.5691663815453644
-0.464975795266554
-0.7375353202263145
-0.6555599466078555
-0.10713388576746352
0.8717073768909062
0.08260174574626311
1.0586046994231857
0.8297775779453126
-0.15127000488044393
0.027879328227717586
0.13073685202527666
-0.07722328108572551
-0.8365933593763578
-0.41857866022466483
-0.5048714545528895
-0.22491389122910152
0.19663769031376502
-0.4858688479393123
0.17239639207903532
0.33372384969895985
-0.034093359818212356
0.12078662877510078
-0.5020572280475307
-0.1183021109298722
0.6424380094434334
0.2314128328633729
0.16274495683501744
-0.19022653356679287
-0.3825986536630866
0.12068830650284522
0.5227345661108161
0.26904410476441626
-0.019263000701152316
-0.3545308882097759
-0.8373675232375453
-0.7360461260618779
-0.4477863628651942
0.05767121613227447
-1.0920884737945016
-0.5765520632865563
-0.32835118086515913
1.064558436597456
-0.4400186140341527
0.631704590001252
-0.21570122900030453
-0.07701244425901788
-0.7546135032894291
-0.5242641341726472
0.16212466496538178
-0.02583076711981162
-0.04046861110911785
-0.24993920585398835
-0.17642665891090067
-0.22542269080758626
0.6039986654287729
0.6490186056447885
0.8285974742175627
0.576663806965393
-0.15503528212121068
-0.31403084021516214
-0.9928585181853631
-0.774922955901614
-0.6683049876551882
-0.3493196020547133
-0.3557546408532343
0.24891613020922512
1.0272220617634893
0.3796000439108871
0.2680135553270669
-0.12901752709771105
-0.6817828592888192
-0.34730225046200486
-1.2180497217941975
0.06754126857281446
-0.5462645986338023
-0.1810993427797928
-0.5245467590763083
-0.05613432313775483
-0.48235683239979554
-0.3904488586041268
-1.0060687514948794
-0.6899906366424337
-1.3048739984294095
-0.8910183654131996
-1.043760146153983
-1.1204283136519086
-1.1639715639137371
0.5924026090926036
0.20659769244449136
0.29251507291359663
-0.07680366838898678
0.6684468661934139
0.12953503549037282
0.39531690508313444
0.0031392540677113168
-0.12718778926504434
0.4053955502121817
-0.49045373658278263
-0.8328548241547038
-0.673718872815213
-0.5474002769911037
-0.2208924053479185
0.08524342000073293
1.5807009852530782
0.7549227164384963
0.2833465961460832
-0.11135270534769388
0.08655842514331986
-0.7438078313335436
-0.4026003648576131
0.4492844706629054
0.2847264230514149
0.045484205160677006
1.262795871612818
1.2520371292698578
0.2549169448850026
0.39838768576687106
1.0589679161585308
0.0939229760175642
1.451034564124722
0.29137668795690547
-0.15677284996701826
0.23974203084676018
0.46598011580715837
-0.2868811584272089
-0.6229023056613417
-0.8418668183296543
-0.024772452030634273
0.6646930134661164
0.19143139568236947
0.5216673511015325
-0.0396975089198095
0.6325710594905327
1.5101356808566688
0.8546617067360076
0.24963854653998094
0.4981744252222957
-0.008698675387420196
-0.11825052411433619
-0.06380862651787118
0.10680029451562752
-0.7167851922395762
-0.12137721028727956
0.17023054628064815
0.18760818870167636
0.7066520018755483
1.3559204753489784
0.7890961190900985
0.5389897786838409
0.3876787826645823
0.7664819920168963
-0.11757850791593949
0.04773623637727664
-0.019549400546938434
0.14234181278035477
0.5374979308974009
-0.17077551112503656
-0.31080253702222715
0.3484575264351457
-0.17946523868519493
0.8322652719252069
0.43848170049189933
-0.2769223964570082
-0.5567775917737128
-0.8246097933510678
-1.100990956352951
0.168037482571187
0.044953117911280406
-0.48777568462349513
-0.43886210616397586
0.4144541556044836
-0.12975925734188173
-0.2025183448170675
-0.5981120687769451
-0.5874542390946211
-0.8974341524235371
-0.6529501927548955
-0.9866197358255865
-0.41721110283780183
-0.07230960223886829
-0.24937982997513752
0.018338937168888347
0.5525417113637306
0.3106870883921049
0.693902288358668
0.27208487987189783
0.6572287318351419
-0.3654441650148486
0.00017773811386737984
-0.18677628969790958
-0.20783192232123815
-0.02985307701042587
-1.020384929662102
-0.611726174933165
-0.023075591521883477
0.3176766368467888
1.7708105968437138
0.468655612715063
1.9549734980573
1.569808716150866
1.3122614068574285
0.9081584217457891
-0.05087748119391817
-0.3111379186534107
-0.4443244846364971
-1.6887412863306006
-0.49078902630077376
-0.6612060481937577
-0.5474937670635064
0.22391920589381034
0.7543748329980487
2.555586739880051
1.863011924657689
0.8637364418309605
0.7859144637854684
0.1031729164240683
0.6224246430235606
0.20559310343868278
-0.39524987059713496
-0.01683798100348329
0.05114844261406848
-0.48666495966896023
-0.672112822699754
-0.47611825954834575
-0.30787902316156923
-0.09766634442471071
-0.6138827263538024
1.0372129914657238
0.06138659985784342
1.640234573537829
1.159122844841951
1.0807375196752005
0.15993157856320558
1.1132764571423428
1.4417681793937671
0.4570784120766876
1.8527679812418032
0.540842272680667
0.5366253642953533
1.5916499040762375
1.392838103550153
-0.39555105801382373
1.4708760478618441
1.2228927811861592
1.2257778824861434
2.0913119693153503
0.3503537298632373
0.2622662883061137
1.1445528615618048
0.738183148676255
0.33917939618838994
-1.0465862632547938
0.2637299082197478
0.2954575421029158
1.1640216635504324
1.1713371561695132
2.925442749913173
1.8453139027280099
0.10355957145641985
1.1951542774969541
0.6896675557056033
0.660063327687555
0.33739412737759217
0.32403126847276115
0.5353620283097129
2.0522495946577544
1.5401968099733707
1.056344737562087
1.1402720216814417
0.3414770800875961
1.8030051502665343
0.6524082609214117
0.4006396366850698
0.8036367831669948
0.5468954148576358
1.357550898124634
2.246029114032318
