Model: TRINITY
Dataset 6: ionosphere.mat
Time taken: 16.531938314437866 seg.
Accuracy: 0.7301587301587301
@scores
-0.5239872369537865
0.764820249676928
-0.8888081961472997
1.172711778836004
-0.22754825582992178
-0.30897680084600004
0.02483815625648837
1.3912110316392023
-0.45146949692254584
0.17996102970281727
-0.19021234700162193
0.511373682488865
-0.6352948498693451
-0.1034371684669287
-0.7096081125614151
0.9605925862842151
-1.0486698235544283
2.5352647160202837
-0.5743122376706596
1.8106367936210426
-0.7965899850449282
2.2151661132014655
-0.9439199737944423
1.859500835266437
-0.9135417300038046
0.5392758731592683
0.07095152639036684
2.176657307019793
0.08821581610960032
2.094656251109527
-0.49684310955551797
0.8486812840345542
-0.6178520061969198
0.18741683680480228
-0.4007927181700617
0.5686062183862246
-1.0715510774733952
1.8621631993664627
-1.030568019173813
-0.352397767033086
-0.3981732902723781
1.9617797457039277
-0.324188346978042
1.1373860163705485
-0.46568784824194903
1.5743365699958884
-0.798104106964744
0.8463020614541166
-1.0444904874279097
1.0732002708008208
-0.47446548734335653
1.5339486425573108
0.9611285090528572
2.1592281943068783
-0.8788594075470234
2.221226200243942
-0.6854717380884131
2.1047710278447194
-0.9488538176812815
1.619837166570922
-0.7209894946412825
0.5855456026992861
-0.49890441176792305
1.1534934687968883
-0.5606131331115362
-0.3385172295868712
-0.8797380390604994
1.051596579515117
0.5076383585975713
0.8723059495550491
-0.3743528406915779
1.793098003375336
-0.2690962007218293
0.07063117981514276
-0.48823854364070624
1.412905292308312
-0.510376338290795
1.7273140164002847
0.5052089128232932
1.7209900360612138
-0.13016829719558184
1.0527413971366557
-0.30300420449313903
-0.16258253505645856
-0.9802446379535157
-0.3465490241279947
-0.941527477205192
-0.17360250643847439
-0.9455204300870382
0.4223536819518421
-0.5122827902972724
0.624111894577373
-0.7082080193238021
0.4518068376798899
-0.818535034129061
0.8861272997970188
0.2712022441164155
0.4860920260300207
1.6124322998913938
-1.0009621325807583
1.2581964820359168
-1.0110637964275377
0.23636002871253736
-0.8079806297782408
0.24136858265325703
-0.5315978699704883
0.103127512984221
-0.9694302487105432
0.47216979528405806
0.16419295048955232
0.47342500295409334
0.1633557851513062
0.2832226460445024
0.3653108104482383
0.36504579542476495
-0.825540555406398
-0.7089269350601274
-0.9783685862747018
0.884832266203293
-0.9558602559769765
-0.3630675796966447
-0.2101756064926269
0.5837486971873187
-0.7951286221904427
0.997305401122064
-0.3440231307628341
0.025098484944527173
-1.0844430171535544
0.7254303806815167
-1.0563416739600655
-0.13540817902770455
-0.8380415842011099
0.7050684963650894
0.2906479492328783
0.5791735628007008
0.4033037679919384
1.8080131733980593
-0.8268462347517133
-0.1417104127158679
-0.6425225907122845
1.4074441595909473
-1.1492545864759647
-0.1260099657146973
-0.6203089978504682
-0.8499689583373624
-0.5928928256062957
0.16656078095499854
-1.0731565138758665
-0.12362046760301741
-1.1181175246142858
0.32950970594710444
-0.9990631530099164
-0.47001985031602594
-0.010230490332325662
-0.36284256579335034
-1.0728991584080882
-0.5036028461846315
0.06450842445657451
-0.7155011197692147
0.3142008788496157
-0.4807752504642299
-1.075271059857337
1.9428585275317853
0.2866207386060518
0.9566292418475921
0.44037890848139954
1.9970675637596882
0.8685955318506119
0.0809505178879746
-0.6351910433279816
1.9104564632433647
-0.9555133320788923
1.463906255429522
-0.7611378303343087
0.18897155120046435
-0.7561914544400885
1.3572085060115258
-0.9605500552892415
-0.5213167160521294
-0.25872753484718475
0.8674743257061932
-0.36106996368930905
1.6853985219003098
-0.10315341008058639
1.58394087318906
0.2522859549256468
1.7190980062971493
1.0744526840040158
2.3137585230709585
0.16253232374935525
1.462352858020963
-0.25626137998840687
0.8350699385706247
-0.5974079112514646
1.9422056465348045
-0.8234977289144777
0.7843454071528191
-0.8014654019370226
1.0808212542977953
-0.9017839090024268
1.0848944312431057
-0.22489170601596423
1.7282936764246175
-1.0225642997520241
2.1306874970204444
-0.983784285301018
2.2037995923311104
-0.8380526098937224
0.5941866974101896
-0.42779957534734353
1.8683867536086947
-0.8692312177105818
1.10856348490984
-0.5729564095383196
1.003954197915954
0.24924591194501508
1.1899588316682792
-0.5476794180940902
1.3187554946635753
0.10616982605455709
2.190588103760598
-0.10226298949958001
1.070617428826159
-0.2586296745786972
0.8986264837844411
0.05152235500614998
1.3209693979125232
0.044008311584109304
0.9951497985422072
-0.37705879190559916
0.3195097492043282
-1.1063055713398162
1.9713289223838772
-0.9383041301200595
-0.24153947974887244
-0.3831431993634968
-0.21657141049904952
-1.0502631910343416
-0.45684494555350863
-1.0311138666373072
0.4774706552223383
-1.0386288006986824
0.41991169788982025
-1.1140729172460049
-0.017540697368004565
-1.0980991094139096
0.5110896028752243
-0.949032580173169
0.2891830060983502
0.08622158494786579
1.1944454625311012
0.06233878062392837
0.6964074585586236
0.2978870662745719
0.38443451561737363
0.2092933030707068
-1.0074026253784725
-0.8861138265005707
-0.968720515301647
-1.057028147927448
-0.868584583276396
-0.13235402862486123
-0.01469382105300269
0.1099636543044658
0.3877843926560984
0.2287374131173675
0.1906954038692875
-0.6054482309423693
-0.8397973672981008
-0.9410225888771148
-1.05028439186291
-0.6240418393629362
-0.7115874892428287
-0.9711338955913051
-0.9940791273713036
-1.0293121045682756
-1.0438384212396798
-0.8333704555486064
-0.08516123840571217
0.18242277350688588
0.24656807115267523
0.35765736161882433
0.5233302527626583
0.07663380119585868
-0.4790352878761668
-0.7027549233347313
-0.781575775520783
-1.1492160027124934
-0.8942458965935502
-1.0558736987488622
-0.7655864254300963
-0.8574179977866679
-0.8931871452102654
-1.0224188237123701
-0.8260431439341037
-0.9206628202929535
0.549719825203509
0.7063680110821059
0.6325301549027434
0.28188144961388106
0.4315750321440217
0.13060941902115658
-1.032122736416018
-1.1172589889292122
-1.0120414750195457
-0.7111591451652565
-0.7093266456351923
0.9699651470866802
0.545243140732281
0.16995341061259764
0.4224637725940646
0.38258397408544687
-1.0049710092212707
-0.7648213955799524
0.06693622464049859
0.12232517390894582
0.1650054574238887
-0.7978500584315783
-1.0613168160096214
-1.0652633537709568
-1.0819802971826233
-1.1444397140976341
-1.0646563625971308
-0.7882768491838013
0.004263622427016102
0.10417224156271387
0.3120264298161998
0.5252034670591413
0.18406962775230118
-1.0896815976801593
-1.0415161440346141
-1.0658938317564366
-1.0959152980932638
-1.1000092721576527
-1.1260303934789737
-1.075633338519064
-0.044366549939344004
0.37498038320991095
0.34472933330377703
0.2529072522913012
0.34792850373880496
-1.1337648210573132
-1.096318868140366
-0.8900340552769915
-1.126256110279165
-0.48937382642944605
-0.9892820518940096
-1.0970822991557467
-1.1750838701495734
-1.118865028468484
-1.119651676846983
