Model: TRINITY
Dataset 3: breastw.mat
Time taken: 30.30592179298401 seg.
Accuracy: 0.9539748953974896
@scores
20.399530592964997
130.3827856262262
16.456645648203672
129.52876059167838
19.541462152591958
117.0615814811815
73.13021965121128
16.586984598682083
56.46476158914847
15.769768803892418
27.090933039484344
13.824159321005462
85.45251413853008
30.109341220576567
116.6664838016534
121.20070080613029
14.071907841210502
17.29887885001394
118.41940594668792
25.083465079696836
131.71302311175532
118.0184994704357
12.370035030677256
23.188782120968938
105.34679225030527
17.78814089974401
19.552996973301074
13.381190624765308
31.150995666501057
14.879382976366246
17.920477597598808
104.36548951358009
19.950839395765723
14.423242914089863
12.852919368207834
119.28881701021807
35.70232998779003
124.46791494906903
120.82747743284449
127.55223764002568
116.32830972269782
126.35572016071025
123.91844041593406
23.574866541447793
131.987475798505
19.276172299009602
20.39988848763377
105.79919480495566
109.30542624088226
83.06091208883144
128.21191535406038
123.63631097850909
113.02315468382027
121.20443102364395
110.14836384994108
101.86663871752592
104.1611898851909
111.06179952710688
130.3772621435327
22.931278189516675
116.93353805010797
108.53988729742224
20.30389277856135
112.77161321370102
15.783202248668552
124.1226988471804
115.51578870900885
26.544178113838672
21.470649836299415
125.2885581439971
40.568502154046605
102.3066605156037
126.89017214140692
29.822104689862602
35.11443799339336
21.446850070798764
21.927967550097936
15.581529865515288
38.628359065477966
15.046983526097414
18.439830390166183
33.31242298547752
111.91557204857394
122.67704200202151
126.17540290966161
118.65833020578447
17.66030371341838
19.046226417491614
22.883178867875987
16.360998795652034
15.736530186583785
18.90443955802414
15.825880977504509
21.328513059077057
19.009366751844397
19.097156537614815
128.366510777939
118.47881162487295
123.56830562188124
85.86150537953324
15.187098177663215
105.39413456252471
114.26767186793133
98.19899222708555
122.43437858054648
112.9859822746949
37.5711294669893
127.91282221245619
31.947337831178626
136.0314300299994
112.3206560828732
122.81859190612086
23.64108000672158
53.911548472004085
24.443098038180665
119.24863252167107
36.74235321621919
16.34576432964538
26.651192621905732
16.6960696874327
125.71652418928555
131.14830040399863
115.10092902736393
18.990420114581163
116.03073399162417
16.456589053474513
130.67493186366488
73.39492751700217
19.884948917984694
16.863703897292545
117.58021615122921
15.028491390746074
15.404052023955566
22.764870769500984
15.03046913110255
15.125198254756993
15.616561308192637
15.405782325719551
14.867608368751746
132.07915725132992
53.00894441894371
13.437615061255181
114.8174287878084
27.321154480283877
99.14109009296813
112.01432216582761
27.452808582665153
132.68928950744353
101.11245445152433
26.267291712759615
21.440009872327167
128.72661608010372
23.322714526863432
17.0548486786461
120.0721264702981
118.04882492332213
18.374252448247677
14.835220884391775
76.44940567092152
16.8200462691664
105.83890668491081
124.91172463613024
14.527349160648251
27.442915904637356
14.63447657541498
23.885948239268824
18.722010333042345
108.7499052137601
129.40852306378272
109.92295909195086
16.32690999546028
124.13744468581531
15.750360241905822
123.15758779954344
26.013601775009164
20.52887093623485
24.234904207080774
102.67906334926198
126.58511112130925
20.461276890649522
118.39949148036116
115.88143718128651
115.52177143641505
30.703834691842363
118.6829336474309
105.03983320361738
18.385955856723534
24.54310526213349
14.932936116783104
15.519799360240631
122.11549182898047
25.267108922303645
20.089457788750277
13.09738205110145
107.79432087091959
116.61200409738983
24.151900825996005
19.693748999720814
24.189213547105087
115.88855282479352
113.02571797167094
27.67802644064386
26.303053196461335
24.20937961966064
131.43590007146307
109.2453608764544
24.075181804790432
119.53554321646266
115.39183451340568
111.12442305230377
19.18826474077166
23.41250293832745
119.45847735850775
22.371984272196617
26.596432590873345
113.34523120845148
41.83633194804761
128.5630479628414
113.4090247900656
19.064271477610088
107.29749875803834
112.47347512273974
26.232651112233196
129.8902868320688
126.10085312285752
103.9106667822859
114.55534315077618
135.92258136405755
39.02278215083198
119.24068145412565
115.81118847825576
109.71387935421704
136.3430124645071
21.55057110158036
26.88997085050971
16.821045806874007
47.4451004200723
22.59213135829854
18.28954591987237
120.69092344890213
123.78977953986328
47.57889319327368
27.660042916636574
117.08148669152617
127.49130685176935
112.85216897242553
108.27837416429803
122.76899960564572
15.767362639631257
12.71062865611014
15.428057188480848
133.8864376663523
110.17019053660937
115.8073016968353
98.9659213251201
104.05899435086042
118.32778855249408
20.653455824278183
114.68015612775774
121.69838481328333
116.49937109538841
23.368116746834996
130.50044087801797
18.21215358624134
123.06759426197954
77.81928337410365
18.781540300538353
11.323243593659589
20.078360320638165
23.565877539824985
136.46178609989312
14.35146462640205
20.541422577113792
127.47871721092686
138.03302081958506
116.18691156814221
127.54657127063751
129.35421958018426
15.986319049860073
118.7374433193986
104.81124866938906
21.525254400424526
22.73035899680021
125.05905419927633
113.98942774161883
116.91243118868891
35.12682194423562
130.77461574525083
105.76885244335843
24.93412560351668
122.55345422665827
22.955240910059484
134.02945338641774
116.65258112169893
23.691395943070642
24.4145350418904
118.59474117839426
34.00566603225033
18.528381087655287
20.668343529316953
128.35935341838862
20.67171332432711
20.60324216600969
132.42832692035282
117.96901074550794
37.46913421100174
127.19789469412568
124.47084769362937
14.483077377835443
128.3150860852903
24.15662884473235
24.322294923138642
131.66209035764612
18.95717669914124
121.23848997102114
118.08118431514731
132.93402283282535
19.08757411365886
16.93717334673563
126.37746062614671
126.52171616758534
21.944796420292718
119.26320392702628
24.83466173441442
21.174788016631393
133.87747250213232
122.91530760705638
23.19687720318443
13.899925571983752
20.745379702090915
109.26293883038669
21.701733858639244
22.04979547354705
44.11258062024342
120.43090824594493
133.0231066876729
27.174803417998106
16.914926812664337
113.74146447010203
109.5044685424491
19.74630043283616
17.91610234133096
18.97879178127342
116.49707232048193
122.52760319707664
128.5709237901278
133.083656857772
120.79206602579201
20.632629937555297
27.17627717774158
17.82306366989724
13.429060093826328
122.07559912649036
114.61358180856466
31.17772552678718
29.45412362101128
19.826055958478708
32.5143562632711
16.357828419876626
19.526538696692764
13.64251895833283
21.9358638150908
19.45165047289108
22.446432545998746
29.028986877018312
21.451540498247383
22.950240747044816
113.61255389337934
17.574294039268505
15.20637464353888
15.540105614035076
24.75147888469786
128.6504387040921
19.12814965876064
18.600274441848224
19.057062427539474
25.638093485857027
106.91764508537102
12.730715748432983
20.48150465147635
29.550095326786913
12.258151042304137
14.935178409811362
17.14142063008244
16.244257035494446
30.854229709481313
120.30290323401785
16.351569816679113
22.327350595395842
35.929258272477774
38.82358638753574
20.831637596016915
17.413742604649045
19.158836908105012
25.498337189049106
14.32927056762871
20.114912397758612
122.25965752698117
18.16497327573586
124.3471757486134
82.01823277371092
114.12618013654446
19.653767054741376
14.488950281993128
37.51745497946801
22.108374842729877
121.90656529297654
21.994084372178012
19.93242078184465
14.688026439675957
129.58136995183628
38.521121026950716
118.78632148213899
19.582337134795328
13.366889115469377
33.423738840983845
18.07275185083731
21.1212810992422
25.147381414335218
123.68088940195969
111.20422636092019
124.7583930940555
19.276111903344773
24.421584115139996
23.724163780830803
107.61464424527719
30.685675219896684
42.80089101176637
26.446788868188026
36.96052201015586
15.129576846059841
20.619005081860475
23.790427894996387
21.343795340365407
117.22748881250583
25.623977145451793
22.89706119833075
23.284696914164403
112.8049159462552
28.17085380267154
67.24274674190711
108.96814244411593
123.46629368746063
21.279141669940312
22.963459300133348
25.700033569376217
44.05911184884715
29.435139143063605
21.327210020969016
18.619486411401606
117.43329466501524
114.56437244321506
103.2115994881251
17.567269232966044
21.54830612890343
15.207328518992732
28.42073621189435
33.66803684414958
17.61375151040941
25.069312287844074
15.433314209358683
18.7383377394692
18.535225955821186
24.140666162231085
104.03328426641751
29.24905029386339
30.015754796639996
136.58053723283186
103.71217074566506
23.87554972896831
47.73266527073903
15.362097902165546
120.72298197904767
127.93364312522033
21.554182050121693
21.24574386914421
124.1945386251529
18.810588813696317
113.56653619200246
99.13532433508686
15.592339096193532
21.764901640875635
19.822162423869035
15.71351944595308
15.719847087422657
24.024373947661406
15.732660567308463
15.85363015789782
17.335634141357225
21.157454741702704
24.093814904395234
112.66479567598385
44.50111186381515
24.976134831978044
15.307993035010858
21.77278305278682
19.865664707590273
24.048171107303187
16.089671246706903
100.25749965251003
113.4734287484565
19.228249018533496
22.02334975473484
18.199118491943526
134.31435554526254
27.384458578496393
20.29306679241815
122.3729377220148
111.1640045115826
12.822539047360953
18.29037954671375
19.306670457084035
16.438453104241873
25.90494992973207
19.10480257969053
135.9900385230339
17.986154546677188
27.17389077519093
12.903563445812964
12.594572362022426
29.628258768560745
18.33145277920327
17.433193734371738
15.538216761440404
26.642361218931413
19.915968391258925
15.019059329107428
25.99800008034178
14.991742466881982
21.96819739081936
21.635226675203985
129.96969538985044
15.788352715216375
18.85774347300986
118.71894856565575
12.910936388546572
23.303931520080585
18.521417845392563
30.802530513258603
15.048177363672417
47.31870018250757
22.41514024837909
27.150764231281276
13.531435009140026
19.887964719389853
19.050291948679792
19.143798547942847
23.981087631312167
12.49080543856383
18.22957436769759
121.77789863746955
15.515287784940478
22.68838048685282
131.88393477331996
123.03087342636404
103.88433139269615
113.30594056739939
12.127123059947223
20.753797283032853
122.28680717393745
18.82182703709966
19.97111012817697
19.65660028034057
19.78515223143434
22.87897788675394
19.683307219103572
100.96177652793152
113.15982861695278
14.851928773256697
41.6567949842495
19.60165679434479
110.7214741067167
20.85967638236012
131.53559210573573
24.39637626864871
130.45680227468958
121.71967467949251
136.49084482183062
23.056717340013716
137.2344417369036
21.64048619279413
16.367185139716522
19.742736495725087
12.594177547574269
31.98038499624877
11.876588642118222
20.929391642644692
14.586144812224262
135.88076022236237
125.0388867213591
111.8495044156479
18.62966801912132
20.578423393278886
111.10425972354943
24.867095461615346
119.11409605712414
123.1919179241663
121.28924416760395
24.579140210993742
15.746181768180023
17.56421012556058
12.630535768048494
17.066134093012185
20.60412802074745
13.083404824139578
73.40529003294387
24.980292479097415
21.52867269810341
23.01553554533622
30.620142822563494
115.91926840156498
48.89822035179966
14.773379189647954
17.96703160732064
27.542568078133836
20.85359983197755
21.34332464305909
122.80039759115239
15.167714261837554
30.304748274695342
125.421085295144
23.489272181637634
20.196995353850483
25.694323305167675
24.742465489151098
12.403139130132159
13.264295084860231
20.147712095881197
15.109711606479804
10.721877153190631
27.316014897456068
37.1794074112527
121.67795485368607
13.50442611823935
32.520803064084525
33.34229048202449
19.663146901295104
15.81595235521465
14.944862179212612
12.84225322196562
20.82017108584694
112.00584182852027
111.89123653952048
22.294497026182167
17.864569691632816
16.1809511201614
29.29113258156998
30.045854598163956
22.12168562356626
22.030308917109675
22.944188103038186
14.985204409020541
136.33165053073597
111.0129012603932
118.92093701866507
17.46293468682742
17.629319563218306
23.535439258056726
20.86069774024752
27.44723861955727
22.4549416762448
22.443996125855634
20.887024860019903
14.660557071228624
126.30582535980928
117.36384283527174
20.232609536975158
21.071396247368636
21.893195306434865
21.942760255790123
19.331597372746398
25.025002872355486
19.58228958561643
86.17778029341088
36.09504040981287
116.86913645075657
15.817280118864714
16.32803409987464
19.682653344646862
15.569364410059572
121.78312555209392
138.49490291601964
120.0219734347786
